timestamp	device	q0	q1	q2	q3	yaw	pitch	roll
2026-08-29T22:47:15.7183458+08:00	0x06	0.1035	-0.6967	-0.0054	0.7098	351.18	270.45	8.02
2026-08-29T22:47:15.8392864+08:00	0x08	-0.4988	-0.4943	-0.4618	0.5419	354.45	280.40	274.37
2026-08-29T22:47:15.9555522+08:00	0x09	0.6937	0.1410	0.6995	-0.0980	176.44	90.14	340.54
2026-08-29T22:47:16.2395118+08:00	0x06	0.0927	-0.7269	-0.0001	0.6804	352.19	265.72	7.23
2026-08-29T22:47:16.3542580+08:00	0x08	-0.5260	-0.5023	-0.4515	0.5169	57.70	217.41	274.18
2026-08-29T22:47:16.4259276+08:00	0x09	0.7268	0.1236	0.6710	-0.0794	175.63	95.20	343.66
2026-08-29T22:47:16.8110862+08:00	0x06	0.0844	-0.7422	-0.0022	0.6649	352.59	263.31	6.25
2026-08-29T22:47:16.9336065+08:00	0x08	-0.5409	-0.4963	-0.4597	0.4999	95.69	179.17	274.46
2026-08-29T22:47:17.3105245+08:00	0x07	0.3621	-0.6616	0.2884	0.5899	346.35	256.47	53.98
2026-08-29T22:47:17.4467336+08:00	0x08	-0.5436	-0.4959	-0.4607	0.4963	100.78	174.00	274.78
2026-08-29T22:47:17.9072063+08:00	0x06	0.0915	-0.7421	0.0050	0.6640	352.51	263.16	7.41
2026-08-29T22:47:18.0328528+08:00	0x08	-0.5472	-0.4926	-0.4632	0.4934	108.77	166.09	274.97
2026-08-29T22:47:18.4716645+08:00	0x06	0.0909	-0.7432	0.0051	0.6628	352.57	262.97	7.36
2026-08-29T22:47:18.5337854+08:00	0x08	-0.5494	-0.4923	-0.4627	0.4916	110.36	164.57	275.27
2026-08-29T22:47:18.9962723+08:00	0x06	0.0906	-0.7411	0.0057	0.6653	352.66	263.35	7.41
2026-08-29T22:47:19.1337026+08:00	0x08	-0.5519	-0.4832	-0.4681	0.4928	123.33	152.03	274.94
2026-08-29T22:47:19.5672459+08:00	0x06	0.0976	-0.7142	0.0071	0.6930	352.48	267.72	8.36
2026-08-29T22:47:19.5833268+08:00	0x07	0.3518	-0.6451	0.3051	0.6058	351.55	262.00	55.07
2026-08-29T22:47:19.6437830+08:00	0x09	0.7097	0.1656	0.6713	-0.1350	176.61	93.91	335.54
2026-08-29T22:47:20.0356040+08:00	0x07	0.3444	-0.6671	0.2804	0.5981	348.41	258.11	51.83
2026-08-29T22:47:20.1353608+08:00	0x06	0.1108	-0.5847	-0.0139	0.8036	351.14	287.20	9.30
2026-08-29T22:47:20.4832259+08:00	0x07	0.3954	-0.7148	0.2358	0.5265	331.18	239.43	48.88
2026-08-29T22:47:20.6527863+08:00	0x06	0.1104	-0.5888	-0.0133	0.8006	351.18	286.62	9.27
2026-08-29T22:47:20.7366677+08:00	0x09	0.8504	0.0960	0.5172	-0.0126	171.30	117.91	353.06
2026-08-29T22:47:21.2148012+08:00	0x09	0.8463	0.0605	0.5293	0.0056	173.78	116.12	356.87
2026-08-29T22:47:21.2371891+08:00	0x06	0.1389	-0.3840	-0.0511	0.9114	348.19	313.02	12.35
2026-08-29T22:47:21.7530488+08:00	0x06	0.1621	-0.1754	-0.0752	0.9681	347.80	337.67	16.71
2026-08-29T22:47:21.8376664+08:00	0x09	0.8470	0.0419	0.5296	0.0179	174.84	116.01	359.20
2026-08-29T22:47:22.2946433+08:00	0x07	0.4003	-0.7602	0.1637	0.4848	324.29	231.84	39.57
2026-08-29T22:47:22.4177294+08:00	0x09	0.8471	0.0261	0.5299	0.0309	175.58	115.88	1.42
2026-08-29T22:47:22.7495784+08:00	0x07	0.3990	-0.7610	0.1641	0.4845	324.48	231.84	39.52
2026-08-29T22:47:22.8402567+08:00	0x06	0.1614	-0.1722	-0.0553	0.9702	350.19	338.39	17.10
2026-08-29T22:47:22.9197773+08:00	0x09	0.8474	0.0176	0.5293	0.0363	176.08	115.93	2.46
2026-08-29T22:47:23.1975525+08:00	0x07	0.3990	-0.7607	0.1646	0.4848	324.50	231.87	39.59
2026-08-29T22:47:23.3086197+08:00	0x06	0.1664	-0.1651	-0.0513	0.9708	350.65	339.23	17.82
2026-08-29T22:47:23.4985985+08:00	0x09	0.8477	0.0099	0.5288	0.0414	176.52	115.98	3.43
2026-08-29T22:47:23.8905811+08:00	0x06	0.1679	-0.1593	-0.0493	0.9716	350.97	339.94	18.09
2026-08-29T22:47:24.0513416+08:00	0x08	-0.5518	-0.4835	-0.4679	0.4928	122.92	152.43	274.95
2026-08-29T22:47:24.0750234+08:00	0x09	0.8473	0.0071	0.5292	0.0447	176.59	115.91	3.92
2026-08-29T22:47:24.5043110+08:00	0x06	0.1683	-0.1573	-0.0480	0.9719	351.14	340.19	18.18
2026-08-29T22:47:24.5848074+08:00	0x09	0.8475	0.0015	0.5287	0.0473	176.98	115.96	4.51
2026-08-29T22:47:24.9733898+08:00	0x06	0.1678	-0.1568	-0.0472	0.9721	351.26	340.27	18.14
2026-08-29T22:47:25.1417353+08:00	0x08	-0.0517	-0.1144	-0.4586	0.8797	305.83	350.98	348.71
2026-08-29T22:47:25.1723478+08:00	0x09	0.8477	-0.0015	0.5282	0.0491	177.16	116.02	4.87
2026-08-29T22:47:25.4723030+08:00	0x07	0.3994	-0.7613	0.1634	0.4840	324.36	231.74	39.45
2026-08-29T22:47:25.5082645+08:00	0x06	0.1669	-0.1566	-0.0460	0.9724	351.43	340.33	18.07
2026-08-29T22:47:25.6224845+08:00	0x09	0.8478	-0.0028	0.5280	0.0499	177.25	116.06	5.02
2026-08-29T22:47:25.7130079+08:00	0x08	-0.0324	-0.1080	-0.4473	0.8873	307.23	350.53	351.13
2026-08-29T22:47:26.0757464+08:00	0x06	0.1672	-0.1560	-0.0454	0.9724	351.51	340.42	18.13
2026-08-29T22:47:26.2275431+08:00	0x08	-0.0305	-0.1068	-0.4436	0.8893	307.69	350.51	351.43
2026-08-29T22:47:26.2496631+08:00	0x09	0.8478	-0.0043	0.5278	0.0509	177.32	116.07	5.21
2026-08-29T22:47:26.5820625+08:00	0x06	0.1670	-0.1565	-0.0455	0.9724	351.49	340.36	18.09
2026-08-29T22:47:26.7183139+08:00	0x09	0.8479	-0.0050	0.5276	0.0513	177.37	116.09	5.29
2026-08-29T22:47:26.8016728+08:00	0x08	-0.0302	-0.1082	-0.4419	0.8900	307.92	350.34	351.41
2026-08-29T22:47:27.0651536+08:00	0x06	0.1660	-0.1600	-0.0457	0.9720	351.42	339.95	17.94
2026-08-29T22:47:27.2316514+08:00	0x09	0.8479	-0.0055	0.5277	0.0515	177.41	116.09	5.35
2026-08-29T22:47:27.3213260+08:00	0x08	-0.0306	-0.1079	-0.4388	0.8916	308.31	350.36	351.42
2026-08-29T22:47:27.6692845+08:00	0x06	0.1656	-0.1603	-0.0456	0.9720	351.44	339.92	17.89
2026-08-29T22:47:27.7067074+08:00	0x09	0.8479	-0.0060	0.5276	0.0518	177.43	116.10	5.40
2026-08-29T22:47:27.7901068+08:00	0x08	-0.0306	-0.1079	-0.4380	0.8919	308.42	350.35	351.43
2026-08-29T22:47:28.1895144+08:00	0x07	0.3974	-0.7627	0.1627	0.4835	324.58	231.75	39.24
2026-08-29T22:47:28.2745360+08:00	0x09	0.8479	-0.0062	0.5276	0.0519	177.45	116.09	5.42
2026-08-29T22:47:28.3635161+08:00	0x08	-0.0302	-0.1079	-0.4375	0.8922	308.48	350.33	351.48
2026-08-29T22:47:28.7101618+08:00	0x06	0.1650	-0.1604	-0.0446	0.9721	351.56	339.93	17.85
2026-08-29T22:47:28.9057731+08:00	0x09	0.8430	-0.0050	0.5354	0.0511	177.34	115.04	5.25
2026-08-29T22:47:29.3383039+08:00	0x06	0.1678	-0.1401	-0.0611	0.9739	349.94	342.02	18.04
2026-08-29T22:47:29.4581109+08:00	0x08	0.0439	-0.0027	-0.4177	0.9075	310.48	357.62	4.44
2026-08-29T22:47:29.4884621+08:00	0x09	0.8432	-0.0050	0.5352	0.0511	177.34	115.07	5.25
2026-08-29T22:47:29.8046896+08:00	0x06	0.1702	-0.1397	-0.0638	0.9734	349.59	341.98	18.27
2026-08-29T22:47:30.0037844+08:00	0x07	0.3799	-0.7604	0.1723	0.4978	328.07	234.59	39.81
2026-08-29T22:47:30.3236044+08:00	0x06	0.1704	-0.1379	-0.0589	0.9739	350.19	342.28	18.40
2026-08-29T22:47:30.4553904+08:00	0x07	0.3821	-0.7600	0.1714	0.4970	327.71	234.40	39.82
2026-08-29T22:47:30.5611472+08:00	0x09	0.4009	-0.1747	0.8936	0.1015	177.42	47.80	23.17
2026-08-29T22:47:30.9144822+08:00	0x07	0.3806	-0.7608	0.1706	0.4973	327.87	234.48	39.65
2026-08-29T22:47:31.1341889+08:00	0x09	0.1052	-0.1079	0.8712	0.4672	124.31	4.94	16.63
2026-08-29T22:47:31.4134466+08:00	0x06	0.1700	-0.1365	-0.0575	0.9743	350.39	342.49	18.40
2026-08-29T22:47:31.6399354+08:00	0x08	0.0013	-0.0647	-0.4238	0.9035	309.92	353.21	356.99
2026-08-29T22:47:32.0048116+08:00	0x06	0.1703	-0.1361	-0.0568	0.9743	350.47	342.55	18.44
2026-08-29T22:47:32.1659488+08:00	0x08	0.0023	-0.0711	-0.4246	0.9026	309.82	352.50	356.78
2026-08-29T22:47:32.2257609+08:00	0x09	0.0959	-0.0761	0.9588	0.2562	150.92	8.49	11.24
2026-08-29T22:47:32.5581120+08:00	0x06	0.1697	-0.1357	-0.0569	0.9744	350.48	342.60	18.38
2026-08-29T22:47:32.6935909+08:00	0x09	0.1214	-0.0169	0.9918	-0.0355	184.27	14.00	1.42
2026-08-29T22:47:33.0872486+08:00	0x06	0.1693	-0.1357	-0.0564	0.9746	350.55	342.62	18.34
2026-08-29T22:47:33.3057237+08:00	0x08	0.0019	-0.0764	-0.4280	0.9005	309.41	351.99	356.44
2026-08-29T22:47:33.3286521+08:00	0x09	0.1203	-0.0021	0.9852	-0.1217	193.91	13.75	358.56
2026-08-29T22:47:33.6224017+08:00	0x07	0.3789	-0.7611	0.1694	0.4985	328.11	234.74	39.46
2026-08-29T22:47:33.7877243+08:00	0x09	0.1243	0.0116	0.9736	-0.1909	201.71	13.78	355.99
2026-08-29T22:47:34.1811714+08:00	0x06	0.1689	-0.1357	-0.0566	0.9746	350.53	342.62	18.30
2026-08-29T22:47:34.3700291+08:00	0x09	0.1237	0.0153	0.9645	-0.2330	206.58	13.44	355.01
2026-08-29T22:47:34.6394558+08:00	0x06	0.1698	-0.1360	-0.0580	0.9743	350.35	342.54	18.37
2026-08-29T22:47:34.8811472+08:00	0x09	0.1284	0.0340	0.9468	-0.2930	213.48	13.03	351.97
2026-08-29T22:47:35.2589096+08:00	0x06	0.1616	-0.1342	-0.0585	0.9759	350.49	342.88	17.44
2026-08-29T22:47:35.4086031+08:00	0x08	0.0461	-0.0526	-0.4341	0.8981	308.26	352.26	2.13
2026-08-29T22:47:35.7313557+08:00	0x06	0.1585	-0.1330	-0.0576	0.9767	350.69	343.09	17.11
2026-08-29T22:47:35.8978736+08:00	0x08	0.0564	-0.0506	-0.4364	0.8965	307.86	351.94	3.27
2026-08-29T22:47:36.0182251+08:00	0x09	0.1281	0.0335	0.9471	-0.2924	213.40	13.02	352.04
2026-08-29T22:47:36.3424127+08:00	0x07	0.3754	-0.7607	0.1712	0.5012	328.80	235.29	39.55
2026-08-29T22:47:36.3798020+08:00	0x06	0.1575	-0.1284	-0.0513	0.9778	351.53	343.76	17.15
2026-08-29T22:47:36.4775820+08:00	0x08	-0.0092	-0.0828	-0.4369	0.8956	308.35	351.91	354.90
2026-08-29T22:47:36.5382000+08:00	0x09	0.6651	0.2073	0.6915	-0.1910	179.21	88.01	327.27
2026-08-29T22:47:36.9244463+08:00	0x06	0.1566	-0.1382	-0.0436	0.9770	352.27	342.73	17.09
2026-08-29T22:47:37.0439645+08:00	0x08	-0.0266	-0.0904	-0.4492	0.8885	306.88	352.08	352.62
2026-08-29T22:47:37.4100382+08:00	0x06	0.1560	-0.1476	-0.0401	0.9759	352.53	341.68	17.01
2026-08-29T22:47:37.5602896+08:00	0x08	-0.0214	-0.0942	-0.4506	0.8875	306.69	351.43	352.95
2026-08-29T22:47:38.0206641+08:00	0x06	0.1569	-0.1486	-0.0395	0.9756	352.57	341.56	17.12
2026-08-29T22:47:38.1472361+08:00	0x08	-0.0216	-0.0954	-0.4463	0.8895	307.26	351.28	352.90
2026-08-29T22:47:38.5991370+08:00	0x06	0.1585	-0.1481	-0.0407	0.9753	352.39	341.57	17.28
2026-08-29T22:47:38.7719198+08:00	0x08	-0.0231	-0.0949	-0.4423	0.8915	307.77	351.38	352.81
2026-08-29T22:47:39.0652428+08:00	0x07	0.4004	-0.7583	0.1685	0.4861	324.53	231.99	40.15
2026-08-29T22:47:39.2324774+08:00	0x08	-0.0231	-0.0962	-0.4412	0.8919	307.92	351.23	352.75
2026-08-29T22:47:39.5187663+08:00	0x07	0.3988	-0.7579	0.1700	0.4875	324.90	232.26	40.27
2026-08-29T22:47:39.6986383+08:00	0x06	0.1683	-0.1368	-0.0505	0.9749	351.24	342.61	18.31
2026-08-29T22:47:39.7426788+08:00	0x08	-0.0267	-0.0949	-0.4438	0.8907	307.59	351.57	352.43
2026-08-29T22:47:39.8725364+08:00	0x09	0.7838	0.2034	0.5809	-0.0831	166.18	109.55	338.50
2026-08-29T22:47:40.2506394+08:00	0x06	0.1830	-0.0765	-0.0667	0.9779	350.27	349.30	20.35
2026-08-29T22:47:40.3358255+08:00	0x09	0.8288	0.0016	0.5566	0.0576	176.16	112.05	5.37
2026-08-29T22:47:40.7732370+08:00	0x06	0.1848	-0.0863	-0.0739	0.9762	349.16	347.94	20.36
2026-08-29T22:47:40.8340745+08:00	0x08	-0.0093	-0.0814	-0.4358	0.8963	308.49	352.05	354.97
2026-08-29T22:47:40.8619495+08:00	0x09	0.8232	-0.0064	0.5639	0.0657	176.34	110.97	6.63
2026-08-29T22:47:41.3444535+08:00	0x07	0.3988	-0.7580	0.1699	0.4874	324.88	232.25	40.27
2026-08-29T22:47:41.3514350+08:00	0x06	0.1699	-0.1216	-0.0888	0.9739	346.97	343.69	18.02
2026-08-29T22:47:41.4274593+08:00	0x09	0.8214	-0.0099	0.5659	0.0706	176.32	110.64	7.31
2026-08-29T22:47:41.7815493+08:00	0x07	0.2024	-0.1377	0.2961	0.9233	33.47	351.32	27.08
2026-08-29T22:47:41.8875949+08:00	0x08	-0.0104	-0.0786	-0.4382	0.8954	308.18	352.41	354.98
2026-08-29T22:47:41.9487350+08:00	0x09	0.8202	-0.0212	0.5667	0.0757	177.04	110.49	8.52
2026-08-29T22:47:42.2367583+08:00	0x07	0.1898	-0.1236	0.2532	0.9405	28.23	351.35	24.81
2026-08-29T22:47:42.3282275+08:00	0x06	0.1673	-0.1334	-0.0905	0.9726	346.61	342.31	17.54
2026-08-29T22:47:42.3956164+08:00	0x08	-0.0102	-0.0783	-0.4389	0.8950	308.08	352.43	355.01
2026-08-29T22:47:42.5180644+08:00	0x09	0.8200	-0.0286	0.5661	0.0796	177.49	110.55	9.38
2026-08-29T22:47:42.8499977+08:00	0x06	0.1658	-0.1347	-0.0907	0.9727	346.61	342.19	17.34
2026-08-29T22:47:42.9783803+08:00	0x08	-0.0094	-0.0760	-0.4397	0.8949	307.98	352.64	355.20
2026-08-29T22:47:43.0995299+08:00	0x09	0.8189	-0.0351	0.5671	0.0809	178.01	110.42	9.92
2026-08-29T22:47:43.4227268+08:00	0x06	0.1615	-0.1288	-0.0927	0.9740	346.57	342.94	16.90
2026-08-29T22:47:43.4896202+08:00	0x08	-0.0100	-0.0730	-0.4405	0.8947	307.86	352.98	355.28
2026-08-29T22:47:43.6104634+08:00	0x09	0.8186	-0.0347	0.5675	0.0814	177.93	110.36	9.94
2026-08-29T22:47:43.9419974+08:00	0x06	0.1789	-0.0742	-0.0793	0.9779	348.88	349.38	19.76
2026-08-29T22:47:44.0848252+08:00	0x08	-0.0070	-0.0712	-0.4416	0.8943	307.70	353.02	355.67
2026-08-29T22:47:44.1833894+08:00	0x09	0.8175	-0.0338	0.5691	0.0816	177.81	110.13	9.90
2026-08-29T22:47:44.5042290+08:00	0x07	0.2192	-0.7728	0.0868	0.5892	345.10	251.58	23.11
2026-08-29T22:47:44.5199926+08:00	0x06	0.1708	-0.1081	-0.0824	0.9759	347.97	345.40	18.40
2026-08-29T22:47:44.7524750+08:00	0x09	0.8170	-0.0393	0.5694	0.0824	178.27	110.10	10.34
2026-08-29T22:47:44.9562712+08:00	0x07	0.2541	-0.7844	0.1153	0.5540	342.21	246.07	27.54
2026-08-29T22:47:45.0477331+08:00	0x08	-0.0147	-0.0915	-0.4459	0.8903	307.26	351.33	353.81
2026-08-29T22:47:45.2805163+08:00	0x09	0.8278	-0.0393	0.5546	0.0746	178.97	112.27	9.62
2026-08-29T22:47:45.6110703+08:00	0x06	0.1604	-0.1420	-0.0503	0.9755	351.34	342.11	17.38
2026-08-29T22:47:45.7420175+08:00	0x09	0.8285	-0.0398	0.5536	0.0744	179.04	112.42	9.63
2026-08-29T22:47:46.1362331+08:00	0x08	-0.0152	-0.0989	-0.4431	0.8909	307.65	350.57	353.41
2026-08-29T22:47:46.2647320+08:00	0x09	0.8293	-0.0409	0.5523	0.0743	179.17	112.60	9.70
2026-08-29T22:47:46.7043725+08:00	0x06	0.1615	-0.1433	-0.0467	0.9753	351.72	342.00	17.56
2026-08-29T22:47:46.7268346+08:00	0x08	-0.0184	-0.0978	-0.4412	0.8919	307.90	350.84	353.16
2026-08-29T22:47:46.8325327+08:00	0x09	0.8295	-0.0436	0.5520	0.0732	179.51	112.68	9.77
2026-08-29T22:47:47.2209382+08:00	0x07	0.3830	-0.7465	0.1589	0.5203	328.22	238.09	39.48
2026-08-29T22:47:47.2497024+08:00	0x08	-0.0210	-0.0935	-0.4653	0.8800	304.79	351.60	352.88
2026-08-29T22:47:47.3027734+08:00	0x09	0.8264	-0.0888	0.5449	0.1106	181.56	113.42	16.24
2026-08-29T22:47:47.6788407+08:00	0x07	0.3717	-0.7485	0.1646	0.5239	330.17	239.06	39.48
2026-08-29T22:47:47.8143205+08:00	0x06	0.1729	-0.1291	-0.0428	0.9755	352.20	343.61	19.04
2026-08-29T22:47:47.8367893+08:00	0x09	0.6174	-0.1329	0.7728	0.0632	183.97	77.82	16.46
2026-08-29T22:47:48.3224224+08:00	0x08	0.0112	-0.0331	-0.4373	0.8986	308.12	356.02	359.49
2026-08-29T22:47:48.3971391+08:00	0x09	0.6246	-0.1318	0.7670	0.0647	183.91	78.88	16.44
2026-08-29T22:47:48.8882172+08:00	0x08	-0.0014	-0.0384	-0.4386	0.8979	308.00	356.11	357.93
2026-08-29T22:47:48.9626412+08:00	0x09	0.3691	-0.1898	0.8909	0.1845	167.62	41.88	28.32
2026-08-29T22:47:49.4542252+08:00	0x06	0.1761	-0.1269	-0.0466	0.9750	351.74	343.75	19.36
2026-08-29T22:47:49.4830092+08:00	0x09	0.3521	-0.2171	0.8715	0.2633	158.25	37.21	34.33
2026-08-29T22:47:49.9462043+08:00	0x07	0.3719	-0.7477	0.1713	0.5228	330.44	238.91	40.17
2026-08-29T22:47:50.0338140+08:00	0x06	0.1770	-0.1260	-0.0466	0.9750	351.74	343.85	19.48
2026-08-29T22:47:50.0587467+08:00	0x09	0.6130	-0.3101	0.6673	0.2876	179.67	84.99	50.04
2026-08-29T22:47:50.5208458+08:00	0x08	-0.0520	-0.0804	-0.4401	0.8928	307.99	354.31	350.58
2026-08-29T22:47:50.5807751+08:00	0x09	0.7996	-0.2200	0.5357	0.1591	192.01	115.52	29.35
2026-08-29T22:47:51.0722045+08:00	0x08	-0.0363	-0.0910	-0.4461	0.8896	307.29	352.48	351.62
2026-08-29T22:47:51.1458786+08:00	0x09	0.8227	-0.1131	0.5495	0.0922	185.06	113.23	16.03
2026-08-29T22:47:51.6456345+08:00	0x08	-0.0113	-0.0974	-0.4480	0.8886	307.00	350.57	353.84
2026-08-29T22:47:52.2182638+08:00	0x06	0.1340	-0.0924	0.0718	0.9841	6.97	350.26	16.08
2026-08-29T22:47:52.6597251+08:00	0x07	0.3719	-0.7477	0.1711	0.5229	330.43	238.91	40.15
2026-08-29T22:47:52.7056370+08:00	0x09	0.7001	-0.2116	0.6341	0.2511	178.38	95.10	38.30
2026-08-29T22:47:52.7424977+08:00	0x08	0.0199	-0.1089	-0.6277	0.7706	282.27	348.82	353.91
2026-08-29T22:47:52.7794747+08:00	0x06	0.1154	-0.0688	0.2330	0.9631	26.60	355.33	14.74
2026-08-29T22:47:53.2854428+08:00	0x09	0.7109	-0.1601	0.6503	0.2145	176.57	94.15	30.88
2026-08-29T22:47:53.3998095+08:00	0x06	0.1198	-0.0649	0.2440	0.9602	27.99	356.07	15.18
2026-08-29T22:47:53.8673645+08:00	0x06	0.1376	-0.0742	0.1988	0.9675	22.41	354.66	17.20
2026-08-29T22:47:54.3730147+08:00	0x09	0.7107	-0.1617	0.6499	0.2156	176.62	94.18	31.10
2026-08-29T22:47:54.4109965+08:00	0x06	0.1185	-0.1149	-0.0106	0.9862	357.16	346.38	13.38
2026-08-29T22:47:54.9242364+08:00	0x08	0.0318	-0.1037	-0.3370	0.9352	320.43	347.56	359.41
2026-08-29T22:47:54.9549422+08:00	0x07	0.2715	-0.7519	0.2045	0.5649	347.02	249.35	37.90
2026-08-29T22:47:55.3937478+08:00	0x07	0.2724	-0.7499	0.2185	0.5619	347.83	249.32	39.34
2026-08-29T22:47:55.4674129+08:00	0x09	0.7298	0.2953	0.5758	-0.2204	166.33	108.65	318.57
2026-08-29T22:47:55.5347987+08:00	0x06	0.0998	-0.1248	-0.0764	0.9842	349.74	344.63	10.21
2026-08-29T22:47:56.0375625+08:00	0x09	0.6974	0.3542	0.5813	-0.2240	160.19	108.93	313.59
2026-08-29T22:47:56.0618079+08:00	0x06	0.0989	-0.1252	-0.0879	0.9833	348.43	344.48	9.93
2026-08-29T22:47:56.5583313+08:00	0x09	0.6795	0.3835	0.5781	-0.2389	157.52	109.85	309.82
2026-08-29T22:47:56.6266487+08:00	0x06	0.0970	-0.1250	-0.0980	0.9825	347.30	344.43	9.57
2026-08-29T22:47:57.1040876+08:00	0x08	0.0234	-0.1016	-0.3994	0.9108	312.87	348.24	357.79
2026-08-29T22:47:57.1267759+08:00	0x09	0.6683	0.4007	0.5740	-0.2518	155.93	110.77	307.20
2026-08-29T22:47:57.1489766+08:00	0x06	0.0968	-0.1255	-0.1039	0.9819	346.62	344.32	9.44
2026-08-29T22:47:57.6444686+08:00	0x07	0.2737	-0.7455	0.2447	0.5563	349.47	249.40	42.01
2026-08-29T22:47:57.7009976+08:00	0x09	0.6596	0.4132	0.5705	-0.2621	154.71	111.56	305.19
2026-08-29T22:47:57.7381511+08:00	0x06	0.0974	-0.1262	-0.1097	0.9811	345.94	344.18	9.40
2026-08-29T22:47:58.1266682+08:00	0x07	0.2771	-0.7440	0.2464	0.5559	349.20	249.33	42.43
2026-08-29T22:47:58.1922261+08:00	0x08	0.0220	-0.1006	-0.4146	0.9042	310.98	348.45	357.50
2026-08-29T22:47:58.3225083+08:00	0x09	0.6506	0.4252	0.5673	-0.2723	153.50	112.34	303.20
2026-08-29T22:47:58.3514312+08:00	0x06	0.0962	-0.1263	-0.1079	0.9814	346.15	344.20	9.30
2026-08-29T22:47:58.5586609+08:00	0x07	0.2831	-0.7418	0.2479	0.5550	348.58	249.09	43.01
2026-08-29T22:47:58.7774972+08:00	0x08	0.0229	-0.1007	-0.4209	0.9012	310.19	348.41	357.51
2026-08-29T22:47:59.2894963+08:00	0x08	0.0325	-0.1016	-0.4334	0.8949	308.50	347.87	358.29
2026-08-29T22:47:59.3728570+08:00	0x09	0.6629	0.4107	0.5594	-0.2810	155.48	112.96	303.70
2026-08-29T22:47:59.3878170+08:00	0x06	0.0907	-0.1178	-0.0686	0.9865	350.86	345.63	9.37
2026-08-29T22:47:59.8560629+08:00	0x08	0.0299	-0.0926	-0.4416	0.8919	307.47	348.95	358.37
2026-08-29T22:47:59.9834249+08:00	0x09	0.6756	0.3920	0.5538	-0.2884	158.22	112.87	304.53
2026-08-29T22:48:00.3250629+08:00	0x08	0.0347	-0.0927	-0.4477	0.8887	306.64	348.70	358.78
2026-08-29T22:48:00.4533835+08:00	0x09	0.6864	0.3710	0.5615	-0.2756	160.77	111.02	307.35
2026-08-29T22:48:00.4837511+08:00	0x06	0.1173	-0.1123	-0.0026	0.9867	358.14	346.80	13.35
2026-08-29T22:48:00.8206853+08:00	0x07	0.4392	-0.6825	0.2258	0.5387	325.18	239.40	51.40
2026-08-29T22:48:00.9901314+08:00	0x06	0.1148	-0.1159	0.0197	0.9864	0.73	346.68	13.35
2026-08-29T22:48:01.0883369+08:00	0x09	0.6918	0.3807	0.5481	-0.2759	158.10	114.25	306.96
2026-08-29T22:48:01.4205788+08:00	0x08	0.0251	-0.0956	-0.4411	0.8920	307.59	348.89	357.73
2026-08-29T22:48:01.6489554+08:00	0x09	0.6923	0.3772	0.5490	-0.2775	158.82	113.81	307.02
2026-08-29T22:48:01.9359046+08:00	0x08	0.0252	-0.0949	-0.4409	0.8922	307.61	348.95	357.78
2026-08-29T22:48:02.0033617+08:00	0x06	0.1164	-0.1132	0.0155	0.9866	0.25	346.94	13.48
2026-08-29T22:48:02.1188273+08:00	0x09	0.6923	0.3773	0.5483	-0.2789	158.86	113.90	306.88
2026-08-29T22:48:02.5112006+08:00	0x08	0.0261	-0.0940	-0.4401	0.8926	307.71	348.99	357.93
2026-08-29T22:48:02.7432633+08:00	0x09	0.6915	0.3782	0.5479	-0.2803	158.81	113.95	306.67
2026-08-29T22:48:03.0309042+08:00	0x08	0.0278	-0.0934	-0.4394	0.8930	307.78	348.97	358.14
2026-08-29T22:48:03.2129544+08:00	0x09	0.6925	0.3761	0.5479	-0.2809	159.15	113.83	306.77
2026-08-29T22:48:03.5456229+08:00	0x07	0.4360	-0.6835	0.2215	0.5418	325.69	240.12	50.84
2026-08-29T22:48:03.6569437+08:00	0x06	0.1174	-0.1125	0.0164	0.9866	0.35	347.03	13.61
2026-08-29T22:48:03.7863931+08:00	0x09	0.6916	0.3775	0.5462	-0.2844	159.08	114.07	306.32
2026-08-29T22:48:04.1206218+08:00	0x08	0.0274	-0.0925	-0.4410	0.8923	307.58	349.08	358.13
2026-08-29T22:48:04.3012710+08:00	0x09	0.6909	0.3780	0.5460	-0.2856	159.09	114.08	306.15
2026-08-29T22:48:04.6943002+08:00	0x08	0.0281	-0.0925	-0.4398	0.8929	307.72	349.05	358.21
2026-08-29T22:48:04.7688995+08:00	0x09	0.6906	0.3784	0.5460	-0.2861	159.08	114.07	306.07
2026-08-29T22:48:05.1631630+08:00	0x08	0.0280	-0.0925	-0.4393	0.8931	307.78	349.05	358.21
2026-08-29T22:48:05.3900575+08:00	0x09	0.6900	0.3790	0.5460	-0.2865	159.04	114.07	305.97
2026-08-29T22:48:05.7829922+08:00	0x08	0.0286	-0.0930	-0.4372	0.8941	308.05	348.97	358.28
2026-08-29T22:48:05.9652135+08:00	0x09	0.6887	0.3807	0.5464	-0.2867	158.85	114.05	305.81
2026-08-29T22:48:06.2535882+08:00	0x08	0.0299	-0.0931	-0.4368	0.8943	308.09	348.89	358.41
2026-08-29T22:48:06.2682685+08:00	0x07	0.4351	-0.6841	0.2200	0.5425	325.80	240.27	50.64
2026-08-29T22:48:06.5343655+08:00	0x09	0.6886	0.3805	0.5468	-0.2865	158.92	113.96	305.83
2026-08-29T22:48:06.7688054+08:00	0x08	0.0302	-0.0933	-0.4369	0.8942	308.07	348.86	358.43
2026-08-29T22:48:06.8067611+08:00	0x06	0.1175	-0.1119	0.0180	0.9866	0.54	347.12	13.64
2026-08-29T22:48:07.0606122+08:00	0x09	0.6885	0.3805	0.5469	-0.2865	158.93	113.94	305.83
2026-08-29T22:48:07.3446095+08:00	0x08	0.0303	-0.0932	-0.4369	0.8942	308.07	348.85	358.44
2026-08-29T22:48:07.5265243+08:00	0x09	0.6885	0.3804	0.5470	-0.2865	158.94	113.93	305.83
2026-08-29T22:48:07.8606350+08:00	0x08	0.0302	-0.0932	-0.4370	0.8941	308.05	348.86	358.43
2026-08-29T22:48:07.8984921+08:00	0x06	0.1175	-0.1119	0.0177	0.9866	0.51	347.12	13.64
2026-08-29T22:48:08.1018277+08:00	0x09	0.6884	0.3805	0.5470	-0.2867	158.95	113.91	305.82
2026-08-29T22:48:08.4336988+08:00	0x08	0.0302	-0.0931	-0.4368	0.8942	308.08	348.87	358.43
2026-08-29T22:48:08.6164694+08:00	0x09	0.6883	0.3805	0.5470	-0.2868	158.95	113.92	305.80
2026-08-29T22:48:08.9570134+08:00	0x08	0.0302	-0.0932	-0.4364	0.8944	308.13	348.86	358.43
2026-08-29T22:48:09.0472341+08:00	0x06	0.1171	-0.1120	0.0173	0.9866	0.47	347.10	13.59
2026-08-29T22:48:09.1978884+08:00	0x09	0.6883	0.3805	0.5469	-0.2869	158.96	113.92	305.79
2026-08-29T22:48:09.5281273+08:00	0x08	0.0302	-0.0931	-0.4368	0.8942	308.08	348.88	358.44
2026-08-29T22:48:09.5704163+08:00	0x06	0.1169	-0.1120	0.0172	0.9867	0.46	347.10	13.57
2026-08-29T22:48:09.7060746+08:00	0x09	0.6883	0.3804	0.5470	-0.2869	158.99	113.90	305.79
2026-08-29T22:48:10.0086008+08:00	0x08	0.0305	-0.0932	-0.4368	0.8942	308.09	348.85	358.46
2026-08-29T22:48:10.1525262+08:00	0x06	0.1171	-0.1119	0.0171	0.9867	0.44	347.12	13.58
2026-08-29T22:48:10.2819050+08:00	0x09	0.6882	0.3802	0.5472	-0.2869	159.03	113.84	305.80
2026-08-29T22:48:10.5158341+08:00	0x08	0.0305	-0.0930	-0.4370	0.8941	308.06	348.87	358.46
2026-08-29T22:48:10.7518356+08:00	0x09	0.6882	0.3802	0.5473	-0.2870	159.05	113.82	305.80
2026-08-29T22:48:10.7813737+08:00	0x06	0.1173	-0.1119	0.0171	0.9866	0.44	347.12	13.61
2026-08-29T22:48:11.0857560+08:00	0x08	0.0301	-0.0930	-0.4379	0.8937	307.95	348.90	358.41
2026-08-29T22:48:11.2462730+08:00	0x07	0.4245	-0.6904	0.2112	0.5464	327.15	241.38	49.07
2026-08-29T22:48:11.3740505+08:00	0x09	0.6891	0.3787	0.5471	-0.2870	159.24	113.79	305.91
2026-08-29T22:48:11.7094434+08:00	0x08	0.0291	-0.0927	-0.4393	0.8931	307.78	348.98	358.32
2026-08-29T22:48:11.8001248+08:00	0x06	0.1183	-0.1117	0.0173	0.9865	0.46	347.14	13.73
2026-08-29T22:48:11.8382297+08:00	0x09	0.6904	0.3766	0.5468	-0.2871	159.50	113.76	306.06
2026-08-29T22:48:12.1789471+08:00	0x08	0.0292	-0.0925	-0.4389	0.8933	307.83	348.99	358.34
2026-08-29T22:48:12.4146314+08:00	0x09	0.6903	0.3767	0.5468	-0.2875	159.52	113.74	306.02
2026-08-29T22:48:12.4367665+08:00	0x06	0.1182	-0.1114	0.0180	0.9866	0.54	347.18	13.73
2026-08-29T22:48:12.8012666+08:00	0x08	0.0291	-0.0924	-0.4381	0.8937	307.93	349.01	358.34
2026-08-29T22:48:12.8925750+08:00	0x06	0.1164	-0.1111	0.0188	0.9868	0.66	347.24	13.53
2026-08-29T22:48:12.9364553+08:00	0x09	0.6902	0.3764	0.5471	-0.2876	159.61	113.66	306.02
2026-08-29T22:48:13.2690867+08:00	0x08	0.0273	-0.0930	-0.4370	0.8942	308.09	349.03	358.14
2026-08-29T22:48:13.5045475+08:00	0x09	0.6903	0.3782	0.5466	-0.2859	159.16	113.94	306.09
2026-08-29T22:48:13.5461315+08:00	0x07	0.4227	-0.6916	0.2104	0.5466	327.38	241.50	48.86
2026-08-29T22:48:13.8450761+08:00	0x08	0.0283	-0.0938	-0.4367	0.8943	308.12	348.90	358.21
2026-08-29T22:48:13.9654814+08:00	0x07	0.4223	-0.6907	0.2153	0.5461	327.69	241.51	49.34
2026-08-29T22:48:13.9887577+08:00	0x06	0.1154	-0.1103	0.0145	0.9871	0.19	347.27	13.35
2026-08-29T22:48:14.0271074+08:00	0x09	0.6905	0.3766	0.5474	-0.2861	159.48	113.69	306.17
2026-08-29T22:48:14.3616716+08:00	0x08	0.0250	-0.0912	-0.4393	0.8933	307.82	349.34	357.96
2026-08-29T22:48:14.4187327+08:00	0x07	0.4251	-0.6890	0.2169	0.5454	327.33	241.27	49.69
2026-08-29T22:48:14.6014751+08:00	0x09	0.6926	0.3730	0.5465	-0.2872	159.99	113.64	306.34
2026-08-29T22:48:14.8071369+08:00	0x06	0.1143	-0.1108	0.0155	0.9871	0.31	347.23	13.24
2026-08-29T22:48:14.9346580+08:00	0x08	0.0247	-0.0916	-0.4387	0.8936	307.90	349.31	357.92
2026-08-29T22:48:15.0763151+08:00	0x06	0.1142	-0.1108	0.0156	0.9871	0.32	347.23	13.24
2026-08-29T22:48:15.1657466+08:00	0x09	0.6925	0.3732	0.5465	-0.2873	159.97	113.65	306.32
2026-08-29T22:48:15.5536267+08:00	0x08	0.0252	-0.0913	-0.4382	0.8939	307.95	349.31	357.99
2026-08-29T22:48:15.6520173+08:00	0x06	0.1142	-0.1109	0.0156	0.9871	0.32	347.22	13.24
2026-08-29T22:48:15.9664989+08:00	0x09	0.6922	0.3729	0.5469	-0.2874	160.06	113.55	306.31
2026-08-29T22:48:16.1294700+08:00	0x08	0.0255	-0.0913	-0.4381	0.8939	307.97	349.30	358.02
2026-08-29T22:48:16.1752685+08:00	0x06	0.1143	-0.1110	0.0159	0.9871	0.36	347.21	13.25
2026-08-29T22:48:16.3654258+08:00	0x09	0.6922	0.3727	0.5471	-0.2873	160.10	113.50	306.33
2026-08-29T22:48:16.6448139+08:00	0x08	0.0255	-0.0915	-0.4378	0.8940	308.00	349.28	358.02
2026-08-29T22:48:16.7364738+08:00	0x06	0.1143	-0.1109	0.0162	0.9871	0.39	347.22	13.25
2026-08-29T22:48:16.8342131+08:00	0x09	0.6923	0.3725	0.5472	-0.2872	160.12	113.47	306.36
2026-08-29T22:48:17.1373409+08:00	0x07	0.4310	-0.6854	0.2214	0.5435	326.58	240.69	50.54
2026-08-29T22:48:17.2204806+08:00	0x08	0.0254	-0.0914	-0.4378	0.8941	308.01	349.29	358.01
2026-08-29T22:48:17.2575218+08:00	0x06	0.1142	-0.1110	0.0161	0.9871	0.38	347.21	13.24
2026-08-29T22:48:17.4546760+08:00	0x09	0.6924	0.3722	0.5475	-0.2868	160.16	113.43	306.41
2026-08-29T22:48:17.5906891+08:00	0x07	0.4315	-0.6852	0.2216	0.5434	326.50	240.65	50.58
2026-08-29T22:48:17.7940837+08:00	0x08	0.0256	-0.0916	-0.4375	0.8942	308.04	349.26	358.03
2026-08-29T22:48:17.8324985+08:00	0x06	0.1143	-0.1110	0.0160	0.9871	0.37	347.21	13.25
2026-08-29T22:48:18.0296153+08:00	0x09	0.6925	0.3720	0.5477	-0.2865	160.20	113.39	306.46
2026-08-29T22:48:18.3095962+08:00	0x08	0.0258	-0.0916	-0.4375	0.8942	308.04	349.25	358.05
2026-08-29T22:48:18.3629638+08:00	0x06	0.1143	-0.1110	0.0162	0.9871	0.39	347.21	13.25
2026-08-29T22:48:18.4999445+08:00	0x09	0.6926	0.3717	0.5480	-0.2862	160.24	113.33	306.50
2026-08-29T22:48:18.7787056+08:00	0x08	0.0261	-0.0917	-0.4376	0.8941	308.02	349.23	358.08
2026-08-29T22:48:18.9257734+08:00	0x06	0.1143	-0.1109	0.0163	0.9871	0.40	347.23	13.25
2026-08-29T22:48:19.1193725+08:00	0x09	0.6928	0.3713	0.5482	-0.2858	160.28	113.29	306.58
2026-08-29T22:48:19.3988982+08:00	0x08	0.0259	-0.0915	-0.4377	0.8941	308.02	349.25	358.07
2026-08-29T22:48:19.5874532+08:00	0x09	0.6928	0.3711	0.5484	-0.2856	160.31	113.25	306.61
2026-08-29T22:48:19.8609103+08:00	0x07	0.4317	-0.6849	0.2218	0.5434	326.48	240.64	50.63
2026-08-29T22:48:19.8836768+08:00	0x08	0.0262	-0.0916	-0.4377	0.8940	308.01	349.24	358.09
2026-08-29T22:48:20.0187266+08:00	0x06	0.1142	-0.1109	0.0160	0.9871	0.37	347.22	13.24
2026-08-29T22:48:20.1630726+08:00	0x09	0.6929	0.3708	0.5486	-0.2853	160.35	113.20	306.66
2026-08-29T22:48:20.3216418+08:00	0x07	0.4311	-0.6853	0.2212	0.5437	326.55	240.71	50.53
2026-08-29T22:48:20.4803119+08:00	0x06	0.1142	-0.1110	0.0160	0.9871	0.36	347.21	13.24
2026-08-29T22:48:20.5113860+08:00	0x08	0.0260	-0.0917	-0.4378	0.8940	308.00	349.23	358.07
2026-08-29T22:48:20.6775368+08:00	0x09	0.6930	0.3706	0.5487	-0.2851	160.36	113.19	306.69
2026-08-29T22:48:20.7626544+08:00	0x07	0.4303	-0.6859	0.2203	0.5440	326.65	240.80	50.38
2026-08-29T22:48:21.0654215+08:00	0x08	0.0260	-0.0917	-0.4382	0.8938	307.95	349.24	358.06
2026-08-29T22:48:21.2457678+08:00	0x09	0.6932	0.3703	0.5490	-0.2847	160.39	113.14	306.76
2026-08-29T22:48:21.5323067+08:00	0x08	0.0261	-0.0917	-0.4384	0.8937	307.92	349.23	358.06
2026-08-29T22:48:21.7676186+08:00	0x09	0.6931	0.3702	0.5491	-0.2846	160.41	113.12	306.76
2026-08-29T22:48:22.0549078+08:00	0x08	0.0261	-0.0916	-0.4386	0.8936	307.90	349.24	358.07
2026-08-29T22:48:22.1990200+08:00	0x06	0.1137	-0.1110	0.0157	0.9872	0.34	347.21	13.18
2026-08-29T22:48:22.3435677+08:00	0x09	0.6931	0.3702	0.5492	-0.2846	160.43	113.10	306.76
2026-08-29T22:48:22.5778705+08:00	0x07	0.4243	-0.6894	0.2163	0.5458	327.43	241.36	49.58
2026-08-29T22:48:22.6623161+08:00	0x06	0.1138	-0.1108	0.0157	0.9872	0.33	347.23	13.19
2026-08-29T22:48:22.9184414+08:00	0x09	0.6932	0.3700	0.5494	-0.2844	160.45	113.06	306.80
2026-08-29T22:48:23.0315201+08:00	0x07	0.4223	-0.6907	0.2146	0.5465	327.68	241.56	49.28
2026-08-29T22:48:23.1447538+08:00	0x08	0.0263	-0.0916	-0.4386	0.8936	307.89	349.23	358.09
2026-08-29T22:48:23.4316078+08:00	0x09	0.6932	0.3699	0.5494	-0.2843	160.46	113.05	306.82
2026-08-29T22:48:23.7195545+08:00	0x08	0.0263	-0.0916	-0.4387	0.8936	307.89	349.23	358.09
2026-08-29T22:48:23.8997394+08:00	0x09	0.6932	0.3699	0.5494	-0.2843	160.46	113.05	306.82
2026-08-29T22:48:24.2761734+08:00	0x06	0.1138	-0.1108	0.0154	0.9872	0.31	347.23	13.19
2026-08-29T22:48:24.4744633+08:00	0x09	0.6932	0.3698	0.5495	-0.2842	160.48	113.03	306.83
2026-08-29T22:48:24.7400592+08:00	0x06	0.1137	-0.1108	0.0155	0.9872	0.32	347.23	13.17
2026-08-29T22:48:24.9074485+08:00	0x08	0.0264	-0.0917	-0.4384	0.8937	307.91	349.21	358.09
2026-08-29T22:48:25.0957246+08:00	0x09	0.6933	0.3697	0.5495	-0.2840	160.48	113.03	306.85
2026-08-29T22:48:25.2998613+08:00	0x07	0.4134	-0.6960	0.2074	0.5493	328.72	242.36	47.98
2026-08-29T22:48:25.3219518+08:00	0x06	0.1137	-0.1109	0.0155	0.9872	0.32	347.22	13.18
2026-08-29T22:48:25.4307263+08:00	0x08	0.0264	-0.0916	-0.4385	0.8937	307.90	349.23	358.10
2026-08-29T22:48:25.6681572+08:00	0x09	0.6933	0.3697	0.5495	-0.2841	160.48	113.03	306.85
2026-08-29T22:48:25.7519489+08:00	0x07	0.4122	-0.6967	0.2062	0.5497	328.84	242.46	47.77
2026-08-29T22:48:25.8338440+08:00	0x06	0.1137	-0.1110	0.0156	0.9872	0.33	347.21	13.18
2026-08-29T22:48:26.0054540+08:00	0x08	0.0262	-0.0918	-0.4383	0.8937	307.93	349.21	358.08
2026-08-29T22:48:26.1849865+08:00	0x09	0.6934	0.3696	0.5496	-0.2838	160.48	113.03	306.89
2026-08-29T22:48:26.4105968+08:00	0x06	0.1136	-0.1110	0.0156	0.9872	0.33	347.21	13.16
2026-08-29T22:48:26.4710963+08:00	0x08	0.0263	-0.0916	-0.4385	0.8937	307.90	349.23	358.09
2026-08-29T22:48:26.7567468+08:00	0x09	0.6934	0.3695	0.5497	-0.2838	160.51	113.00	306.89
2026-08-29T22:48:26.9913775+08:00	0x08	0.0264	-0.0917	-0.4384	0.8937	307.92	349.21	358.10
2026-08-29T22:48:27.3324554+08:00	0x09	0.6933	0.3696	0.5496	-0.2839	160.50	113.01	306.87
2026-08-29T22:48:27.5616553+08:00	0x08	0.0265	-0.0916	-0.4385	0.8937	307.91	349.21	358.11
2026-08-29T22:48:27.8476765+08:00	0x09	0.6934	0.3694	0.5497	-0.2838	160.51	113.00	306.90
2026-08-29T22:48:28.0671852+08:00	0x06	0.1139	-0.1109	0.0157	0.9872	0.34	347.22	13.20
2026-08-29T22:48:28.0967503+08:00	0x08	0.0264	-0.0917	-0.4382	0.8938	307.94	349.21	358.09
2026-08-29T22:48:28.4220101+08:00	0x09	0.6935	0.3692	0.5499	-0.2834	160.52	112.97	306.95
2026-08-29T22:48:28.6565136+08:00	0x08	0.0262	-0.0917	-0.4384	0.8937	307.93	349.22	358.08
2026-08-29T22:48:28.7243598+08:00	0x06	0.1140	-0.1111	0.0158	0.9871	0.35	347.19	13.21
2026-08-29T22:48:28.9973775+08:00	0x09	0.6935	0.3693	0.5497	-0.2836	160.51	113.00	306.93
2026-08-29T22:48:29.1640511+08:00	0x06	0.1139	-0.1110	0.0158	0.9871	0.35	347.21	13.21
2026-08-29T22:48:29.2772875+08:00	0x08	0.0261	-0.0916	-0.4383	0.8938	307.94	349.24	358.08
2026-08-29T22:48:29.5125589+08:00	0x09	0.6936	0.3691	0.5498	-0.2834	160.53	112.98	306.96
2026-08-29T22:48:29.6825573+08:00	0x06	0.1140	-0.1111	0.0159	0.9871	0.35	347.20	13.21
2026-08-29T22:48:30.0840441+08:00	0x09	0.6937	0.3690	0.5499	-0.2832	160.53	112.98	306.98
2026-08-29T22:48:30.2513203+08:00	0x06	0.1139	-0.1111	0.0159	0.9871	0.35	347.20	13.20
2026-08-29T22:48:30.2722640+08:00	0x08	0.0259	-0.0914	-0.4382	0.8939	307.95	349.27	358.06
2026-08-29T22:48:30.5524396+08:00	0x09	0.6937	0.3690	0.5499	-0.2832	160.54	112.96	306.98
2026-08-29T22:48:30.7504204+08:00	0x08	0.0261	-0.0913	-0.4380	0.8939	307.98	349.26	358.09
2026-08-29T22:48:31.1897188+08:00	0x09	0.6937	0.3689	0.5500	-0.2832	160.56	112.94	306.99
2026-08-29T22:48:31.1976964+08:00	0x07	0.3886	-0.7076	0.1900	0.5587	331.65	244.74	44.68
2026-08-29T22:48:31.3099346+08:00	0x08	0.0260	-0.0915	-0.4383	0.8938	307.94	349.25	358.07
2026-08-29T22:48:31.6506565+08:00	0x09	0.6938	0.3688	0.5501	-0.2830	160.56	112.94	307.02
2026-08-29T22:48:31.8235560+08:00	0x08	0.0260	-0.0914	-0.4385	0.8937	307.91	349.26	358.07
2026-08-29T22:48:32.1636181+08:00	0x09	0.6937	0.3687	0.5502	-0.2830	160.58	112.91	307.02
2026-08-29T22:48:32.3999981+08:00	0x08	0.0263	-0.0917	-0.4381	0.8938	307.96	349.22	358.09
2026-08-29T22:48:32.7404931+08:00	0x09	0.6476	0.4395	0.5486	-0.2941	150.78	116.47	300.32
2026-08-29T22:48:32.9053018+08:00	0x06	0.0787	-0.1072	-0.0747	0.9883	350.43	346.95	8.03
2026-08-29T22:48:32.9211070+08:00	0x08	0.0774	-0.1227	-0.3666	0.9190	316.07	343.58	2.99
2026-08-29T22:48:33.3128970+08:00	0x09	0.6669	0.4101	0.5589	-0.2733	154.85	113.43	304.63
2026-08-29T22:48:33.3847679+08:00	0x08	0.0743	-0.1177	-0.3816	0.9138	314.31	344.22	2.64
2026-08-29T22:48:33.5230627+08:00	0x06	0.0710	-0.1142	-0.0837	0.9874	349.46	346.17	6.95
2026-08-29T22:48:33.8253218+08:00	0x09	0.6536	0.4238	0.5518	-0.2978	154.06	114.50	301.01
2026-08-29T22:48:33.9155340+08:00	0x07	0.3256	-0.7308	0.1578	0.5788	338.34	249.34	37.41
2026-08-29T22:48:34.0989848+08:00	0x06	0.0711	-0.1144	-0.0811	0.9876	349.76	346.16	7.01
2026-08-29T22:48:34.3997322+08:00	0x09	0.6540	0.4311	0.5506	-0.2885	151.93	115.74	301.56
2026-08-29T22:48:34.5810826+08:00	0x08	0.0760	-0.1166	-0.3931	0.9089	312.85	344.22	2.66
2026-08-29T22:48:34.9760598+08:00	0x09	0.6527	0.4311	0.5510	-0.2909	152.19	115.52	301.27
2026-08-29T22:48:35.0882965+08:00	0x06	0.0638	-0.1117	-0.0900	0.9876	348.87	346.50	6.08
2026-08-29T22:48:35.1042551+08:00	0x08	0.0749	-0.1167	-0.4009	0.9056	311.91	344.23	2.41
2026-08-29T22:48:35.5934590+08:00	0x09	0.6524	0.4308	0.5509	-0.2923	152.35	115.45	301.14
2026-08-29T22:48:35.7978413+08:00	0x06	0.0597	-0.1089	-0.0933	0.9879	348.56	346.86	5.60
2026-08-29T22:48:36.0702766+08:00	0x09	0.6526	0.4299	0.5497	-0.2953	152.60	115.52	300.90
2026-08-29T22:48:36.1918840+08:00	0x06	0.0599	-0.1091	-0.0931	0.9878	348.59	346.83	5.63
2026-08-29T22:48:36.5856295+08:00	0x09	0.6535	0.4285	0.5493	-0.2960	152.82	115.49	300.95
2026-08-29T22:48:36.6986822+08:00	0x06	0.0613	-0.1095	-0.0908	0.9879	348.83	346.78	5.81
2026-08-29T22:48:36.7658923+08:00	0x08	0.0728	-0.1168	-0.4134	0.9001	310.39	344.30	1.98
2026-08-29T22:48:37.0777665+08:00	0x07	0.3313	-0.7143	0.2105	0.5795	341.67	250.79	43.21
2026-08-29T22:48:37.1545371+08:00	0x09	0.6511	0.4270	0.5517	-0.2990	153.65	114.65	300.63
2026-08-29T22:48:37.2671321+08:00	0x06	0.0547	-0.1022	-0.0947	0.9887	348.50	347.68	5.09
2026-08-29T22:48:37.3348105+08:00	0x08	0.0742	-0.1150	-0.4156	0.8992	310.09	344.42	2.17
2026-08-29T22:48:37.7270427+08:00	0x09	0.6493	0.4249	0.5544	-0.3010	154.52	113.75	300.46
2026-08-29T22:48:37.8398894+08:00	0x06	0.0563	-0.1039	-0.0935	0.9886	348.61	347.47	5.27
2026-08-29T22:48:37.9527004+08:00	0x08	0.0726	-0.1156	-0.4165	0.8988	310.01	344.43	1.96
2026-08-29T22:48:38.2469839+08:00	0x09	0.6493	0.4249	0.5545	-0.3008	154.54	113.73	300.48
2026-08-29T22:48:38.3612902+08:00	0x06	0.0562	-0.1037	-0.0934	0.9886	348.63	347.50	5.26
2026-08-29T22:48:38.4283433+08:00	0x08	0.0725	-0.1154	-0.4168	0.8987	309.97	344.45	1.96
2026-08-29T22:48:38.8203752+08:00	0x09	0.6496	0.4243	0.5547	-0.3005	154.62	113.66	300.55
2026-08-29T22:48:38.8365576+08:00	0x06	0.0566	-0.1039	-0.0930	0.9886	348.67	347.48	5.31
2026-08-29T22:48:38.9948433+08:00	0x08	0.0728	-0.1154	-0.4169	0.8986	309.95	344.44	1.99
2026-08-29T22:48:39.3496518+08:00	0x07	0.3308	-0.7077	0.2205	0.5840	342.88	252.05	44.30
2026-08-29T22:48:39.4554136+08:00	0x06	0.0566	-0.1039	-0.0926	0.9886	348.71	347.47	5.32
2026-08-29T22:48:39.5156085+08:00	0x08	0.0728	-0.1155	-0.4168	0.8987	309.96	344.44	1.98
2026-08-29T22:48:39.8036141+08:00	0x07	0.3306	-0.7076	0.2207	0.5843	342.93	252.10	44.32
2026-08-29T22:48:39.9151608+08:00	0x09	0.6494	0.4244	0.5548	-0.3007	154.64	113.62	300.53
2026-08-29T22:48:40.0274239+08:00	0x06	0.0564	-0.1036	-0.0925	0.9887	348.73	347.52	5.30
2026-08-29T22:48:40.4862252+08:00	0x09	0.6494	0.4243	0.5549	-0.3006	154.67	113.61	300.54
2026-08-29T22:48:40.5392129+08:00	0x06	0.0564	-0.1035	-0.0924	0.9887	348.74	347.52	5.30
2026-08-29T22:48:40.6068846+08:00	0x08	0.0731	-0.1152	-0.4166	0.8988	309.99	344.45	2.03
2026-08-29T22:48:41.0591846+08:00	0x09	0.6493	0.4244	0.5548	-0.3009	154.65	113.62	300.50
2026-08-29T22:48:41.1811001+08:00	0x08	0.0732	-0.1151	-0.4166	0.8988	309.99	344.45	2.04
2026-08-29T22:48:41.5741758+08:00	0x09	0.6493	0.4243	0.5548	-0.3009	154.67	113.62	300.50
2026-08-29T22:48:41.5976290+08:00	0x06	0.0567	-0.1036	-0.0920	0.9887	348.78	347.51	5.34
2026-08-29T22:48:41.7104055+08:00	0x08	0.0739	-0.1154	-0.4165	0.8988	309.99	344.39	2.10
2026-08-29T22:48:42.0646522+08:00	0x07	0.3293	-0.7077	0.2196	0.5852	343.07	252.27	44.13
2026-08-29T22:48:42.1030775+08:00	0x06	0.0570	-0.1041	-0.0918	0.9887	348.80	347.45	5.37
2026-08-29T22:48:42.1488777+08:00	0x09	0.6496	0.4236	0.5550	-0.3009	154.81	113.53	300.55
2026-08-29T22:48:42.2690577+08:00	0x08	0.0722	-0.1151	-0.4186	0.8979	309.75	344.49	1.90
2026-08-29T22:48:42.5174481+08:00	0x07	0.3315	-0.7084	0.2193	0.5833	342.63	251.83	44.22
2026-08-29T22:48:42.6754801+08:00	0x06	0.0608	-0.1106	-0.0860	0.9883	349.38	346.69	5.80
2026-08-29T22:48:42.8421025+08:00	0x08	0.0727	-0.1194	-0.4132	0.8998	310.41	344.04	1.84
2026-08-29T22:48:43.2367807+08:00	0x09	0.6538	0.4306	0.5474	-0.2958	152.24	116.08	300.88
2026-08-29T22:48:43.3659613+08:00	0x08	0.0694	-0.1227	-0.4116	0.9004	310.67	343.86	1.37
2026-08-29T22:48:43.7823907+08:00	0x06	0.0653	-0.1209	-0.0904	0.9864	348.74	345.42	6.15
2026-08-29T22:48:43.9316798+08:00	0x08	0.0684	-0.1234	-0.4134	0.8995	310.46	343.83	1.21
2026-08-29T22:48:44.3445591+08:00	0x09	0.6495	0.4318	0.5502	-0.2983	152.61	115.35	300.38
2026-08-29T22:48:44.5628288+08:00	0x08	0.0683	-0.1084	-0.4257	0.8957	308.94	345.37	1.72
2026-08-29T22:48:44.7899915+08:00	0x07	0.3520	-0.6981	0.2070	0.5882	339.60	251.78	44.67
2026-08-29T22:48:44.8575402+08:00	0x06	0.0773	-0.1073	-0.0782	0.9881	350.05	346.92	7.81
2026-08-29T22:48:45.0230842+08:00	0x08	0.0846	-0.1060	-0.4159	0.8993	309.88	344.84	3.67
2026-08-29T22:48:45.2454871+08:00	0x07	0.3537	-0.6873	0.2031	0.6011	340.07	254.07	44.78
2026-08-29T22:48:45.3724658+08:00	0x06	0.0684	-0.1081	-0.0739	0.9890	350.68	346.96	6.85
2026-08-29T22:48:45.4717122+08:00	0x09	0.6412	0.4253	0.5579	-0.3111	155.98	112.19	299.14
2026-08-29T22:48:45.5410393+08:00	0x08	0.0555	-0.1107	-0.4115	0.9030	310.93	345.79	0.52
2026-08-29T22:48:45.9533561+08:00	0x06	0.0835	-0.1202	-0.0658	0.9870	351.28	345.45	8.57
2026-08-29T22:48:46.1146714+08:00	0x08	0.0471	-0.1165	-0.4055	0.9054	311.81	345.57	359.47
2026-08-29T22:48:46.5265996+08:00	0x06	0.0848	-0.1255	-0.0769	0.9855	349.94	344.74	8.51
2026-08-29T22:48:46.6328015+08:00	0x08	0.0447	-0.1184	-0.4074	0.9044	311.61	345.48	359.11
2026-08-29T22:48:47.0554045+08:00	0x06	0.0868	-0.1250	-0.0758	0.9854	350.03	344.78	8.75
2026-08-29T22:48:47.0629891+08:00	0x07	0.3704	-0.7189	0.1926	0.5558	333.95	244.86	43.52
2026-08-29T22:48:47.2056306+08:00	0x08	0.0443	-0.1187	-0.4082	0.9041	311.53	345.48	359.04
2026-08-29T22:48:47.5084554+08:00	0x07	0.3666	-0.7171	0.1945	0.5599	334.83	245.76	43.59
2026-08-29T22:48:47.6115485+08:00	0x06	0.0876	-0.1248	-0.0768	0.9853	349.90	344.78	8.82
2026-08-29T22:48:47.7746393+08:00	0x08	0.0437	-0.1185	-0.4096	0.9035	311.36	345.53	358.96
2026-08-29T22:48:47.9631627+08:00	0x07	0.3648	-0.7164	0.1954	0.5618	335.25	246.18	43.62
2026-08-29T22:48:48.1365803+08:00	0x09	0.6517	0.4582	0.5265	-0.2969	144.83	123.03	299.61
2026-08-29T22:48:48.3021403+08:00	0x08	0.0450	-0.1155	-0.4107	0.9033	311.19	345.78	359.23
2026-08-29T22:48:48.5955566+08:00	0x06	0.0850	-0.1193	-0.0758	0.9863	350.11	345.46	8.60
2026-08-29T22:48:48.6946585+08:00	0x09	0.6396	0.4432	0.5464	-0.3096	151.16	116.45	298.31
2026-08-29T22:48:48.8696026+08:00	0x08	0.0490	-0.1077	-0.4193	0.9001	310.06	346.42	359.88
2026-08-29T22:48:49.1171698+08:00	0x06	0.0770	-0.1220	-0.0816	0.9862	349.55	345.21	7.58
2026-08-29T22:48:49.2219042+08:00	0x09	0.6897	0.4750	0.4689	-0.2807	134.94	136.64	303.63
2026-08-29T22:48:49.4962189+08:00	0x08	0.0307	-0.1291	-0.4168	0.8992	310.66	345.04	357.00
2026-08-29T22:48:49.6920210+08:00	0x06	0.0597	-0.1349	-0.0893	0.9850	348.88	343.89	5.37
2026-08-29T22:48:49.7898843+08:00	0x09	0.7135	0.4874	0.4268	-0.2667	129.27	144.72	307.18
2026-08-29T22:48:49.9714380+08:00	0x08	-0.1973	-0.2337	-0.4208	0.8541	312.20	344.00	327.75
2026-08-29T22:48:50.2297212+08:00	0x07	0.3361	-0.7171	0.2177	0.5704	341.01	249.25	44.08
2026-08-29T22:48:50.3067666+08:00	0x09	0.6209	0.4027	0.5594	-0.3733	168.26	103.61	293.92
2026-08-29T22:48:50.5871673+08:00	0x08	-0.1906	-0.2307	-0.4210	0.8563	312.14	344.05	328.62
2026-08-29T22:48:50.6768004+08:00	0x07	0.3074	-0.6576	0.2505	0.6405	353.07	265.52	46.32
2026-08-29T22:48:50.7836057+08:00	0x06	0.0602	-0.1345	-0.0890	0.9851	348.90	343.92	5.43
2026-08-29T22:48:50.8817198+08:00	0x09	0.5714	0.4714	0.5066	-0.4411	151.13	120.86	280.96
2026-08-29T22:48:51.1577426+08:00	0x08	-0.3761	-0.5665	-0.3323	0.6536	359.04	278.72	299.76
2026-08-29T22:48:51.3614073+08:00	0x06	0.1136	-0.6993	-0.0186	0.7055	349.23	269.77	7.72
2026-08-29T22:48:51.4525891+08:00	0x09	0.5273	0.5269	0.4627	-0.4799	81.96	189.05	276.47
2026-08-29T22:48:51.7347172+08:00	0x08	-0.4553	-0.5345	-0.3924	0.5942	4.18	272.92	286.15
2026-08-29T22:48:51.8738866+08:00	0x06	0.1176	-0.7199	-0.0113	0.6839	349.23	266.28	8.32
2026-08-29T22:48:51.9729890+08:00	0x09	0.5008	0.5518	0.4377	-0.5032	44.19	226.64	279.26
2026-08-29T22:48:52.2497480+08:00	0x08	-0.4915	-0.5088	-0.4219	0.5670	7.72	269.63	279.34
2026-08-29T22:48:52.4428732+08:00	0x06	0.1153	-0.7227	-0.0124	0.6813	349.31	265.87	8.00
2026-08-29T22:48:52.5484128+08:00	0x09	0.4802	0.5714	0.4218	-0.5148	32.01	238.09	282.46
2026-08-29T22:48:52.7198334+08:00	0x08	-0.5176	-0.4873	-0.4457	0.5441	16.13	261.25	273.99
2026-08-29T22:48:52.9496526+08:00	0x07	0.3230	-0.6634	0.2522	0.6260	350.36	262.41	47.65
2026-08-29T22:48:52.9726332+08:00	0x06	0.1030	-0.7293	-0.0220	0.6760	349.57	265.09	6.15
2026-08-29T22:48:53.1489928+08:00	0x09	0.4690	0.5809	0.4135	-0.5212	27.57	242.19	284.25
2026-08-29T22:48:53.2329781+08:00	0x08	-0.5347	-0.4695	-0.4637	0.5278	98.92	178.49	270.73
2026-08-29T22:48:53.4028324+08:00	0x07	0.3293	-0.6620	0.2545	0.6233	349.70	261.92	48.38
2026-08-29T22:48:53.5343062+08:00	0x06	0.0970	-0.7354	-0.0300	0.6700	349.42	264.22	4.92
2026-08-29T22:48:53.6494071+08:00	0x09	0.4544	0.5919	0.4057	-0.5278	23.05	246.06	286.27
2026-08-29T22:48:53.8120042+08:00	0x08	-0.5570	-0.4406	-0.4962	0.4994	182.40	94.47	276.49
2026-08-29T22:48:54.1134256+08:00	0x09	0.4779	0.5530	0.5093	-0.4543	69.58	192.95	274.02
2026-08-29T22:48:54.3302462+08:00	0x08	-0.5567	-0.4412	-0.4955	0.4999	182.17	94.71	276.38
2026-08-29T22:48:54.6308930+08:00	0x09	0.4258	0.5785	0.6051	-0.3433	140.90	105.13	277.04
2026-08-29T22:48:54.9015235+08:00	0x08	-0.5445	-0.3603	-0.6735	0.3466	188.48	73.05	300.37
2026-08-29T22:48:55.2066387+08:00	0x09	0.5629	0.5548	0.4661	-0.3977	105.03	161.49	285.23
2026-08-29T22:48:55.2395567+08:00	0x07	0.2180	-0.6774	0.4408	0.5472	19.91	268.68	56.68
2026-08-29T22:48:55.4227658+08:00	0x08	-0.6469	-0.2601	-0.6272	0.3472	189.01	87.49	309.16
2026-08-29T22:48:55.6605367+08:00	0x07	0.1909	-0.7484	0.2974	0.5612	3.67	255.12	41.26
2026-08-29T22:48:55.7154953+08:00	0x06	0.0083	-0.6659	-0.0872	0.7409	351.89	276.53	354.04
2026-08-29T22:48:55.9870126+08:00	0x08	-0.5931	-0.3853	-0.5233	0.4753	189.16	90.08	284.75
2026-08-29T22:48:56.3004367+08:00	0x09	0.5529	0.4969	0.4806	-0.4653	125.66	146.67	277.22
2026-08-29T22:48:56.5771712+08:00	0x08	-0.5212	-0.5056	-0.4132	0.5495	32.35	246.38	277.84
2026-08-29T22:48:56.7543216+08:00	0x09	0.5531	0.4712	0.4944	-0.4771	153.84	119.87	276.44
2026-08-29T22:48:56.8077010+08:00	0x06	0.0241	-0.7030	-0.0753	0.7068	351.91	270.60	355.88
2026-08-29T22:48:57.0925797+08:00	0x08	-0.4481	-0.5715	-0.3440	0.5952	15.86	261.60	292.09
2026-08-29T22:48:57.3941256+08:00	0x09	0.5207	0.5187	0.4729	-0.4860	82.58	188.28	274.66
2026-08-29T22:48:57.5509491+08:00	0x08	-0.4504	-0.5697	-0.3461	0.5939	16.05	261.45	291.65
2026-08-29T22:48:57.9317437+08:00	0x07	0.2661	-0.7027	0.3121	0.5813	359.04	258.77	48.42
2026-08-29T22:48:58.1717034+08:00	0x08	-0.2843	-0.6029	-0.3552	0.6554	348.15	280.73	306.78
2026-08-29T22:48:58.3857670+08:00	0x07	0.3141	-0.6733	0.2513	0.6203	350.66	261.27	46.73
2026-08-29T22:48:58.4235409+08:00	0x09	0.5217	0.5173	0.4736	-0.4857	84.89	186.06	274.59
2026-08-29T22:48:58.7509493+08:00	0x08	-0.4901	-0.5342	-0.4183	0.5472	21.23	253.66	280.48
2026-08-29T22:48:58.9369537+08:00	0x09	0.2596	0.7340	0.2155	-0.5894	9.34	254.27	321.51
2026-08-29T22:48:59.0445880+08:00	0x06	0.0940	-0.7493	-0.0309	0.6548	349.52	261.90	4.40
2026-08-29T22:48:59.2613804+08:00	0x08	-0.5996	-0.4085	-0.5341	0.4339	174.79	100.48	286.91
2026-08-29T22:48:59.5262689+08:00	0x09	0.1292	0.7357	0.1446	-0.6490	0.15	262.81	337.64
2026-08-29T22:48:59.7331292+08:00	0x08	-0.6678	-0.2849	-0.6072	0.3227	181.04	94.95	309.01
2026-08-29T22:48:59.9800264+08:00	0x09	-0.0501	0.7484	-0.0152	-0.6611	356.84	262.77	5.11
2026-08-29T22:49:00.1414746+08:00	0x06	0.1037	-0.7469	-0.0208	0.6565	349.45	262.07	6.03
2026-08-29T22:49:00.2549243+08:00	0x08	-0.6662	-0.2888	-0.6053	0.3263	180.95	95.02	308.35
2026-08-29T22:49:00.5032436+08:00	0x09	-0.1569	0.7348	-0.1131	-0.6501	354.84	262.01	21.73
2026-08-29T22:49:00.6638341+08:00	0x06	0.1061	-0.7446	-0.0186	0.6588	349.42	262.40	6.43
2026-08-29T22:49:00.8257783+08:00	0x08	-0.7024	-0.1803	-0.6489	0.2301	183.13	93.58	326.13
2026-08-29T22:49:01.0708078+08:00	0x09	-0.2377	0.7133	-0.1869	-0.6322	352.83	260.87	34.55
2026-08-29T22:49:01.1216498+08:00	0x06	0.0820	-0.7416	-0.0389	0.6647	350.01	263.48	2.94
2026-08-29T22:49:01.3984123+08:00	0x08	-0.7150	-0.0624	-0.6842	0.1298	185.27	91.79	344.28
2026-08-29T22:49:01.6417307+08:00	0x06	0.0808	-0.7440	-0.0353	0.6623	350.37	263.09	3.12
2026-08-29T22:49:01.9345868+08:00	0x08	-0.7171	0.0018	-0.6929	0.0753	186.17	91.64	353.94
2026-08-29T22:49:02.1605306+08:00	0x09	-0.2911	0.6801	-0.2478	-0.6256	353.08	262.39	44.53
2026-08-29T22:49:02.2168167+08:00	0x06	0.0952	-0.7469	-0.0181	0.6578	350.40	262.27	5.64
2026-08-29T22:49:02.4956991+08:00	0x08	-0.7223	0.0270	-0.6893	0.0489	186.12	92.58	358.09
2026-08-29T22:49:02.7378479+08:00	0x09	-0.3633	0.6536	-0.3184	-0.5826	348.96	257.40	57.09
2026-08-29T22:49:03.0061778+08:00	0x08	-0.7273	0.0609	-0.6835	0.0154	186.31	93.75	3.49
2026-08-29T22:49:03.2523911+08:00	0x09	-0.3840	0.6383	-0.3414	-0.5732	348.17	256.85	61.17
2026-08-29T22:49:03.5775365+08:00	0x08	-0.7225	0.0775	-0.6870	0.0006	186.51	93.23	6.06
2026-08-29T22:49:03.7757825+08:00	0x06	0.1062	-0.7406	-0.0073	0.6635	350.31	263.07	7.48
2026-08-29T22:49:04.0984989+08:00	0x08	-0.7214	0.0910	-0.6864	-0.0093	186.88	93.33	7.96
2026-08-29T22:49:04.2756162+08:00	0x07	0.3522	-0.6570	0.2804	0.6047	348.25	259.43	52.60
2026-08-29T22:49:04.3147850+08:00	0x09	-0.4000	0.6271	-0.3584	-0.5642	347.07	255.82	64.27
2026-08-29T22:49:04.6687071+08:00	0x08	-0.7175	0.0838	-0.6915	-0.0008	186.89	92.52	6.72
2026-08-29T22:49:04.8153101+08:00	0x09	-0.4337	0.6089	-0.3852	-0.5410	341.19	250.06	69.79
2026-08-29T22:49:04.8696827+08:00	0x06	0.1194	-0.7326	-0.0020	0.6701	349.64	264.08	9.04
2026-08-29T22:49:05.2423150+08:00	0x08	-0.7170	0.0796	-0.6925	0.0000	186.59	92.35	6.33
2026-08-29T22:49:05.3866241+08:00	0x09	-0.4366	0.6046	-0.3865	-0.5427	341.29	250.61	70.25
2026-08-29T22:49:05.4872768+08:00	0x06	0.1178	-0.7349	-0.0040	0.6679	349.60	263.74	8.71
2026-08-29T22:49:05.7616256+08:00	0x08	-0.7180	0.0759	-0.6919	0.0002	186.31	92.45	6.02
2026-08-29T22:49:05.9009310+08:00	0x09	-0.4392	0.6052	-0.3848	-0.5411	340.10	249.53	70.23
2026-08-29T22:49:06.0624880+08:00	0x06	0.1171	-0.7379	-0.0042	0.6646	349.61	263.23	8.60
2026-08-29T22:49:06.3344655+08:00	0x08	-0.7198	0.0722	-0.6904	0.0036	186.28	92.69	5.42
2026-08-29T22:49:06.4807745+08:00	0x09	-0.4409	0.6062	-0.3840	-0.5391	339.13	248.54	70.21
2026-08-29T22:49:06.5276862+08:00	0x06	0.1146	-0.7390	-0.0058	0.6638	349.69	263.12	8.26
2026-08-29T22:49:06.8558790+08:00	0x08	-0.7206	0.0689	-0.6899	0.0082	186.37	92.76	4.77
2026-08-29T22:49:06.9992151+08:00	0x07	0.3652	-0.6529	0.2833	0.6000	346.56	258.31	53.92
2026-08-29T22:49:07.0598334+08:00	0x06	0.1152	-0.7384	-0.0037	0.6645	349.81	263.21	8.49
2026-08-29T22:49:07.3235347+08:00	0x08	-0.7209	0.0598	-0.6902	0.0185	186.42	92.67	3.21
2026-08-29T22:49:07.5777252+08:00	0x09	-0.4401	0.6041	-0.3890	-0.5386	340.04	249.20	70.74
2026-08-29T22:49:07.6230270+08:00	0x06	0.1148	-0.7375	-0.0037	0.6655	349.85	263.37	8.47
2026-08-29T22:49:07.7248894+08:00	0x06	0.1151	-0.7372	-0.0033	0.6657	349.86	263.41	8.53
2026-08-29T22:49:07.8426470+08:00	0x08	-0.7214	0.0522	-0.6900	0.0262	186.40	92.66	1.97
2026-08-29T22:49:08.1424050+08:00	0x09	-0.4423	0.6030	-0.3915	-0.5361	339.40	248.46	71.17
2026-08-29T22:49:08.2417950+08:00	0x06	0.1170	-0.7369	-0.0013	0.6657	349.85	263.40	8.86
2026-08-29T22:49:08.4124418+08:00	0x08	-0.7231	0.0374	-0.6885	0.0415	186.38	92.78	359.51
2026-08-29T22:49:08.6121952+08:00	0x09	-0.4442	0.6023	-0.3927	-0.5345	338.76	247.82	71.42
2026-08-29T22:49:08.7127191+08:00	0x09	-0.4462	0.6008	-0.3946	-0.5332	338.35	247.42	71.79
2026-08-29T22:49:08.8298345+08:00	0x06	0.1289	-0.7341	0.0093	0.6667	349.63	263.52	10.69
2026-08-29T22:49:08.9296718+08:00	0x08	-0.7269	0.0131	-0.6835	0.0649	186.21	93.29	355.61
2026-08-29T22:49:09.2625614+08:00	0x07	0.3768	-0.6240	0.3157	0.6075	350.48	263.13	58.40
2026-08-29T22:49:09.3373503+08:00	0x06	0.1703	-0.7220	0.0477	0.6689	349.00	263.96	17.26
2026-08-29T22:49:09.5157252+08:00	0x08	-0.7297	-0.0515	-0.6713	0.1193	185.02	94.16	345.92
2026-08-29T22:49:09.8022341+08:00	0x09	-0.4522	0.5920	-0.3979	-0.5354	338.28	248.14	72.82
2026-08-29T22:49:09.9068430+08:00	0x06	0.1263	-0.7349	0.0040	0.6663	349.45	263.46	10.03
2026-08-29T22:49:09.9717851+08:00	0x08	-0.7224	0.0171	-0.6890	0.0554	185.81	92.55	356.76
2026-08-29T22:49:10.3806068+08:00	0x09	-0.3206	0.6609	-0.1968	-0.6494	346.80	263.83	42.57
2026-08-29T22:49:10.4904884+08:00	0x06	0.0231	-0.7407	-0.0458	0.6699	354.51	264.35	357.89
2026-08-29T22:49:10.6035288+08:00	0x08	-0.7227	0.0151	-0.6886	0.0573	185.79	92.59	356.44
2026-08-29T22:49:10.9050603+08:00	0x09	-0.2727	0.6763	-0.1579	-0.6658	348.80	265.54	35.22
2026-08-29T22:49:10.9976273+08:00	0x06	0.0340	-0.6629	-0.0138	0.7478	356.23	276.83	1.86
2026-08-29T22:49:11.0790400+08:00	0x08	-0.5752	0.2078	-0.7062	-0.3567	158.11	69.23	44.74
2026-08-29T22:49:11.4692123+08:00	0x09	-0.2227	0.7003	-0.2055	-0.6463	356.76	264.38	35.15
2026-08-29T22:49:11.5712808+08:00	0x06	-0.0674	-0.7005	-0.1706	0.6896	351.40	270.57	340.61
2026-08-29T22:49:11.9801682+08:00	0x07	0.1144	-0.7276	0.1365	0.6625	0.88	264.81	20.50
2026-08-29T22:49:12.0897311+08:00	0x09	-0.2416	0.6932	-0.2325	-0.6380	357.17	264.25	39.10
2026-08-29T22:49:12.4353976+08:00	0x07	0.1047	-0.7337	0.1202	0.6605	0.32	264.03	18.34
