timestamp	device	q0	q1	q2	q3	yaw	pitch	roll
2026-03-16T16:53:47.0742825+08:00	0x04	0.0581	0.5323	-0.2725	0.7994	336.13	62.49	22.52
2026-03-16T16:53:47.1933656+08:00	0x01	-0.3790	-0.1534	-0.6651	0.6249	256.48	25.14	317.33
2026-03-16T16:53:47.1933656+08:00	0x04	0.0557	0.5310	-0.2723	0.8005	335.98	62.33	22.23
2026-03-16T16:53:47.3892608+08:00	0x04	0.0556	0.5292	-0.2724	0.8016	335.91	62.08	22.18
2026-03-16T16:53:47.3892608+08:00	0x04	0.0561	0.5301	-0.2713	0.8014	336.08	62.21	22.18
2026-03-16T16:53:47.3892608+08:00	0x04	0.0609	0.5317	-0.2753	0.7987	335.97	62.35	22.95
2026-03-16T16:53:47.5079996+08:00	0x04	0.0562	0.5336	-0.2706	0.7993	336.26	62.72	22.25
2026-03-16T16:53:47.5079996+08:00	0x07	0.6771	-0.2478	0.6574	0.2192	183.48	92.90	38.50
2026-03-16T16:53:47.5079996+08:00	0x04	0.0539	0.5345	-0.2717	0.7985	336.04	62.84	22.12
2026-03-16T16:53:47.6300538+08:00	0x02	-0.2941	0.3742	0.1581	0.8651	3.94	45.39	321.16
2026-03-16T16:53:47.6300538+08:00	0x05	-0.2497	0.6610	0.2520	0.6612	0.24	89.89	318.45
2026-03-16T16:53:47.6300538+08:00	0x04	0.0450	0.5328	-0.2754	0.7989	335.08	62.61	21.43
2026-03-16T16:53:47.7612984+08:00	0x01	-0.6037	-0.0937	-0.5789	0.5401	232.08	67.01	310.49
2026-03-16T16:53:47.7612984+08:00	0x04	0.0327	0.5317	-0.2755	0.8002	334.36	62.56	20.20
2026-03-16T16:53:47.8702302+08:00	0x07	0.6749	-0.2565	0.6555	0.2215	184.14	93.15	39.44
2026-03-16T16:53:48.0822630+08:00	0x02	-0.2802	0.4559	0.4140	0.7364	35.30	45.80	307.80
2026-03-16T16:53:48.2753719+08:00	0x04	0.0282	0.5294	-0.2155	0.8200	340.34	62.92	15.92
2026-03-16T16:53:48.4392132+08:00	0x04	0.0285	0.5339	-0.2248	0.8146	339.48	63.44	16.65
2026-03-16T16:53:48.4402547+08:00	0x07	0.6729	-0.2616	0.6532	0.2282	184.06	93.20	40.45
2026-03-16T16:53:48.4402547+08:00	0x04	0.0200	0.5304	-0.2471	0.8107	336.61	62.82	17.13
2026-03-16T16:53:48.4402547+08:00	0x04	0.0301	0.5379	-0.2341	0.8093	338.69	63.91	17.49
2026-03-16T16:53:48.4402547+08:00	0x05	-0.2701	0.6598	0.2683	0.6479	359.29	91.34	315.25
2026-03-16T16:53:48.4402547+08:00	0x04	0.0233	0.5282	-0.2259	0.8182	338.95	62.68	16.06
2026-03-16T16:53:48.5053718+08:00	0x05	-0.2651	0.6591	0.2674	0.6510	359.89	90.76	315.76
2026-03-16T16:53:48.5053718+08:00	0x04	0.0269	0.5274	-0.2139	0.8218	340.38	62.66	15.66
2026-03-16T16:53:48.5053718+08:00	0x04	0.0328	0.5402	-0.2402	0.8059	338.27	64.15	18.20
2026-03-16T16:53:48.6226971+08:00	0x02	-0.2714	0.4786	0.3951	0.7356	30.74	51.15	308.96
2026-03-16T16:53:48.6237255+08:00	0x04	0.0233	0.5282	-0.2259	0.8182	338.95	62.68	16.06
2026-03-16T16:53:48.7314331+08:00	0x04	0.0341	0.5411	-0.2429	0.8044	338.09	64.25	18.52
2026-03-16T16:53:48.7314331+08:00	0x04	0.0397	0.5393	-0.2423	0.8055	338.44	63.96	18.99
2026-03-16T16:53:48.8079420+08:00	0x07	0.6691	-0.2725	0.6487	0.2394	184.20	93.40	42.37
2026-03-16T16:53:48.8089364+08:00	0x01	-0.7030	-0.0746	-0.5035	0.4968	218.60	89.95	309.33
2026-03-16T16:53:48.9294740+08:00	0x04	0.0367	0.5410	-0.2406	0.8050	338.47	64.24	18.63
2026-03-16T16:53:48.9294740+08:00	0x04	0.0295	0.5468	-0.2477	0.7992	337.44	65.03	18.55
2026-03-16T16:53:49.0489258+08:00	0x05	-0.2546	0.6731	0.2484	0.6484	358.42	92.74	318.35
2026-03-16T16:53:49.0489258+08:00	0x04	0.0186	0.5531	-0.2516	0.7940	336.53	65.97	17.94
2026-03-16T16:53:49.1173738+08:00	0x02	-0.2717	0.4780	0.3957	0.7356	30.88	50.99	308.92
2026-03-16T16:53:49.1173738+08:00	0x04	0.0076	0.5574	-0.2458	0.7930	336.55	66.74	16.62
2026-03-16T16:53:49.1173738+08:00	0x04	0.0076	0.5574	-0.2458	0.7930	336.55	66.74	16.62
2026-03-16T16:53:49.2393667+08:00	0x04	0.0045	0.5552	-0.2292	0.7995	338.01	66.60	15.17
2026-03-16T16:53:49.2393667+08:00	0x04	0.0045	0.5552	-0.2292	0.7995	338.01	66.60	15.17
2026-03-16T16:53:49.2393667+08:00	0x07	0.6652	-0.2790	0.6489	0.2421	184.49	93.20	43.17
2026-03-16T16:53:49.3467732+08:00	0x04	0.0027	0.5502	-0.2116	0.8078	339.58	66.03	13.73
2026-03-16T16:53:49.3467732+08:00	0x01	-0.7002	-0.0752	-0.5059	0.4982	219.01	89.25	309.32
2026-03-16T16:53:49.5462377+08:00	0x04	0.0015	0.5467	-0.2019	0.8126	340.44	65.63	12.90
2026-03-16T16:53:49.5462377+08:00	0x04	-0.0005	0.5462	-0.1988	0.8137	340.61	65.60	12.49
2026-03-16T16:53:49.6627188+08:00	0x02	-0.1697	0.6948	0.4668	0.5201	26.25	92.34	304.39
2026-03-16T16:53:49.6627188+08:00	0x04	-0.0038	0.5492	-0.2011	0.8111	340.22	66.03	12.40
2026-03-16T16:53:49.6627188+08:00	0x07	0.6615	-0.2840	0.6479	0.2490	184.24	92.91	44.22
2026-03-16T16:53:49.8476716+08:00	0x04	-0.0043	0.5528	-0.2049	0.8077	339.87	66.52	12.68
2026-03-16T16:53:49.8486626+08:00	0x04	-0.0034	0.5548	-0.2078	0.8056	339.67	66.76	13.01
2026-03-16T16:53:49.8893916+08:00	0x01	-0.7918	-0.1372	-0.2977	0.5153	191.73	131.46	296.14
2026-03-16T16:53:49.9768817+08:00	0x04	-0.0009	0.5538	-0.2078	0.8063	339.80	66.60	13.22
2026-03-16T16:53:49.9768817+08:00	0x04	0.0014	0.5516	-0.2066	0.8081	340.03	66.28	13.31
2026-03-16T16:53:50.0806325+08:00	0x04	0.0015	0.5514	-0.2058	0.8085	340.11	66.25	13.27
2026-03-16T16:53:50.0806325+08:00	0x05	-0.2748	0.6680	0.2680	0.6375	357.93	93.54	314.89
2026-03-16T16:53:50.1065160+08:00	0x07	0.6575	-0.2923	0.6438	0.2603	184.05	92.93	45.94
2026-03-16T16:53:50.1688297+08:00	0x02	-0.0945	0.6985	0.5799	0.4086	47.83	89.21	297.47
2026-03-16T16:53:50.3035774+08:00	0x04	0.0000	0.5541	-0.2045	0.8069	340.20	66.66	13.10
2026-03-16T16:53:50.3035774+08:00	0x04	-0.0020	0.5575	-0.1996	0.8058	340.61	67.18	12.67
2026-03-16T16:53:50.3035774+08:00	0x05	-0.2793	0.6630	0.2757	0.6375	358.45	92.90	313.80
2026-03-16T16:53:50.3807527+08:00	0x04	-0.0017	0.5580	-0.1900	0.8078	341.58	67.30	12.08
2026-03-16T16:53:50.3807527+08:00	0x04	-0.0017	0.5580	-0.1900	0.8078	341.58	67.30	12.08
2026-03-16T16:53:50.6273442+08:00	0x01	-0.6597	-0.1611	-0.3996	0.6158	235.85	76.69	289.75
2026-03-16T16:53:50.6273442+08:00	0x04	0.0023	0.5537	-0.1797	0.8131	342.79	66.73	11.70
2026-03-16T16:53:50.6273442+08:00	0x07	0.6513	-0.3015	0.6437	0.2656	184.29	92.54	47.24
2026-03-16T16:53:50.6273442+08:00	0x07	0.6513	-0.3015	0.6437	0.2656	184.29	92.54	47.24
2026-03-16T16:53:50.7378331+08:00	0x05	-0.2741	0.6546	0.2709	0.6504	359.47	90.58	314.67
2026-03-16T16:53:50.8507237+08:00	0x02	-0.1761	0.6718	0.5576	0.4547	40.57	85.11	294.59
2026-03-16T16:53:50.8517130+08:00	0x04	0.0163	0.5457	-0.1944	0.8149	342.07	65.43	13.81
2026-03-16T16:53:50.9841285+08:00	0x04	0.0165	0.5498	-0.2043	0.8097	341.15	65.93	14.56
2026-03-16T16:53:50.9841285+08:00	0x01	-0.4373	-0.1786	-0.5327	0.7022	274.83	21.22	306.44
2026-03-16T16:53:50.9841285+08:00	0x04	0.0229	0.5518	-0.2059	0.8078	341.42	66.15	15.32
2026-03-16T16:53:51.0400897+08:00	0x07	0.6485	-0.3076	0.6413	0.2710	184.43	92.62	48.26
2026-03-16T16:53:51.1759403+08:00	0x04	0.0283	0.5523	-0.2003	0.8087	342.31	66.23	15.49
2026-03-16T16:53:51.1759403+08:00	0x04	0.0335	0.5506	-0.1947	0.8111	343.17	66.02	15.59
2026-03-16T16:53:51.1759403+08:00	0x04	0.0169	0.5446	-0.1838	0.8181	343.14	65.34	13.17
2026-03-16T16:53:51.1759403+08:00	0x05	-0.2724	0.6477	0.2761	0.6557	0.76	88.98	314.36
2026-03-16T16:53:51.2787081+08:00	0x04	0.0341	0.5500	-0.1942	0.8116	343.24	65.94	15.60
2026-03-16T16:53:51.2787081+08:00	0x02	-0.4577	0.0794	0.1927	0.8643	27.19	356.07	304.74
2026-03-16T16:53:51.3706095+08:00	0x04	0.0295	0.5533	-0.2013	0.8078	342.31	66.36	15.69
2026-03-16T16:53:51.4825621+08:00	0x04	0.0201	0.5585	-0.2086	0.8026	341.09	67.09	15.38
2026-03-16T16:53:51.4825621+08:00	0x07	0.6452	-0.3141	0.6391	0.2767	184.56	92.64	49.34
2026-03-16T16:53:51.6566899+08:00	0x01	-0.3895	-0.1958	-0.6067	0.6647	266.54	18.91	310.94
2026-03-16T16:53:51.6566899+08:00	0x04	0.0224	0.5581	-0.2052	0.8037	341.57	67.05	15.37
2026-03-16T16:53:51.6566899+08:00	0x05	-0.2798	0.6400	0.2893	0.6545	1.75	87.94	312.56
2026-03-16T16:53:51.6566899+08:00	0x04	0.0254	0.5579	-0.2021	0.8045	342.06	67.03	15.45
2026-03-16T16:53:51.8020039+08:00	0x04	0.0297	0.5570	-0.1998	0.8056	342.54	66.89	15.69
2026-03-16T16:53:51.9162589+08:00	0x02	-0.4313	0.0314	0.0598	0.8997	7.39	0.45	308.76
2026-03-16T16:53:51.9162589+08:00	0x07	0.6415	-0.3236	0.6331	0.2880	184.62	92.96	51.19
2026-03-16T16:53:51.9162589+08:00	0x04	0.0395	0.5569	-0.2105	0.8025	342.07	66.77	17.33
2026-03-16T16:53:51.9904752+08:00	0x01	-0.3087	-0.1786	-0.7159	0.6002	253.94	16.98	321.22
2026-03-16T16:53:52.0208990+08:00	0x04	0.0408	0.5576	-0.2147	0.8008	341.74	66.83	17.75
2026-03-16T16:53:52.2157157+08:00	0x05	-0.2613	0.6449	0.2770	0.6626	2.43	87.45	315.29
2026-03-16T16:53:52.2157157+08:00	0x04	0.0410	0.5578	-0.2169	0.8001	341.53	66.83	17.91
2026-03-16T16:53:52.3137739+08:00	0x04	0.0397	0.5571	-0.2145	0.8013	341.69	66.76	17.61
2026-03-16T16:53:52.4495479+08:00	0x04	0.0383	0.5555	-0.2075	0.8043	342.27	66.60	16.99
2026-03-16T16:53:52.4505931+08:00	0x02	-0.4395	-0.0994	-0.1397	0.8817	344.54	354.94	306.60
2026-03-16T16:53:52.4505931+08:00	0x07	0.6384	-0.3327	0.6252	0.3015	184.57	93.48	53.22
2026-03-16T16:53:52.4505931+08:00	0x04	0.0362	0.5548	-0.2006	0.8066	342.82	66.57	16.32
2026-03-16T16:53:52.5752065+08:00	0x01	-0.3067	-0.1915	-0.7034	0.6119	256.55	14.95	319.85
2026-03-16T16:53:52.5752065+08:00	0x05	-0.2677	0.6467	0.2815	0.6564	1.91	88.33	314.32
2026-03-16T16:53:52.5752065+08:00	0x04	0.0356	0.5548	-0.1965	0.8077	343.19	66.59	15.99
2026-03-16T16:53:52.7762248+08:00	0x04	0.0347	0.5559	-0.1959	0.8071	343.22	66.76	15.89
2026-03-16T16:53:52.7762248+08:00	0x04	0.0346	0.5572	-0.1981	0.8057	343.02	66.93	16.05
2026-03-16T16:53:52.8865024+08:00	0x04	0.0352	0.5580	-0.2014	0.8042	342.74	67.01	16.34
2026-03-16T16:53:52.8875408+08:00	0x07	0.6334	-0.3410	0.6226	0.3081	184.78	93.46	54.58
2026-03-16T16:53:52.9667182+08:00	0x04	0.0357	0.5582	-0.2049	0.8032	342.43	67.01	16.63
2026-03-16T16:53:52.9667182+08:00	0x02	-0.4366	-0.1235	-0.1588	0.8769	343.29	352.45	306.40
2026-03-16T16:53:52.9945094+08:00	0x05	-0.2668	0.6448	0.2811	0.6589	2.16	87.85	314.44
2026-03-16T16:53:53.0770912+08:00	0x04	0.0372	0.5578	-0.2062	0.8031	342.38	66.93	16.84
2026-03-16T16:53:53.0781288+08:00	0x01	-0.3049	-0.2037	-0.7005	0.6122	257.14	13.68	318.80
2026-03-16T16:53:53.1947629+08:00	0x04	0.0388	0.5578	-0.2051	0.8033	342.59	66.95	16.93
2026-03-16T16:53:53.3934359+08:00	0x04	0.0380	0.5605	-0.2030	0.8020	342.80	67.34	16.77
2026-03-16T16:53:53.3934359+08:00	0x07	0.6275	-0.3530	0.6166	0.3184	185.25	93.84	56.61
2026-03-16T16:53:53.3934359+08:00	0x04	0.0398	0.5626	-0.2024	0.8006	343.03	67.65	16.95
2026-03-16T16:53:53.5184584+08:00	0x04	0.0384	0.5647	-0.2034	0.7989	342.88	67.94	16.92
2026-03-16T16:53:53.5184584+08:00	0x02	-0.4453	0.1520	0.0160	0.8822	349.92	24.50	307.75
2026-03-16T16:53:53.5184584+08:00	0x05	-0.2695	0.6447	0.2783	0.6590	1.59	88.07	314.44
2026-03-16T16:53:53.6377036+08:00	0x04	0.0363	0.5651	-0.2053	0.7983	342.56	67.98	16.86
2026-03-16T16:53:53.6377036+08:00	0x04	0.0378	0.5637	-0.2088	0.7983	342.28	67.75	17.20
2026-03-16T16:53:53.7344895+08:00	0x01	-0.5377	-0.1897	-0.6242	0.5341	232.32	53.26	305.78
2026-03-16T16:53:53.7344895+08:00	0x04	0.0345	0.5628	-0.2086	0.7991	342.08	67.64	16.86
2026-03-16T16:53:53.7344895+08:00	0x07	0.6192	-0.3681	0.6108	0.3286	186.06	94.21	58.93
2026-03-16T16:53:53.8388168+08:00	0x04	0.0288	0.5575	-0.1816	0.8096	344.31	67.10	14.43
2026-03-16T16:53:53.9631404+08:00	0x04	0.0248	0.5564	-0.1587	0.8153	346.30	67.11	12.54
2026-03-16T16:53:53.9631404+08:00	0x02	-0.2742	0.5224	0.4215	0.6887	30.75	58.11	305.12
2026-03-16T16:53:53.9631404+08:00	0x05	-0.2727	0.6531	0.2680	0.6537	359.54	90.13	315.05
2026-03-16T16:53:54.0712405+08:00	0x04	0.0077	0.5636	-0.1427	0.8136	346.88	68.27	9.98
2026-03-16T16:53:54.2035896+08:00	0x04	0.0002	0.5641	-0.1261	0.8160	348.01	68.46	8.19
2026-03-16T16:53:54.2035896+08:00	0x07	0.6169	-0.3736	0.6103	0.3279	186.84	94.52	59.37
2026-03-16T16:53:54.2035896+08:00	0x01	-0.6793	-0.1529	-0.4490	0.5600	222.15	86.04	296.09
2026-03-16T16:53:54.2853654+08:00	0x04	-0.0029	0.5626	-0.1152	0.8187	348.85	68.29	7.17
2026-03-16T16:53:54.4065939+08:00	0x04	-0.0029	0.5610	-0.1104	0.8204	349.30	68.09	6.84
2026-03-16T16:53:54.4065939+08:00	0x05	-0.2802	0.6594	0.2719	0.6425	358.34	92.19	314.06
2026-03-16T16:53:54.4065939+08:00	0x04	-0.0052	0.5630	-0.1134	0.8186	348.87	68.37	6.84
2026-03-16T16:53:54.5195872+08:00	0x02	-0.2812	0.5135	0.4110	0.6988	29.53	57.13	305.41
2026-03-16T16:53:54.5195872+08:00	0x04	-0.0119	0.5676	-0.1164	0.8150	348.20	69.04	6.48
2026-03-16T16:53:54.6280886+08:00	0x07	0.6104	-0.3833	0.6043	0.3395	186.90	94.68	61.37
2026-03-16T16:53:54.8098467+08:00	0x04	-0.0174	0.5725	-0.1190	0.8110	347.63	69.76	6.20
2026-03-16T16:53:54.8098467+08:00	0x04	-0.0191	0.5753	-0.1177	0.8092	347.67	70.17	5.99
2026-03-16T16:53:54.8108971+08:00	0x01	-0.7645	-0.1316	-0.2732	0.5688	199.00	127.22	289.67
2026-03-16T16:53:54.8108971+08:00	0x04	-0.0146	0.5746	-0.1143	0.8103	348.28	70.04	6.19
2026-03-16T16:53:54.8108971+08:00	0x05	-0.2881	0.6599	0.2801	0.6349	357.92	93.12	312.65
2026-03-16T16:53:54.9538483+08:00	0x04	-0.0076	0.5728	-0.1161	0.8114	348.55	69.74	6.93
2026-03-16T16:53:55.0628501+08:00	0x02	-0.0857	0.6719	0.5645	0.4717	50.18	81.28	302.91
2026-03-16T16:53:55.1572740+08:00	0x07	0.6034	-0.3916	0.5998	0.3504	186.64	94.44	63.21
2026-03-16T16:53:55.1572740+08:00	0x04	-0.0027	0.5729	-0.1308	0.8091	347.46	69.69	8.36
2026-03-16T16:53:55.2485503+08:00	0x04	-0.0053	0.5759	-0.1309	0.8070	347.31	70.11	8.17
2026-03-16T16:53:55.2485503+08:00	0x01	-0.6969	-0.1365	-0.3542	0.6085	227.29	91.50	289.13
2026-03-16T16:53:55.3824681+08:00	0x05	-0.2895	0.6519	0.2846	0.6405	358.89	91.51	312.11
2026-03-16T16:53:55.3824681+08:00	0x04	-0.0092	0.5792	-0.1223	0.8059	347.91	70.63	7.28
2026-03-16T16:53:55.4946902+08:00	0x04	-0.0057	0.5748	-0.1052	0.8115	349.72	70.04	6.41
2026-03-16T16:53:55.5725120+08:00	0x04	0.0040	0.5639	-0.0903	0.8209	351.69	68.52	6.23
2026-03-16T16:53:55.5725120+08:00	0x07	0.5946	-0.3971	0.6012	0.3568	185.74	92.98	64.40
2026-03-16T16:53:55.5725120+08:00	0x04	0.0150	0.5519	-0.0844	0.8295	352.86	66.85	6.78
2026-03-16T16:53:55.5725120+08:00	0x02	-0.3670	0.2041	0.0272	0.9071	352.15	28.43	317.40
2026-03-16T16:53:55.7013528+08:00	0x04	0.0290	0.5439	-0.0895	0.8339	353.17	65.73	8.38
2026-03-16T16:53:55.8154375+08:00	0x05	-0.2742	0.6451	0.2664	0.6615	359.89	88.61	315.04
2026-03-16T16:53:55.8154375+08:00	0x01	-0.4208	-0.0330	-0.7841	0.4551	229.60	44.37	334.23
2026-03-16T16:53:55.8154375+08:00	0x04	0.0370	0.5457	-0.1048	0.8306	352.19	65.91	10.13
2026-03-16T16:53:55.8938338+08:00	0x04	0.0362	0.5540	-0.1203	0.8230	350.74	66.99	11.13
2026-03-16T16:53:56.0286107+08:00	0x07	0.5852	-0.4126	0.5852	0.3805	185.81	93.94	68.17
2026-03-16T16:53:56.1355408+08:00	0x02	-0.3625	0.2224	0.0460	0.9039	353.92	30.01	317.49
2026-03-16T16:53:56.2205459+08:00	0x05	-0.2614	0.6472	0.2603	0.6671	0.70	87.99	316.71
2026-03-16T16:53:56.3557822+08:00	0x01	-0.3483	-0.0637	-0.8191	0.4514	229.94	34.40	335.25
2026-03-16T16:53:56.5322819+08:00	0x04	0.0236	0.5721	-0.1397	0.8078	348.31	69.44	11.42
2026-03-16T16:53:56.5332452+08:00	0x07	0.5824	-0.4145	0.5857	0.3821	185.52	93.45	68.52
2026-03-16T16:53:56.6622747+08:00	0x02	-0.3975	0.0011	-0.3146	0.8620	311.81	20.23	316.79
2026-03-16T16:53:56.8801295+08:00	0x05	-0.2740	0.6413	0.2765	0.6612	1.17	87.76	314.20
2026-03-16T16:53:56.8801295+08:00	0x04	0.0226	0.5690	-0.1280	0.8120	349.33	69.05	10.50
2026-03-16T16:53:56.8801295+08:00	0x04	0.0308	0.5452	-0.0635	0.8353	355.82	66.01	6.93
2026-03-16T16:53:56.8801295+08:00	0x04	0.0308	0.5479	-0.0842	0.8317	353.83	66.30	8.25
2026-03-16T16:53:56.8811761+08:00	0x01	-0.3451	-0.0759	-0.8171	0.4554	230.34	33.41	334.00
2026-03-16T16:53:56.8811761+08:00	0x07	0.5743	-0.4291	0.5785	0.3891	187.40	94.83	70.62
2026-03-16T16:53:56.8811761+08:00	0x04	0.0254	0.5557	-0.0805	0.8271	353.92	67.39	7.55
2026-03-16T16:53:56.9222314+08:00	0x04	0.0354	0.5356	-0.0517	0.8422	357.16	64.74	6.60
2026-03-16T16:53:56.9805201+08:00	0x04	0.0334	0.5398	-0.0639	0.8387	355.89	65.27	7.18
2026-03-16T16:53:56.9805201+08:00	0x04	0.0226	0.5637	-0.0960	0.8201	352.34	68.45	8.36
2026-03-16T16:53:57.0784230+08:00	0x04	0.0226	0.5637	-0.0960	0.8201	352.34	68.45	8.36
2026-03-16T16:53:57.0784230+08:00	0x04	0.0209	0.5685	-0.1046	0.8157	351.45	69.09	8.80
2026-03-16T16:53:57.1079433+08:00	0x05	-0.2719	0.6420	0.2764	0.6614	1.36	87.72	314.39
2026-03-16T16:53:57.1877872+08:00	0x02	-0.3892	-0.0228	-0.2682	0.8810	320.58	13.61	315.74
2026-03-16T16:53:57.2773280+08:00	0x04	0.0199	0.5706	-0.1064	0.8141	351.24	69.37	8.85
2026-03-16T16:53:57.3982640+08:00	0x04	0.0211	0.5684	-0.0977	0.8167	352.12	69.10	8.36
2026-03-16T16:53:57.3982640+08:00	0x07	0.5677	-0.4402	0.5705	0.3982	188.73	96.14	72.61
2026-03-16T16:53:57.3982640+08:00	0x07	0.5677	-0.4402	0.5705	0.3982	188.73	96.14	72.61
2026-03-16T16:53:57.6317222+08:00	0x04	0.0240	0.5634	-0.0832	0.8216	353.64	68.45	7.65
2026-03-16T16:53:57.6317222+08:00	0x04	0.0253	0.5596	-0.0674	0.8256	355.20	67.97	6.73
2026-03-16T16:53:57.6317222+08:00	0x05	-0.2838	0.6398	0.2909	0.6523	1.39	88.27	312.06
2026-03-16T16:53:57.6317222+08:00	0x04	0.0239	0.5593	-0.0548	0.8268	356.31	67.97	5.79
2026-03-16T16:53:57.7495471+08:00	0x02	-0.3939	-0.0610	-0.2674	0.8773	322.39	8.64	313.64
2026-03-16T16:53:57.7505375+08:00	0x04	0.0192	0.5621	-0.0467	0.8255	356.81	68.37	4.82
2026-03-16T16:53:57.8336328+08:00	0x04	0.0147	0.5650	-0.0418	0.8239	356.99	68.78	4.10
2026-03-16T16:53:57.8336328+08:00	0x07	0.5663	-0.4349	0.5785	0.3943	186.69	93.63	71.77
2026-03-16T16:53:57.9688955+08:00	0x01	-0.2386	-0.2045	-0.7617	0.5666	250.29	9.32	324.41
2026-03-16T16:53:57.9688955+08:00	0x04	0.0150	0.5634	-0.0338	0.8253	357.76	68.57	3.60
2026-03-16T16:53:58.0632971+08:00	0x05	-0.3066	0.6277	0.3196	0.6402	2.30	87.74	307.46
2026-03-16T16:53:58.1357163+08:00	0x04	0.0190	0.5629	-0.0344	0.8256	357.97	68.50	4.02
2026-03-16T16:53:58.2713642+08:00	0x02	-0.3897	-0.2042	-0.2638	0.8584	332.20	346.69	309.03
2026-03-16T16:53:58.2723828+08:00	0x04	0.0231	0.5642	-0.0403	0.8244	357.67	68.67	4.79
2026-03-16T16:53:58.2723828+08:00	0x07	0.5603	-0.4409	0.5748	0.4016	186.41	93.30	73.12
2026-03-16T16:53:58.3714638+08:00	0x04	0.0274	0.5668	-0.0509	0.8218	356.97	69.03	5.89
2026-03-16T16:53:58.4623638+08:00	0x04	0.0312	0.5704	-0.0655	0.8181	355.87	69.51	7.23
2026-03-16T16:53:58.4623638+08:00	0x04	0.0341	0.5744	-0.0797	0.8140	354.75	70.03	8.45
2026-03-16T16:53:58.4623638+08:00	0x05	-0.2910	0.6328	0.3064	0.6489	2.61	87.34	310.05
2026-03-16T16:53:58.5788647+08:00	0x01	-0.2227	-0.1126	-0.8006	0.5448	245.14	14.95	334.98
2026-03-16T16:53:58.5810711+08:00	0x04	0.0432	0.5762	-0.0938	0.8108	354.04	70.27	10.26
2026-03-16T16:53:58.6909947+08:00	0x04	0.0693	0.5721	-0.1047	0.8105	354.67	69.81	13.42
2026-03-16T16:53:58.6920420+08:00	0x07	0.5482	-0.4587	0.5545	0.4262	187.96	95.72	77.41
2026-03-16T16:53:58.7697831+08:00	0x02	-0.3761	-0.2862	-0.1923	0.8600	349.82	327.86	310.80
2026-03-16T16:53:58.9010794+08:00	0x04	0.1472	0.5423	-0.1587	0.8118	353.83	66.16	24.27
2026-03-16T16:53:58.9010794+08:00	0x05	-0.1788	0.6528	0.1992	0.7086	3.27	84.40	329.11
2026-03-16T16:53:59.0761936+08:00	0x01	-0.2331	-0.0759	-0.8736	0.4203	227.74	21.33	340.82
2026-03-16T16:53:59.0761936+08:00	0x04	0.1902	0.5322	-0.2750	0.7778	343.82	63.46	36.06
2026-03-16T16:53:59.2047871+08:00	0x07	0.5347	-0.5042	0.4877	0.4711	239.15	149.94	84.67
2026-03-16T16:53:59.2058500+08:00	0x04	0.1972	0.5409	-0.3314	0.7474	338.13	63.57	40.80
2026-03-16T16:53:59.3177910+08:00	0x04	0.2034	0.5463	-0.3733	0.7217	333.64	63.29	44.55
2026-03-16T16:53:59.3188278+08:00	0x02	-0.3333	-0.1819	-0.2329	0.8953	336.16	346.53	317.04
2026-03-16T16:53:59.3978253+08:00	0x05	-0.0459	0.6822	0.0217	0.7294	358.22	86.25	354.46
2026-03-16T16:53:59.3978253+08:00	0x04	0.2117	0.5437	-0.3976	0.7082	330.74	62.06	47.06
2026-03-16T16:53:59.4246474+08:00	0x04	0.2144	0.5419	-0.3956	0.7099	331.05	61.86	47.15
2026-03-16T16:53:59.6045643+08:00	0x04	0.2115	0.5467	-0.3721	0.7197	334.35	63.58	45.34
2026-03-16T16:53:59.6055577+08:00	0x01	-0.3173	-0.0870	-0.8630	0.3833	221.26	31.55	336.83
2026-03-16T16:53:59.6055577+08:00	0x07	0.5212	-0.5293	0.4685	0.4782	279.69	189.78	83.97
2026-03-16T16:53:59.6991759+08:00	0x04	0.2113	0.5482	-0.3387	0.7349	338.66	64.96	42.99
2026-03-16T16:53:59.8299391+08:00	0x04	0.2068	0.5389	-0.2948	0.7615	343.03	64.49	39.24
2026-03-16T16:53:59.8299391+08:00	0x05	-0.0727	0.6868	0.0514	0.7213	358.50	87.32	349.89
2026-03-16T16:53:59.9320743+08:00	0x04	0.1800	0.5428	-0.2467	0.7823	346.81	65.55	33.33
2026-03-16T16:53:59.9320743+08:00	0x02	-0.3469	0.3269	0.2224	0.8505	12.93	36.36	312.65
2026-03-16T16:53:59.9654047+08:00	0x04	0.1579	0.5479	-0.2100	0.7942	349.45	66.49	28.74
2026-03-16T16:53:59.9654047+08:00	0x04	0.1579	0.5479	-0.2100	0.7942	349.45	66.49	28.74
2026-03-16T16:54:00.0584786+08:00	0x07	0.5200	-0.5169	0.4942	0.4672	248.97	157.60	85.34
2026-03-16T16:54:00.0584786+08:00	0x04	0.1395	0.5499	-0.1774	0.8042	351.64	66.89	24.80
2026-03-16T16:54:00.2525012+08:00	0x04	0.1171	0.5603	-0.1529	0.8056	352.91	68.31	21.10
2026-03-16T16:54:00.2535413+08:00	0x01	-0.3149	-0.0867	-0.8635	0.3844	221.47	31.23	336.93
2026-03-16T16:54:00.2535413+08:00	0x04	0.1030	0.5725	-0.1317	0.8027	354.35	70.08	18.43
2026-03-16T16:54:00.2535413+08:00	0x05	-0.1173	0.6925	0.0933	0.7056	358.15	89.21	342.86
2026-03-16T16:54:00.3620805+08:00	0x02	-0.3523	0.3122	0.2089	0.8572	11.75	34.86	312.74
2026-03-16T16:54:00.5442156+08:00	0x04	0.1065	0.5800	-0.1372	0.7959	354.24	71.18	19.18
2026-03-16T16:54:00.5442156+08:00	0x07	0.5240	-0.5065	0.5049	0.4625	227.25	135.82	85.01
2026-03-16T16:54:00.5442156+08:00	0x04	0.1144	0.5733	-0.1549	0.7964	352.89	70.18	21.08
2026-03-16T16:54:00.6756485+08:00	0x04	0.1304	0.5647	-0.1799	0.7948	351.25	68.91	24.24
2026-03-16T16:54:00.6756485+08:00	0x01	-0.7207	-0.1437	-0.4855	0.4735	206.34	98.09	304.72
2026-03-16T16:54:00.7844033+08:00	0x05	-0.0705	0.7067	0.0311	0.7033	356.76	90.52	351.77
2026-03-16T16:54:00.7844033+08:00	0x04	0.1448	0.5579	-0.2031	0.7915	349.65	67.85	27.12
2026-03-16T16:54:00.8835357+08:00	0x04	0.1563	0.5573	-0.2298	0.7825	347.64	67.59	30.05
2026-03-16T16:54:00.9973295+08:00	0x02	-0.3870	0.5228	0.5717	0.5001	74.38	27.57	279.99
2026-03-16T16:54:00.9983666+08:00	0x04	0.1640	0.5624	-0.2536	0.7698	345.87	68.16	32.53
2026-03-16T16:54:00.9983666+08:00	0x07	0.5158	-0.5235	0.4788	0.4803	276.71	186.36	85.38
2026-03-16T16:54:01.1202969+08:00	0x04	0.1729	0.5637	-0.2691	0.7616	344.88	68.29	34.52
2026-03-16T16:54:01.3475071+08:00	0x04	0.1868	0.5580	-0.2808	0.7582	344.29	67.47	36.63
2026-03-16T16:54:01.3475071+08:00	0x01	-0.4046	-0.0856	-0.8299	0.3744	218.07	42.72	333.57
2026-03-16T16:54:01.3475071+08:00	0x04	0.1919	0.5569	-0.2849	0.7562	344.14	67.33	37.41
2026-03-16T16:54:01.3475071+08:00	0x04	0.1914	0.5582	-0.2842	0.7556	344.25	67.56	37.34
2026-03-16T16:54:01.4517680+08:00	0x07	0.5158	-0.5256	0.4715	0.4851	285.29	195.52	84.96
2026-03-16T16:54:01.4517680+08:00	0x04	0.1876	0.5578	-0.2762	0.7598	344.85	67.56	36.39
2026-03-16T16:54:01.5692619+08:00	0x02	-0.5017	-0.0491	-0.2880	0.8142	308.24	23.02	302.30
2026-03-16T16:54:01.6819623+08:00	0x04	0.1690	0.5575	-0.2388	0.7769	347.57	67.76	31.93
2026-03-16T16:54:01.6819623+08:00	0x05	-0.0272	0.7051	-0.0143	0.7084	356.64	89.77	358.95
2026-03-16T16:54:01.8032029+08:00	0x04	0.1640	0.5524	-0.2234	0.7862	348.64	67.10	30.31
2026-03-16T16:54:01.8032029+08:00	0x01	-0.4047	-0.1480	-0.8065	0.4049	220.33	40.28	325.50
2026-03-16T16:54:01.9300989+08:00	0x04	0.1530	0.5549	-0.2120	0.7898	349.18	67.43	28.48
2026-03-16T16:54:01.9300989+08:00	0x07	0.5229	-0.5157	0.4818	0.4780	261.92	172.11	85.44
2026-03-16T16:54:01.9300989+08:00	0x04	0.1512	0.5569	-0.2083	0.7897	349.51	67.75	28.09
2026-03-16T16:54:02.0578222+08:00	0x02	-0.4434	0.1306	-0.1862	0.8670	320.78	34.36	313.93
2026-03-16T16:54:02.0578222+08:00	0x04	0.1514	0.5606	-0.2085	0.7870	349.65	68.32	28.17
2026-03-16T16:54:02.1700798+08:00	0x05	-0.0431	0.7022	0.0031	0.7107	356.77	89.42	356.24
2026-03-16T16:54:02.1700798+08:00	0x04	0.1549	0.5584	-0.2048	0.7888	350.19	68.12	28.23
2026-03-16T16:54:02.2894085+08:00	0x04	0.1633	0.5502	-0.2008	0.7939	350.87	67.10	28.70
2026-03-16T16:54:02.2894085+08:00	0x01	-0.5401	-0.0334	-0.7675	0.3436	212.82	62.80	335.01
2026-03-16T16:54:02.2894085+08:00	0x04	0.1629	0.5513	-0.2050	0.7921	350.45	67.20	28.96
2026-03-16T16:54:02.2894085+08:00	0x07	0.5231	-0.5152	0.4827	0.4775	260.45	170.60	85.46
2026-03-16T16:54:02.3632763+08:00	0x05	-0.0684	0.7035	0.0270	0.7069	356.64	89.95	352.26
2026-03-16T16:54:02.4951273+08:00	0x04	0.1530	0.5653	-0.2179	0.7807	348.97	68.95	29.03
2026-03-16T16:54:02.6003961+08:00	0x02	-0.4455	0.1252	-0.1894	0.8660	320.39	34.00	313.60
2026-03-16T16:54:02.6921463+08:00	0x04	0.0961	0.6040	-0.2044	0.7643	347.67	74.10	23.19
2026-03-16T16:54:02.8060490+08:00	0x04	0.0766	0.6025	-0.1623	0.7776	350.29	73.97	18.35
2026-03-16T16:54:02.8060490+08:00	0x07	0.5303	-0.5049	0.4955	0.4672	233.53	143.37	84.83
2026-03-16T16:54:02.8060490+08:00	0x04	0.0825	0.5817	-0.1193	0.8004	354.33	71.23	15.72
2026-03-16T16:54:02.9977551+08:00	0x01	-0.5363	-0.0369	-0.7691	0.3456	212.98	62.18	334.69
2026-03-16T16:54:02.9983060+08:00	0x04	0.1067	0.5517	-0.0880	0.8225	358.39	67.49	15.82
2026-03-16T16:54:02.9983366+08:00	0x05	-0.0653	0.7180	0.0154	0.6928	355.82	92.29	353.53
2026-03-16T16:54:03.1162816+08:00	0x05	-0.0653	0.7180	0.0154	0.6928	355.82	92.29	353.53
2026-03-16T16:54:03.1162816+08:00	0x04	0.1282	0.5307	-0.0739	0.8345	0.76	65.02	17.00
2026-03-16T16:54:03.1168129+08:00	0x05	-0.0692	0.7240	0.0271	0.6858	356.35	93.35	352.29
2026-03-16T16:54:03.1168129+08:00	0x02	-0.2786	0.5837	0.3569	0.6740	14.79	74.48	307.61
2026-03-16T16:54:03.3374734+08:00	0x04	0.1411	0.5318	-0.0903	0.8302	0.00	65.29	19.29
2026-03-16T16:54:03.3374734+08:00	0x04	0.1406	0.5498	-0.1362	0.8120	355.87	67.39	22.21
2026-03-16T16:54:03.3374734+08:00	0x07	0.5326	-0.5049	0.4890	0.4715	239.29	149.88	84.88
2026-03-16T16:54:03.3374734+08:00	0x04	0.1321	0.5720	-0.1953	0.7856	350.06	69.86	25.53
2026-03-16T16:54:03.3374734+08:00	0x01	-0.5727	-0.1084	-0.6942	0.4224	216.72	65.50	320.64
2026-03-16T16:54:03.3754916+08:00	0x04	0.1173	0.5925	-0.2383	0.7606	345.42	72.26	27.44
2026-03-16T16:54:03.5674403+08:00	0x05	-0.0375	0.7147	-0.0063	0.6984	356.42	91.40	357.52
2026-03-16T16:54:03.5674403+08:00	0x04	0.1189	0.5996	-0.2619	0.7468	343.42	73.14	29.45
2026-03-16T16:54:03.5908948+08:00	0x02	-0.2714	0.5676	0.3587	0.6896	17.41	70.48	308.60
2026-03-16T16:54:03.6840050+08:00	0x07	0.5288	-0.5092	0.4838	0.4764	250.55	161.26	85.28
2026-03-16T16:54:03.7740930+08:00	0x04	0.1533	0.5848	-0.2456	0.7577	346.96	71.66	31.30
2026-03-16T16:54:03.9721424+08:00	0x04	0.1534	0.5796	-0.2150	0.7709	349.87	71.24	29.06
2026-03-16T16:54:03.9721424+08:00	0x01	-0.3936	-0.1542	-0.8148	0.3967	219.46	38.94	325.70
2026-03-16T16:54:03.9721424+08:00	0x04	0.1489	0.5713	-0.1907	0.7843	351.68	70.15	26.84
2026-03-16T16:54:03.9721424+08:00	0x05	-0.0264	0.7134	-0.0181	0.7001	356.39	91.10	359.36
2026-03-16T16:54:03.9721424+08:00	0x05	-0.0264	0.7134	-0.0181	0.7001	356.39	91.10	359.36
2026-03-16T16:54:04.0849933+08:00	0x04	0.1326	0.5730	-0.1735	0.7899	352.31	70.27	24.10
2026-03-16T16:54:04.0849933+08:00	0x04	0.1283	0.5713	-0.1703	0.7926	352.27	69.96	23.45
2026-03-16T16:54:04.0849933+08:00	0x07	0.5357	-0.4989	0.4933	0.4698	229.41	140.17	84.64
2026-03-16T16:54:04.2156182+08:00	0x02	-0.3141	0.4153	0.1885	0.8327	4.15	51.38	317.18
2026-03-16T16:54:04.3390042+08:00	0x04	0.1306	0.5726	-0.1795	0.7892	351.56	70.11	24.32
2026-03-16T16:54:04.4532352+08:00	0x04	0.1418	0.5736	-0.1986	0.7819	350.46	70.26	26.72
2026-03-16T16:54:04.5313377+08:00	0x04	0.1210	0.5947	-0.2036	0.7683	349.23	73.06	25.34
2026-03-16T16:54:04.5313377+08:00	0x01	-0.7000	-0.1833	-0.4676	0.5078	207.61	95.74	298.08
2026-03-16T16:54:04.6691371+08:00	0x07	0.5460	-0.4912	0.4984	0.4607	219.69	130.66	83.06
2026-03-16T16:54:04.6691371+08:00	0x04	0.1141	0.6017	-0.2043	0.7637	348.90	74.02	24.84
2026-03-16T16:54:04.7997868+08:00	0x04	0.1105	0.5931	-0.1787	0.7772	350.86	72.87	22.56
2026-03-16T16:54:04.7997868+08:00	0x02	-0.3231	0.4030	0.1747	0.8383	2.55	50.35	316.96
2026-03-16T16:54:04.9247574+08:00	0x04	0.1269	0.5664	-0.1355	0.8029	355.46	69.56	20.93
2026-03-16T16:54:05.1026625+08:00	0x01	-0.6790	-0.1795	-0.5182	0.4881	209.74	88.52	301.92
2026-03-16T16:54:05.1026625+08:00	0x07	0.5493	-0.4883	0.4991	0.4591	217.55	128.76	82.63
2026-03-16T16:54:05.1026625+08:00	0x04	0.1374	0.5658	-0.1402	0.8008	355.73	69.65	22.26
2026-03-16T16:54:05.1036819+08:00	0x04	0.1400	0.5732	-0.1640	0.7905	353.79	70.56	24.17
2026-03-16T16:54:05.2465867+08:00	0x05	-0.0360	0.7372	-0.0150	0.6745	355.79	95.14	358.48
2026-03-16T16:54:05.2465867+08:00	0x04	0.1251	0.5881	-0.1813	0.7782	351.49	72.33	24.08
2026-03-16T16:54:05.3487680+08:00	0x02	-0.4826	0.1712	-0.0130	0.8588	340.64	32.81	304.46
2026-03-16T16:54:05.4309141+08:00	0x04	0.1383	0.5918	-0.2021	0.7680	350.53	72.97	26.84
2026-03-16T16:54:05.4597770+08:00	0x07	0.5481	-0.4869	0.5013	0.4596	215.20	126.32	82.72
2026-03-16T16:54:05.5414920+08:00	0x04	0.1395	0.5912	-0.1910	0.7711	351.69	73.03	26.16
2026-03-16T16:54:05.5414920+08:00	0x01	-0.4412	-0.1710	-0.7274	0.4970	231.97	40.52	316.58
2026-03-16T16:54:05.6235501+08:00	0x04	0.1324	0.5953	-0.1774	0.7724	352.64	73.64	24.57
2026-03-16T16:54:05.7373828+08:00	0x04	0.1219	0.5983	-0.1657	0.7744	353.11	73.99	22.77
2026-03-16T16:54:05.7373828+08:00	0x05	-0.0237	0.7251	-0.0193	0.6880	356.50	93.01	359.74
2026-03-16T16:54:05.8511859+08:00	0x04	0.1065	0.6010	-0.1459	0.7785	353.94	74.27	19.95
2026-03-16T16:54:05.8511859+08:00	0x02	-0.4414	0.3030	0.1157	0.8367	352.79	43.49	306.03
2026-03-16T16:54:05.9682656+08:00	0x04	0.0956	0.5974	-0.1259	0.7862	354.96	73.68	17.50
2026-03-16T16:54:05.9682656+08:00	0x07	0.5587	-0.4707	0.5157	0.4477	202.37	113.52	80.29
2026-03-16T16:54:05.9682656+08:00	0x04	0.1161	0.5721	-0.1285	0.8017	355.55	70.26	19.46
2026-03-16T16:54:06.0614720+08:00	0x05	-0.0296	0.7249	-0.0051	0.6882	357.14	93.03	358.09
2026-03-16T16:54:06.0624696+08:00	0x01	-0.6166	-0.1430	-0.6325	0.4464	214.71	73.07	312.99
2026-03-16T16:54:06.1626280+08:00	0x04	0.1394	0.5621	-0.1465	0.8020	355.12	69.07	22.85
2026-03-16T16:54:06.2792896+08:00	0x04	0.1496	0.5891	-0.2005	0.7683	351.42	72.83	27.78
2026-03-16T16:54:06.3878123+08:00	0x04	0.1166	0.6235	-0.2409	0.7346	346.32	77.20	28.15
2026-03-16T16:54:06.3878123+08:00	0x07	0.5591	-0.4731	0.5117	0.4493	204.96	116.32	80.56
2026-03-16T16:54:06.3878123+08:00	0x02	-0.4428	0.2992	0.1119	0.8378	352.43	43.17	306.00
2026-03-16T16:54:06.4887671+08:00	0x04	0.0504	0.6569	-0.3141	0.6836	335.52	81.35	28.79
2026-03-16T16:54:06.7332295+08:00	0x04	-0.0089	0.6350	-0.3851	0.6696	323.15	77.29	28.49
2026-03-16T16:54:06.7332295+08:00	0x01	-0.6282	-0.2199	-0.5164	0.5388	220.97	74.54	295.30
2026-03-16T16:54:06.7332295+08:00	0x04	0.0213	0.5190	-0.4711	0.7129	310.52	57.41	31.30
2026-03-16T16:54:06.8620040+08:00	0x04	0.0460	0.4074	-0.4966	0.7651	304.82	41.03	28.36
2026-03-16T16:54:06.8620040+08:00	0x07	0.5693	-0.4532	0.5277	0.4381	194.65	106.18	77.75
2026-03-16T16:54:06.9708074+08:00	0x04	0.0080	0.3679	-0.4686	0.8031	306.90	38.67	20.96
2026-03-16T16:54:06.9708074+08:00	0x04	0.0080	0.3679	-0.4686	0.8031	306.90	38.67	20.96
2026-03-16T16:54:06.9718163+08:00	0x02	-0.2498	0.3859	0.4169	0.7842	41.15	34.50	314.48
2026-03-16T16:54:06.9718163+08:00	0x04	-0.0119	0.3682	-0.4552	0.8106	308.10	39.84	18.42
2026-03-16T16:54:07.0510025+08:00	0x05	-0.0723	0.7307	0.0329	0.6781	356.47	94.54	351.60
2026-03-16T16:54:07.0517786+08:00	0x04	-0.0090	0.3820	-0.4599	0.8016	307.79	41.24	19.69
2026-03-16T16:54:07.1622379+08:00	0x04	0.0092	0.3915	-0.4778	0.7864	306.13	41.20	22.87
2026-03-16T16:54:07.1622379+08:00	0x01	-0.5263	-0.0188	-0.6513	0.5464	239.83	56.19	323.16
2026-03-16T16:54:07.2783283+08:00	0x04	0.0224	0.3928	-0.4937	0.7755	304.35	40.37	25.00
2026-03-16T16:54:07.2783283+08:00	0x07	0.5682	-0.4609	0.5230	0.4372	198.99	110.23	78.23
2026-03-16T16:54:07.3655138+08:00	0x04	0.0415	0.3887	-0.4981	0.7740	304.10	38.90	26.83
2026-03-16T16:54:07.4773512+08:00	0x02	-0.2705	0.3814	0.3992	0.7887	38.36	34.42	313.02
2026-03-16T16:54:07.4773512+08:00	0x04	0.1094	0.3844	-0.5121	0.7603	303.03	34.76	34.06
2026-03-16T16:54:07.5883323+08:00	0x04	0.1927	0.4024	-0.5209	0.7277	302.42	32.60	44.41
2026-03-16T16:54:07.6626664+08:00	0x04	0.2320	0.4626	-0.4968	0.6967	309.86	41.72	51.53
2026-03-16T16:54:07.7847069+08:00	0x07	0.5727	-0.4535	0.5322	0.4279	196.05	106.91	76.62
2026-03-16T16:54:07.7847069+08:00	0x01	-0.5826	-0.0809	-0.6538	0.4760	224.69	65.78	318.67
2026-03-16T16:54:07.7847069+08:00	0x04	0.2739	0.5225	-0.4549	0.6671	323.66	55.84	57.22
2026-03-16T16:54:07.9142633+08:00	0x04	0.2273	0.5758	-0.3763	0.6893	337.26	69.43	48.31
2026-03-16T16:54:07.9142633+08:00	0x05	-0.0640	0.7213	0.0306	0.6889	357.09	92.82	352.39
2026-03-16T16:54:07.9142633+08:00	0x04	0.1669	0.5762	-0.3383	0.7251	337.37	68.80	39.18
2026-03-16T16:54:08.1095641+08:00	0x02	-0.2835	0.4688	0.2497	0.7985	10.54	56.63	316.62
2026-03-16T16:54:08.2141394+08:00	0x04	0.1824	0.5052	-0.2768	0.7968	341.79	59.00	34.78
2026-03-16T16:54:08.2141394+08:00	0x07	0.5768	-0.4346	0.5635	0.4011	189.30	98.13	72.27
2026-03-16T16:54:08.2141394+08:00	0x01	-0.5572	-0.1098	-0.7043	0.4260	217.93	62.82	321.00
2026-03-16T16:54:08.3335287+08:00	0x04	0.2439	0.4063	-0.1897	0.8599	351.00	47.74	35.01
2026-03-16T16:54:08.3335287+08:00	0x04	0.2422	0.4095	-0.1924	0.8583	350.73	48.08	34.98
2026-03-16T16:54:08.4078032+08:00	0x04	0.3108	0.2673	-0.0928	0.9074	359.84	32.78	37.85
2026-03-16T16:54:08.4078032+08:00	0x05	-0.1509	0.7129	0.1192	0.6744	356.64	93.84	338.07
2026-03-16T16:54:08.5230257+08:00	0x04	0.3108	0.2673	-0.0928	0.9074	359.84	32.78	37.85
2026-03-16T16:54:08.5240390+08:00	0x05	-0.2127	0.6895	0.1810	0.6683	356.51	92.80	327.74
2026-03-16T16:54:08.7065173+08:00	0x04	0.4083	0.1106	-0.0268	0.9057	3.59	15.53	48.20
2026-03-16T16:54:08.7075651+08:00	0x07	0.5914	-0.4102	0.5786	0.3835	186.40	95.59	68.19
2026-03-16T16:54:08.7075651+08:00	0x02	-0.2645	0.5155	0.2847	0.7637	13.07	62.70	315.77
2026-03-16T16:54:08.7075651+08:00	0x01	-0.5811	-0.0963	-0.6697	0.4522	220.78	66.12	319.11
2026-03-16T16:54:08.8382651+08:00	0x04	0.4702	-0.0638	0.0644	0.8779	5.52	354.65	56.49
2026-03-16T16:54:08.8382651+08:00	0x04	0.4535	-0.3522	0.2342	0.7845	5.73	315.03	61.22
2026-03-16T16:54:09.0320452+08:00	0x05	-0.2250	0.6781	0.1994	0.6707	357.36	91.46	325.10
2026-03-16T16:54:09.0326308+08:00	0x04	0.4156	-0.4269	0.2685	0.7570	5.78	304.44	59.13
2026-03-16T16:54:09.0326308+08:00	0x04	0.3930	-0.4248	0.2673	0.7705	8.10	306.61	56.37
2026-03-16T16:54:09.0784083+08:00	0x07	0.5960	-0.4044	0.5815	0.3783	186.22	95.53	67.11
2026-03-16T16:54:09.2539538+08:00	0x02	-0.2670	0.5058	0.2470	0.7822	8.98	62.34	318.12
2026-03-16T16:54:09.2539538+08:00	0x04	0.3999	-0.2981	0.1226	0.8580	357.53	320.55	49.40
2026-03-16T16:54:09.2954968+08:00	0x01	-0.5888	-0.0543	-0.7008	0.3990	216.24	68.97	326.91
2026-03-16T16:54:09.3354411+08:00	0x04	0.4181	-0.1741	0.0424	0.8906	353.81	335.02	49.41
2026-03-16T16:54:09.4796129+08:00	0x04	0.4206	-0.0597	-0.0365	0.9045	349.77	347.76	49.16
2026-03-16T16:54:09.5594355+08:00	0x07	0.5964	-0.3993	0.5864	0.3754	185.15	94.34	66.37
2026-03-16T16:54:09.5594355+08:00	0x04	0.4066	0.0533	-0.0928	0.9073	349.14	1.83	48.40
2026-03-16T16:54:09.6655151+08:00	0x02	-0.2634	0.5268	0.2530	0.7675	8.60	65.61	317.86
2026-03-16T16:54:09.6655151+08:00	0x04	0.4072	0.0499	-0.0912	0.9074	349.16	1.41	48.42
2026-03-16T16:54:09.6655151+08:00	0x04	0.3843	0.1910	-0.1784	0.8855	345.22	17.66	48.48
2026-03-16T16:54:09.8038539+08:00	0x04	0.3834	0.1951	-0.1809	0.8844	345.10	18.15	48.49
2026-03-16T16:54:09.8038539+08:00	0x04	0.2920	0.4010	-0.3071	0.8122	337.57	42.91	46.11
2026-03-16T16:54:10.0140702+08:00	0x05	-0.2421	0.6705	0.2197	0.6660	357.67	91.19	321.89
2026-03-16T16:54:10.0140702+08:00	0x05	-0.2256	0.6743	0.2008	0.6738	357.64	90.79	324.91
2026-03-16T16:54:10.0140702+08:00	0x01	-0.5970	-0.0501	-0.6888	0.4082	217.21	70.15	326.19
2026-03-16T16:54:10.0140702+08:00	0x04	0.1742	0.5205	-0.3713	0.7489	330.54	58.57	40.35
2026-03-16T16:54:10.0150980+08:00	0x07	0.6059	-0.3815	0.5953	0.3646	183.65	93.28	63.64
2026-03-16T16:54:10.0150980+08:00	0x04	0.2387	0.4936	-0.4458	0.7076	321.03	50.61	51.07
2026-03-16T16:54:10.2056428+08:00	0x04	0.2265	0.4909	-0.4420	0.7158	320.99	50.42	49.31
2026-03-16T16:54:10.3418581+08:00	0x02	-0.2456	0.5598	0.2204	0.7601	4.39	71.22	321.68
2026-03-16T16:54:10.3418581+08:00	0x04	0.2028	0.4922	-0.2808	0.7986	341.87	57.20	36.89
2026-03-16T16:54:10.3418581+08:00	0x04	0.2028	0.4922	-0.2808	0.7986	341.87	57.20	36.89
2026-03-16T16:54:10.4337063+08:00	0x01	-0.6255	-0.1059	-0.6705	0.3847	209.36	75.55	321.45
2026-03-16T16:54:10.4337063+08:00	0x07	0.5997	-0.4138	0.5562	0.3996	188.72	100.43	70.00
2026-03-16T16:54:10.4337063+08:00	0x04	0.1769	0.5276	-0.3204	0.7666	337.41	61.30	37.54
2026-03-16T16:54:10.5257730+08:00	0x04	0.1424	0.5507	-0.4405	0.6945	321.46	61.12	43.08
2026-03-16T16:54:10.6637020+08:00	0x04	0.1611	0.4956	-0.6010	0.6060	291.64	41.70	52.28
2026-03-16T16:54:10.6637020+08:00	0x05	-0.1463	0.7013	0.1133	0.6884	356.97	91.62	338.88
2026-03-16T16:54:10.6886795+08:00	0x04	0.1232	0.4810	-0.6369	0.5897	284.05	39.00	49.30
2026-03-16T16:54:10.8484602+08:00	0x02	-0.3106	0.5360	0.3628	0.6961	17.58	65.94	304.78
2026-03-16T16:54:10.8484602+08:00	0x01	-0.6589	-0.1040	-0.6146	0.4212	211.40	81.33	316.93
2026-03-16T16:54:10.9672926+08:00	0x04	0.1136	0.5354	-0.5889	0.5946	295.87	51.45	49.98
2026-03-16T16:54:11.0809664+08:00	0x05	-0.1007	0.7237	0.0479	0.6810	355.28	93.97	348.08
2026-03-16T16:54:11.1545431+08:00	0x04	0.0949	0.5878	-0.2649	0.7585	340.97	70.92	27.09
2026-03-16T16:54:11.2900450+08:00	0x07	0.6027	-0.4065	0.5582	0.3999	187.11	99.31	69.36
2026-03-16T16:54:11.4415069+08:00	0x02	-0.3527	0.5157	0.3566	0.6946	14.84	64.75	300.93
2026-03-16T16:54:11.4415069+08:00	0x07	0.6105	-0.3885	0.5728	0.3850	184.73	96.74	66.23
2026-03-16T16:54:11.4415069+08:00	0x04	0.0957	0.5873	-0.2753	0.7550	339.93	70.72	27.90
2026-03-16T16:54:11.4415069+08:00	0x01	-0.6351	-0.1268	-0.6239	0.4374	213.32	76.69	314.46
2026-03-16T16:54:11.4935826+08:00	0x04	0.1351	0.5009	-0.1234	0.8460	355.49	60.44	20.62
2026-03-16T16:54:11.4935826+08:00	0x04	0.1479	0.4900	-0.1158	0.8513	356.78	59.24	21.43
2026-03-16T16:54:11.7064040+08:00	0x04	0.4687	-0.2040	0.2767	0.8137	32.43	351.34	61.13
2026-03-16T16:54:11.7064040+08:00	0x05	-0.1372	0.7160	0.0924	0.6782	355.70	93.82	341.43
2026-03-16T16:54:11.7064040+08:00	0x04	0.3926	-0.4467	0.3478	0.7248	18.83	308.00	61.62
2026-03-16T16:54:11.8937708+08:00	0x04	0.3482	-0.5394	0.3372	0.6885	9.49	289.06	57.49
2026-03-16T16:54:11.8937708+08:00	0x07	0.6128	-0.3802	0.5840	0.3727	184.06	95.31	64.26
2026-03-16T16:54:11.8937708+08:00	0x02	-0.3676	0.5032	0.3870	0.6796	19.94	60.80	297.24
2026-03-16T16:54:11.8937708+08:00	0x04	0.3672	-0.5139	0.3122	0.7097	6.99	292.01	57.36
2026-03-16T16:54:12.0196934+08:00	0x04	0.3775	-0.4652	0.3023	0.7414	10.33	301.43	57.26
2026-03-16T16:54:12.0196934+08:00	0x05	-0.1461	0.7023	0.1151	0.6871	357.11	91.79	338.74
2026-03-16T16:54:12.1171645+08:00	0x01	-0.6332	-0.1686	-0.5929	0.4681	214.08	76.59	307.56
2026-03-16T16:54:12.1171645+08:00	0x05	-0.1477	0.7003	0.1236	0.6874	357.71	91.52	337.90
2026-03-16T16:54:12.1171645+08:00	0x04	0.2910	-0.3782	0.1761	0.8610	6.17	314.78	39.37
2026-03-16T16:54:12.2510934+08:00	0x04	0.2817	-0.2637	-0.0010	0.9225	349.86	325.25	31.28
2026-03-16T16:54:12.2521234+08:00	0x04	0.2817	-0.2637	-0.0010	0.9225	349.86	325.25	31.28
2026-03-16T16:54:12.3878811+08:00	0x02	-0.3296	0.5169	0.3667	0.6997	18.55	62.74	302.81
2026-03-16T16:54:12.4787019+08:00	0x04	0.2817	-0.2637	-0.0010	0.9225	349.86	325.25	31.28
2026-03-16T16:54:12.4787019+08:00	0x07	0.6191	-0.3743	0.5906	0.3575	185.06	95.76	62.22
2026-03-16T16:54:12.6592733+08:00	0x04	0.4428	0.0333	-0.1774	0.8783	332.64	350.77	52.15
2026-03-16T16:54:12.6592733+08:00	0x01	-0.6564	-0.1153	-0.6074	0.4323	211.93	80.91	314.96
2026-03-16T16:54:12.6592733+08:00	0x04	0.4168	0.2652	-0.1919	0.8480	349.79	29.52	53.97
2026-03-16T16:54:12.7851241+08:00	0x04	0.2566	0.5606	-0.1855	0.7651	0.27	72.55	36.92
2026-03-16T16:54:12.7851241+08:00	0x07	0.6081	-0.4095	0.5768	0.3603	191.49	100.44	65.59
2026-03-16T16:54:12.7851241+08:00	0x04	0.1491	0.6692	-0.2109	0.6968	353.79	86.06	29.34
2026-03-16T16:54:13.0047735+08:00	0x04	0.3975	-0.1119	-0.1421	0.8996	331.83	334.50	43.11
2026-03-16T16:54:13.0047735+08:00	0x04	0.3961	-0.0883	-0.1492	0.9017	332.16	337.53	43.47
2026-03-16T16:54:13.0047735+08:00	0x05	-0.1166	0.7092	0.1070	0.6870	358.89	92.00	341.82
2026-03-16T16:54:13.0047735+08:00	0x04	0.2048	0.5764	-0.2902	0.7359	345.67	70.97	39.49
2026-03-16T16:54:13.0047735+08:00	0x02	-0.2668	0.5638	0.2969	0.7231	10.68	71.33	313.90
2026-03-16T16:54:13.0808821+08:00	0x01	-0.6902	-0.0489	-0.6041	0.3954	211.01	86.94	322.78
2026-03-16T16:54:13.0808821+08:00	0x04	0.1852	0.5462	-0.2759	0.7689	344.10	65.60	35.89
2026-03-16T16:54:13.2147905+08:00	0x07	0.6098	-0.4183	0.5901	0.3240	196.19	101.79	62.73
2026-03-16T16:54:13.2147905+08:00	0x04	0.2040	0.5273	-0.2247	0.7936	350.16	64.18	34.11
2026-03-16T16:54:13.3256120+08:00	0x04	0.2229	0.5231	-0.1728	0.8042	356.96	65.19	32.64
2026-03-16T16:54:13.3256120+08:00	0x05	-0.1001	0.7446	0.1037	0.6518	359.17	97.72	343.45
2026-03-16T16:54:13.4625463+08:00	0x04	0.2017	0.5366	-0.1778	0.7998	355.45	66.46	30.90
2026-03-16T16:54:13.4625463+08:00	0x05	-0.0610	0.7049	0.0552	0.7045	359.52	90.07	350.57
2026-03-16T16:54:13.5581877+08:00	0x04	0.1784	0.5443	-0.2246	0.7883	349.17	66.17	31.71
2026-03-16T16:54:13.5581877+08:00	0x04	0.1319	0.5561	-0.2455	0.7830	344.28	66.73	28.66
2026-03-16T16:54:13.5581877+08:00	0x02	-0.3802	0.4512	0.3376	0.7334	17.48	53.14	300.42
2026-03-16T16:54:13.6715598+08:00	0x07	0.7289	-0.3885	0.5273	0.1994	209.93	120.71	44.46
2026-03-16T16:54:13.6725555+08:00	0x04	0.0978	0.5763	-0.2636	0.7674	340.89	69.19	27.00
2026-03-16T16:54:13.7492370+08:00	0x04	0.0727	0.5934	-0.2444	0.7634	341.75	71.86	23.64
2026-03-16T16:54:13.8928014+08:00	0x04	0.0586	0.5963	-0.1713	0.7821	348.03	72.83	17.22
2026-03-16T16:54:13.9857730+08:00	0x04	0.0591	0.5783	-0.0679	0.8108	357.57	70.79	10.04
2026-03-16T16:54:14.1028211+08:00	0x07	0.5001	-0.3935	0.7447	0.2011	188.78	72.04	51.93
2026-03-16T16:54:14.1028211+08:00	0x02	-0.4374	0.4765	0.5678	0.5091	99.70	355.93	279.41
2026-03-16T16:54:14.1028211+08:00	0x04	0.0786	0.5355	0.0203	0.8406	6.84	65.37	6.34
2026-03-16T16:54:14.1033361+08:00	0x05	-0.1439	0.7039	0.1636	0.6760	1.18	92.05	334.85
2026-03-16T16:54:14.2187155+08:00	0x04	0.0926	0.5115	0.0515	0.8527	10.57	62.47	6.04
2026-03-16T16:54:14.4143526+08:00	0x05	-0.1967	0.6834	0.2167	0.6688	1.45	90.79	325.99
2026-03-16T16:54:14.4143526+08:00	0x04	0.0472	0.5554	0.0133	0.8301	4.28	67.71	3.64
2026-03-16T16:54:14.5485854+08:00	0x04	0.0337	0.5843	-0.0318	0.8102	359.30	71.57	5.27
2026-03-16T16:54:14.5496148+08:00	0x07	0.6872	-0.2757	0.6590	0.1321	194.14	96.61	33.02
2026-03-16T16:54:14.5496148+08:00	0x02	-0.4281	0.4404	0.4367	0.6573	38.01	39.87	288.66
2026-03-16T16:54:14.6284649+08:00	0x04	0.0432	0.6105	-0.1206	0.7816	352.00	75.11	12.40
2026-03-16T16:54:14.7347948+08:00	0x01	-0.6219	-0.2671	-0.4995	0.5407	217.35	75.86	290.05
2026-03-16T16:54:14.7358282+08:00	0x04	0.0720	0.5239	0.0467	0.8474	8.91	63.78	4.19
2026-03-16T16:54:14.7358282+08:00	0x04	0.0337	0.6222	-0.1390	0.7697	349.84	76.74	12.99
2026-03-16T16:54:14.8472350+08:00	0x04	0.0023	0.6357	-0.1156	0.7633	349.88	78.81	8.65
2026-03-16T16:54:14.9215723+08:00	0x07	0.6822	-0.2795	0.6622	0.1343	194.15	96.00	33.60
2026-03-16T16:54:15.0863864+08:00	0x04	-0.0036	0.6321	-0.0687	0.7718	353.63	78.37	4.66
2026-03-16T16:54:15.0873652+08:00	0x05	-0.2412	0.6896	0.2406	0.6391	358.13	95.02	320.20
2026-03-16T16:54:15.0873652+08:00	0x05	-0.2412	0.6896	0.2406	0.6391	358.13	95.02	320.20
2026-03-16T16:54:15.0873652+08:00	0x04	0.0371	0.6045	-0.0183	0.7955	0.90	74.50	4.66
2026-03-16T16:54:15.2797561+08:00	0x02	-0.3531	0.5472	0.4519	0.6096	25.68	66.45	292.31
2026-03-16T16:54:15.2808035+08:00	0x01	-0.6417	-0.2697	-0.4600	0.5513	213.12	83.97	287.13
2026-03-16T16:54:15.2808035+08:00	0x04	0.0892	0.5720	0.0163	0.8152	7.45	70.58	7.29
2026-03-16T16:54:15.2808035+08:00	0x05	-0.2046	0.7008	0.1878	0.6570	357.29	94.48	327.85
2026-03-16T16:54:15.2808035+08:00	0x05	-0.2046	0.7008	0.1878	0.6570	357.29	94.48	327.85
2026-03-16T16:54:15.5473052+08:00	0x04	0.0669	0.5510	-0.0069	0.8318	3.60	67.25	6.82
2026-03-16T16:54:15.5473052+08:00	0x04	0.0937	0.5424	-0.0818	0.8309	357.97	66.02	14.15
2026-03-16T16:54:15.6234424+08:00	0x04	0.0969	0.5585	0.0399	0.8229	10.08	68.91	6.60
2026-03-16T16:54:15.6234424+08:00	0x04	0.1070	0.5397	-0.1490	0.8216	352.10	65.23	19.68
2026-03-16T16:54:15.6234424+08:00	0x07	0.7335	-0.1120	0.6582	0.1273	179.81	96.15	19.52
2026-03-16T16:54:15.7331532+08:00	0x01	-0.6168	-0.1883	-0.5965	0.4779	215.57	73.16	305.50
2026-03-16T16:54:15.7331532+08:00	0x05	-0.0890	0.7054	0.0515	0.7013	356.89	90.65	348.61
2026-03-16T16:54:15.7331532+08:00	0x04	0.1372	0.5310	-0.2271	0.8048	345.65	63.30	27.51
2026-03-16T16:54:15.8471866+08:00	0x04	0.1658	0.5253	-0.2963	0.7803	339.47	61.41	34.75
2026-03-16T16:54:15.8471866+08:00	0x07	0.7107	-0.2057	0.6192	0.2629	177.55	97.01	38.93
2026-03-16T16:54:15.9684233+08:00	0x04	0.0737	0.5559	0.0344	0.8273	8.01	68.13	4.80
2026-03-16T16:54:15.9684233+08:00	0x04	0.1855	0.5212	-0.3650	0.7488	332.01	58.98	41.17
2026-03-16T16:54:16.0817613+08:00	0x04	0.1933	0.5203	-0.4331	0.7102	323.04	56.11	46.48
2026-03-16T16:54:16.1620340+08:00	0x04	0.1812	0.5340	-0.4568	0.6880	319.91	57.40	47.50
2026-03-16T16:54:16.1620340+08:00	0x05	-0.0418	0.7341	-0.0231	0.6773	354.68	94.67	358.70
2026-03-16T16:54:16.2931421+08:00	0x02	-0.2879	0.5125	0.3432	0.7325	19.13	60.83	309.31
2026-03-16T16:54:16.2931421+08:00	0x04	0.1775	0.5383	-0.4294	0.7031	324.01	59.40	45.39
2026-03-16T16:54:16.2931421+08:00	0x01	-0.6439	-0.1222	-0.5907	0.4706	217.09	77.70	311.37
2026-03-16T16:54:16.2931421+08:00	0x07	0.6715	-0.2542	0.6068	0.3410	173.52	92.76	50.04
2026-03-16T16:54:16.2931421+08:00	0x07	0.6715	-0.2542	0.6068	0.3410	173.52	92.76	50.04
2026-03-16T16:54:16.4142675+08:00	0x04	0.2051	0.4901	-0.3231	0.7831	336.66	55.57	39.64
2026-03-16T16:54:16.5211751+08:00	0x04	0.1972	0.4587	-0.2912	0.8160	338.63	51.65	36.08
2026-03-16T16:54:16.6435177+08:00	0x04	0.1819	0.4481	-0.3014	0.8218	336.17	49.66	34.69
2026-03-16T16:54:16.6445559+08:00	0x05	-0.0227	0.7120	-0.0835	0.6968	351.42	90.86	5.01
2026-03-16T16:54:16.7314404+08:00	0x04	0.1622	0.4698	-0.3396	0.7985	331.45	51.68	35.32
2026-03-16T16:54:16.7314404+08:00	0x07	0.6733	-0.2389	0.6116	0.3400	171.82	91.80	48.59
2026-03-16T16:54:16.8482683+08:00	0x02	-0.2829	0.5768	0.2579	0.7217	3.71	75.73	315.11
2026-03-16T16:54:16.8482683+08:00	0x01	-0.6772	-0.0971	-0.6316	0.3649	204.73	85.33	321.91
2026-03-16T16:54:16.9635572+08:00	0x04	0.1430	0.5335	-0.4187	0.7208	323.45	59.03	40.77
2026-03-16T16:54:17.0400789+08:00	0x04	0.1343	0.5416	-0.4156	0.7183	323.87	60.49	40.02
2026-03-16T16:54:17.1720066+08:00	0x05	-0.0100	0.7137	-0.1162	0.6907	349.81	91.10	8.75
2026-03-16T16:54:17.1720066+08:00	0x04	0.1388	0.5214	-0.3780	0.7523	327.89	58.42	37.09
2026-03-16T16:54:17.1728060+08:00	0x07	0.6611	-0.2700	0.5942	0.3700	171.89	91.95	54.11
2026-03-16T16:54:17.2973575+08:00	0x04	0.1552	0.4850	-0.3380	0.7915	332.01	54.02	35.00
2026-03-16T16:54:17.2973575+08:00	0x02	-0.2966	0.5842	0.2499	0.7130	0.80	78.32	314.37
2026-03-16T16:54:17.4495664+08:00	0x04	0.1434	0.4765	-0.2862	0.8189	337.34	54.13	30.49
2026-03-16T16:54:17.5795031+08:00	0x04	0.1297	0.4916	-0.2787	0.8148	338.06	56.47	29.04
2026-03-16T16:54:17.5795031+08:00	0x05	0.0381	0.7386	-0.1560	0.6547	351.14	95.62	16.28
2026-03-16T16:54:17.6980775+08:00	0x04	0.1283	0.5029	-0.2799	0.8076	338.27	58.09	29.26
2026-03-16T16:54:17.6980775+08:00	0x07	0.6427	-0.3021	0.5853	0.3914	172.22	90.95	58.94
2026-03-16T16:54:17.6980775+08:00	0x04	0.1413	0.5112	-0.2992	0.7932	337.08	58.95	32.01
2026-03-16T16:54:17.7945169+08:00	0x04	0.1509	0.5240	-0.3330	0.7692	334.20	60.13	35.54
2026-03-16T16:54:18.0094793+08:00	0x02	-0.2266	0.6081	0.1904	0.7366	0.34	78.97	325.57
2026-03-16T16:54:18.0094793+08:00	0x01	-0.6979	0.0152	-0.6645	0.2666	203.65	88.45	339.40
2026-03-16T16:54:18.0094793+08:00	0x05	0.0862	0.7456	-0.1929	0.6320	352.78	97.94	23.36
2026-03-16T16:54:18.0094793+08:00	0x04	0.1662	0.5548	-0.3951	0.7131	329.06	63.49	42.49
2026-03-16T16:54:18.1210843+08:00	0x07	0.6333	-0.3534	0.5712	0.3845	181.04	96.53	62.96
2026-03-16T16:54:18.1210843+08:00	0x04	0.1832	0.5446	-0.3931	0.7179	329.68	61.96	43.73
2026-03-16T16:54:18.2108538+08:00	0x04	0.2160	0.5126	-0.3733	0.7424	332.07	57.57	44.70
2026-03-16T16:54:18.3232358+08:00	0x04	0.2273	0.4891	-0.3384	0.7711	335.84	55.15	42.97
2026-03-16T16:54:18.4443332+08:00	0x02	-0.2684	0.5659	0.2479	0.7391	4.89	72.97	317.36
2026-03-16T16:54:18.4443332+08:00	0x04	0.2403	0.4685	-0.3230	0.7864	337.29	52.54	42.89
2026-03-16T16:54:18.4443332+08:00	0x05	0.1135	0.6974	-0.1906	0.6815	353.57	89.90	24.87
2026-03-16T16:54:18.5303407+08:00	0x04	0.2523	0.4645	-0.3299	0.7822	336.73	51.77	44.51
2026-03-16T16:54:18.5303407+08:00	0x01	-0.6713	-0.0170	-0.6603	0.3362	208.58	83.61	331.71
2026-03-16T16:54:18.5313916+08:00	0x07	0.7449	-0.4111	0.4601	0.2540	215.39	133.21	49.16
2026-03-16T16:54:18.6485441+08:00	0x04	0.2300	0.5062	-0.3336	0.7613	337.73	58.26	43.47
2026-03-16T16:54:18.7699995+08:00	0x04	0.1939	0.5544	-0.3361	0.7362	338.17	65.67	41.17
2026-03-16T16:54:18.8523554+08:00	0x04	0.1923	0.5666	-0.3263	0.7318	340.00	68.03	40.63
2026-03-16T16:54:18.9717268+08:00	0x05	0.0338	0.6917	-0.0775	0.7172	356.25	87.63	8.96
2026-03-16T16:54:18.9717268+08:00	0x04	0.2004	0.5654	-0.3121	0.7367	342.16	68.39	40.40
2026-03-16T16:54:19.0555178+08:00	0x07	0.5114	-0.4669	0.6387	0.3355	188.21	83.11	69.97
2026-03-16T16:54:19.0565549+08:00	0x04	0.1916	0.5666	-0.2889	0.7475	344.22	68.88	37.87
2026-03-16T16:54:19.0565549+08:00	0x01	-0.6730	-0.0957	-0.6046	0.4151	210.36	84.11	317.59
2026-03-16T16:54:19.1636731+08:00	0x04	0.1650	0.5660	-0.2444	0.7698	347.08	68.93	32.06
2026-03-16T16:54:19.1636731+08:00	0x04	0.1409	0.5584	-0.2030	0.7919	349.41	67.86	26.73
2026-03-16T16:54:19.2731687+08:00	0x04	0.1452	0.5407	-0.1846	0.8078	350.98	65.53	25.73
2026-03-16T16:54:19.3567154+08:00	0x04	0.1494	0.5326	-0.1742	0.8146	352.07	64.56	25.40
2026-03-16T16:54:19.4597741+08:00	0x07	0.7995	-0.2469	0.5287	0.1428	196.23	117.32	29.30
2026-03-16T16:54:19.4608212+08:00	0x02	-0.3490	0.5261	0.3660	0.6837	15.26	66.39	300.42
2026-03-16T16:54:19.5758739+08:00	0x04	0.1402	0.5460	-0.1777	0.8066	351.54	66.33	24.84
2026-03-16T16:54:19.5758739+08:00	0x04	0.1287	0.5671	-0.1995	0.7887	349.23	69.00	25.42
2026-03-16T16:54:19.6671017+08:00	0x01	-0.6667	-0.1409	-0.5888	0.4347	209.09	83.85	311.79
2026-03-16T16:54:19.6671017+08:00	0x05	-0.0051	0.7034	-0.0389	0.7097	356.42	89.40	2.73
2026-03-16T16:54:20.0034519+08:00	0x07	0.7307	-0.1198	0.6558	0.1474	178.87	95.97	21.87
2026-03-16T16:54:20.0034519+08:00	0x04	0.1029	0.5735	-0.1728	0.7942	350.34	69.85	21.19
2026-03-16T16:54:20.0034519+08:00	0x02	-0.3590	0.4956	0.3755	0.6960	19.94	59.15	299.31
2026-03-16T16:54:20.0841484+08:00	0x04	0.1090	0.5476	-0.1522	0.8155	352.11	66.36	20.15
2026-03-16T16:54:20.0841484+08:00	0x04	0.1090	0.5476	-0.1522	0.8155	352.11	66.36	20.15
2026-03-16T16:54:20.0846563+08:00	0x04	0.1248	0.5218	-0.1528	0.8300	352.38	62.86	21.50
2026-03-16T16:54:20.1892054+08:00	0x01	-0.6572	-0.1617	-0.5949	0.4336	207.95	82.56	310.33
2026-03-16T16:54:20.1892054+08:00	0x04	0.1248	0.5157	-0.1703	0.8303	350.40	61.77	22.52
2026-03-16T16:54:20.1902472+08:00	0x04	0.1167	0.5812	-0.2034	0.7792	348.49	70.91	24.73
2026-03-16T16:54:20.3048205+08:00	0x05	-0.0542	0.7304	0.0002	0.6809	355.47	94.19	355.75
2026-03-16T16:54:20.3048205+08:00	0x04	0.1095	0.5237	-0.1919	0.8227	347.43	62.46	22.41
2026-03-16T16:54:20.3048205+08:00	0x05	-0.0311	0.7185	-0.0447	0.6934	353.87	91.98	1.22
2026-03-16T16:54:20.3751675+08:00	0x07	0.7232	-0.0497	0.6721	0.1512	172.12	93.04	16.59
2026-03-16T16:54:20.3751675+08:00	0x04	0.1038	0.5324	-0.2175	0.8114	344.66	63.32	23.58
2026-03-16T16:54:20.3751675+08:00	0x04	0.1038	0.5324	-0.2175	0.8114	344.66	63.32	23.58
2026-03-16T16:54:20.4893594+08:00	0x04	0.1168	0.5368	-0.2488	0.7977	342.26	63.59	26.96
2026-03-16T16:54:20.6039278+08:00	0x02	-0.3571	0.5471	0.3261	0.6832	5.88	74.14	302.36
2026-03-16T16:54:20.6039278+08:00	0x04	0.1249	0.5444	-0.2793	0.7811	339.72	64.28	29.94
2026-03-16T16:54:20.6777256+08:00	0x04	0.1281	0.5467	-0.3001	0.7711	337.70	64.26	31.72
2026-03-16T16:54:20.7975293+08:00	0x05	-0.0096	0.6989	-0.0885	0.7097	351.96	88.67	6.32
2026-03-16T16:54:20.7975293+08:00	0x04	0.1248	0.5468	-0.2987	0.7722	337.66	64.27	31.29
2026-03-16T16:54:20.9196719+08:00	0x07	0.7222	0.0032	0.6812	0.1194	170.22	92.52	9.68
2026-03-16T16:54:20.9196719+08:00	0x04	0.1275	0.5365	-0.2781	0.7865	339.70	63.12	29.93
2026-03-16T16:54:20.9965578+08:00	0x04	0.1435	0.5252	-0.2651	0.7958	341.67	61.82	30.45
2026-03-16T16:54:21.1119723+08:00	0x04	0.1367	0.5302	-0.2497	0.7986	343.14	62.79	28.89
2026-03-16T16:54:21.1119723+08:00	0x02	-0.3454	0.5454	0.3324	0.6876	8.45	72.26	303.12
2026-03-16T16:54:21.2012557+08:00	0x04	0.1494	0.5259	-0.2508	0.7989	343.64	62.28	30.16
2026-03-16T16:54:21.2012557+08:00	0x05	0.0051	0.7019	-0.0869	0.7069	353.30	89.15	7.43
2026-03-16T16:54:21.3142963+08:00	0x04	0.1479	0.5294	-0.2500	0.7971	343.76	62.80	30.03
2026-03-16T16:54:21.3142963+08:00	0x01	-0.6730	-0.1349	-0.6161	0.3865	203.90	85.44	316.66
2026-03-16T16:54:21.3894289+08:00	0x04	0.1649	0.5178	-0.2593	0.7984	343.30	61.09	32.13
2026-03-16T16:54:21.5040104+08:00	0x04	0.1704	0.5236	-0.2705	0.7897	342.64	61.83	33.53
2026-03-16T16:54:21.6114226+08:00	0x04	0.1600	0.5434	-0.2785	0.7756	341.99	64.58	33.42
2026-03-16T16:54:21.6892709+08:00	0x05	0.0143	0.7252	-0.0954	0.6817	353.65	93.04	9.08
2026-03-16T16:54:21.6892709+08:00	0x02	-0.3114	0.5410	0.2541	0.7387	3.26	71.01	312.69
2026-03-16T16:54:21.6892709+08:00	0x04	0.1517	0.5539	-0.2756	0.7708	342.24	66.16	32.63
2026-03-16T16:54:21.8044103+08:00	0x07	0.7649	0.0258	0.6432	0.0241	175.96	99.87	0.22
2026-03-16T16:54:21.8044103+08:00	0x01	-0.6733	-0.0501	-0.6521	0.3449	206.80	84.02	328.01
2026-03-16T16:54:21.8053914+08:00	0x04	0.1781	0.5375	-0.2861	0.7730	342.02	63.81	35.65
2026-03-16T16:54:21.8053914+08:00	0x04	0.1781	0.5375	-0.2861	0.7730	342.02	63.81	35.65
2026-03-16T16:54:21.9152956+08:00	0x04	0.1762	0.5370	-0.2827	0.7751	342.26	63.76	35.22
2026-03-16T16:54:21.9152956+08:00	0x04	0.1556	0.5543	-0.2728	0.7708	342.83	66.35	32.84
2026-03-16T16:54:22.1039588+08:00	0x04	0.1445	0.5622	-0.2567	0.7727	344.18	67.70	30.79
2026-03-16T16:54:22.1039588+08:00	0x05	0.0115	0.7014	-0.0707	0.7092	355.15	89.08	6.63
2026-03-16T16:54:22.1891892+08:00	0x04	0.1503	0.5600	-0.2483	0.7760	345.37	67.59	30.76
2026-03-16T16:54:22.1891892+08:00	0x04	0.1503	0.5600	-0.2483	0.7760	345.37	67.59	30.76
2026-03-16T16:54:22.1891892+08:00	0x07	0.7637	0.0251	0.6445	0.0270	175.80	99.66	0.51
2026-03-16T16:54:22.2937997+08:00	0x02	-0.3216	0.5548	0.3564	0.6795	13.31	71.31	303.64
2026-03-16T16:54:22.2938198+08:00	0x04	0.1484	0.5623	-0.2376	0.7781	346.47	68.08	29.87
2026-03-16T16:54:22.4139299+08:00	0x01	-0.6695	-0.1382	-0.5896	0.4302	208.57	84.44	312.36
2026-03-16T16:54:22.6309914+08:00	0x05	-0.0832	0.6947	0.0428	0.7132	356.82	88.77	349.74
2026-03-16T16:54:22.6319890+08:00	0x04	0.0595	0.5827	-0.1307	0.7999	351.71	71.10	14.32
2026-03-16T16:54:22.6319890+08:00	0x07	0.8558	0.0411	0.5113	-0.0673	179.91	118.30	350.96
2026-03-16T16:54:22.8764655+08:00	0x04	0.0726	0.5542	-0.0955	0.8237	355.48	67.35	13.03
2026-03-16T16:54:22.8764655+08:00	0x02	-0.3797	0.5211	0.4209	0.6381	21.58	63.98	292.60
2026-03-16T16:54:22.8764655+08:00	0x04	0.0995	0.5833	-0.1834	0.7850	349.34	71.18	21.73
2026-03-16T16:54:22.8774658+08:00	0x04	0.0895	0.5290	-0.0696	0.8410	358.69	64.20	12.96
2026-03-16T16:54:22.8774658+08:00	0x01	-0.6613	-0.2034	-0.5369	0.4828	208.94	85.25	301.02
2026-03-16T16:54:22.8774658+08:00	0x04	0.0775	0.5365	-0.0616	0.8381	358.82	65.13	11.31
2026-03-16T16:54:22.9640858+08:00	0x04	0.0392	0.5690	-0.0624	0.8190	356.67	69.35	7.77
2026-03-16T16:54:22.9940025+08:00	0x05	-0.1391	0.7147	0.0940	0.6790	355.69	93.65	341.14
2026-03-16T16:54:23.0734709+08:00	0x04	0.0271	0.5904	-0.0748	0.8032	354.90	72.30	7.57
2026-03-16T16:54:23.0739946+08:00	0x07	0.6589	-0.0352	0.7287	-0.1833	198.63	82.43	349.04
2026-03-16T16:54:23.1717571+08:00	0x04	0.0404	0.5953	-0.0876	0.7977	354.66	73.01	9.71
2026-03-16T16:54:23.2681860+08:00	0x04	0.0542	0.5949	-0.1026	0.7954	354.20	72.98	12.02
2026-03-16T16:54:23.3854801+08:00	0x02	-0.3326	0.5408	0.3779	0.6739	16.86	67.92	301.02
2026-03-16T16:54:23.3864935+08:00	0x01	-0.6929	-0.1502	-0.5331	0.4617	208.25	90.51	306.88
2026-03-16T16:54:23.4984545+08:00	0x04	0.0655	0.5863	-0.1043	0.8007	354.68	71.81	13.13
2026-03-16T16:54:23.4984545+08:00	0x05	-0.1361	0.7468	0.0862	0.6452	354.45	99.22	342.27
2026-03-16T16:54:23.5238834+08:00	0x07	0.8013	0.3265	0.4523	-0.2162	154.71	130.44	320.07
2026-03-16T16:54:23.5762755+08:00	0x04	0.0467	0.5926	-0.0951	0.7985	354.36	72.63	10.80
2026-03-16T16:54:23.6870232+08:00	0x04	0.0587	0.5864	-0.1056	0.8010	354.10	71.76	12.58
2026-03-16T16:54:23.8650501+08:00	0x04	0.0756	0.5791	-0.1211	0.8027	353.65	70.77	15.16
2026-03-16T16:54:23.8650501+08:00	0x04	0.0787	0.5818	-0.1470	0.7960	351.42	71.02	17.24
2026-03-16T16:54:23.8650501+08:00	0x02	-0.3013	0.5654	0.2952	0.7088	6.89	73.97	310.45
2026-03-16T16:54:24.0123060+08:00	0x05	-0.0847	0.7533	0.0208	0.6519	354.18	98.67	351.85
2026-03-16T16:54:24.0123060+08:00	0x04	0.0734	0.5897	-0.1724	0.7856	348.79	71.95	18.58
2026-03-16T16:54:24.0123060+08:00	0x07	0.6560	0.3857	0.5558	-0.3347	164.36	108.55	299.79
2026-03-16T16:54:24.0133461+08:00	0x04	0.0771	0.5906	-0.1961	0.7789	346.75	71.92	20.59
2026-03-16T16:54:24.1828631+08:00	0x04	0.0896	0.5815	-0.2110	0.7806	345.87	70.53	22.66
2026-03-16T16:54:24.2236860+08:00	0x04	0.1086	0.5662	-0.2200	0.7869	345.76	68.33	24.84
2026-03-16T16:54:24.4221612+08:00	0x04	0.1361	0.5457	-0.2288	0.7945	345.93	65.47	27.78
2026-03-16T16:54:24.4221612+08:00	0x05	-0.0144	0.7091	-0.0479	0.7033	354.96	90.36	2.73
2026-03-16T16:54:24.4221612+08:00	0x02	-0.3162	0.5319	0.3002	0.7259	9.12	68.10	308.88
2026-03-16T16:54:24.4480275+08:00	0x07	0.6029	0.4510	0.5354	-0.3826	155.94	114.00	289.21
2026-03-16T16:54:24.4480275+08:00	0x07	0.6243	0.5246	0.4685	-0.3400	122.99	145.32	293.64
2026-03-16T16:54:24.4480275+08:00	0x07	0.6248	0.5267	0.4664	-0.3386	122.22	146.04	293.88
2026-03-16T16:54:24.4480275+08:00	0x04	0.1788	0.5182	-0.2525	0.7973	344.96	61.54	33.15
2026-03-16T16:54:24.6258872+08:00	0x04	0.2002	0.5084	-0.2757	0.7908	343.16	59.86	36.66
2026-03-16T16:54:24.7345181+08:00	0x04	0.1805	0.5315	-0.2874	0.7761	341.72	62.85	35.84
2026-03-16T16:54:24.7355471+08:00	0x04	0.1603	0.5573	-0.2921	0.7605	341.15	66.53	34.71
2026-03-16T16:54:24.8206062+08:00	0x04	0.1610	0.5637	-0.2832	0.7591	342.50	67.76	34.30
2026-03-16T16:54:24.9338131+08:00	0x04	0.1533	0.5706	-0.2656	0.7618	344.20	69.04	32.46
2026-03-16T16:54:25.0501591+08:00	0x04	0.1687	0.5640	-0.2430	0.7710	347.40	68.72	32.29
2026-03-16T16:54:25.0501591+08:00	0x02	-0.3106	0.5669	0.3553	0.6753	12.97	73.21	304.69
2026-03-16T16:54:25.1270454+08:00	0x04	0.1741	0.5525	-0.2176	0.7855	349.96	67.46	30.93
2026-03-16T16:54:25.1280768+08:00	0x05	-0.0152	0.6775	-0.0121	0.7353	357.80	85.32	359.66
2026-03-16T16:54:25.1280768+08:00	0x01	-0.6679	-0.1313	-0.5962	0.4257	208.85	83.89	313.52
2026-03-16T16:54:25.2964725+08:00	0x07	0.6144	0.4184	0.5008	-0.4434	164.74	113.29	285.43
2026-03-16T16:54:25.2964725+08:00	0x04	0.1611	0.5490	-0.2206	0.7899	348.59	66.55	29.78
2026-03-16T16:54:25.2964725+08:00	0x04	0.1523	0.5500	-0.2441	0.7841	345.53	66.13	30.49
2026-03-16T16:54:25.4152168+08:00	0x04	0.1426	0.5550	-0.2542	0.7792	344.02	66.57	30.29
2026-03-16T16:54:25.5042831+08:00	0x04	0.1295	0.5690	-0.2461	0.7739	344.55	68.67	28.72
2026-03-16T16:54:25.5042831+08:00	0x02	-0.3505	0.5166	0.3130	0.7158	8.76	67.02	304.40
2026-03-16T16:54:25.6188766+08:00	0x07	0.6150	0.4218	0.4999	-0.4404	162.98	114.75	285.54
2026-03-16T16:54:25.6188766+08:00	0x01	-0.6433	-0.1355	-0.6373	0.4020	207.84	79.21	316.37
2026-03-16T16:54:25.6188766+08:00	0x04	0.1164	0.5725	-0.2202	0.7811	346.47	69.38	25.73
2026-03-16T16:54:25.6188766+08:00	0x05	-0.0403	0.6840	-0.0080	0.7284	356.17	86.49	357.26
2026-03-16T16:54:25.8116002+08:00	0x04	0.1286	0.5445	-0.1968	0.8052	348.75	65.64	24.92
2026-03-16T16:54:25.8116002+08:00	0x04	0.1360	0.5129	-0.1603	0.8323	352.05	61.66	23.01
2026-03-16T16:54:25.9880462+08:00	0x04	0.1535	0.5017	-0.1758	0.8330	351.14	60.11	25.60
2026-03-16T16:54:25.9880462+08:00	0x04	0.1355	0.5278	-0.2077	0.8124	347.50	63.12	26.06
2026-03-16T16:54:25.9880462+08:00	0x07	0.5532	0.5964	0.3771	-0.4428	72.37	198.94	289.99
2026-03-16T16:54:26.1304297+08:00	0x04	0.1287	0.5518	-0.2540	0.7839	342.99	65.88	28.83
2026-03-16T16:54:26.1304297+08:00	0x02	-0.3382	0.5545	0.3359	0.6821	8.66	73.56	303.50
2026-03-16T16:54:26.3131846+08:00	0x01	-0.6624	-0.1455	-0.6194	0.3956	204.75	83.52	315.23
2026-03-16T16:54:26.3142157+08:00	0x04	0.1288	0.5678	-0.2787	0.7638	341.00	67.96	30.88
2026-03-16T16:54:26.3142157+08:00	0x05	-0.0816	0.7353	0.0224	0.6724	354.79	95.49	351.80
2026-03-16T16:54:26.3142157+08:00	0x07	0.3568	0.6808	0.3560	-0.5315	12.30	248.87	300.23
2026-03-16T16:54:26.3142157+08:00	0x04	0.1438	0.5596	-0.2901	0.7629	340.39	66.67	32.97
2026-03-16T16:54:26.5472706+08:00	0x04	0.1605	0.5330	-0.2869	0.7796	340.59	62.78	33.79
2026-03-16T16:54:26.5472706+08:00	0x05	-0.0400	0.7194	-0.0204	0.6931	355.07	92.20	358.51
2026-03-16T16:54:26.5472706+08:00	0x04	0.1691	0.5056	-0.2737	0.8006	341.37	58.95	33.20
2026-03-16T16:54:26.5871647+08:00	0x04	0.1710	0.4990	-0.2767	0.8033	340.85	57.90	33.42
2026-03-16T16:54:26.5871647+08:00	0x02	-0.2870	0.5807	0.2246	0.7280	359.51	77.35	317.26
2026-03-16T16:54:26.6413141+08:00	0x05	0.0387	0.7027	-0.1266	0.6991	352.76	89.44	13.41
2026-03-16T16:54:26.6423474+08:00	0x04	0.1704	0.5153	-0.3165	0.7780	336.85	59.36	36.25
2026-03-16T16:54:26.7473212+08:00	0x01	-0.6678	-0.0558	-0.6865	0.2821	200.55	83.44	333.04
2026-03-16T16:54:26.7473212+08:00	0x07	0.3057	0.6551	0.3938	-0.5678	354.70	264.87	300.34
2026-03-16T16:54:26.7473212+08:00	0x04	0.1541	0.5456	-0.3542	0.7437	332.92	63.05	38.00
2026-03-16T16:54:26.9490270+08:00	0x04	0.1472	0.5663	-0.3667	0.7233	332.13	66.10	38.92
2026-03-16T16:54:26.9490270+08:00	0x04	0.1617	0.5582	-0.3540	0.7328	334.12	65.24	39.21
2026-03-16T16:54:27.0553139+08:00	0x04	0.1755	0.5365	-0.3237	0.7593	337.41	62.65	37.87
2026-03-16T16:54:27.1440463+08:00	0x05	0.0524	0.7024	-0.1376	0.6964	352.97	89.54	15.45
2026-03-16T16:54:27.1440463+08:00	0x07	0.2888	0.6604	0.3694	-0.5865	354.71	266.01	304.23
2026-03-16T16:54:27.2615197+08:00	0x04	0.1700	0.5283	-0.2925	0.7788	340.31	62.03	35.02
2026-03-16T16:54:27.2615197+08:00	0x02	-0.3068	0.5891	0.2598	0.7009	0.23	79.99	312.59
2026-03-16T16:54:27.2615197+08:00	0x01	-0.6781	-0.0837	-0.6634	0.3051	200.02	85.53	328.34
2026-03-16T16:54:27.2615197+08:00	0x04	0.1596	0.5304	-0.2735	0.7864	341.93	62.64	32.76
2026-03-16T16:54:27.4535332+08:00	0x04	0.1584	0.5324	-0.2653	0.7881	342.87	63.12	32.15
2026-03-16T16:54:27.5743888+08:00	0x04	0.1545	0.5344	-0.2568	0.7903	343.65	63.53	31.25
2026-03-16T16:54:27.5743888+08:00	0x05	0.0716	0.7177	-0.1447	0.6774	354.38	92.43	17.74
2026-03-16T16:54:27.5743888+08:00	0x04	0.2025	0.5177	-0.2875	0.7800	342.40	61.07	37.85
2026-03-16T16:54:27.6826250+08:00	0x07	0.3104	0.6739	0.3308	-0.5831	3.17	260.13	306.11
2026-03-16T16:54:27.6835822+08:00	0x04	0.2008	0.5366	-0.2934	0.7653	342.65	63.98	38.48
2026-03-16T16:54:27.6835822+08:00	0x02	-0.2927	0.5798	0.2119	0.7303	357.68	77.80	317.69
2026-03-16T16:54:27.8043632+08:00	0x04	0.1825	0.5628	-0.2906	0.7520	343.14	67.95	36.98
2026-03-16T16:54:27.8053370+08:00	0x01	-0.6611	-0.0232	-0.7011	0.2662	201.79	82.23	337.39
2026-03-16T16:54:27.8831291+08:00	0x04	0.1874	0.5605	-0.2818	0.7559	344.35	67.88	36.81
2026-03-16T16:54:27.9952548+08:00	0x04	0.1827	0.5523	-0.2655	0.7688	345.40	66.75	35.05
2026-03-16T16:54:27.9952548+08:00	0x05	0.0251	0.7110	-0.1202	0.6924	352.32	90.72	11.87
2026-03-16T16:54:28.1039470+08:00	0x07	0.2921	0.8042	0.1827	-0.4844	21.00	235.39	324.78
2026-03-16T16:54:28.1045276+08:00	0x07	0.2921	0.8042	0.1827	-0.4844	21.00	235.39	324.78
2026-03-16T16:54:28.1045276+08:00	0x04	0.2117	0.5338	-0.2674	0.7738	346.26	64.48	37.82
2026-03-16T16:54:28.1975777+08:00	0x04	0.2436	0.5137	-0.2736	0.7758	346.61	61.96	41.23
2026-03-16T16:54:28.2984183+08:00	0x02	-0.2863	0.5714	0.3328	0.6934	12.33	73.08	308.98
2026-03-16T16:54:28.4168421+08:00	0x04	0.2274	0.5475	-0.2890	0.7517	345.74	66.76	41.18
2026-03-16T16:54:28.5225599+08:00	0x05	0.0559	0.6497	-0.1029	0.7511	355.18	81.19	12.58
2026-03-16T16:54:28.5225599+08:00	0x04	0.2109	0.5667	-0.2793	0.7459	346.76	69.73	39.13
2026-03-16T16:54:28.5225599+08:00	0x07	0.2921	0.8042	0.1827	-0.4844	21.00	235.39	324.78
2026-03-16T16:54:28.5225599+08:00	0x04	0.1946	0.5819	-0.2690	0.7424	347.48	71.97	37.01
2026-03-16T16:54:28.7216349+08:00	0x04	0.1705	0.5928	-0.2439	0.7483	348.81	73.45	32.98
2026-03-16T16:54:28.7226707+08:00	0x04	0.1585	0.5871	-0.2209	0.7625	349.97	72.49	30.07
2026-03-16T16:54:28.8927750+08:00	0x01	-0.6850	-0.0791	-0.6352	0.3480	204.12	86.55	324.75
2026-03-16T16:54:28.8933113+08:00	0x04	0.1537	0.5760	-0.2164	0.7732	349.61	70.66	29.14
2026-03-16T16:54:28.8933113+08:00	0x05	0.0100	0.6898	-0.0651	0.7210	355.38	87.22	5.99
2026-03-16T16:54:29.0202103+08:00	0x04	0.1361	0.5768	-0.2034	0.7794	349.70	70.58	26.53
2026-03-16T16:54:29.0202103+08:00	0x07	0.1746	0.8651	0.0837	-0.4628	13.65	234.14	342.16
2026-03-16T16:54:29.1968104+08:00	0x04	0.1155	0.5825	-0.1867	0.7826	350.11	71.26	23.47
2026-03-16T16:54:29.1968104+08:00	0x04	0.1186	0.5799	-0.1871	0.7840	350.20	70.91	23.76
2026-03-16T16:54:29.2377067+08:00	0x04	0.1481	0.5706	-0.2058	0.7811	350.08	69.84	27.79
2026-03-16T16:54:29.3195247+08:00	0x01	-0.6801	-0.0762	-0.6529	0.3246	202.38	85.69	327.25
2026-03-16T16:54:29.4049011+08:00	0x04	0.1647	0.5743	-0.2211	0.7708	349.86	70.60	30.52
2026-03-16T16:54:29.4049011+08:00	0x05	-0.0090	0.7123	-0.0456	0.7003	355.60	90.86	3.00
2026-03-16T16:54:29.4049011+08:00	0x05	-0.0090	0.7123	-0.0456	0.7003	355.60	90.86	3.00
2026-03-16T16:54:29.4049011+08:00	0x07	0.0302	0.6532	-0.1137	-0.7480	12.16	278.37	5.93
2026-03-16T16:54:29.5044366+08:00	0x04	0.1412	0.5886	-0.1908	0.7728	351.75	72.66	26.29
2026-03-16T16:54:29.5044366+08:00	0x04	0.1138	0.5876	-0.1554	0.7859	353.19	72.29	21.19
2026-03-16T16:54:29.6879501+08:00	0x04	0.1210	0.5807	-0.1493	0.7912	354.10	71.44	21.39
2026-03-16T16:54:29.8461492+08:00	0x04	0.1010	0.5846	-0.1407	0.7926	353.63	71.76	18.95
2026-03-16T16:54:29.8461492+08:00	0x05	-0.1151	0.7152	0.0648	0.6864	355.51	92.93	345.48
2026-03-16T16:54:29.8461492+08:00	0x04	0.0317	0.6027	-0.1022	0.7907	352.80	74.00	9.98
2026-03-16T16:54:29.8461492+08:00	0x02	-0.4098	0.4410	0.3610	0.7122	20.72	50.39	295.56
2026-03-16T16:54:29.8461492+08:00	0x07	-0.3734	0.7087	-0.1818	-0.5704	333.83	247.16	43.12
2026-03-16T16:54:30.0416216+08:00	0x01	-0.5756	-0.1865	-0.6603	0.4448	214.88	65.75	310.68
2026-03-16T16:54:30.0416216+08:00	0x04	-0.0715	0.6061	-0.0327	0.7915	352.02	75.18	355.78
2026-03-16T16:54:30.0422098+08:00	0x04	-0.1229	0.5749	0.0319	0.8083	354.70	71.47	346.39
2026-03-16T16:54:30.1651429+08:00	0x04	-0.1313	0.5308	0.1093	0.8301	2.55	64.75	340.49
2026-03-16T16:54:30.2416997+08:00	0x04	-0.1022	0.4963	0.1947	0.8398	14.02	58.50	338.60
2026-03-16T16:54:30.2416997+08:00	0x05	-0.1120	0.7153	0.0615	0.6870	355.52	92.86	346.01
2026-03-16T16:54:30.3523621+08:00	0x07	-0.4978	0.5942	-0.3247	-0.5419	320.77	237.82	67.73
2026-03-16T16:54:30.3523621+08:00	0x04	-0.0767	0.4841	0.2661	0.8300	23.46	55.75	337.36
2026-03-16T16:54:30.3523621+08:00	0x02	-0.3454	0.4822	0.3987	0.6994	26.86	53.41	299.80
2026-03-16T16:54:30.5312615+08:00	0x04	-0.0726	0.4901	0.2992	0.8155	27.21	56.04	335.70
2026-03-16T16:54:30.5323143+08:00	0x01	-0.5776	-0.1602	-0.6163	0.5108	226.16	62.84	308.05
2026-03-16T16:54:30.6529866+08:00	0x04	-0.1241	0.5467	0.2365	0.7936	15.61	65.34	332.90
2026-03-16T16:54:30.7485273+08:00	0x04	-0.1445	0.5698	0.1647	0.7920	6.08	70.14	335.38
2026-03-16T16:54:30.8442704+08:00	0x04	-0.1448	0.5797	0.0995	0.7956	359.42	72.26	339.77
2026-03-16T16:54:30.9639712+08:00	0x04	-0.1303	0.5813	0.0528	0.8015	356.02	72.45	344.33
2026-03-16T16:54:30.9639712+08:00	0x02	-0.2957	0.5101	0.3161	0.7432	15.05	61.93	310.35
