timestamp	device	q0	q1	q2	q3	yaw	pitch	roll
2026-03-16T16:52:07.1935479+08:00	0x05	-0.0235	0.0139	0.6252	0.7800	77.44	359.55	356.90
2026-03-16T16:52:07.1935479+08:00	0x07	0.5739	0.4204	0.6141	-0.3417	171.36	91.66	294.69
2026-03-16T16:52:07.6593950+08:00	0x05	-0.7335	-0.1031	0.6354	0.2182	154.13	264.31	349.10
2026-03-16T16:52:07.6593950+08:00	0x07	0.6025	0.3801	0.6365	-0.2954	171.31	91.60	302.86
2026-03-16T16:52:08.0922496+08:00	0x05	-0.7416	-0.1026	0.6328	0.1976	155.94	262.96	350.60
2026-03-16T16:52:08.1262506+08:00	0x07	0.6192	0.3628	0.6408	-0.2726	170.36	92.88	306.62
2026-03-16T16:52:08.5580628+08:00	0x05	-0.7276	-0.0980	0.6549	0.1791	157.64	265.48	352.40
2026-03-16T16:52:08.5628090+08:00	0x07	0.6246	0.3598	0.6491	-0.2431	167.86	93.53	309.58
2026-03-16T16:52:09.0264809+08:00	0x07	0.6265	0.3388	0.6597	-0.2399	170.65	91.25	311.62
2026-03-16T16:52:09.0264809+08:00	0x05	-0.7031	-0.0995	0.6958	0.1079	163.14	269.52	359.25
2026-03-16T16:52:09.4565165+08:00	0x05	-0.7034	-0.1175	0.6932	0.1042	161.95	269.02	0.93
2026-03-16T16:52:09.4575542+08:00	0x07	0.6309	0.3340	0.6602	-0.2337	170.42	91.61	312.62
2026-03-16T16:52:09.9276164+08:00	0x05	-0.7020	-0.1122	0.6952	0.1066	162.20	269.39	0.36
2026-03-16T16:52:09.9286517+08:00	0x07	0.6314	0.3329	0.6621	-0.2282	170.06	91.59	313.20
2026-03-16T16:52:10.3575533+08:00	0x07	0.6345	0.3274	0.6613	-0.2302	170.73	91.62	313.52
2026-03-16T16:52:10.3944735+08:00	0x05	-0.7023	-0.1184	0.6929	0.1119	161.25	269.16	0.39
2026-03-16T16:52:10.8248594+08:00	0x07	0.6281	0.3332	0.6596	-0.2438	171.63	90.95	311.78
2026-03-16T16:52:10.8248594+08:00	0x05	-0.7066	-0.1232	0.6889	0.1046	161.44	268.34	1.25
2026-03-16T16:52:11.2886883+08:00	0x05	-0.7075	-0.1223	0.6881	0.1050	161.49	268.23	1.13
2026-03-16T16:52:11.2886883+08:00	0x07	0.6244	0.3364	0.6598	-0.2484	171.93	90.52	311.06
2026-03-16T16:52:11.7253030+08:00	0x07	0.6180	0.3458	0.6498	-0.2763	173.59	90.28	307.74
2026-03-16T16:52:11.7253030+08:00	0x05	-0.7141	-0.1314	0.6824	0.0844	162.34	266.88	3.38
2026-03-16T16:52:12.1607858+08:00	0x07	0.6396	0.3051	0.6254	-0.3266	181.73	90.42	306.93
2026-03-16T16:52:12.1913158+08:00	0x05	-0.7385	-0.2272	0.6348	-0.0001	159.48	258.31	16.78
2026-03-16T16:52:12.6271098+08:00	0x07	0.6809	0.4081	0.5186	-0.3176	154.05	120.22	301.16
2026-03-16T16:52:12.6792098+08:00	0x05	-0.7052	-0.2432	0.6591	-0.0957	165.90	262.72	27.10
2026-03-16T16:52:13.0897282+08:00	0x07	0.6726	0.3664	0.5361	-0.3548	166.81	110.60	299.52
2026-03-16T16:52:13.0897282+08:00	0x05	-0.6942	-0.2691	0.6594	-0.1043	164.19	262.80	29.98
2026-03-16T16:52:13.5231186+08:00	0x07	0.6545	0.3548	0.6126	-0.2654	167.09	100.02	308.54
2026-03-16T16:52:13.5568044+08:00	0x05	-0.7375	-0.2100	0.6413	0.0266	159.31	259.58	13.31
2026-03-16T16:52:13.9888894+08:00	0x07	0.7236	0.3738	0.5025	-0.2901	155.70	122.63	307.29
2026-03-16T16:52:14.0254055+08:00	0x05	-0.7348	-0.1714	0.6558	0.0237	163.24	261.88	10.95
2026-03-16T16:52:14.4273193+08:00	0x07	0.6644	0.3824	0.5794	-0.2768	161.31	107.45	305.81
2026-03-16T16:52:14.4574604+08:00	0x05	-0.7501	-0.1363	0.6363	0.1177	159.25	260.65	359.82
2026-03-16T16:52:14.8904929+08:00	0x07	0.6219	0.4402	0.5649	-0.3170	155.30	110.81	296.94
2026-03-16T16:52:14.9236299+08:00	0x05	-0.7530	-0.1064	0.6377	0.1228	161.51	260.98	357.18
2026-03-16T16:52:15.3249086+08:00	0x07	0.5932	0.4800	0.5354	-0.3621	146.74	119.77	289.34
2026-03-16T16:52:15.3607771+08:00	0x05	-0.7507	-0.1069	0.6411	0.1185	161.78	261.37	357.66
2026-03-16T16:52:15.7907052+08:00	0x07	0.5679	0.5086	0.5131	-0.3945	134.77	131.81	284.09
2026-03-16T16:52:15.8246726+08:00	0x05	-0.7465	-0.1038	0.6463	0.1190	162.00	262.17	357.51
2026-03-16T16:52:16.2239248+08:00	0x07	0.5391	0.5338	0.4947	-0.4239	114.35	151.88	279.87
2026-03-16T16:52:16.2907502+08:00	0x05	-0.7402	-0.0977	0.6541	0.1210	162.34	263.39	357.06
2026-03-16T16:52:16.6906327+08:00	0x07	0.5155	0.5528	0.4730	-0.4528	81.51	185.18	278.23
2026-03-16T16:52:16.7245422+08:00	0x05	-0.7344	-0.0966	0.6610	0.1200	162.49	264.40	357.21
2026-03-16T16:52:17.1241704+08:00	0x07	0.5009	0.5627	0.4630	-0.4669	62.17	204.51	278.54
2026-03-16T16:52:17.1946035+08:00	0x05	-0.7382	-0.0970	0.6572	0.1175	162.66	263.75	357.37
2026-03-16T16:52:17.5912954+08:00	0x07	0.4832	0.5737	0.4517	-0.4831	43.36	223.24	279.90
2026-03-16T16:52:17.6242153+08:00	0x05	-0.7372	-0.1035	0.6574	0.1166	162.17	263.77	357.94
2026-03-16T16:52:18.0239458+08:00	0x07	0.4695	0.5845	0.4436	-0.4911	34.32	231.79	281.57
2026-03-16T16:52:18.0919478+08:00	0x05	-0.7358	-0.1198	0.6584	0.1032	161.80	263.59	0.33
2026-03-16T16:52:18.4902016+08:00	0x07	0.4443	0.6050	0.4437	-0.4896	26.00	237.37	283.61
2026-03-16T16:52:18.5578371+08:00	0x05	-0.7297	-0.1376	0.6627	0.0970	160.75	264.09	2.34
2026-03-16T16:52:18.9575508+08:00	0x07	0.4222	0.6131	0.4548	-0.4889	17.62	243.32	283.96
2026-03-16T16:52:18.9907009+08:00	0x05	-0.7415	-0.1477	0.6430	0.1217	157.94	261.76	0.55
2026-03-16T16:52:19.3901437+08:00	0x07	0.4207	0.6472	0.4308	-0.4675	27.30	231.67	288.02
2026-03-16T16:52:19.4679262+08:00	0x05	-0.7302	-0.1639	0.6563	0.0960	158.50	263.08	4.30
2026-03-16T16:52:19.8634497+08:00	0x07	0.4290	0.7110	0.3490	-0.4343	38.32	219.99	299.66
2026-03-16T16:52:19.8918527+08:00	0x05	-0.7272	-0.1645	0.6641	0.0549	161.63	263.52	7.97
2026-03-16T16:52:20.2911938+08:00	0x07	0.4466	0.7192	0.3317	-0.4163	43.86	214.91	301.91
2026-03-16T16:52:20.3617956+08:00	0x05	-0.7466	-0.1495	0.6457	0.0579	162.56	260.77	6.13
2026-03-16T16:52:20.7624598+08:00	0x07	0.4528	0.7172	0.3334	-0.4116	45.56	213.33	301.68
2026-03-16T16:52:20.8246725+08:00	0x05	-0.7588	-0.1465	0.6312	0.0657	162.16	258.74	4.89
2026-03-16T16:52:21.1906122+08:00	0x07	0.4472	0.7152	0.3389	-0.4169	43.95	214.74	300.97
2026-03-16T16:52:21.2583032+08:00	0x05	-0.7541	-0.1458	0.6364	0.0707	161.89	259.60	4.53
2026-03-16T16:52:21.6583855+08:00	0x07	0.4397	0.6966	0.3716	-0.4282	41.11	217.08	296.59
2026-03-16T16:52:21.7248182+08:00	0x05	-0.7350	-0.1435	0.6577	0.0818	161.38	263.00	3.93
2026-03-16T16:52:22.1123160+08:00	0x07	0.4216	0.6164	0.4562	-0.4839	18.90	241.44	283.96
2026-03-16T16:52:22.1787265+08:00	0x05	-0.7569	-0.1162	0.6295	0.1317	160.00	260.03	356.96
2026-03-16T16:52:22.5482627+08:00	0x07	0.4160	0.5803	0.4830	-0.5069	357.89	264.02	280.80
2026-03-16T16:52:22.6175491+08:00	0x05	-0.7496	-0.0972	0.6389	0.1430	160.74	261.76	354.83
2026-03-16T16:52:23.0124539+08:00	0x07	0.4609	0.5499	0.4852	-0.4998	11.86	253.88	276.12
2026-03-16T16:52:23.0807648+08:00	0x05	-0.7434	-0.0819	0.6503	0.1334	162.75	263.16	354.74
2026-03-16T16:52:23.4466616+08:00	0x07	0.4578	0.5550	0.4600	-0.5204	10.53	257.35	279.24
2026-03-16T16:52:23.5469834+08:00	0x05	-0.7263	-0.0841	0.6718	0.1190	163.59	266.03	356.56
2026-03-16T16:52:23.9114107+08:00	0x07	0.5193	0.5567	0.4500	-0.4668	70.60	198.22	279.65
2026-03-16T16:52:23.9786426+08:00	0x05	-0.6892	-0.0945	0.7144	0.0758	166.19	271.85	1.75
2026-03-16T16:52:24.3455568+08:00	0x07	0.5088	0.5297	0.4135	-0.5382	33.76	242.21	279.72
2026-03-16T16:52:24.4465023+08:00	0x05	-0.6667	-0.0632	0.7380	0.0836	168.01	275.92	358.96
2026-03-16T16:52:24.8133381+08:00	0x07	0.3810	0.6277	0.3309	-0.5927	9.93	260.96	299.88
2026-03-16T16:52:24.9152806+08:00	0x05	-0.6992	-0.0450	0.7012	0.1320	165.53	271.05	353.02
2026-03-16T16:52:25.2792946+08:00	0x07	0.2005	0.7042	0.2774	-0.6221	355.32	264.61	320.20
2026-03-16T16:52:25.3484773+08:00	0x05	-0.7204	-0.0238	0.6679	0.1854	163.14	267.69	346.39
2026-03-16T16:52:25.7160030+08:00	0x07	0.2060	0.7023	0.2791	-0.6216	355.66	264.62	319.59
2026-03-16T16:52:25.8126597+08:00	0x05	-0.7249	-0.0477	0.6622	0.1836	161.40	266.75	348.29
2026-03-16T16:52:26.1792027+08:00	0x07	0.0731	0.7339	0.1943	-0.6467	351.04	264.54	337.68
2026-03-16T16:52:26.2669786+08:00	0x05	-0.7327	-0.0628	0.6587	0.1592	162.23	265.27	351.34
2026-03-16T16:52:26.6164412+08:00	0x07	-0.0103	0.7412	0.1152	-0.6613	350.22	264.26	350.96
2026-03-16T16:52:26.7341143+08:00	0x05	-0.7202	-0.0844	0.6741	0.1405	161.80	267.02	354.92
2026-03-16T16:52:27.0799112+08:00	0x07	-0.0687	0.7334	-0.0027	-0.6764	354.40	265.10	5.56
2026-03-16T16:52:27.2015045+08:00	0x05	-0.7197	-0.1063	0.6778	0.1061	162.73	266.64	359.50
2026-03-16T16:52:27.5132828+08:00	0x07	-0.0982	0.7109	-0.1638	-0.6769	5.07	268.16	21.46
2026-03-16T16:52:27.6472436+08:00	0x05	-0.7419	-0.1075	0.6579	0.0726	165.21	262.88	1.94
2026-03-16T16:52:27.9794342+08:00	0x07	-0.3122	0.7287	-0.2365	-0.5618	344.72	249.05	44.06
2026-03-16T16:52:28.1134059+08:00	0x05	-0.7591	-0.1163	0.6370	0.0667	164.82	259.64	2.69
2026-03-16T16:52:28.4114169+08:00	0x07	-0.4069	0.7133	-0.2272	-0.5235	328.79	238.18	48.61
2026-03-16T16:52:28.5454606+08:00	0x05	-0.7382	-0.1091	0.6608	0.0805	164.48	263.47	1.45
2026-03-16T16:52:28.8831225+08:00	0x07	-0.4258	0.7118	-0.2353	-0.5066	325.08	234.18	50.04
2026-03-16T16:52:28.9798045+08:00	0x05	-0.7205	-0.1099	0.6815	0.0663	165.58	266.42	3.11
2026-03-16T16:52:29.3135070+08:00	0x07	-0.2103	0.6389	-0.3299	-0.6624	13.64	277.66	44.44
2026-03-16T16:52:29.4455943+08:00	0x05	-0.7326	-0.0601	0.6648	0.1331	164.52	265.35	353.39
2026-03-16T16:52:29.7829301+08:00	0x07	-0.3437	0.6040	-0.3671	-0.6183	4.47	273.94	60.29
2026-03-16T16:52:29.8814126+08:00	0x05	-0.7405	-0.0339	0.6531	0.1549	165.12	264.22	349.33
2026-03-16T16:52:30.2113136+08:00	0x07	-0.3398	0.6053	-0.3661	-0.6198	4.84	274.14	59.82
2026-03-16T16:52:30.3484210+08:00	0x05	-0.7556	-0.0316	0.6324	0.1680	164.55	261.54	347.65
2026-03-16T16:52:30.6833642+08:00	0x07	-0.4769	0.5274	-0.4298	-0.5565	352.04	266.43	79.78
2026-03-16T16:52:30.8177266+08:00	0x05	-0.7412	-0.0310	0.6501	0.1642	164.64	264.10	348.29
2026-03-16T16:52:31.1140198+08:00	0x07	-0.5616	0.4352	-0.5251	-0.4685	179.03	93.05	79.50
2026-03-16T16:52:31.2479897+08:00	0x05	-0.7267	-0.0459	0.6670	0.1579	163.66	266.48	350.31
2026-03-16T16:52:31.5843939+08:00	0x07	-0.5397	0.4416	-0.6011	-0.3904	181.38	84.85	72.22
2026-03-16T16:52:31.7143864+08:00	0x05	-0.7362	-0.0891	0.6650	0.0890	165.55	264.27	359.28
2026-03-16T16:52:32.0471426+08:00	0x07	-0.6292	0.5247	-0.4120	-0.3988	248.41	163.73	69.10
2026-03-16T16:52:32.1844182+08:00	0x05	-0.7541	-0.1075	0.6437	0.0743	165.06	260.77	1.50
2026-03-16T16:52:32.4825626+08:00	0x07	-0.4889	0.5397	-0.4391	-0.5261	334.27	246.35	81.30
2026-03-16T16:52:32.6117888+08:00	0x05	-0.7452	-0.0990	0.6529	0.0927	164.42	262.52	359.49
2026-03-16T16:52:32.9493379+08:00	0x07	-0.3728	0.6326	-0.2879	-0.6147	348.04	262.07	55.35
2026-03-16T16:52:33.0843165+08:00	0x05	-0.7151	-0.0898	0.6768	0.1500	160.56	267.76	354.66
2026-03-16T16:52:33.3802680+08:00	0x07	-0.3766	0.6303	-0.2926	-0.6126	347.96	261.93	56.13
2026-03-16T16:52:33.5174320+08:00	0x05	-0.7155	-0.1123	0.6783	0.1240	160.79	267.19	358.56
2026-03-16T16:52:33.8463762+08:00	0x07	-0.2153	0.7049	-0.1024	-0.6681	349.35	264.50	25.60
2026-03-16T16:52:33.9796415+08:00	0x05	-0.7027	-0.1571	0.6901	0.0726	161.15	267.87	6.58
2026-03-16T16:52:34.2812590+08:00	0x07	-0.1597	0.8221	0.0189	-0.5461	343.37	245.98	8.24
2026-03-16T16:52:34.4473764+08:00	0x05	-0.7241	-0.1278	0.6733	0.0769	163.19	265.32	3.48
2026-03-16T16:52:34.7501707+08:00	0x07	-0.1097	0.9158	0.0091	-0.3863	347.97	225.33	3.90
2026-03-16T16:52:34.8809051+08:00	0x05	-0.7315	-0.1488	0.6631	0.0555	162.94	263.38	6.67
2026-03-16T16:52:35.1787109+08:00	0x07	0.0373	0.9280	0.0533	-0.3668	1.74	223.02	352.74
2026-03-16T16:52:35.3667134+08:00	0x05	-0.7190	-0.1621	0.6743	0.0464	162.60	264.98	8.74
2026-03-16T16:52:35.6473144+08:00	0x07	0.1091	0.9205	0.0822	-0.3661	8.31	222.40	346.63
2026-03-16T16:52:35.7831772+08:00	0x05	-0.7249	-0.1492	0.6709	0.0475	163.59	264.48	7.54
2026-03-16T16:52:36.0795774+08:00	0x07	0.1921	0.7667	0.2409	-0.5632	1.64	252.07	324.14
2026-03-16T16:52:36.2670552+08:00	0x05	-0.7050	-0.1280	0.6926	0.0828	162.80	268.46	3.47
2026-03-16T16:52:36.5464502+08:00	0x07	0.3058	0.6561	0.3827	-0.5740	355.82	264.71	301.43
2026-03-16T16:52:36.7011533+08:00	0x05	-0.6959	-0.1054	0.7024	0.1064	162.78	270.53	0.00
2026-03-16T16:52:36.9833130+08:00	0x07	0.3545	0.6113	0.4381	-0.5556	351.69	270.19	291.63
2026-03-16T16:52:37.1674043+08:00	0x05	-0.6855	-0.1228	0.7113	0.0949	162.32	271.72	2.56
2026-03-16T16:52:37.4464558+08:00	0x07	0.3683	0.6020	0.4587	-0.5399	350.43	270.71	288.19
2026-03-16T16:52:37.6131100+08:00	0x05	-0.6895	-0.0954	0.7125	0.0891	165.02	271.78	0.74
2026-03-16T16:52:37.8824556+08:00	0x07	0.3733	0.6033	0.4641	-0.5303	351.82	268.68	287.07
2026-03-16T16:52:38.0815137+08:00	0x05	-0.6831	-0.1057	0.7170	0.0898	164.14	272.55	1.66
2026-03-16T16:52:38.3474368+08:00	0x07	0.3902	0.6074	0.4822	-0.4963	358.86	259.41	283.33
2026-03-16T16:52:38.5136865+08:00	0x05	-0.6860	-0.0922	0.7117	0.1199	162.71	272.40	358.09
2026-03-16T16:52:38.8123031+08:00	0x07	0.4103	0.5964	0.4973	-0.4781	4.72	253.45	279.74
2026-03-16T16:52:38.9841587+08:00	0x05	-0.6845	-0.0912	0.7137	0.1173	163.00	272.65	358.26
2026-03-16T16:52:39.2459452+08:00	0x07	0.4104	0.5997	0.4963	-0.4750	6.94	250.93	279.89
2026-03-16T16:52:39.4458576+08:00	0x05	-0.6865	-0.0982	0.7126	0.1060	163.38	272.19	359.68
2026-03-16T16:52:39.7209868+08:00	0x07	0.4019	0.6049	0.4915	-0.4806	4.03	253.63	281.20
2026-03-16T16:52:39.8887914+08:00	0x05	-0.6845	-0.1128	0.7140	0.0949	163.14	272.16	1.78
2026-03-16T16:52:40.1660049+08:00	0x07	0.3921	0.6071	0.4867	-0.4907	359.57	258.24	282.64
2026-03-16T16:52:40.3341780+08:00	0x05	-0.6815	-0.1011	0.7167	0.1081	162.97	272.90	359.86
2026-03-16T16:52:40.5968986+08:00	0x07	0.4013	0.5991	0.4958	-0.4840	0.26	257.66	280.74
2026-03-16T16:52:40.8014078+08:00	0x05	-0.6787	-0.0949	0.7198	0.1109	163.23	273.49	359.20
2026-03-16T16:52:41.0644825+08:00	0x07	0.4022	0.5979	0.4960	-0.4845	0.14	257.92	280.63
2026-03-16T16:52:41.2635381+08:00	0x05	-0.6744	-0.0922	0.7256	0.1011	164.27	274.22	359.85
2026-03-16T16:52:41.4981182+08:00	0x07	0.3911	0.6051	0.4863	-0.4944	358.04	260.07	282.78
2026-03-16T16:52:41.6964846+08:00	0x05	-0.6785	-0.0824	0.7218	0.1089	164.39	273.76	358.35
2026-03-16T16:52:41.9634350+08:00	0x07	0.3937	0.6023	0.4892	-0.4928	357.88	260.29	282.21
2026-03-16T16:52:42.1641861+08:00	0x05	-0.6627	-0.0794	0.7368	0.1084	164.63	276.27	358.47
2026-03-16T16:52:42.3973752+08:00	0x07	0.3872	0.6091	0.4824	-0.4964	358.23	259.75	283.58
2026-03-16T16:52:42.5970377+08:00	0x05	-0.6568	-0.0785	0.7419	0.1095	164.59	277.17	358.43
2026-03-16T16:52:42.8643072+08:00	0x07	0.3849	0.6109	0.4800	-0.4982	358.12	259.86	284.06
2026-03-16T16:52:43.0652349+08:00	0x05	-0.6599	-0.0818	0.7392	0.1068	164.58	276.65	358.85
2026-03-16T16:52:43.3301531+08:00	0x07	0.3766	0.6152	0.4718	-0.5071	356.78	261.44	285.76
2026-03-16T16:52:43.5293450+08:00	0x05	-0.6651	-0.0944	0.7353	0.0899	165.06	275.59	1.10
2026-03-16T16:52:43.7622216+08:00	0x07	0.3690	0.6199	0.4645	-0.5135	356.23	262.05	287.26
2026-03-16T16:52:43.9672992+08:00	0x05	-0.6614	-0.0863	0.7384	0.0999	164.83	276.33	359.73
2026-03-16T16:52:44.2299465+08:00	0x07	0.3627	0.6237	0.4614	-0.5163	355.58	262.45	288.18
2026-03-16T16:52:44.4309375+08:00	0x05	-0.6613	-0.0896	0.7380	0.1004	164.53	276.28	359.97
2026-03-16T16:52:44.6635186+08:00	0x07	0.3537	0.6270	0.4571	-0.5223	354.16	263.72	289.49
2026-03-16T16:52:44.8652625+08:00	0x05	-0.6628	-0.0907	0.7364	0.1011	164.39	276.03	359.98
2026-03-16T16:52:45.1291850+08:00	0x07	0.3480	0.6291	0.4543	-0.5261	353.36	264.43	290.33
2026-03-16T16:52:45.3292750+08:00	0x05	-0.6634	-0.0989	0.7355	0.0963	164.16	275.76	1.01
2026-03-16T16:52:45.5640821+08:00	0x07	0.3347	0.6358	0.4436	-0.5356	352.62	265.14	292.68
2026-03-16T16:52:46.0289702+08:00	0x07	0.3254	0.6423	0.4347	-0.5410	352.73	264.90	294.43
2026-03-16T16:52:46.4634148+08:00	0x07	0.3060	0.6523	0.4170	-0.5540	352.30	265.32	297.99
2026-03-16T16:52:46.5643345+08:00	0x05	-0.6671	-0.1037	0.7314	0.0965	163.77	275.08	1.31
2026-03-16T16:52:46.9294732+08:00	0x07	0.3137	0.6438	0.4252	-0.5534	351.40	266.69	296.53
2026-03-16T16:52:47.0294363+08:00	0x05	-0.6661	-0.1135	0.7315	0.0909	163.47	274.99	2.57
2026-03-16T16:52:47.3641731+08:00	0x07	0.3109	0.6471	0.4198	-0.5553	352.00	266.14	297.30
2026-03-16T16:52:47.4289778+08:00	0x05	-0.6652	-0.0930	0.7333	0.1056	163.82	275.61	359.77
2026-03-16T16:52:47.8358413+08:00	0x05	-0.6617	-0.0902	0.7374	0.1016	164.38	276.21	359.92
2026-03-16T16:52:47.8358413+08:00	0x07	0.3049	0.6503	0.4155	-0.5582	351.83	266.17	298.27
2026-03-16T16:52:48.2641046+08:00	0x07	0.2958	0.6534	0.4099	-0.5635	351.23	266.66	299.65
2026-03-16T16:52:48.3298657+08:00	0x05	-0.6633	-0.0838	0.7366	0.1016	164.88	276.08	359.35
2026-03-16T16:52:48.7302573+08:00	0x07	0.2873	0.6572	0.4037	-0.5681	350.95	266.81	301.03
2026-03-16T16:52:48.8292678+08:00	0x05	-0.6651	-0.0866	0.7356	0.0946	165.26	275.75	0.09
2026-03-16T16:52:49.1969388+08:00	0x07	0.2849	0.6602	0.3993	-0.5687	351.45	266.27	301.64
2026-03-16T16:52:49.6290896+08:00	0x07	0.2709	0.6653	0.3882	-0.5774	350.95	266.73	303.97
2026-03-16T16:52:49.6640456+08:00	0x05	-0.6585	-0.0869	0.7408	0.1003	164.75	276.76	359.81
2026-03-16T16:52:49.8645852+08:00	0x05	-0.6609	-0.0893	0.7379	0.1032	164.32	276.34	359.73
2026-03-16T16:52:50.1006348+08:00	0x07	0.2638	0.6672	0.3845	-0.5809	350.48	267.06	304.96
2026-03-16T16:52:50.3304802+08:00	0x05	-0.6574	-0.0984	0.7412	0.0937	164.43	276.68	1.30
2026-03-16T16:52:50.5292371+08:00	0x07	0.2486	0.6732	0.3715	-0.5890	350.27	267.17	307.52
2026-03-16T16:52:50.7634591+08:00	0x05	-0.6587	-0.0992	0.7396	0.0958	164.19	276.46	1.17
2026-03-16T16:52:50.9976146+08:00	0x07	0.2353	0.6789	0.3609	-0.5945	350.11	267.07	309.66
2026-03-16T16:52:51.4287026+08:00	0x07	0.2203	0.6866	0.3437	-0.6016	350.54	266.62	312.52
2026-03-16T16:52:51.4640299+08:00	0x05	-0.6548	-0.1121	0.7414	0.0950	163.27	276.75	2.40
2026-03-16T16:52:51.8970393+08:00	0x07	0.2196	0.6859	0.3426	-0.6033	350.48	266.85	312.70
2026-03-16T16:52:52.0292713+08:00	0x05	-0.6496	-0.1075	0.7467	0.0943	163.69	277.65	2.18
2026-03-16T16:52:52.1632633+08:00	0x05	-0.6472	-0.0928	0.7497	0.1018	164.17	278.34	0.42
2026-03-16T16:52:52.3300295+08:00	0x07	0.2174	0.6857	0.3404	-0.6055	350.39	267.07	313.10
2026-03-16T16:52:52.5989397+08:00	0x05	-0.6449	-0.0776	0.7550	0.0896	166.38	278.98	0.09
2026-03-16T16:52:52.7968902+08:00	0x07	0.2108	0.6876	0.3350	-0.6087	350.25	267.17	314.16
2026-03-16T16:52:53.0644037+08:00	0x05	-0.6514	-0.0815	0.7506	0.0750	167.36	277.94	1.41
2026-03-16T16:52:53.2298070+08:00	0x07	0.2095	0.6882	0.3297	-0.6114	350.62	267.15	314.77
2026-03-16T16:52:53.5308773+08:00	0x05	-0.6482	-0.0778	0.7540	0.0721	167.90	278.49	1.36
2026-03-16T16:52:53.6972322+08:00	0x07	0.2030	0.6875	0.3293	-0.6146	349.84	267.77	315.38
2026-03-16T16:52:53.9655201+08:00	0x05	-0.6541	-0.0712	0.7482	0.0854	167.23	277.71	359.71
2026-03-16T16:52:54.1665534+08:00	0x07	0.2015	0.6847	0.3241	-0.6209	349.87	268.50	316.05
2026-03-16T16:52:54.5970427+08:00	0x07	0.2009	0.6876	0.3166	-0.6217	350.73	267.92	316.75
2026-03-16T16:52:55.0644295+08:00	0x07	0.1998	0.6822	0.3057	-0.6334	351.11	269.18	317.92
2026-03-16T16:52:55.1970592+08:00	0x05	-0.6455	-0.0834	0.7540	0.0882	166.07	278.78	0.68
2026-03-16T16:52:55.4970157+08:00	0x07	0.2113	0.6844	0.2801	-0.6392	354.77	268.03	319.19
2026-03-16T16:52:55.7293271+08:00	0x05	-0.6534	-0.0940	0.7471	0.0779	166.15	277.38	2.22
2026-03-16T16:52:55.9643459+08:00	0x07	0.1988	0.6914	0.2768	-0.6370	354.22	267.39	320.50
2026-03-16T16:52:56.0662610+08:00	0x05	-0.6593	-0.0911	0.7419	0.0809	166.10	276.55	1.63
2026-03-16T16:52:56.5632364+08:00	0x05	-0.6606	-0.0841	0.7403	0.0923	165.65	276.50	0.14
2026-03-16T16:52:56.8636505+08:00	0x07	0.1509	0.7066	0.2676	-0.6374	351.04	266.92	325.21
2026-03-16T16:52:57.1644125+08:00	0x05	-0.6560	-0.0916	0.7434	0.0935	164.98	277.05	0.78
2026-03-16T16:52:57.2968024+08:00	0x07	0.1380	0.7100	0.2642	-0.6380	350.26	266.83	326.55
2026-03-16T16:52:57.7422561+08:00	0x07	0.1272	0.7173	0.2534	-0.6365	350.52	265.87	328.30
2026-03-16T16:52:57.7751555+08:00	0x02	-0.3849	0.3715	0.1979	0.8214	3.58	46.96	308.80
2026-03-16T16:52:57.9084465+08:00	0x02	-0.3797	0.3735	0.2163	0.8183	6.50	45.93	308.47
2026-03-16T16:52:57.9094405+08:00	0x02	-0.3769	0.3810	0.2360	0.8106	8.97	45.94	307.74
2026-03-16T16:52:58.0083498+08:00	0x02	-0.3800	0.3959	0.2466	0.7988	8.97	48.21	306.65
2026-03-16T16:52:58.0424191+08:00	0x05	-0.6971	-0.0974	0.7009	0.1153	162.69	270.52	358.61
2026-03-16T16:52:58.1781155+08:00	0x02	-0.3878	0.4163	0.2477	0.7842	6.49	52.58	305.46
2026-03-16T16:52:58.2084173+08:00	0x07	0.1141	0.7051	0.2357	-0.6590	350.15	268.68	331.13
2026-03-16T16:52:58.2478353+08:00	0x02	-0.4157	0.4477	0.2364	0.7555	358.41	62.16	302.88
2026-03-16T16:52:58.4423985+08:00	0x01	-0.1762	-0.6973	0.2232	0.6579	32.76	268.01	4.55
2026-03-16T16:52:58.5092904+08:00	0x05	-0.7155	-0.0895	0.6800	0.1329	161.97	267.71	356.07
2026-03-16T16:52:58.5763412+08:00	0x02	-0.5860	0.2844	0.0626	0.7562	322.00	66.99	292.80
2026-03-16T16:52:58.6425994+08:00	0x02	-0.4023	0.4606	0.2424	0.7531	359.43	63.20	303.97
2026-03-16T16:52:58.6425994+08:00	0x01	-0.1718	-0.6881	0.2422	0.6621	34.08	269.66	6.08
2026-03-16T16:52:58.6425994+08:00	0x07	0.1114	0.7021	0.2231	-0.6670	350.84	269.31	332.49
2026-03-16T16:52:58.9102483+08:00	0x01	-0.1624	-0.6675	0.2542	0.6808	34.53	273.24	6.79
2026-03-16T16:52:58.9489988+08:00	0x05	-0.6783	-0.0704	0.7205	0.1260	163.88	274.02	356.02
2026-03-16T16:52:59.0156027+08:00	0x01	-0.1511	-0.6194	0.1935	0.7457	28.41	280.78	0.82
2026-03-16T16:52:59.0156027+08:00	0x01	-0.1557	-0.6463	0.2340	0.7094	32.35	276.68	4.68
2026-03-16T16:52:59.0792631+08:00	0x01	-0.1534	-0.6270	0.1961	0.7381	28.81	279.59	1.12
2026-03-16T16:52:59.0792631+08:00	0x02	-0.6009	0.1923	0.0085	0.7758	321.90	54.70	290.67
2026-03-16T16:52:59.1460221+08:00	0x01	-0.1492	-0.6345	0.2085	0.7291	29.60	278.65	2.69
2026-03-16T16:52:59.1460221+08:00	0x07	0.1112	0.7104	0.2276	-0.6566	350.82	267.78	332.00
2026-03-16T16:52:59.2103197+08:00	0x01	-0.1565	-0.6010	0.1909	0.7601	28.58	283.21	359.52
2026-03-16T16:52:59.2113701+08:00	0x01	-0.1513	-0.6223	0.2029	0.7407	29.28	280.35	1.63
2026-03-16T16:52:59.3113285+08:00	0x01	-0.1593	-0.5939	0.1831	0.7670	28.06	284.11	358.46
2026-03-16T16:52:59.4104919+08:00	0x01	-0.1544	-0.5919	0.1833	0.7696	27.70	284.58	358.82
2026-03-16T16:52:59.4780152+08:00	0x01	-0.1477	-0.5875	0.1830	0.7743	27.19	285.44	359.21
2026-03-16T16:52:59.5430924+08:00	0x02	-0.5795	0.1026	0.0327	0.8078	348.53	22.61	289.44
2026-03-16T16:52:59.5439309+08:00	0x07	0.0997	0.7235	0.2283	-0.6438	350.30	265.69	332.70
2026-03-16T16:52:59.5816220+08:00	0x01	-0.1428	-0.5830	0.1839	0.7784	26.92	286.23	359.55
2026-03-16T16:52:59.6813103+08:00	0x01	-0.1400	-0.5834	0.1836	0.7787	26.70	286.27	359.78
2026-03-16T16:52:59.7112789+08:00	0x05	-0.6112	-0.0088	0.7853	0.0979	170.48	284.72	353.92
2026-03-16T16:52:59.8081387+08:00	0x01	-0.1368	-0.5862	0.1825	0.7774	26.37	285.99	0.07
2026-03-16T16:52:59.8820036+08:00	0x05	-0.5992	-0.0483	0.7959	0.0717	170.09	286.09	359.49
2026-03-16T16:52:59.9074748+08:00	0x01	-0.1298	-0.5884	0.1861	0.7761	26.21	285.90	1.01
