timestamp	device	q0	q1	q2	q3	yaw	pitch	roll
2026-04-23T21:05:04.1291662+08:00	0x01	0.5194	-0.0947	-0.6508	0.5456	244.44	299.58	26.33
2026-04-23T21:05:04.2293978+08:00	0x07	-0.3073	-0.6336	0.3651	-0.6090	354.21	89.13	56.81
2026-04-23T21:05:04.3223831+08:00	0x06	-0.7436	-0.0241	0.6682	0.0044	177.61	263.86	1.47
2026-04-23T21:05:04.4344338+08:00	0x04	0.5848	-0.3320	-0.7263	0.1423	218.84	275.78	341.59
2026-04-23T21:05:04.6294573+08:00	0x02	-0.5059	-0.5015	0.6440	-0.2792	156.57	267.72	68.17
2026-04-23T21:05:04.7071693+08:00	0x01	0.5190	0.2046	-0.5295	0.6391	257.92	322.66	61.64
2026-04-23T21:05:04.7609646+08:00	0x07	-0.3192	-0.6323	0.3707	-0.6008	355.41	90.36	58.46
2026-04-23T21:05:04.9004913+08:00	0x06	-0.7433	-0.0195	0.6686	0.0052	177.95	263.92	1.05
2026-04-23T21:05:04.9303250+08:00	0x09	-0.7296	0.0899	0.6696	0.1059	179.36	265.18	344.04
2026-04-23T21:05:04.9695171+08:00	0x08	-0.7423	-0.0753	0.6591	-0.0944	180.74	263.29	13.85
2026-04-23T21:05:05.1490086+08:00	0x02	-0.5132	-0.4989	0.6446	-0.2689	155.19	266.45	66.80
2026-04-23T21:05:05.2251584+08:00	0x01	0.4136	0.2601	-0.5645	0.6652	272.18	346.97	57.57
2026-04-23T21:05:05.3031692+08:00	0x07	-0.3158	-0.6338	0.3657	-0.6040	355.56	90.30	57.68
2026-04-23T21:05:05.4555398+08:00	0x06	-0.7412	-0.0233	0.6708	0.0045	177.67	264.26	1.41
2026-04-23T21:05:05.5315686+08:00	0x04	0.5855	-0.3312	-0.7259	0.1433	218.86	275.74	341.76
2026-04-23T21:05:05.7244780+08:00	0x02	-0.3201	-0.4809	0.5220	-0.6275	305.77	39.02	64.67
2026-04-23T21:05:05.7550774+08:00	0x05	0.5119	0.4759	-0.5002	0.5110	224.17	311.49	88.03
2026-04-23T21:05:05.8394073+08:00	0x07	-0.3164	-0.6337	0.3693	-0.6017	355.29	90.35	58.07
2026-04-23T21:05:05.9084480+08:00	0x03	-0.3158	0.3729	0.4038	0.7734	39.35	31.63	307.85
2026-04-23T21:05:05.9399053+08:00	0x08	-0.7390	-0.0770	0.6628	-0.0932	180.58	263.85	13.88
2026-04-23T21:05:05.9776602+08:00	0x09	-0.7311	0.0881	0.6681	0.1070	179.16	264.96	344.09
2026-04-23T21:05:06.1553763+08:00	0x04	0.2519	-0.3553	-0.5695	-0.6971	69.96	18.56	310.90
2026-04-23T21:05:06.3190778+08:00	0x02	-0.2462	-0.4805	0.5235	-0.6591	306.09	42.01	55.85
2026-04-23T21:05:06.3974908+08:00	0x07	-0.3163	-0.6336	0.3677	-0.6027	355.41	90.32	57.92
2026-04-23T21:05:06.5261727+08:00	0x08	-0.7392	-0.0759	0.6625	-0.0943	180.75	263.83	13.89
2026-04-23T21:05:06.5581099+08:00	0x06	-0.7403	-0.0249	0.6718	0.0027	177.68	264.42	1.68
2026-04-23T21:05:06.7033446+08:00	0x09	-0.7313	0.0878	0.6683	0.1040	179.36	264.93	344.37
2026-04-23T21:05:06.7881171+08:00	0x04	0.2084	-0.3535	-0.5403	-0.7347	63.01	23.92	316.52
2026-04-23T21:05:06.8339974+08:00	0x02	-0.2255	-0.4869	0.5198	-0.6647	307.20	44.23	53.70
2026-04-23T21:05:06.9186008+08:00	0x03	-0.3015	0.3807	0.4092	0.7725	39.80	32.86	308.98
2026-04-23T21:05:07.1193355+08:00	0x08	-0.7368	-0.0732	0.6658	-0.0916	180.83	264.30	13.44
2026-04-23T21:05:07.1959504+08:00	0x06	-0.7394	-0.0244	0.6729	0.0041	177.62	264.58	1.53
2026-04-23T21:05:07.2275780+08:00	0x04	0.2000	-0.3530	-0.5376	-0.7392	62.37	24.58	317.54
2026-04-23T21:05:07.4057084+08:00	0x02	-0.2265	-0.4874	0.5266	-0.6587	305.93	43.69	54.26
2026-04-23T21:05:07.4501298+08:00	0x07	-0.3138	-0.6302	0.3620	-0.6110	355.05	89.08	57.11
2026-04-23T21:05:07.5061805+08:00	0x03	-0.2998	0.3886	0.3888	0.7797	35.77	35.74	309.68
2026-04-23T21:05:07.6366152+08:00	0x08	-0.7300	-0.1071	0.6569	-0.1553	182.94	264.52	21.56
2026-04-23T21:05:07.7526959+08:00	0x09	-0.7376	0.0539	0.6729	0.0143	183.48	264.58	354.63
2026-04-23T21:05:07.8791206+08:00	0x02	-0.2589	-0.4952	0.5266	-0.6407	306.64	43.93	58.57
2026-04-23T21:05:07.9919721+08:00	0x01	0.3736	0.2965	-0.5688	0.6701	277.78	357.10	56.92
2026-04-23T21:05:08.0250207+08:00	0x07	-0.3588	-0.6400	0.3842	-0.5605	3.65	99.84	63.36
2026-04-23T21:05:08.0717484+08:00	0x06	-0.5370	-0.0535	0.8374	0.0863	168.35	294.68	359.82
2026-04-23T21:05:08.1983130+08:00	0x08	-0.6954	-0.1796	0.6454	-0.2600	186.12	267.75	36.41
2026-04-23T21:05:08.3360983+08:00	0x04	0.1990	-0.3587	-0.5278	-0.7438	60.48	25.99	317.58
2026-04-23T21:05:08.4606753+08:00	0x05	0.5747	-0.4313	-0.5687	-0.4003	187.48	263.97	288.07
2026-04-23T21:05:08.5214207+08:00	0x07	-0.3574	-0.6397	0.3835	-0.5620	3.33	99.45	63.19
2026-04-23T21:05:08.6291607+08:00	0x03	-0.3582	0.3465	0.4056	0.7662	42.02	25.54	303.90
2026-04-23T21:05:08.6856677+08:00	0x06	-0.5437	-0.0526	0.8334	0.0839	168.63	293.78	359.80
2026-04-23T21:05:08.7679728+08:00	0x09	-0.7583	0.1140	0.6408	0.0362	187.42	259.64	348.41
2026-04-23T21:05:08.8680173+08:00	0x04	0.2487	-0.3559	-0.5545	-0.7100	66.82	20.23	311.60
2026-04-23T21:05:08.9370958+08:00	0x05	0.5806	-0.3404	-0.6704	-0.3125	177.63	279.44	304.99
2026-04-23T21:05:09.0368125+08:00	0x01	0.4426	0.2590	-0.6162	0.5978	253.41	333.55	58.03
2026-04-23T21:05:09.0682258+08:00	0x02	-0.3594	-0.4514	0.5638	-0.5910	287.23	21.00	69.02
2026-04-23T21:05:09.1840666+08:00	0x06	-0.1541	-0.0165	0.9769	0.1470	163.00	342.19	359.26
2026-04-23T21:05:09.3041304+08:00	0x09	-0.7833	0.1437	0.6020	0.0585	189.24	253.84	344.65
2026-04-23T21:05:09.4762850+08:00	0x04	0.3637	-0.3818	-0.5580	-0.6408	75.55	10.63	296.85
2026-04-23T21:05:09.5450866+08:00	0x01	0.4310	0.2511	-0.6310	0.5942	252.53	333.95	56.00
2026-04-23T21:05:09.6588242+08:00	0x07	-0.0098	-0.3121	0.4942	-0.8113	302.72	31.68	18.92
2026-04-23T21:05:09.7499904+08:00	0x06	-0.1495	-0.0034	0.9809	0.1245	165.80	342.89	358.25
2026-04-23T21:05:09.8510328+08:00	0x08	-0.6966	-0.1775	0.6459	-0.2569	186.00	267.63	35.96
2026-04-23T21:05:09.8770120+08:00	0x09	-0.7754	0.1436	0.6123	0.0564	189.16	255.37	344.74
2026-04-23T21:05:09.9653807+08:00	0x04	0.3649	-0.3728	-0.5533	-0.6494	74.80	9.99	297.57
2026-04-23T21:05:10.1239107+08:00	0x01	0.3894	0.2895	-0.6073	0.6291	265.66	348.39	57.30
2026-04-23T21:05:10.1884523+08:00	0x07	0.0743	-0.1978	0.2076	-0.9551	334.74	24.16	356.57
2026-04-23T21:05:10.2499627+08:00	0x03	-0.4186	0.3791	0.3769	0.7342	32.85	33.66	295.79
2026-04-23T21:05:10.2743528+08:00	0x06	-0.1793	-0.0046	0.9776	0.1104	167.43	339.41	358.25
2026-04-23T21:05:10.3660422+08:00	0x08	-0.6331	0.1497	0.7554	0.0783	184.33	279.34	341.02
2026-04-23T21:05:10.4581910+08:00	0x04	0.3704	-0.3698	-0.5719	-0.6316	80.95	5.50	297.01
2026-04-23T21:05:10.6429565+08:00	0x01	0.3453	0.3632	-0.6817	0.5331	250.58	350.48	59.70
2026-04-23T21:05:10.7340059+08:00	0x07	0.0913	-0.1862	0.1091	-0.9722	345.61	22.68	352.13
2026-04-23T21:05:10.7899053+08:00	0x03	-0.4173	0.3747	0.3973	0.7264	38.20	29.84	295.32
2026-04-23T21:05:10.8429312+08:00	0x06	-0.2400	-0.0168	0.9628	0.1232	165.80	332.20	358.46
2026-04-23T21:05:10.9533688+08:00	0x08	-0.6163	0.1894	0.7533	0.1300	182.40	280.86	333.54
2026-04-23T21:05:11.1279460+08:00	0x09	-0.7552	0.1514	0.6335	0.0740	188.13	258.72	342.33
2026-04-23T21:05:11.1428994+08:00	0x01	0.3898	0.2576	-0.7252	0.5057	236.26	331.58	50.16
2026-04-23T21:05:11.2430194+08:00	0x02	-0.3565	-0.4528	0.5628	-0.5926	288.09	21.96	68.77
2026-04-23T21:05:11.3050178+08:00	0x07	-0.0011	-0.6522	0.0548	-0.7561	355.31	81.39	4.20
2026-04-23T21:05:11.4203470+08:00	0x06	-0.6453	-0.0513	0.7621	-0.0157	177.56	279.37	5.64
2026-04-23T21:05:11.4594217+08:00	0x08	-0.6072	0.2483	0.7282	0.1984	180.91	280.06	322.94
2026-04-23T21:05:11.5233976+08:00	0x04	0.3752	-0.4622	-0.4702	-0.6515	43.90	40.59	292.54
2026-04-23T21:05:11.6438305+08:00	0x05	0.5773	-0.2780	-0.7389	-0.2084	180.98	283.63	319.35
2026-04-23T21:05:11.6974821+08:00	0x01	0.5608	0.1779	-0.7265	0.3551	204.81	294.09	41.05
2026-04-23T21:05:11.8126023+08:00	0x07	0.0017	-0.6408	0.0553	-0.7657	355.00	79.67	3.91
2026-04-23T21:05:11.8593967+08:00	0x02	-0.6138	-0.4732	0.4502	-0.4435	131.18	213.45	76.04
2026-04-23T21:05:12.0595566+08:00	0x08	-0.6966	0.2137	0.6653	0.1628	185.42	265.88	329.26
2026-04-23T21:05:12.3181092+08:00	0x01	0.5346	0.3278	-0.5816	0.5182	225.47	307.11	69.28
2026-04-23T21:05:12.3557703+08:00	0x07	0.2381	-0.6483	-0.2075	-0.6929	358.49	86.69	323.21
2026-04-23T21:05:12.4045155+08:00	0x06	-0.7274	-0.1283	0.6729	-0.0400	172.16	264.63	13.35
2026-04-23T21:05:12.6342359+08:00	0x08	-0.7153	0.0694	0.6809	0.1412	174.41	268.03	342.75
2026-04-23T21:05:12.6613004+08:00	0x04	0.4239	-0.3960	-0.6583	-0.4797	127.40	331.41	291.85
2026-04-23T21:05:12.8748075+08:00	0x01	0.2298	0.4697	-0.7634	0.3790	233.21	0.66	63.06
2026-04-23T21:05:12.9466689+08:00	0x07	0.4140	-0.5641	-0.3378	-0.6295	354.43	87.25	295.53
2026-04-23T21:05:12.9718684+08:00	0x06	-0.7473	-0.0697	0.6601	-0.0312	176.35	262.66	7.97
2026-04-23T21:05:13.1604255+08:00	0x08	-0.7480	0.1150	0.6426	0.1194	181.13	261.14	340.95
2026-04-23T21:05:13.1883312+08:00	0x09	-0.7245	0.1004	0.6642	0.1543	176.35	265.70	339.08
2026-04-23T21:05:13.2070424+08:00	0x04	0.3652	-0.4515	-0.6218	-0.5255	97.05	3.58	289.03
2026-04-23T21:05:13.3710344+08:00	0x01	0.2398	0.4665	-0.7597	0.3843	233.21	359.26	63.27
2026-04-23T21:05:13.5110557+08:00	0x07	0.4748	-0.5179	-0.4297	-0.5672	358.62	85.95	280.36
2026-04-23T21:05:13.6480060+08:00	0x06	-0.7467	-0.0715	0.6605	-0.0314	176.22	262.72	8.13
2026-04-23T21:05:13.6953127+08:00	0x09	-0.7366	0.0993	0.6542	0.1404	177.73	263.61	340.32
2026-04-23T21:05:13.8339985+08:00	0x04	0.3726	-0.4430	-0.6425	-0.5021	108.16	354.12	289.36
2026-04-23T21:05:13.9640002+08:00	0x01	0.0940	0.3816	-0.8508	0.3489	228.28	8.75	45.63
2026-04-23T21:05:14.0213033+08:00	0x07	0.5133	-0.4958	-0.4808	-0.5095	299.33	148.02	271.26
2026-04-23T21:05:14.0654438+08:00	0x03	-0.4059	0.4381	0.4070	0.6911	31.40	43.82	293.41
2026-04-23T21:05:14.3105314+08:00	0x04	0.3865	-0.4378	-0.6449	-0.4930	113.68	348.14	288.95
2026-04-23T21:05:14.5500559+08:00	0x03	-0.4041	0.4406	0.3997	0.6948	29.39	45.42	293.96
