timestamp	device	q0	q1	q2	q3	yaw	pitch	roll
2026-05-15T16:31:44.5599067+08:00	0x06	-0.7433	0.0913	0.6591	0.0690	182.63	262.83	347.12
2026-05-15T16:31:44.9923358+08:00	0x07	-0.6631	-0.2463	0.6803	-0.1919	175.35	269.94	36.13
2026-05-15T16:31:45.0920990+08:00	0x06	-0.7427	0.0910	0.6598	0.0689	182.60	262.94	347.14
2026-05-15T16:31:45.5632811+08:00	0x06	-0.7423	0.0920	0.6601	0.0695	182.64	262.99	347.03
2026-05-15T16:31:46.0602980+08:00	0x07	-0.6635	-0.2460	0.6800	-0.1917	175.33	269.88	36.09
2026-05-15T16:31:46.0923487+08:00	0x06	-0.7428	0.0934	0.6592	0.0703	182.71	262.87	346.85
2026-05-15T16:31:46.6630353+08:00	0x06	-0.7430	0.0945	0.6587	0.0713	182.74	262.80	346.68
2026-05-15T16:31:47.2273888+08:00	0x06	-0.7419	0.0936	0.6608	0.0645	183.16	263.03	347.33
2026-05-15T16:31:47.7266947+08:00	0x07	-0.7254	-0.2259	0.6382	-0.1245	168.98	259.93	27.97
2026-05-15T16:31:47.7456478+08:00	0x06	-0.6237	0.1026	0.7726	0.0596	182.12	281.92	346.53
2026-05-15T16:31:48.2606785+08:00	0x07	-0.6586	-0.3512	0.6644	-0.0393	151.32	262.33	31.22
2026-05-15T16:31:48.8091850+08:00	0x07	-0.6609	-0.3476	0.6639	-0.0419	151.86	262.28	31.12
2026-05-15T16:31:49.3442680+08:00	0x07	-0.7108	-0.5670	0.4103	0.0707	111.88	225.43	21.40
2026-05-15T16:31:49.4098030+08:00	0x06	-0.4724	-0.0299	0.8803	0.0306	175.28	303.50	1.36
2026-05-15T16:31:49.8768460+08:00	0x07	-0.7628	-0.5468	0.3193	0.1314	111.82	219.63	8.55
2026-05-15T16:31:49.9770746+08:00	0x06	-0.4879	-0.0315	0.8722	-0.0122	179.46	301.54	3.84
2026-05-15T16:31:50.4161452+08:00	0x07	-0.7835	-0.5309	0.2903	0.1415	113.43	217.40	4.96
2026-05-15T16:31:50.5100610+08:00	0x06	-0.4882	-0.0426	0.8705	-0.0455	182.17	301.56	6.81
2026-05-15T16:31:50.9963680+08:00	0x07	-0.8278	-0.4684	0.2695	0.1509	121.04	215.98	0.15
2026-05-15T16:31:51.5271892+08:00	0x07	-0.8407	-0.4481	0.2623	0.1535	123.47	215.37	358.69
2026-05-15T16:31:51.5451625+08:00	0x06	-0.4854	-0.0416	0.8714	-0.0573	183.43	301.98	7.36
2026-05-15T16:31:52.0663693+08:00	0x07	-0.8528	-0.3873	0.2823	0.2076	128.28	220.41	352.22
2026-05-15T16:31:52.6152768+08:00	0x07	-0.9049	-0.2863	0.1685	0.2661	138.80	209.71	337.35
2026-05-15T16:31:53.1489328+08:00	0x07	-0.9037	-0.2895	0.1720	0.2645	138.43	210.09	337.76
2026-05-15T16:31:53.1632524+08:00	0x06	-0.4362	-0.0999	0.8903	-0.0846	183.76	308.28	14.58
2026-05-15T16:31:53.7466135+08:00	0x06	-0.4510	-0.0900	0.8820	-0.1025	185.91	306.59	14.55
2026-05-15T16:31:54.2109143+08:00	0x07	-0.9538	0.0273	0.0433	0.2959	181.84	184.62	325.47
2026-05-15T16:31:54.8167176+08:00	0x07	-0.8580	0.4381	-0.0846	0.2544	238.53	156.74	338.75
2026-05-15T16:31:54.8357932+08:00	0x06	-0.4650	-0.1019	0.8684	-0.1389	188.85	305.05	17.83
2026-05-15T16:31:55.2961838+08:00	0x06	-0.4598	-0.1090	0.8686	-0.1492	189.68	305.84	19.06
2026-05-15T16:31:55.8615083+08:00	0x06	-0.4587	-0.1138	0.8673	-0.1562	190.20	306.05	19.92
2026-05-15T16:31:55.8804139+08:00	0x07	-0.7572	0.5983	-0.1360	0.2242	259.25	151.19	349.81
2026-05-15T16:31:56.3814644+08:00	0x06	-0.4553	-0.1236	0.8657	-0.1675	190.99	306.61	21.50
2026-05-15T16:31:56.9499312+08:00	0x07	-0.5914	0.7603	-0.1891	0.1912	283.27	148.98	3.52
2026-05-15T16:31:56.9628932+08:00	0x06	-0.4460	-0.1324	0.8688	-0.1694	190.99	307.84	22.40
2026-05-15T16:31:57.4890077+08:00	0x06	-0.4456	-0.1191	0.8745	-0.1498	189.54	307.68	19.98
2026-05-15T16:31:57.5448807+08:00	0x07	-0.4811	0.8230	-0.2308	0.1946	296.02	146.44	11.11
2026-05-15T16:31:58.0461183+08:00	0x06	-0.4467	-0.1128	0.8766	-0.1392	188.70	307.44	18.79
2026-05-15T16:31:58.1394606+08:00	0x07	-0.4397	0.8425	-0.2458	0.1909	300.54	146.29	14.26
2026-05-15T16:31:58.6179705+08:00	0x07	-0.4263	0.8496	-0.2454	0.1903	302.25	146.58	14.76
2026-05-15T16:31:58.6299738+08:00	0x06	-0.4494	-0.1080	0.8767	-0.1331	188.24	307.03	18.00
2026-05-15T16:31:59.1476100+08:00	0x06	-0.4471	-0.0860	0.8842	-0.1046	186.40	307.15	14.21
2026-05-15T16:31:59.7125363+08:00	0x06	-0.4569	-0.0786	0.8806	-0.0985	185.99	305.85	13.20
2026-05-15T16:32:00.2657389+08:00	0x07	-0.8252	0.4836	-0.0352	0.2896	246.00	157.82	333.65
2026-05-15T16:32:00.8204072+08:00	0x07	-0.8169	0.4981	-0.0421	0.2879	248.03	156.83	334.63
2026-05-15T16:32:01.3849116+08:00	0x06	-0.4749	-0.0483	0.8758	-0.0712	184.58	303.42	8.75
2026-05-15T16:32:01.4034402+08:00	0x07	-0.9200	0.2722	0.0397	0.2792	214.53	174.63	327.63
2026-05-15T16:32:01.9518042+08:00	0x06	-0.4722	-0.0584	0.8755	-0.0841	185.38	303.82	10.47
2026-05-15T16:32:02.4845897+08:00	0x07	-0.9572	0.0822	0.0935	0.2612	187.28	189.14	328.97
2026-05-15T16:32:05.4830666+08:00	0x07	-0.9505	-0.1272	0.1497	0.2408	159.77	202.40	335.18
2026-05-15T16:32:05.4830666+08:00	0x07	-0.9370	-0.2018	0.1691	0.2296	150.73	206.06	338.78
2026-05-15T16:32:05.4830666+08:00	0x07	-0.9241	-0.2531	0.1830	0.2203	144.71	208.28	341.67
2026-05-15T16:32:05.4830666+08:00	0x06	-0.4365	-0.0777	0.8928	-0.0794	184.34	308.35	12.01
2026-05-15T16:32:05.4830666+08:00	0x07	-0.9004	-0.2700	0.2508	0.2313	141.12	216.93	343.67
2026-05-15T16:32:05.4830666+08:00	0x06	-0.5589	-0.0529	0.8219	-0.0966	185.83	292.14	11.24
2026-05-15T16:32:05.4830666+08:00	0x07	-0.7751	-0.2306	0.5873	0.0338	155.99	251.60	12.62
2026-05-15T16:32:05.7299437+08:00	0x07	-0.7276	0.0570	0.6736	0.1169	175.59	266.13	345.71
2026-05-15T16:32:06.2852842+08:00	0x07	-0.7251	0.0233	0.6854	0.0620	177.04	266.96	353.00
2026-05-15T16:32:06.8205942+08:00	0x07	-0.7104	-0.0094	0.7036	0.0142	178.09	269.45	359.60
2026-05-15T16:32:06.9030037+08:00	0x06	-0.5950	-0.0277	0.7925	-0.1311	190.28	287.25	11.53
2026-05-15T16:32:16.5185007+08:00	0x07	-0.7080	0.0099	0.7059	0.0200	179.19	269.85	357.57
2026-05-15T16:32:16.5185007+08:00	0x06	-0.5942	-0.0273	0.7936	-0.1278	190.01	287.35	11.26
2026-05-15T16:32:16.5185007+08:00	0x07	-0.6893	-0.1121	0.7067	-0.1131	180.32	271.48	18.32
2026-05-15T16:32:16.5185007+08:00	0x06	-0.6001	-0.0155	0.7914	-0.1154	189.58	286.44	9.38
2026-05-15T16:32:16.5185007+08:00	0x06	-0.6021	-0.0142	0.7897	-0.1168	189.77	286.16	9.39
2026-05-15T16:32:16.5185007+08:00	0x07	-0.6690	-0.1983	0.6863	-0.2052	181.13	271.80	33.14
2026-05-15T16:32:16.5185007+08:00	0x07	-0.6553	-0.2402	0.6710	-0.2503	181.59	271.95	40.57
2026-05-15T16:32:16.5185007+08:00	0x06	-0.6033	-0.0142	0.7887	-0.1177	189.84	285.99	9.47
2026-05-15T16:32:16.5185007+08:00	0x06	-0.6031	-0.0139	0.7883	-0.1209	190.15	286.03	9.66
2026-05-15T16:32:16.5185007+08:00	0x06	-0.6053	-0.0132	0.7867	-0.1202	190.11	285.70	9.57
2026-05-15T16:32:16.5185007+08:00	0x07	-0.6557	-0.2389	0.6715	-0.2489	181.58	271.94	40.34
2026-05-15T16:32:16.5185007+08:00	0x07	-0.6226	-0.3181	0.6335	-0.3316	182.38	272.22	54.67
2026-05-15T16:32:16.5185007+08:00	0x06	-0.6053	-0.0141	0.7865	-0.1217	190.19	285.71	9.76
2026-05-15T16:32:16.5185007+08:00	0x07	-0.6099	-0.3404	0.6205	-0.3566	183.05	272.72	59.02
2026-05-15T16:32:16.5185007+08:00	0x06	-0.6061	-0.0119	0.7859	-0.1219	190.35	285.59	9.58
2026-05-15T16:32:16.5185007+08:00	0x07	-0.5908	-0.3740	0.5989	-0.3903	183.53	273.05	65.40
2026-05-15T16:32:16.5185007+08:00	0x07	-0.5878	-0.3794	0.5957	-0.3946	183.43	273.00	66.33
2026-05-15T16:32:16.5185007+08:00	0x06	-0.6035	-0.0102	0.7887	-0.1165	189.99	285.94	9.01
2026-05-15T16:32:16.5185007+08:00	0x06	-0.6038	-0.0074	0.7893	-0.1110	189.68	285.88	8.39
2026-05-15T16:32:16.5185007+08:00	0x07	-0.5813	-0.3900	0.5900	-0.4023	183.29	273.08	68.12
2026-05-15T16:32:16.5185007+08:00	0x07	-0.5812	-0.3899	0.5921	-0.3994	183.01	273.09	67.82
2026-05-15T16:32:16.5194982+08:00	0x07	-0.5758	-0.3974	0.5870	-0.4074	183.36	273.42	69.34
2026-05-15T16:32:16.5194982+08:00	0x06	-0.6036	-0.0042	0.7905	-0.1038	189.23	285.89	7.57
2026-05-15T16:32:16.5194982+08:00	0x06	-0.6043	-0.0031	0.7899	-0.1047	189.39	285.79	7.55
2026-05-15T16:32:16.5194982+08:00	0x07	-0.5748	-0.3998	0.5841	-0.4105	183.33	273.25	69.89
2026-05-15T16:32:16.5194982+08:00	0x07	-0.5744	-0.4027	0.5811	-0.4127	182.90	272.71	70.39
2026-05-15T16:32:16.5831483+08:00	0x06	-0.5515	0.0116	0.8282	-0.0987	190.19	293.14	5.14
2026-05-15T16:32:16.6335563+08:00	0x07	-0.5731	-0.4101	0.5755	-0.4149	181.33	271.19	71.38
2026-05-15T16:32:17.0997691+08:00	0x06	-0.3651	-0.1655	0.8828	-0.2451	200.71	320.30	28.11
2026-05-15T16:32:17.2154208+08:00	0x07	-0.5732	-0.4099	0.5756	-0.4148	181.38	271.24	71.35
2026-05-15T16:32:17.6880530+08:00	0x06	-0.3831	-0.1661	0.8772	-0.2369	199.11	317.66	28.22
2026-05-15T16:32:17.7498102+08:00	0x07	-0.3498	-0.7651	0.4909	-0.2265	48.86	179.57	65.45
2026-05-15T16:32:18.1928876+08:00	0x06	-0.4012	-0.1739	0.8552	-0.2782	203.20	316.33	31.38
2026-05-15T16:32:18.2366646+08:00	0x07	-0.4380	-0.8079	0.3943	0.0004	66.67	206.67	39.55
2026-05-15T16:32:18.7833575+08:00	0x06	-0.3968	-0.1758	0.8537	-0.2879	204.51	317.25	31.91
2026-05-15T16:32:18.8169585+08:00	0x07	-0.3706	-0.8497	0.3747	-0.0172	54.23	199.08	40.51
2026-05-15T16:32:19.2332952+08:00	0x06	-0.3923	-0.1783	0.8534	-0.2934	205.27	318.05	32.31
2026-05-15T16:32:19.3746658+08:00	0x07	-0.2449	-0.8958	0.3651	-0.0659	32.48	184.79	43.34
2026-05-15T16:32:19.8731733+08:00	0x06	-0.3878	-0.1837	0.8486	-0.3093	207.30	319.24	33.49
2026-05-15T16:32:19.9505726+08:00	0x07	-0.0875	-0.9238	0.3501	-0.1282	5.56	166.34	42.01
2026-05-15T16:32:24.9262263+08:00	0x06	-0.3862	-0.1867	0.8462	-0.3162	208.16	319.73	34.07
2026-05-15T16:32:24.9262263+08:00	0x07	0.0663	-0.9256	0.3232	-0.1856	342.76	151.85	35.01
2026-05-15T16:32:24.9262263+08:00	0x07	0.1737	-0.9116	0.2999	-0.2212	329.39	144.90	28.03
2026-05-15T16:32:24.9262263+08:00	0x06	-0.3836	-0.1972	0.8380	-0.3343	210.34	320.86	35.95
2026-05-15T16:32:24.9272222+08:00	0x06	-0.3813	-0.1976	0.8377	-0.3375	210.85	321.31	36.04
2026-05-15T16:32:24.9272222+08:00	0x06	-0.3689	-0.1931	0.8510	-0.3199	209.15	322.32	34.38
2026-05-15T16:32:24.9272222+08:00	0x07	0.0743	-0.8841	0.3076	-0.3438	336.79	131.30	29.53
2026-05-15T16:32:24.9272222+08:00	0x06	-0.4372	-0.1110	0.8568	-0.2498	201.27	310.53	24.12
2026-05-15T16:32:24.9272222+08:00	0x07	0.0795	-0.8850	0.3069	-0.3410	336.34	131.59	29.28
2026-05-15T16:32:24.9272222+08:00	0x06	-0.4352	-0.1135	0.8569	-0.2520	201.46	310.85	24.45
2026-05-15T16:32:24.9272222+08:00	0x07	-0.5837	-0.4891	0.4929	-0.4208	136.98	225.68	76.77
2026-05-15T16:32:24.9272222+08:00	0x06	-0.6172	0.0242	0.7854	-0.0412	185.43	283.71	0.74
2026-05-15T16:32:24.9272222+08:00	0x07	-0.4981	-0.5109	0.4632	-0.5257	16.37	103.52	85.54
2026-05-15T16:32:24.9272222+08:00	0x06	-0.6183	0.0338	0.7846	-0.0311	185.20	283.49	359.16
2026-05-15T16:32:24.9272222+08:00	0x07	-0.4074	-0.5774	0.3792	-0.5974	2.61	89.80	67.61
2026-05-15T16:32:24.9272222+08:00	0x06	-0.6171	0.0375	0.7854	-0.0308	185.43	283.63	358.80
2026-05-15T16:32:24.9853785+08:00	0x07	-0.3137	-0.6281	0.2878	-0.6513	1.72	88.73	50.37
2026-05-15T16:32:25.1680541+08:00	0x06	-0.6183	0.0414	0.7844	-0.0261	185.29	283.43	358.12
2026-05-15T16:32:25.4042740+08:00	0x07	-0.2864	-0.6403	0.2624	-0.6627	1.55	88.68	45.69
2026-05-15T16:32:25.7542332+08:00	0x06	-0.6201	0.0435	0.7829	-0.0240	185.26	283.14	357.80
2026-05-15T16:32:25.9594099+08:00	0x07	-0.2629	-0.6486	0.2394	-0.6729	1.45	88.44	41.64
2026-05-15T16:32:26.3183564+08:00	0x06	-0.6201	0.0480	0.7829	-0.0164	184.90	283.10	356.86
2026-05-15T16:32:26.5016812+08:00	0x07	-0.2416	-0.6559	0.2225	-0.6797	1.05	88.32	38.34
2026-05-15T16:32:52.7932337+08:00	0x06	-0.6209	0.0503	0.7822	-0.0108	184.56	282.96	356.26
2026-05-15T16:32:52.7932337+08:00	0x07	-0.2272	-0.6612	0.2100	-0.6834	0.95	88.42	36.04
2026-05-15T16:32:52.7932337+08:00	0x06	-0.6226	0.0579	0.7804	-0.0029	184.41	282.64	355.02
2026-05-15T16:32:52.7932337+08:00	0x07	-0.2162	-0.6678	0.2007	-0.6834	1.00	88.98	34.30
2026-05-15T16:32:52.7932337+08:00	0x06	-0.6263	0.0684	0.7765	0.0110	183.96	281.98	353.11
2026-05-15T16:32:52.7932337+08:00	0x07	-0.2116	-0.6699	0.1999	-0.6830	0.72	89.11	33.84
2026-05-15T16:32:52.7932337+08:00	0x06	-0.6274	0.0719	0.7752	0.0164	183.75	281.78	352.41
2026-05-15T16:32:52.7932337+08:00	0x07	-0.2037	-0.6723	0.1936	-0.6848	0.60	89.12	32.64
2026-05-15T16:32:52.7932337+08:00	0x06	-0.6320	0.0626	0.7725	0.0036	184.24	281.21	354.19
2026-05-15T16:32:52.7932337+08:00	0x07	-0.2181	-0.6613	0.2033	-0.6884	0.60	87.89	34.69
2026-05-15T16:32:52.7932337+08:00	0x06	-0.6346	0.0736	0.7691	0.0177	183.83	280.69	352.21
2026-05-15T16:32:52.7932337+08:00	0x07	-0.2314	-0.6577	0.2207	-0.6821	0.24	87.99	37.30
2026-05-15T16:32:52.7932337+08:00	0x06	-0.6357	0.0670	0.7689	0.0109	183.95	280.60	353.29
2026-05-15T16:32:52.7932337+08:00	0x07	-0.2356	-0.6535	0.2254	-0.6832	0.00	87.45	38.06
2026-05-15T16:32:52.7932337+08:00	0x06	-0.6315	0.0772	0.7708	0.0346	182.57	281.14	350.63
2026-05-15T16:32:52.7932337+08:00	0x07	-0.2465	-0.6514	0.2539	-0.6712	358.50	87.72	41.42
2026-05-15T16:32:52.7932337+08:00	0x06	-0.6325	0.0776	0.7699	0.0360	182.48	280.99	350.50
2026-05-15T16:32:52.7932337+08:00	0x07	-0.2413	-0.6536	0.2512	-0.6720	358.32	87.79	40.74
2026-05-15T16:32:52.7932337+08:00	0x06	-0.6424	0.0878	0.7590	0.0598	181.28	279.38	347.87
2026-05-15T16:32:52.7932337+08:00	0x07	-0.2422	-0.6383	0.2682	-0.6797	355.71	84.74	42.20
2026-05-15T16:32:52.7932337+08:00	0x06	-0.6422	0.1085	0.7539	0.0868	180.50	279.08	344.04
2026-05-15T16:32:52.7932337+08:00	0x06	-0.6404	0.1134	0.7541	0.0911	180.47	279.25	343.28
2026-05-15T16:32:52.7932337+08:00	0x07	-0.2529	-0.6348	0.2843	-0.6726	355.07	84.67	44.51
2026-05-15T16:32:52.7932337+08:00	0x06	-0.6397	0.1154	0.7541	0.0936	180.39	279.33	342.91
2026-05-15T16:32:52.7932337+08:00	0x07	-0.2521	-0.6360	0.2833	-0.6720	355.18	84.88	44.37
2026-05-15T16:32:52.7932337+08:00	0x06	-0.6403	0.1172	0.7529	0.0969	180.25	279.20	342.51
2026-05-15T16:32:52.7942288+08:00	0x07	-0.2511	-0.6370	0.2824	-0.6719	355.23	85.00	44.21
2026-05-15T16:32:52.7942288+08:00	0x06	-0.6432	0.1166	0.7511	0.0922	180.69	278.75	342.92
2026-05-15T16:32:52.7942288+08:00	0x07	-0.2483	-0.6376	0.2775	-0.6744	355.44	84.96	43.53
2026-05-15T16:32:52.7942288+08:00	0x06	-0.6423	0.1166	0.7521	0.0903	180.84	278.88	343.06
2026-05-15T16:32:52.7942288+08:00	0x07	-0.2486	-0.6370	0.2756	-0.6756	355.61	84.89	43.40
2026-05-15T16:32:52.7942288+08:00	0x06	-0.6400	0.1178	0.7537	0.0919	180.74	279.21	342.83
2026-05-15T16:32:52.7942288+08:00	0x07	-0.2475	-0.6366	0.2742	-0.6770	355.58	84.73	43.17
2026-05-15T16:32:52.7942288+08:00	0x06	-0.6404	0.1152	0.7543	0.0872	180.96	279.20	343.41
2026-05-15T16:32:52.7942288+08:00	0x07	-0.2484	-0.6404	0.2707	-0.6744	356.31	85.58	42.99
2026-05-15T16:32:52.7942288+08:00	0x06	-0.6374	0.0992	0.7609	0.0704	181.14	279.96	346.07
2026-05-15T16:32:52.7942288+08:00	0x07	-0.2374	-0.6440	0.2588	-0.6797	356.49	85.60	41.00
2026-05-15T16:32:52.7942288+08:00	0x06	-0.6381	0.0909	0.7620	0.0629	181.18	279.98	347.36
2026-05-15T16:32:52.7942288+08:00	0x07	-0.2317	-0.6454	0.2547	-0.6818	356.38	85.54	40.14
2026-05-15T16:32:52.7942288+08:00	0x06	-0.6417	0.0955	0.7582	0.0656	181.35	279.36	346.76
2026-05-15T16:32:52.7942288+08:00	0x07	-0.2326	-0.6466	0.2544	-0.6805	356.59	85.82	40.20
2026-05-15T16:32:52.7942288+08:00	0x06	-0.6407	0.1154	0.7532	0.0945	180.33	279.18	342.84
2026-05-15T16:32:52.7942288+08:00	0x07	-0.2465	-0.6418	0.2825	-0.6689	355.11	85.66	43.82
2026-05-15T16:32:52.7942288+08:00	0x06	-0.6435	0.1286	0.7459	0.1137	179.75	278.48	340.23
2026-05-15T16:32:52.7942288+08:00	0x07	-0.2516	-0.6390	0.2863	-0.6682	355.08	85.42	44.59
2026-05-15T16:32:52.7942288+08:00	0x06	-0.6472	0.1374	0.7398	0.1223	179.81	277.67	338.80
2026-05-15T16:32:52.7942288+08:00	0x07	-0.2471	-0.6412	0.2827	-0.6693	355.10	85.57	43.89
2026-05-15T16:32:52.7942288+08:00	0x06	-0.6476	0.1402	0.7383	0.1260	179.73	277.55	338.27
2026-05-15T16:32:52.7942288+08:00	0x07	-0.2432	-0.6429	0.2801	-0.6701	355.06	85.66	43.32
2026-05-15T16:32:52.7942288+08:00	0x06	-0.6475	0.1470	0.7359	0.1325	179.71	277.37	337.17
2026-05-15T16:32:52.7942288+08:00	0x07	-0.2413	-0.6430	0.2773	-0.6719	355.12	85.57	42.91
2026-05-15T16:32:52.7942288+08:00	0x06	-0.6505	0.1462	0.7335	0.1319	179.79	276.90	337.29
2026-05-15T16:32:52.7942288+08:00	0x07	-0.2351	-0.6431	0.2726	-0.6759	354.90	85.19	41.95
2026-05-15T16:32:52.7942288+08:00	0x06	-0.6703	0.1634	0.7093	0.1444	180.89	273.04	334.83
2026-05-15T16:32:52.7942288+08:00	0x07	-0.2329	-0.6360	0.2904	-0.6760	352.40	83.50	43.18
2026-05-15T16:32:52.7942288+08:00	0x06	-0.6750	0.1846	0.6941	0.1690	180.95	271.36	331.03
2026-05-15T16:32:52.7942288+08:00	0x07	-0.2353	-0.6349	0.3092	-0.6678	350.71	83.26	44.98
2026-05-15T16:32:52.7942288+08:00	0x06	-0.6780	0.1840	0.6917	0.1676	181.15	270.85	331.20
2026-05-15T16:32:52.7942288+08:00	0x07	-0.2323	-0.6347	0.3056	-0.6707	350.74	83.05	44.39
2026-05-15T16:32:52.7942288+08:00	0x06	-0.6766	0.1924	0.6886	0.1761	181.18	270.69	329.79
2026-05-15T16:32:52.7942288+08:00	0x07	-0.2355	-0.6339	0.3091	-0.6687	350.67	83.07	44.98
2026-05-15T16:32:52.7942288+08:00	0x06	-0.6792	0.1905	0.6867	0.1755	181.17	270.32	330.00
2026-05-15T16:32:52.7942288+08:00	0x07	-0.2294	-0.6338	0.3062	-0.6723	350.30	82.68	44.15
2026-05-15T16:32:52.7942288+08:00	0x06	-0.6773	0.1957	0.6852	0.1829	180.97	270.39	328.94
2026-05-15T16:32:52.7942288+08:00	0x07	-0.2248	-0.6308	0.3085	-0.6756	349.36	81.77	43.86
2026-05-15T16:32:52.7942288+08:00	0x06	-0.6771	0.1942	0.6863	0.1813	180.94	270.52	329.20
2026-05-15T16:32:52.7942288+08:00	0x07	-0.2224	-0.6310	0.3058	-0.6774	349.40	81.71	43.41
2026-05-15T16:32:52.7942288+08:00	0x06	-0.6772	0.1948	0.6858	0.1819	180.96	270.46	329.10
2026-05-15T16:32:52.7942288+08:00	0x07	-0.2210	-0.6316	0.3046	-0.6778	349.43	81.77	43.19
2026-05-15T16:32:52.7942288+08:00	0x06	-0.6777	0.1937	0.6858	0.1811	180.95	270.42	329.26
2026-05-15T16:32:52.7942288+08:00	0x07	-0.2192	-0.6322	0.3026	-0.6787	349.50	81.81	42.86
2026-05-15T16:32:52.7942288+08:00	0x06	-0.6782	0.1919	0.6865	0.1786	181.00	270.43	329.62
2026-05-15T16:32:52.7942288+08:00	0x07	-0.2174	-0.6324	0.3010	-0.6798	349.50	81.76	42.56
2026-05-15T16:32:52.7942288+08:00	0x06	-0.6695	0.1925	0.6944	0.1802	180.49	271.95	329.43
2026-05-15T16:32:52.7942288+08:00	0x07	-0.2154	-0.6377	0.2932	-0.6790	350.47	82.77	41.79
2026-05-15T16:32:52.7942288+08:00	0x06	-0.6698	0.1564	0.7151	0.1246	181.96	273.34	337.01
2026-05-15T16:32:52.7942288+08:00	0x07	-0.1976	-0.6471	0.2504	-0.6925	353.48	83.95	36.71
2026-05-15T16:32:52.7942288+08:00	0x06	-0.6727	0.1429	0.7184	0.1046	182.56	273.31	339.75
2026-05-15T16:32:52.7942288+08:00	0x07	-0.2054	-0.6474	0.2458	-0.6915	354.68	84.44	37.04
2026-05-15T16:32:52.7942288+08:00	0x06	-0.6728	0.1361	0.7207	0.0967	182.65	273.49	340.96
2026-05-15T16:32:52.7942288+08:00	0x07	-0.2028	-0.6463	0.2421	-0.6947	354.70	84.12	36.49
2026-05-15T16:32:52.7942288+08:00	0x06	-0.6728	0.1329	0.7218	0.0936	182.64	273.59	341.47
2026-05-15T16:32:52.7942288+08:00	0x07	-0.2026	-0.6467	0.2430	-0.6940	354.62	84.18	36.55
2026-05-15T16:32:52.7942288+08:00	0x06	-0.6735	0.1371	0.7196	0.0987	182.59	273.36	340.71
2026-05-15T16:32:52.7952267+08:00	0x07	-0.2060	-0.6485	0.2447	-0.6908	354.90	84.68	37.01
2026-05-15T16:32:52.7952267+08:00	0x06	-0.6717	0.1397	0.7208	0.0985	182.78	273.57	340.50
2026-05-15T16:32:52.7952267+08:00	0x07	-0.2088	-0.6486	0.2435	-0.6903	355.30	84.85	37.16
2026-05-15T16:32:52.7952267+08:00	0x06	-0.6693	0.1408	0.7227	0.0994	182.72	273.92	340.33
2026-05-15T16:32:52.7952267+08:00	0x07	-0.2089	-0.6486	0.2427	-0.6905	355.39	84.87	37.11
2026-05-15T16:32:52.7952267+08:00	0x06	-0.6727	0.1450	0.7179	0.1050	182.71	273.23	339.54
2026-05-15T16:32:52.7952267+08:00	0x07	-0.2135	-0.6496	0.2487	-0.6860	355.36	85.28	38.03
2026-05-15T16:32:52.7952267+08:00	0x06	-0.6779	0.1639	0.7063	0.1214	183.16	271.70	336.66
2026-05-15T16:32:52.7952267+08:00	0x07	-0.2176	-0.6482	0.2491	-0.6859	355.64	85.24	38.41
2026-05-15T16:32:52.7952267+08:00	0x06	-0.6768	0.1625	0.7090	0.1133	183.68	271.93	337.43
2026-05-15T16:32:52.7952267+08:00	0x07	-0.2141	-0.6493	0.2356	-0.6907	356.59	85.32	36.99
2026-05-15T16:32:53.1235532+08:00	0x06	-0.6811	0.1747	0.7015	0.1164	184.68	270.70	336.20
2026-05-15T16:32:53.2468566+08:00	0x07	-0.2183	-0.6582	0.2312	-0.6824	357.98	87.25	37.04
2026-05-15T16:32:53.6451453+08:00	0x06	-0.7230	0.1276	0.6765	0.0579	186.31	265.37	345.15
2026-05-15T16:32:53.7729670+08:00	0x07	-0.1762	-0.6815	0.1781	-0.6876	359.69	89.40	29.02
2026-05-15T16:32:54.2326019+08:00	0x06	-0.7136	0.1511	0.6790	0.0830	186.25	266.11	341.12
2026-05-15T16:32:54.3066326+08:00	0x07	-0.1952	-0.7264	0.1905	-0.6309	2.90	98.87	31.53
2026-05-15T16:32:54.7914265+08:00	0x06	-0.7281	0.1591	0.6539	0.1305	183.81	263.06	336.55
2026-05-15T16:32:55.3088616+08:00	0x06	-0.7380	0.1192	0.6573	0.0955	183.03	262.91	342.69
2026-05-15T16:32:55.3743890+08:00	0x07	-0.2965	-0.6495	0.3542	-0.6040	355.73	91.94	54.91
2026-05-15T16:32:55.8915345+08:00	0x06	-0.7506	0.0931	0.6520	0.0522	184.20	261.54	348.48
2026-05-15T16:32:55.9586568+08:00	0x07	-0.3733	-0.6094	0.4061	-0.5696	358.89	93.14	66.95
2026-05-15T16:32:56.3577950+08:00	0x06	-0.7570	0.0850	0.6466	0.0400	184.48	260.62	350.18
2026-05-15T16:32:56.4422016+08:00	0x07	-0.4193	-0.5793	0.4448	-0.5392	1.41	95.20	75.36
2026-05-15T16:32:56.9754821+08:00	0x06	-0.7577	0.0826	0.6462	0.0387	184.37	260.55	350.48
2026-05-15T16:32:57.4476153+08:00	0x06	-0.7585	0.0760	0.6461	0.0385	183.81	260.55	350.99
2026-05-15T16:32:57.5799676+08:00	0x07	-0.4732	-0.5369	0.4991	-0.4887	20.57	114.81	86.69
2026-05-15T16:32:58.0773690+08:00	0x06	-0.7546	0.0743	0.6508	0.0389	183.57	261.28	351.06
2026-05-15T16:32:58.5422275+08:00	0x06	-0.7526	0.0741	0.6532	0.0382	183.57	261.63	351.12
2026-05-15T16:32:58.6420320+08:00	0x07	-0.4995	-0.5096	0.5250	-0.4639	156.40	250.48	86.85
2026-05-15T16:32:59.1079308+08:00	0x06	-0.7534	0.0723	0.6524	0.0377	183.47	261.52	351.31
2026-05-15T16:32:59.2270225+08:00	0x07	-0.5096	-0.5001	0.5345	-0.4523	163.94	258.11	84.58
2026-05-15T16:32:59.6422339+08:00	0x06	-0.7550	0.0723	0.6507	0.0375	183.50	261.25	351.34
2026-05-15T16:32:59.7746618+08:00	0x07	-0.5155	-0.4923	0.5408	-0.4465	168.03	262.12	83.16
2026-05-15T16:33:00.2168609+08:00	0x06	-0.7544	0.0722	0.6513	0.0380	183.44	261.35	351.29
2026-05-15T16:33:00.2587400+08:00	0x07	-0.5174	-0.4885	0.5446	-0.4440	170.31	264.43	82.51
2026-05-15T16:33:00.6752881+08:00	0x06	-0.7521	0.0661	0.6549	0.0340	183.18	261.88	352.09
2026-05-15T16:33:00.7924188+08:00	0x07	-0.5194	-0.4808	0.5478	-0.4461	175.63	269.26	81.94
2026-05-15T16:33:01.1926295+08:00	0x06	-0.6963	0.1117	0.7028	0.0937	181.42	270.32	343.29
2026-05-15T16:33:01.3755034+08:00	0x07	-0.5729	-0.3699	0.6329	-0.3666	185.02	278.76	62.66
2026-05-15T16:33:01.7761993+08:00	0x06	-0.7332	0.0526	0.6766	0.0431	181.08	265.34	352.28
2026-05-15T16:33:01.9250675+08:00	0x07	-0.5715	-0.3734	0.6306	-0.3691	184.94	278.68	63.24
2026-05-15T16:33:02.2925547+08:00	0x06	-0.7332	0.0603	0.6760	0.0423	181.80	265.21	351.75
2026-05-15T16:33:02.4593423+08:00	0x07	-0.6402	-0.2235	0.7053	-0.2069	180.39	275.66	35.46
2026-05-15T16:33:02.8683623+08:00	0x06	-0.7238	0.0709	0.6854	0.0356	183.12	266.64	351.45
2026-05-15T16:33:02.9946963+08:00	0x07	-0.6808	-0.0641	0.7288	-0.0350	177.90	273.76	8.11
2026-05-15T16:33:03.4424490+08:00	0x06	-0.7303	0.0712	0.6783	0.0392	182.95	265.54	351.15
2026-05-15T16:33:03.5765494+08:00	0x07	-0.6829	0.0405	0.7274	0.0534	178.70	273.70	352.42
2026-05-15T16:33:03.9629364+08:00	0x06	-0.7115	0.0803	0.6959	0.0556	182.15	268.52	349.00
2026-05-15T16:33:04.1096963+08:00	0x07	-0.6724	0.1365	0.7077	0.1684	176.54	273.69	335.19
2026-05-15T16:33:04.5289649+08:00	0x06	-0.7196	0.1273	0.6750	0.1011	182.83	265.88	341.49
2026-05-15T16:33:04.6117294+08:00	0x07	-0.6877	0.2152	0.6417	0.2626	176.95	267.14	320.40
2026-05-15T16:33:05.0970213+08:00	0x06	-0.7543	0.1090	0.6432	0.0739	184.12	260.38	345.42
2026-05-15T16:33:05.1309929+08:00	0x07	-0.7051	0.0334	0.7021	0.0938	175.06	270.21	349.68
2026-05-15T16:33:05.6143267+08:00	0x06	-0.7514	0.1028	0.6479	0.0705	183.73	261.09	346.16
2026-05-15T16:33:05.7264121+08:00	0x07	-0.7097	-0.0505	0.7026	0.0132	174.82	269.29	2.99
2026-05-15T16:33:06.1933395+08:00	0x06	-0.7507	0.1034	0.6487	0.0705	183.77	261.20	346.12
2026-05-15T16:33:06.2598285+08:00	0x07	-0.7007	-0.1155	0.7020	-0.0543	174.94	269.49	13.79
2026-05-15T16:33:06.7092226+08:00	0x06	-0.7508	0.1018	0.6491	0.0686	183.77	261.24	346.40
2026-05-15T16:33:06.7994081+08:00	0x07	-0.6934	-0.1531	0.6979	-0.0931	174.97	269.49	20.05
2026-05-15T16:33:07.2937756+08:00	0x06	-0.7506	0.0994	0.6498	0.0670	183.66	261.34	346.72
2026-05-15T16:33:07.7605864+08:00	0x06	-0.7515	0.0974	0.6492	0.0652	183.63	261.24	347.03
2026-05-15T16:33:07.8607508+08:00	0x07	-0.6783	-0.2058	0.6898	-0.1474	175.03	269.68	28.94
2026-05-15T16:33:08.3764934+08:00	0x06	-0.7526	0.0942	0.6486	0.0633	183.51	261.12	347.44
2026-05-15T16:33:08.4538412+08:00	0x07	-0.6710	-0.2240	0.6870	-0.1663	175.12	269.94	32.06
2026-05-15T16:33:08.9494690+08:00	0x06	-0.7525	0.0935	0.6489	0.0627	183.49	261.16	347.54
2026-05-15T16:33:08.9935973+08:00	0x07	-0.6686	-0.2319	0.6847	-0.1744	175.11	269.89	33.42
2026-05-15T16:33:09.4285536+08:00	0x06	-0.7524	0.0927	0.6493	0.0619	183.47	261.21	347.68
2026-05-15T16:33:09.5763072+08:00	0x07	-0.6658	-0.2399	0.6825	-0.1825	175.08	269.88	34.79
2026-05-15T16:33:09.9431816+08:00	0x06	-0.7514	0.0932	0.6503	0.0619	183.49	261.38	347.63
2026-05-15T16:33:10.1272571+08:00	0x07	-0.6643	-0.2438	0.6811	-0.1879	175.20	269.89	35.58
2026-05-15T16:33:10.5147069+08:00	0x06	-0.7508	0.0925	0.6511	0.0615	183.45	261.49	347.71
2026-05-15T16:33:10.6605810+08:00	0x07	-0.6625	-0.2477	0.6804	-0.1919	175.23	269.96	36.25
2026-05-15T16:33:11.0319252+08:00	0x06	-0.7509	0.0924	0.6510	0.0618	183.42	261.48	347.69
2026-05-15T16:33:11.2441077+08:00	0x07	-0.6614	-0.2503	0.6799	-0.1941	175.20	269.98	36.66
2026-05-15T16:33:11.6108308+08:00	0x06	-0.7506	0.0926	0.6513	0.0620	183.41	261.53	347.66
2026-05-15T16:33:11.7778690+08:00	0x07	-0.6609	-0.2516	0.6795	-0.1954	175.19	269.99	36.89
2026-05-15T16:33:12.1786593+08:00	0x06	-0.7503	0.0931	0.6516	0.0620	183.46	261.57	347.62
2026-05-15T16:33:12.3604884+08:00	0x07	-0.6612	-0.2529	0.6785	-0.1962	175.10	269.84	37.06
2026-05-15T16:33:12.6990023+08:00	0x06	-0.7427	0.0967	0.6592	0.0669	183.27	262.81	346.89
2026-05-15T16:33:12.8500935+08:00	0x07	-0.6675	-0.2537	0.6738	-0.1899	174.08	268.58	36.54
2026-05-15T16:33:13.2784126+08:00	0x06	-0.6380	0.1632	0.7425	0.1223	181.66	278.31	336.52
2026-05-15T16:33:13.4483795+08:00	0x07	-0.6673	-0.2537	0.6739	-0.1901	174.11	268.62	36.56
2026-05-15T16:33:13.8481604+08:00	0x06	-0.6550	0.2945	0.6790	0.1521	192.94	267.74	323.19
2026-05-15T16:33:13.9298649+08:00	0x07	-0.8835	0.0202	0.4624	0.0730	178.16	235.39	351.51
2026-05-15T16:33:14.3622367+08:00	0x06	-0.6506	0.2813	0.6754	0.2038	186.81	269.65	319.82
2026-05-15T16:33:14.5119651+08:00	0x07	-0.9787	0.1211	0.0381	0.1614	193.75	182.15	341.03
2026-05-15T16:33:14.8281517+08:00	0x06	-0.6685	0.2597	0.6775	0.1630	188.85	267.99	325.25
2026-05-15T16:33:15.0050609+08:00	0x07	-0.9056	0.3912	-0.0725	0.1469	228.28	165.41	347.91
2026-05-15T16:33:15.4143054+08:00	0x06	-0.6446	0.2774	0.6879	0.1854	187.51	271.11	321.63
2026-05-15T16:33:15.5283626+08:00	0x07	-0.8308	0.5240	-0.1075	0.1537	245.93	159.93	351.79
2026-05-15T16:33:15.9286754+08:00	0x06	-0.6479	0.2905	0.6784	0.1889	188.98	269.39	320.29
2026-05-15T16:33:16.0690243+08:00	0x07	-0.7294	0.6679	-0.1051	0.1038	265.06	163.02	359.36
2026-05-15T16:33:16.4956349+08:00	0x06	-0.6499	0.2748	0.6873	0.1725	188.64	270.31	322.99
2026-05-15T16:33:16.6632810+08:00	0x07	-0.6406	0.7579	-0.1118	0.0520	278.93	167.11	5.90
2026-05-15T16:33:17.0324656+08:00	0x06	-0.6532	0.2741	0.6855	0.1681	189.14	269.74	323.46
2026-05-15T16:33:17.1956620+08:00	0x07	-0.5515	0.8203	-0.1454	0.0420	290.86	166.49	11.08
2026-05-15T16:33:17.5969919+08:00	0x06	-0.6518	0.2772	0.6860	0.1662	189.56	269.75	323.34
2026-05-15T16:33:17.7787097+08:00	0x07	-0.4762	0.8670	-0.1446	0.0247	301.21	169.32	13.13
2026-05-15T16:33:18.0620401+08:00	0x06	-0.6499	0.2750	0.6881	0.1690	188.96	270.29	323.27
2026-05-15T16:33:18.3289426+08:00	0x07	-0.4243	0.8935	-0.1465	0.0140	308.06	171.12	14.47
2026-05-15T16:33:18.5806557+08:00	0x06	-0.6498	0.2740	0.6891	0.1666	189.05	270.38	323.54
2026-05-15T16:33:18.9140891+08:00	0x07	-0.3913	0.9082	-0.1486	0.0067	312.35	172.34	15.34
2026-05-15T16:33:19.1625378+08:00	0x06	-0.6500	0.2732	0.6890	0.1677	188.87	270.41	323.52
2026-05-15T16:33:19.5010312+08:00	0x07	-0.3649	0.9190	-0.1490	0.0006	315.77	173.45	15.86
2026-05-15T16:33:19.6676174+08:00	0x06	-0.6494	0.2744	0.6888	0.1690	188.87	270.42	323.31
2026-05-15T16:33:20.0296402+08:00	0x07	-0.3305	0.9321	-0.1478	-0.0070	320.23	174.94	16.27
2026-05-15T16:33:20.2460820+08:00	0x06	-0.6492	0.2712	0.6922	0.1610	189.16	270.71	324.24
2026-05-15T16:33:20.5680862+08:00	0x07	-0.3217	0.9357	-0.1448	-0.0079	321.40	175.32	16.03
2026-05-15T16:33:20.8297996+08:00	0x06	-0.6497	0.2713	0.6922	0.1585	189.42	270.61	324.44
2026-05-15T16:33:21.1625240+08:00	0x07	-0.3136	0.9384	-0.1447	-0.0095	322.42	175.64	16.11
2026-05-15T16:33:21.3462664+08:00	0x06	-0.6467	0.2799	0.6916	0.1585	190.21	270.49	323.69
2026-05-15T16:33:21.6969789+08:00	0x07	-0.3051	0.9421	-0.1387	-0.0074	323.54	175.80	15.41
2026-05-15T16:33:21.9153508+08:00	0x06	-0.6409	0.2944	0.6886	0.1684	190.69	270.38	321.59
2026-05-15T16:33:22.2302678+08:00	0x07	-0.3003	0.9443	-0.1346	-0.0085	324.21	176.16	15.03
2026-05-15T16:33:27.5302345+08:00	0x06	-0.6395	0.2999	0.6872	0.1701	191.11	270.17	320.98
2026-05-15T16:33:27.5302345+08:00	0x07	-0.3013	0.9453	-0.1251	0.0049	324.05	175.01	13.51
2026-05-15T16:33:27.5302345+08:00	0x06	-0.5698	0.3225	0.7270	0.2070	185.39	281.60	315.19
2026-05-15T16:33:27.5302345+08:00	0x07	-0.3013	0.9452	-0.1254	0.0045	324.05	175.05	13.55
2026-05-15T16:33:27.5302345+08:00	0x06	-0.4662	0.1889	0.8483	0.1657	173.15	304.15	331.64
2026-05-15T16:33:27.5302345+08:00	0x07	-0.1981	0.7250	0.1854	0.6330	356.47	98.74	328.69
2026-05-15T16:33:27.5302345+08:00	0x06	-0.4696	0.1931	0.8452	0.1670	173.37	303.59	331.10
2026-05-15T16:33:27.5302345+08:00	0x07	-0.5108	0.6262	0.2242	0.5447	313.67	124.04	303.15
2026-05-15T16:33:27.5302345+08:00	0x06	-0.2279	-0.0120	0.9732	0.0290	176.45	333.62	0.58
2026-05-15T16:33:27.5302345+08:00	0x07	-0.6010	0.4771	0.3604	0.5303	275.30	157.72	281.07
2026-05-15T16:33:27.5302345+08:00	0x06	-0.1709	-0.0404	0.9837	-0.0391	183.64	340.46	5.33
2026-05-15T16:33:27.5302345+08:00	0x07	-0.7143	0.2902	0.4765	0.4226	181.44	246.55	298.33
2026-05-15T16:33:27.5302345+08:00	0x06	-0.1599	-0.0431	0.9823	-0.0873	189.14	342.02	6.47
2026-05-15T16:33:27.5302345+08:00	0x07	-0.7667	0.1247	0.5412	0.3219	168.34	254.57	321.05
2026-05-15T16:33:27.5302345+08:00	0x06	-0.1509	-0.0446	0.9815	-0.1090	191.65	343.23	6.92
2026-05-15T16:33:27.5302345+08:00	0x07	-0.7796	-0.0172	0.5939	0.1980	164.13	256.95	343.24
2026-05-15T16:33:27.5312316+08:00	0x06	-0.1237	-0.0576	0.9814	-0.1354	194.73	346.73	8.43
2026-05-15T16:33:27.5312316+08:00	0x07	-0.7711	-0.1046	0.6116	0.1431	160.26	257.77	354.68
2026-05-15T16:33:27.5312316+08:00	0x06	-0.1079	-0.0568	0.9782	-0.1682	198.68	348.81	8.48
2026-05-15T16:33:27.6988841+08:00	0x07	-0.7624	-0.1660	0.6179	0.0963	158.10	257.40	3.34
2026-05-15T16:33:27.7983897+08:00	0x06	-0.1057	-0.0574	0.9769	-0.1765	199.66	349.14	8.59
2026-05-15T16:33:28.2569396+08:00	0x07	-0.7534	-0.2073	0.6208	0.0632	156.67	257.05	9.34
2026-05-15T16:33:28.3688655+08:00	0x06	-0.1032	-0.0576	0.9759	-0.1837	200.52	349.50	8.64
2026-05-15T16:33:49.2875792+08:00	0x07	-0.7472	-0.2336	0.6209	0.0393	155.86	256.58	13.38
2026-05-15T16:33:49.2875792+08:00	0x06	-0.1021	-0.0569	0.9753	-0.1877	201.00	349.65	8.59
2026-05-15T16:33:49.2875792+08:00	0x07	-0.7410	-0.2558	0.6206	0.0193	155.10	256.16	16.79
2026-05-15T16:33:49.2875792+08:00	0x06	-0.1039	-0.0622	0.9747	-0.1879	200.98	349.55	9.22
2026-05-15T16:33:49.2875792+08:00	0x07	-0.7355	-0.2780	0.6178	-0.0003	154.20	255.41	20.12
2026-05-15T16:33:49.2885766+08:00	0x06	-0.1054	-0.0638	0.9742	-0.1892	201.11	349.41	9.45
2026-05-15T16:33:49.2885766+08:00	0x07	-0.7330	-0.2856	0.6173	-0.0070	153.90	255.22	21.28
2026-05-15T16:33:49.2885766+08:00	0x06	-0.1040	-0.0631	0.9743	-0.1896	201.17	349.56	9.35
2026-05-15T16:33:49.2885766+08:00	0x07	-0.7308	-0.2919	0.6169	-0.0129	153.66	255.07	22.27
2026-05-15T16:33:49.2885766+08:00	0x06	-0.1027	-0.0617	0.9743	-0.1909	201.34	349.70	9.18
2026-05-15T16:33:49.2885766+08:00	0x07	-0.7299	-0.2940	0.6169	-0.0149	153.58	255.04	22.61
2026-05-15T16:33:49.2885766+08:00	0x06	-0.1021	-0.0617	0.9740	-0.1924	201.53	349.78	9.18
2026-05-15T16:33:49.2885766+08:00	0x07	-0.7289	-0.2966	0.6167	-0.0172	153.46	254.97	23.02
2026-05-15T16:33:49.2885766+08:00	0x06	-0.1020	-0.0619	0.9738	-0.1938	201.69	349.81	9.21
2026-05-15T16:33:49.2885766+08:00	0x07	-0.7283	-0.2982	0.6166	-0.0186	153.40	254.93	23.25
2026-05-15T16:33:49.2885766+08:00	0x06	-0.1012	-0.0611	0.9737	-0.1948	201.82	349.89	9.11
2026-05-15T16:33:49.2885766+08:00	0x07	-0.7278	-0.2992	0.6168	-0.0196	153.37	254.94	23.43
2026-05-15T16:33:49.2885766+08:00	0x06	-0.1014	-0.0615	0.9736	-0.1951	201.85	349.88	9.17
2026-05-15T16:33:49.2885766+08:00	0x07	-0.7290	-0.2963	0.6167	-0.0206	153.72	254.95	23.29
2026-05-15T16:33:49.2885766+08:00	0x06	-0.1067	-0.0582	0.9762	-0.1796	200.01	349.07	8.74
2026-05-15T16:33:49.2885766+08:00	0x07	-0.7352	-0.2899	0.6122	-0.0239	154.46	254.29	22.96
2026-05-15T16:33:49.2885766+08:00	0x06	-0.1098	-0.0563	0.9759	-0.1799	200.04	348.68	8.59
2026-05-15T16:33:49.2885766+08:00	0x07	-0.7331	-0.2938	0.6131	-0.0200	153.83	254.41	22.92
2026-05-15T16:33:49.2885766+08:00	0x06	-0.1098	-0.0573	0.9756	-0.1811	200.16	348.71	8.71
2026-05-15T16:33:49.2885766+08:00	0x07	-0.7336	-0.2958	0.6114	-0.0205	153.61	254.14	23.07
2026-05-15T16:33:49.2885766+08:00	0x06	-0.1108	-0.0568	0.9755	-0.1815	200.21	348.59	8.68
2026-05-15T16:33:49.2885766+08:00	0x07	-0.7349	-0.2901	0.6126	-0.0215	154.28	254.36	22.77
2026-05-15T16:33:49.2885766+08:00	0x06	-0.1087	-0.0561	0.9765	-0.1776	199.77	348.79	8.52
2026-05-15T16:33:49.2885766+08:00	0x07	-0.7319	-0.2946	0.6140	-0.0205	153.81	254.55	23.07
2026-05-15T16:33:49.2885766+08:00	0x06	-0.1081	-0.0580	0.9764	-0.1780	199.81	348.89	8.73
2026-05-15T16:33:49.2885766+08:00	0x07	-0.7315	-0.2948	0.6146	-0.0201	153.78	254.63	23.06
2026-05-15T16:33:49.2885766+08:00	0x06	-0.1076	-0.0586	0.9764	-0.1776	199.77	348.95	8.78
2026-05-15T16:33:49.2885766+08:00	0x07	-0.7314	-0.2942	0.6149	-0.0195	153.80	254.69	22.98
2026-05-15T16:33:49.2885766+08:00	0x06	-0.1076	-0.0589	0.9764	-0.1779	199.80	348.97	8.81
2026-05-15T16:33:49.2885766+08:00	0x07	-0.7313	-0.2938	0.6153	-0.0194	153.86	254.76	22.95
2026-05-15T16:33:49.2885766+08:00	0x06	-0.1076	-0.0582	0.9767	-0.1766	199.66	348.95	8.72
2026-05-15T16:33:49.2885766+08:00	0x07	-0.7317	-0.2931	0.6151	-0.0197	153.94	254.73	22.92
2026-05-15T16:33:49.2885766+08:00	0x06	-0.1067	-0.0580	0.9767	-0.1769	199.70	349.04	8.68
2026-05-15T16:33:49.2885766+08:00	0x07	-0.7310	-0.2934	0.6158	-0.0194	153.91	254.84	22.93
2026-05-15T16:33:49.2885766+08:00	0x06	-0.1058	-0.0581	0.9768	-0.1767	199.68	349.15	8.68
2026-05-15T16:33:49.2885766+08:00	0x07	-0.7309	-0.2933	0.6159	-0.0193	153.91	254.86	22.92
2026-05-15T16:33:49.2885766+08:00	0x06	-0.1059	-0.0586	0.9769	-0.1761	199.60	349.14	8.73
2026-05-15T16:33:49.2885766+08:00	0x07	-0.7309	-0.2931	0.6161	-0.0190	153.92	254.89	22.89
2026-05-15T16:33:49.2885766+08:00	0x06	-0.1059	-0.0587	0.9766	-0.1776	199.78	349.15	8.76
2026-05-15T16:33:49.2885766+08:00	0x07	-0.7308	-0.2928	0.6163	-0.0188	153.94	254.93	22.86
2026-05-15T16:33:49.2885766+08:00	0x06	-0.1058	-0.0586	0.9766	-0.1779	199.82	349.16	8.75
2026-05-15T16:33:49.2885766+08:00	0x07	-0.7307	-0.2928	0.6165	-0.0188	153.95	254.96	22.86
2026-05-15T16:33:49.2885766+08:00	0x06	-0.1057	-0.0589	0.9765	-0.1784	199.87	349.18	8.79
2026-05-15T16:33:49.2885766+08:00	0x07	-0.7306	-0.2926	0.6167	-0.0185	153.95	254.99	22.82
2026-05-15T16:33:49.2885766+08:00	0x06	-0.1054	-0.0591	0.9765	-0.1787	199.91	349.23	8.80
2026-05-15T16:33:49.2885766+08:00	0x07	-0.7307	-0.2919	0.6169	-0.0182	154.00	255.02	22.75
2026-05-15T16:33:49.2885766+08:00	0x06	-0.1051	-0.0587	0.9766	-0.1781	199.84	349.24	8.75
2026-05-15T16:33:49.2885766+08:00	0x07	-0.7307	-0.2914	0.6171	-0.0181	154.06	255.07	22.71
2026-05-15T16:33:49.2885766+08:00	0x06	-0.1061	-0.0590	0.9766	-0.1774	199.75	349.14	8.80
2026-05-15T16:33:49.2885766+08:00	0x07	-0.7332	-0.2881	0.6157	-0.0187	154.39	254.88	22.47
2026-05-15T16:33:49.2885766+08:00	0x06	-0.1077	-0.0575	0.9771	-0.1743	199.38	348.89	8.63
2026-05-15T16:33:49.2885766+08:00	0x07	-0.7323	-0.2878	0.6169	-0.0181	154.41	255.07	22.43
2026-05-15T16:33:49.2885766+08:00	0x06	-0.1078	-0.0576	0.9770	-0.1750	199.47	348.90	8.64
2026-05-15T16:33:49.2885766+08:00	0x07	-0.7302	-0.2918	0.6175	-0.0193	154.11	255.12	22.86
2026-05-15T16:33:49.2885766+08:00	0x06	-0.1096	-0.0606	0.9756	-0.1803	200.05	348.79	9.07
2026-05-15T16:33:49.2885766+08:00	0x07	-0.7298	-0.2943	0.6168	-0.0178	153.74	255.00	22.89
2026-05-15T16:33:49.2885766+08:00	0x06	-0.1053	-0.0606	0.9754	-0.1842	200.54	349.32	9.03
2026-05-15T16:33:49.2885766+08:00	0x07	-0.7293	-0.2892	0.6196	-0.0254	154.85	255.44	23.29
2026-05-15T16:33:49.2885766+08:00	0x06	-0.0971	-0.0525	0.9774	-0.1804	200.23	350.06	7.91
2026-05-15T16:33:49.2895735+08:00	0x07	-0.7277	-0.2930	0.6196	-0.0261	154.51	255.41	23.64
2026-05-15T16:33:49.2895735+08:00	0x06	-0.0967	-0.0515	0.9774	-0.1808	200.28	350.09	7.80
2026-05-15T16:33:49.2895735+08:00	0x07	-0.7272	-0.2926	0.6205	-0.0249	154.50	255.55	23.54
2026-05-15T16:33:49.2895735+08:00	0x06	-0.0960	-0.0515	0.9772	-0.1821	200.44	350.19	7.80
2026-05-15T16:33:49.2895735+08:00	0x07	-0.7268	-0.2919	0.6212	-0.0248	154.59	255.67	23.49
2026-05-15T16:33:49.2895735+08:00	0x06	-0.0954	-0.0515	0.9771	-0.1828	200.53	350.26	7.78
2026-05-15T16:33:49.2895735+08:00	0x07	-0.7269	-0.2909	0.6216	-0.0242	154.66	255.75	23.38
2026-05-15T16:33:49.2895735+08:00	0x06	-0.0950	-0.0514	0.9771	-0.1833	200.59	350.31	7.77
2026-05-15T16:33:49.2895735+08:00	0x07	-0.7267	-0.2907	0.6219	-0.0244	154.70	255.79	23.39
2026-05-15T16:33:49.2895735+08:00	0x06	-0.0946	-0.0514	0.9771	-0.1836	200.63	350.35	7.77
2026-05-15T16:33:49.2895735+08:00	0x07	-0.7267	-0.2901	0.6223	-0.0238	154.73	255.85	23.31
2026-05-15T16:33:49.2895735+08:00	0x06	-0.0943	-0.0520	0.9769	-0.1848	200.77	350.41	7.84
2026-05-15T16:33:49.5300446+08:00	0x07	-0.7263	-0.2910	0.6223	-0.0242	154.67	255.85	23.41
2026-05-15T16:33:49.7190283+08:00	0x06	-0.0944	-0.0519	0.9768	-0.1853	200.83	350.40	7.84
2026-05-15T16:35:05.0357887+08:00	0x07	-0.7263	-0.2909	0.6223	-0.0239	154.66	255.85	23.38
2026-05-15T16:35:05.0357887+08:00	0x06	-0.0941	-0.0516	0.9765	-0.1870	201.03	350.45	7.81
2026-05-15T16:35:05.0357887+08:00	0x07	-0.7263	-0.2905	0.6225	-0.0234	154.67	255.89	23.31
2026-05-15T16:35:05.0357887+08:00	0x06	-0.0936	-0.0518	0.9764	-0.1877	201.11	350.51	7.84
2026-05-15T16:35:05.0357887+08:00	0x07	-0.7262	-0.2904	0.6227	-0.0233	154.69	255.93	23.29
2026-05-15T16:35:05.0357887+08:00	0x06	-0.0930	-0.0519	0.9764	-0.1878	201.13	350.58	7.83
2026-05-15T16:35:05.0357887+08:00	0x07	-0.7261	-0.2898	0.6231	-0.0230	154.74	255.99	23.24
2026-05-15T16:35:05.0357887+08:00	0x06	-0.0920	-0.0522	0.9764	-0.1885	201.21	350.71	7.86
2026-05-15T16:35:05.0357887+08:00	0x07	-0.7258	-0.2897	0.6235	-0.0236	154.80	256.05	23.29
2026-05-15T16:35:05.0357887+08:00	0x06	-0.0919	-0.0517	0.9764	-0.1885	201.22	350.71	7.80
2026-05-15T16:35:05.0357887+08:00	0x07	-0.7258	-0.2896	0.6236	-0.0238	154.83	256.06	23.31
2026-05-15T16:35:05.0357887+08:00	0x06	-0.0919	-0.0510	0.9767	-0.1871	201.06	350.68	7.71
2026-05-15T16:35:05.0357887+08:00	0x07	-0.7260	-0.2909	0.6226	-0.0264	154.84	255.89	23.61
2026-05-15T16:35:05.0357887+08:00	0x06	-0.0914	-0.0511	0.9769	-0.1864	200.98	350.74	7.69
2026-05-15T16:35:05.0357887+08:00	0x07	-0.7260	-0.2903	0.6228	-0.0263	154.90	255.93	23.56
2026-05-15T16:35:05.0367852+08:00	0x06	-0.0914	-0.0510	0.9770	-0.1858	200.91	350.73	7.67
2026-05-15T16:35:05.0367852+08:00	0x07	-0.7261	-0.2896	0.6231	-0.0261	154.97	255.98	23.50
2026-05-15T16:35:05.0367852+08:00	0x06	-0.0911	-0.0508	0.9771	-0.1855	200.88	350.76	7.65
2026-05-15T16:35:05.0367852+08:00	0x07	-0.7259	-0.2892	0.6235	-0.0259	155.01	256.05	23.47
2026-05-15T16:35:05.0367852+08:00	0x06	-0.0908	-0.0509	0.9771	-0.1853	200.86	350.79	7.65
2026-05-15T16:35:05.0367852+08:00	0x07	-0.7258	-0.2889	0.6238	-0.0260	155.05	256.09	23.46
2026-05-15T16:35:05.0367852+08:00	0x06	-0.0903	-0.0508	0.9771	-0.1858	200.92	350.85	7.64
2026-05-15T16:35:05.0367852+08:00	0x07	-0.7256	-0.2888	0.6240	-0.0259	155.06	256.13	23.46
2026-05-15T16:35:05.0367852+08:00	0x06	-0.0895	-0.0510	0.9771	-0.1863	200.98	350.95	7.65
2026-05-15T16:35:05.0367852+08:00	0x07	-0.7252	-0.2888	0.6245	-0.0261	155.09	256.20	23.49
2026-05-15T16:35:05.0367852+08:00	0x06	-0.0894	-0.0511	0.9770	-0.1867	201.03	350.97	7.66
2026-05-15T16:35:05.0367852+08:00	0x07	-0.7251	-0.2887	0.6246	-0.0262	155.11	256.23	23.50
2026-05-15T16:35:05.0367852+08:00	0x06	-0.0893	-0.0511	0.9769	-0.1871	201.08	350.98	7.66
2026-05-15T16:35:05.0367852+08:00	0x07	-0.7249	-0.2885	0.6250	-0.0263	155.15	256.29	23.50
2026-05-15T16:35:05.0367852+08:00	0x06	-0.0887	-0.0513	0.9769	-0.1873	201.11	351.06	7.67
2026-05-15T16:35:05.0367852+08:00	0x07	-0.7249	-0.2882	0.6251	-0.0264	155.19	256.31	23.49
2026-05-15T16:35:05.0367852+08:00	0x06	-0.0885	-0.0513	0.9769	-0.1878	201.16	351.08	7.67
2026-05-15T16:35:05.0367852+08:00	0x07	-0.7249	-0.2880	0.6252	-0.0262	155.19	256.32	23.46
2026-05-15T16:35:05.0367852+08:00	0x06	-0.0884	-0.0514	0.9767	-0.1889	201.29	351.10	7.69
2026-05-15T16:35:05.0367852+08:00	0x07	-0.7249	-0.2878	0.6253	-0.0259	155.21	256.35	23.42
2026-05-15T16:35:05.0367852+08:00	0x06	-0.0887	-0.0509	0.9767	-0.1888	201.29	351.06	7.64
2026-05-15T16:35:05.0367852+08:00	0x07	-0.7251	-0.2878	0.6251	-0.0261	155.21	256.32	23.43
2026-05-15T16:35:05.0367852+08:00	0x06	-0.0886	-0.0514	0.9766	-0.1891	201.31	351.09	7.69
2026-05-15T16:35:05.0367852+08:00	0x07	-0.7252	-0.2871	0.6253	-0.0258	155.26	256.35	23.36
2026-05-15T16:35:05.0367852+08:00	0x06	-0.0884	-0.0514	0.9765	-0.1896	201.38	351.11	7.70
2026-05-15T16:35:05.0367852+08:00	0x07	-0.7251	-0.2871	0.6254	-0.0259	155.27	256.37	23.37
2026-05-15T16:35:05.0367852+08:00	0x06	-0.0885	-0.0512	0.9767	-0.1887	201.27	351.08	7.67
2026-05-15T16:35:05.0367852+08:00	0x07	-0.7251	-0.2868	0.6256	-0.0258	155.30	256.39	23.35
2026-05-15T16:35:05.0367852+08:00	0x06	-0.0883	-0.0514	0.9767	-0.1889	201.30	351.11	7.69
2026-05-15T16:35:05.0367852+08:00	0x07	-0.7252	-0.2866	0.6256	-0.0255	155.30	256.40	23.30
2026-05-15T16:35:05.0367852+08:00	0x06	-0.0882	-0.0510	0.9766	-0.1893	201.35	351.12	7.64
2026-05-15T16:35:05.0367852+08:00	0x07	-0.7252	-0.2863	0.6257	-0.0254	155.33	256.42	23.27
2026-05-15T16:35:05.0367852+08:00	0x06	-0.0883	-0.0512	0.9766	-0.1894	201.36	351.12	7.67
2026-05-15T16:35:05.0367852+08:00	0x07	-0.7252	-0.2863	0.6257	-0.0253	155.32	256.42	23.26
2026-05-15T16:35:05.0367852+08:00	0x06	-0.0883	-0.0511	0.9766	-0.1891	201.32	351.11	7.66
2026-05-15T16:35:05.0367852+08:00	0x07	-0.7253	-0.2861	0.6256	-0.0253	155.33	256.41	23.25
2026-05-15T16:35:05.0367852+08:00	0x06	-0.0886	-0.0511	0.9768	-0.1881	201.20	351.07	7.65
2026-05-15T16:35:05.0367852+08:00	0x07	-0.7253	-0.2859	0.6257	-0.0255	155.37	256.42	23.25
2026-05-15T16:35:05.0367852+08:00	0x06	-0.0886	-0.0507	0.9770	-0.1870	201.07	351.05	7.60
2026-05-15T16:35:05.0367852+08:00	0x07	-0.7253	-0.2859	0.6258	-0.0256	155.38	256.43	23.26
2026-05-15T16:35:05.0367852+08:00	0x06	-0.0885	-0.0508	0.9771	-0.1867	201.05	351.06	7.60
2026-05-15T16:35:05.0367852+08:00	0x07	-0.7255	-0.2854	0.6258	-0.0254	155.42	256.44	23.20
2026-05-15T16:35:05.0367852+08:00	0x06	-0.0887	-0.0506	0.9770	-0.1870	201.07	351.04	7.59
2026-05-15T16:35:05.0367852+08:00	0x07	-0.7253	-0.2854	0.6260	-0.0252	155.42	256.48	23.20
2026-05-15T16:35:05.0367852+08:00	0x06	-0.0888	-0.0504	0.9771	-0.1864	201.01	351.01	7.56
2026-05-15T16:35:05.0367852+08:00	0x07	-0.7257	-0.2852	0.6256	-0.0254	155.43	256.41	23.18
2026-05-15T16:35:05.0367852+08:00	0x06	-0.0890	-0.0504	0.9771	-0.1864	201.01	351.00	7.56
2026-05-15T16:35:05.0367852+08:00	0x07	-0.7257	-0.2852	0.6256	-0.0253	155.43	256.41	23.18
2026-05-15T16:35:05.0367852+08:00	0x06	-0.0887	-0.0507	0.9772	-0.1863	200.99	351.03	7.60
2026-05-15T16:35:05.0367852+08:00	0x07	-0.7258	-0.2845	0.6258	-0.0250	155.49	256.45	23.10
2026-05-15T16:35:05.0367852+08:00	0x06	-0.0885	-0.0508	0.9771	-0.1866	201.03	351.06	7.60
2026-05-15T16:35:05.0367852+08:00	0x07	-0.7256	-0.2844	0.6261	-0.0249	155.49	256.50	23.09
2026-05-15T16:35:05.0367852+08:00	0x06	-0.0884	-0.0506	0.9771	-0.1868	201.06	351.08	7.58
2026-05-15T16:35:05.0367852+08:00	0x07	-0.7256	-0.2850	0.6258	-0.0255	155.46	256.44	23.18
2026-05-15T16:35:05.0377812+08:00	0x06	-0.0884	-0.0506	0.9771	-0.1867	201.04	351.07	7.58
2026-05-15T16:35:05.0377812+08:00	0x07	-0.7257	-0.2847	0.6259	-0.0251	155.47	256.46	23.13
2026-05-15T16:35:05.0377812+08:00	0x06	-0.0882	-0.0505	0.9771	-0.1871	201.09	351.10	7.57
2026-05-15T16:35:05.0377812+08:00	0x07	-0.7256	-0.2844	0.6261	-0.0249	155.49	256.50	23.09
2026-05-15T16:35:05.0377812+08:00	0x06	-0.0881	-0.0506	0.9771	-0.1868	201.05	351.10	7.58
2026-05-15T16:35:05.0377812+08:00	0x07	-0.7255	-0.2842	0.6263	-0.0250	155.53	256.54	23.09
2026-05-15T16:35:05.0377812+08:00	0x06	-0.0877	-0.0509	0.9772	-0.1867	201.05	351.16	7.59
2026-05-15T16:35:05.0377812+08:00	0x07	-0.7255	-0.2839	0.6264	-0.0247	155.53	256.56	23.05
2026-05-15T16:35:05.0377812+08:00	0x06	-0.0875	-0.0503	0.9773	-0.1864	201.02	351.17	7.52
2026-05-15T16:35:05.0377812+08:00	0x07	-0.7258	-0.2830	0.6265	-0.0244	155.61	256.58	22.96
2026-05-15T16:35:05.0377812+08:00	0x06	-0.0875	-0.0500	0.9773	-0.1865	201.03	351.16	7.49
2026-05-15T16:35:05.0377812+08:00	0x07	-0.7258	-0.2830	0.6265	-0.0246	155.62	256.58	22.98
2026-05-15T16:35:05.0377812+08:00	0x06	-0.0871	-0.0501	0.9772	-0.1868	201.07	351.21	7.50
2026-05-15T16:35:05.0377812+08:00	0x07	-0.7259	-0.2828	0.6265	-0.0248	155.66	256.57	22.98
2026-05-15T16:35:05.0377812+08:00	0x06	-0.0870	-0.0499	0.9775	-0.1853	200.90	351.20	7.46
2026-05-15T16:35:05.0377812+08:00	0x07	-0.7260	-0.2825	0.6265	-0.0250	155.70	256.57	22.97
2026-05-15T16:35:05.0377812+08:00	0x06	-0.0868	-0.0495	0.9777	-0.1848	200.84	351.22	7.40
2026-05-15T16:35:05.0377812+08:00	0x07	-0.7263	-0.2814	0.6267	-0.0247	155.79	256.61	22.87
2026-05-15T16:35:05.0377812+08:00	0x06	-0.0867	-0.0492	0.9777	-0.1848	200.84	351.22	7.36
2026-05-15T16:35:05.0377812+08:00	0x07	-0.7261	-0.2815	0.6269	-0.0248	155.79	256.64	22.89
2026-05-15T16:35:05.0377812+08:00	0x06	-0.0865	-0.0493	0.9778	-0.1845	200.81	351.24	7.37
2026-05-15T16:35:05.0377812+08:00	0x07	-0.7261	-0.2811	0.6271	-0.0245	155.82	256.68	22.84
2026-05-15T16:35:05.0377812+08:00	0x06	-0.0865	-0.0489	0.9778	-0.1843	200.78	351.23	7.33
2026-05-15T16:35:05.0377812+08:00	0x07	-0.7261	-0.2809	0.6272	-0.0242	155.82	256.70	22.80
2026-05-15T16:35:05.0377812+08:00	0x06	-0.0864	-0.0491	0.9779	-0.1842	200.77	351.25	7.35
2026-05-15T16:35:05.0377812+08:00	0x07	-0.7262	-0.2806	0.6272	-0.0240	155.85	256.70	22.76
2026-05-15T16:35:05.0377812+08:00	0x06	-0.0863	-0.0492	0.9778	-0.1844	200.80	351.27	7.35
2026-05-15T16:35:05.0377812+08:00	0x07	-0.7262	-0.2804	0.6272	-0.0240	155.86	256.70	22.74
2026-05-15T16:35:05.0377812+08:00	0x06	-0.0862	-0.0488	0.9779	-0.1843	200.79	351.27	7.31
2026-05-15T16:35:05.0377812+08:00	0x07	-0.7262	-0.2804	0.6272	-0.0240	155.86	256.71	22.75
2026-05-15T16:35:05.0377812+08:00	0x06	-0.0864	-0.0488	0.9778	-0.1843	200.79	351.24	7.31
2026-05-15T16:35:05.0377812+08:00	0x07	-0.7267	-0.2796	0.6270	-0.0245	155.97	256.67	22.72
2026-05-15T16:35:05.0377812+08:00	0x06	-0.0916	-0.0499	0.9780	-0.1809	200.34	350.65	7.51
2026-05-15T16:35:05.0377812+08:00	0x07	-0.7286	-0.2817	0.6237	-0.0281	155.91	256.13	23.10
2026-05-15T16:35:05.0377812+08:00	0x06	-0.0919	-0.0525	0.9782	-0.1789	200.09	350.65	7.80
2026-05-15T16:35:05.0377812+08:00	0x07	-0.7304	-0.2791	0.6227	-0.0286	156.17	256.00	22.91
2026-05-15T16:35:05.0377812+08:00	0x06	-0.0924	-0.0531	0.9782	-0.1783	200.01	350.60	7.87
2026-05-15T16:35:05.0377812+08:00	0x07	-0.7298	-0.2803	0.6229	-0.0281	156.03	256.03	22.97
2026-05-15T16:35:05.0377812+08:00	0x06	-0.0926	-0.0549	0.9778	-0.1795	200.14	350.62	8.09
2026-05-15T16:35:05.0377812+08:00	0x07	-0.7290	-0.2827	0.6227	-0.0290	155.84	255.97	23.22
2026-05-15T16:35:05.0377812+08:00	0x06	-0.0903	-0.0558	0.9777	-0.1811	200.34	350.91	8.16
2026-05-15T16:35:05.0377812+08:00	0x07	-0.7284	-0.2820	0.6237	-0.0305	156.05	256.13	23.34
2026-05-15T16:35:05.0377812+08:00	0x06	-0.0877	-0.0525	0.9778	-0.1828	200.58	351.16	7.74
2026-05-15T16:35:05.0377812+08:00	0x07	-0.7269	-0.2845	0.6243	-0.0307	155.83	256.20	23.57
2026-05-15T16:35:05.0377812+08:00	0x06	-0.0862	-0.0496	0.9783	-0.1817	200.47	351.27	7.37
2026-05-15T16:35:05.0377812+08:00	0x07	-0.7266	-0.2837	0.6249	-0.0308	155.93	256.31	23.54
2026-05-15T16:35:05.0377812+08:00	0x06	-0.0851	-0.0493	0.9785	-0.1815	200.46	351.39	7.32
2026-05-15T16:35:05.0377812+08:00	0x07	-0.7264	-0.2831	0.6255	-0.0307	156.01	256.39	23.50
2026-05-15T16:35:05.0377812+08:00	0x06	-0.0849	-0.0493	0.9784	-0.1818	200.51	351.40	7.31
2026-05-15T16:35:05.0377812+08:00	0x07	-0.7263	-0.2829	0.6257	-0.0307	156.03	256.44	23.49
2026-05-15T16:35:05.0377812+08:00	0x06	-0.0847	-0.0494	0.9784	-0.1819	200.52	351.44	7.32
2026-05-15T16:35:05.0377812+08:00	0x07	-0.7263	-0.2823	0.6260	-0.0301	156.06	256.49	23.40
2026-05-15T16:35:05.0377812+08:00	0x06	-0.0844	-0.0490	0.9784	-0.1821	200.54	351.46	7.28
2026-05-15T16:35:05.0377812+08:00	0x07	-0.7271	-0.2808	0.6257	-0.0304	156.22	256.45	23.31
2026-05-15T16:35:05.0377812+08:00	0x06	-0.0912	-0.0503	0.9793	-0.1736	199.49	350.65	7.48
2026-05-15T16:35:05.0377812+08:00	0x07	-0.7317	-0.2789	0.6211	-0.0311	156.31	255.75	23.08
2026-05-15T16:35:05.0377812+08:00	0x06	-0.0955	-0.0533	0.9790	-0.1721	199.26	350.19	7.88
2026-05-15T16:35:05.0377812+08:00	0x07	-0.7325	-0.2753	0.6219	-0.0286	156.53	255.91	22.61
2026-05-15T16:35:05.0377812+08:00	0x06	-0.0951	-0.0514	0.9798	-0.1685	198.86	350.18	7.63
2026-05-15T16:35:05.0377812+08:00	0x07	-0.7323	-0.2764	0.6218	-0.0282	156.38	255.88	22.65
2026-05-15T16:35:05.0377812+08:00	0x06	-0.0958	-0.0527	0.9796	-0.1686	198.86	350.13	7.79
2026-05-15T16:35:05.0377812+08:00	0x07	-0.7316	-0.2772	0.6222	-0.0278	156.30	255.94	22.69
2026-05-15T16:35:05.0377812+08:00	0x06	-0.0947	-0.0535	0.9796	-0.1692	198.93	350.27	7.86
2026-05-15T16:35:05.0387787+08:00	0x07	-0.7311	-0.2776	0.6227	-0.0271	156.21	256.01	22.67
2026-05-15T16:35:05.0387787+08:00	0x06	-0.0938	-0.0541	0.9795	-0.1697	198.99	350.38	7.92
2026-05-15T16:35:05.0387787+08:00	0x07	-0.7307	-0.2767	0.6236	-0.0265	156.28	256.16	22.57
2026-05-15T16:35:05.0387787+08:00	0x06	-0.0945	-0.0538	0.9796	-0.1689	198.89	350.30	7.89
2026-05-15T16:35:05.0387787+08:00	0x07	-0.7311	-0.2757	0.6236	-0.0254	156.31	256.17	22.39
2026-05-15T16:35:05.0387787+08:00	0x06	-0.0944	-0.0551	0.9795	-0.1691	198.91	350.33	8.04
2026-05-15T16:35:05.0387787+08:00	0x07	-0.7309	-0.2760	0.6237	-0.0253	156.27	256.19	22.41
2026-05-15T16:35:05.0387787+08:00	0x06	-0.0956	-0.0549	0.9790	-0.1717	199.20	350.21	8.06
2026-05-15T16:35:05.0387787+08:00	0x07	-0.7309	-0.2767	0.6234	-0.0243	156.13	256.13	22.37
2026-05-15T16:35:05.0387787+08:00	0x06	-0.0942	-0.0551	0.9795	-0.1693	198.93	350.35	8.04
2026-05-15T16:35:05.0387787+08:00	0x07	-0.7319	-0.2727	0.6241	-0.0231	156.46	256.27	21.97
2026-05-15T16:35:05.0387787+08:00	0x06	-0.0967	-0.0534	0.9796	-0.1679	198.77	350.02	7.89
2026-05-15T16:35:05.0387787+08:00	0x07	-0.7310	-0.2766	0.6233	-0.0248	156.17	256.13	22.40
2026-05-15T16:35:05.0387787+08:00	0x06	-0.0962	-0.0548	0.9793	-0.1693	198.92	350.13	8.05
2026-05-15T16:35:05.0387787+08:00	0x07	-0.7306	-0.2763	0.6239	-0.0238	156.15	256.22	22.31
2026-05-15T16:35:05.0387787+08:00	0x06	-0.0953	-0.0566	0.9795	-0.1685	198.82	350.25	8.22
2026-05-15T16:35:05.0387787+08:00	0x07	-0.7324	-0.2724	0.6236	-0.0224	156.43	256.21	21.88
2026-05-15T16:35:05.0387787+08:00	0x06	-0.0938	-0.0538	0.9795	-0.1698	199.00	350.38	7.89
2026-05-15T16:35:05.0387787+08:00	0x07	-0.7311	-0.2737	0.6246	-0.0228	156.36	256.35	22.04
2026-05-15T16:35:05.0387787+08:00	0x06	-0.0925	-0.0544	0.9795	-0.1706	199.10	350.55	7.94
2026-05-15T16:35:05.0387787+08:00	0x07	-0.7308	-0.2738	0.6249	-0.0226	156.34	256.39	22.04
2026-05-15T16:35:05.0387787+08:00	0x06	-0.0921	-0.0543	0.9794	-0.1713	199.19	350.59	7.93
2026-05-15T16:35:05.0387787+08:00	0x07	-0.7305	-0.2739	0.6251	-0.0226	156.34	256.43	22.05
2026-05-15T16:35:05.0387787+08:00	0x06	-0.0915	-0.0540	0.9795	-0.1712	199.18	350.66	7.88
2026-05-15T16:35:05.0387787+08:00	0x07	-0.7307	-0.2732	0.6253	-0.0221	156.38	256.47	21.95
2026-05-15T16:35:05.0387787+08:00	0x06	-0.0916	-0.0540	0.9794	-0.1718	199.25	350.65	7.89
2026-05-15T16:35:05.0387787+08:00	0x07	-0.7310	-0.2724	0.6253	-0.0215	156.42	256.48	21.84
2026-05-15T16:35:05.0387787+08:00	0x06	-0.0919	-0.0538	0.9795	-0.1712	199.19	350.61	7.87
2026-05-15T16:35:05.0387787+08:00	0x07	-0.7315	-0.2713	0.6252	-0.0212	156.50	256.47	21.73
2026-05-15T16:35:05.0387787+08:00	0x06	-0.0956	-0.0528	0.9798	-0.1678	198.76	350.15	7.79
2026-05-15T16:35:05.0387787+08:00	0x07	-0.7323	-0.2723	0.6238	-0.0230	156.48	256.24	21.92
2026-05-15T16:35:05.0387787+08:00	0x06	-0.0974	-0.0530	0.9789	-0.1714	199.17	349.97	7.88
2026-05-15T16:35:05.0387787+08:00	0x07	-0.7325	-0.2709	0.6242	-0.0208	156.49	256.32	21.63
2026-05-15T16:35:05.0387787+08:00	0x06	-0.0931	-0.0522	0.9798	-0.1688	198.91	350.42	7.69
2026-05-15T16:35:05.0387787+08:00	0x07	-0.7312	-0.2715	0.6254	-0.0228	156.60	256.49	21.90
2026-05-15T16:35:05.0387787+08:00	0x06	-0.0920	-0.0521	0.9801	-0.1678	198.79	350.54	7.64
2026-05-15T16:35:05.0387787+08:00	0x07	-0.7313	-0.2716	0.6253	-0.0241	156.68	256.47	22.02
2026-05-15T16:35:05.0387787+08:00	0x06	-0.0920	-0.0525	0.9801	-0.1681	198.83	350.56	7.69
2026-05-15T16:35:05.0387787+08:00	0x07	-0.7311	-0.2718	0.6253	-0.0240	156.64	256.47	22.02
2026-05-15T16:35:05.0387787+08:00	0x06	-0.0917	-0.0523	0.9800	-0.1684	198.87	350.59	7.67
2026-05-15T16:35:05.0387787+08:00	0x07	-0.7310	-0.2715	0.6256	-0.0236	156.66	256.52	21.97
2026-05-15T16:35:05.0387787+08:00	0x06	-0.0917	-0.0526	0.9799	-0.1691	198.95	350.60	7.70
2026-05-15T16:35:05.0387787+08:00	0x07	-0.7312	-0.2711	0.6256	-0.0234	156.68	256.52	21.92
2026-05-15T16:35:05.0387787+08:00	0x06	-0.0916	-0.0520	0.9799	-0.1693	198.97	350.60	7.64
2026-05-15T16:35:05.0387787+08:00	0x07	-0.7312	-0.2710	0.6256	-0.0233	156.69	256.53	21.91
2026-05-15T16:35:05.0387787+08:00	0x06	-0.0937	-0.0510	0.9802	-0.1667	198.67	350.33	7.54
2026-05-15T16:35:05.0387787+08:00	0x07	-0.7315	-0.2709	0.6253	-0.0233	156.69	256.48	21.89
2026-05-15T16:35:05.0387787+08:00	0x06	-0.0942	-0.0525	0.9799	-0.1681	198.81	350.30	7.74
2026-05-15T16:35:05.0387787+08:00	0x07	-0.7325	-0.2684	0.6252	-0.0219	156.84	256.49	21.58
2026-05-15T16:35:05.0387787+08:00	0x06	-0.0982	-0.0503	0.9800	-0.1658	198.53	349.78	7.53
2026-05-15T16:35:05.0387787+08:00	0x07	-0.7331	-0.2726	0.6227	-0.0247	156.54	256.05	22.07
2026-05-15T16:35:05.0387787+08:00	0x06	-0.0983	-0.0527	0.9799	-0.1655	198.48	349.81	7.80
2026-05-15T16:35:05.0387787+08:00	0x07	-0.7329	-0.2728	0.6228	-0.0230	156.41	256.08	21.94
2026-05-15T16:35:05.0387787+08:00	0x06	-0.0976	-0.0550	0.9795	-0.1673	198.67	349.95	8.07
2026-05-15T16:35:05.0387787+08:00	0x07	-0.7332	-0.2720	0.6228	-0.0219	156.41	256.09	21.77
2026-05-15T16:35:05.0387787+08:00	0x06	-0.0974	-0.0552	0.9788	-0.1717	199.18	350.02	8.13
2026-05-15T16:35:05.0387787+08:00	0x07	-0.7324	-0.2754	0.6223	-0.0216	156.04	255.98	21.99
2026-05-15T16:35:05.0397774+08:00	0x06	-0.0980	-0.0556	0.9785	-0.1729	199.32	349.96	8.20
2026-05-15T16:35:05.0397774+08:00	0x07	-0.7324	-0.2749	0.6225	-0.0215	156.09	256.02	21.95
2026-05-15T16:35:05.0397774+08:00	0x06	-0.0978	-0.0553	0.9786	-0.1726	199.29	349.97	8.16
2026-05-15T16:35:05.0397774+08:00	0x07	-0.7327	-0.2737	0.6228	-0.0211	156.19	256.07	21.82
2026-05-15T16:35:05.0397774+08:00	0x06	-0.0971	-0.0556	0.9786	-0.1729	199.33	350.06	8.18
2026-05-15T16:35:05.0397774+08:00	0x07	-0.7324	-0.2736	0.6231	-0.0206	156.17	256.13	21.78
2026-05-15T16:35:05.0397774+08:00	0x06	-0.0962	-0.0558	0.9786	-0.1733	199.39	350.17	8.20
2026-05-15T16:35:05.0397774+08:00	0x07	-0.7325	-0.2718	0.6238	-0.0201	156.33	256.25	21.62
2026-05-15T16:35:05.0397774+08:00	0x06	-0.0961	-0.0548	0.9790	-0.1715	199.17	350.15	8.06
2026-05-15T16:35:05.0397774+08:00	0x07	-0.7326	-0.2708	0.6241	-0.0197	156.41	256.31	21.52
2026-05-15T16:35:05.0397774+08:00	0x06	-0.0981	-0.0533	0.9789	-0.1713	199.15	349.90	7.93
2026-05-15T16:35:05.0397774+08:00	0x07	-0.7326	-0.2736	0.6229	-0.0208	156.18	256.09	21.80
2026-05-15T16:35:05.0397774+08:00	0x06	-0.0953	-0.0518	0.9799	-0.1674	198.73	350.16	7.66
2026-05-15T16:35:05.0397774+08:00	0x07	-0.7311	-0.2737	0.6246	-0.0206	156.20	256.36	21.84
2026-05-15T16:35:05.0397774+08:00	0x06	-0.0940	-0.0532	0.9795	-0.1701	199.04	350.35	7.83
2026-05-15T16:35:05.0397774+08:00	0x07	-0.7311	-0.2722	0.6253	-0.0196	156.31	256.48	21.66
2026-05-15T16:35:05.0397774+08:00	0x06	-0.0935	-0.0531	0.9795	-0.1706	199.10	350.41	7.82
2026-05-15T16:35:05.0397774+08:00	0x07	-0.7311	-0.2716	0.6255	-0.0194	156.36	256.53	21.60
2026-05-15T16:35:05.0397774+08:00	0x06	-0.0936	-0.0531	0.9795	-0.1705	199.09	350.40	7.81
2026-05-15T16:35:05.0397774+08:00	0x07	-0.7310	-0.2720	0.6256	-0.0193	156.31	256.53	21.62
2026-05-15T16:35:05.0397774+08:00	0x06	-0.0932	-0.0534	0.9793	-0.1716	199.23	350.46	7.85
2026-05-15T16:35:05.0397774+08:00	0x07	-0.7311	-0.2717	0.6255	-0.0195	156.35	256.52	21.62
2026-05-15T16:35:05.0397774+08:00	0x06	-0.0927	-0.0531	0.9793	-0.1717	199.24	350.52	7.80
2026-05-15T16:35:05.0397774+08:00	0x07	-0.7311	-0.2716	0.6256	-0.0193	156.35	256.54	21.59
2026-05-15T16:35:05.0397774+08:00	0x06	-0.0924	-0.0536	0.9793	-0.1720	199.27	350.56	7.86
2026-05-15T16:35:05.0397774+08:00	0x07	-0.7311	-0.2711	0.6258	-0.0185	156.35	256.57	21.49
2026-05-15T16:35:05.0397774+08:00	0x06	-0.0923	-0.0534	0.9794	-0.1716	199.23	350.56	7.83
2026-05-15T16:35:05.0397774+08:00	0x07	-0.7313	-0.2700	0.6261	-0.0181	156.44	256.63	21.38
2026-05-15T16:35:05.0397774+08:00	0x06	-0.0925	-0.0532	0.9795	-0.1711	199.17	350.53	7.81
2026-05-15T16:35:05.0397774+08:00	0x07	-0.7311	-0.2702	0.6262	-0.0182	156.43	256.64	21.41
2026-05-15T16:35:05.0397774+08:00	0x06	-0.0921	-0.0535	0.9792	-0.1725	199.33	350.59	7.85
2026-05-15T16:35:05.0397774+08:00	0x07	-0.7310	-0.2707	0.6262	-0.0182	156.37	256.63	21.44
2026-05-15T16:35:05.0397774+08:00	0x06	-0.0920	-0.0537	0.9791	-0.1731	199.40	350.62	7.87
2026-05-15T16:35:05.0397774+08:00	0x07	-0.7310	-0.2704	0.6263	-0.0180	156.40	256.65	21.41
2026-05-15T16:35:05.0397774+08:00	0x06	-0.0920	-0.0534	0.9791	-0.1732	199.41	350.60	7.84
2026-05-15T16:35:05.0397774+08:00	0x07	-0.7311	-0.2701	0.6263	-0.0178	156.41	256.66	21.37
2026-05-15T16:35:05.0397774+08:00	0x06	-0.0920	-0.0537	0.9791	-0.1733	199.42	350.61	7.87
2026-05-15T16:35:05.0397774+08:00	0x07	-0.7312	-0.2695	0.6264	-0.0175	156.45	256.69	21.30
2026-05-15T16:35:05.0397774+08:00	0x06	-0.0923	-0.0535	0.9792	-0.1726	199.35	350.58	7.85
2026-05-15T16:35:05.0397774+08:00	0x07	-0.7313	-0.2691	0.6265	-0.0172	156.48	256.70	21.25
2026-05-15T16:35:05.0397774+08:00	0x06	-0.0965	-0.0535	0.9799	-0.1659	198.53	350.04	7.87
2026-05-15T16:35:05.0397774+08:00	0x07	-0.7326	-0.2719	0.6236	-0.0233	156.54	256.21	21.92
2026-05-15T16:35:05.0397774+08:00	0x06	-0.0982	-0.0517	0.9793	-0.1694	198.95	349.84	7.73
2026-05-15T16:35:05.0397774+08:00	0x07	-0.7350	-0.2683	0.6224	-0.0208	156.69	256.05	21.38
2026-05-15T16:35:05.0397774+08:00	0x06	-0.0979	-0.0506	0.9800	-0.1654	198.49	349.82	7.56
2026-05-15T16:35:05.0397774+08:00	0x07	-0.7339	-0.2695	0.6231	-0.0211	156.61	256.16	21.53
2026-05-15T16:35:05.0397774+08:00	0x06	-0.0993	-0.0508	0.9793	-0.1688	198.87	349.69	7.64
2026-05-15T16:35:05.0397774+08:00	0x07	-0.7339	-0.2695	0.6233	-0.0199	156.54	256.18	21.41
2026-05-15T16:35:05.0397774+08:00	0x06	-0.0991	-0.0514	0.9794	-0.1684	198.82	349.73	7.71
2026-05-15T16:35:05.0397774+08:00	0x07	-0.7339	-0.2679	0.6239	-0.0192	156.66	256.29	21.25
2026-05-15T16:35:05.0397774+08:00	0x06	-0.0991	-0.0511	0.9798	-0.1660	198.54	349.70	7.64
2026-05-15T16:35:05.0397774+08:00	0x07	-0.7342	-0.2671	0.6239	-0.0189	156.72	256.31	21.16
2026-05-15T16:35:05.0397774+08:00	0x06	-0.0989	-0.0520	0.9797	-0.1667	198.61	349.74	7.75
2026-05-15T16:35:05.0397774+08:00	0x07	-0.7337	-0.2677	0.6242	-0.0185	156.63	256.34	21.19
2026-05-15T16:35:05.0397774+08:00	0x06	-0.0987	-0.0517	0.9797	-0.1668	198.64	349.76	7.71
2026-05-15T16:35:05.0397774+08:00	0x07	-0.7336	-0.2670	0.6247	-0.0183	156.70	256.43	21.13
2026-05-15T16:35:05.0397774+08:00	0x06	-0.0990	-0.0505	0.9795	-0.1681	198.79	349.72	7.59
2026-05-15T16:35:05.0397774+08:00	0x07	-0.7329	-0.2680	0.6250	-0.0175	156.56	256.48	21.14
2026-05-15T16:35:05.0397774+08:00	0x06	-0.0990	-0.0509	0.9795	-0.1679	198.76	349.72	7.64
2026-05-15T16:35:05.0397774+08:00	0x07	-0.7333	-0.2669	0.6250	-0.0173	156.66	256.49	21.04
2026-05-15T16:35:05.0397774+08:00	0x06	-0.0992	-0.0520	0.9792	-0.1692	198.90	349.73	7.78
2026-05-15T16:35:05.0397774+08:00	0x07	-0.7331	-0.2685	0.6247	-0.0174	156.50	256.42	21.15
2026-05-15T16:35:05.0397774+08:00	0x06	-0.0993	-0.0527	0.9790	-0.1701	199.01	349.74	7.87
2026-05-15T16:35:05.0397774+08:00	0x07	-0.7330	-0.2693	0.6244	-0.0178	156.43	256.38	21.25
2026-05-15T16:35:05.0407805+08:00	0x06	-0.0989	-0.0531	0.9786	-0.1726	199.30	349.81	7.94
2026-05-15T16:35:05.0407805+08:00	0x07	-0.7329	-0.2695	0.6245	-0.0165	156.33	256.39	21.15
2026-05-15T16:35:05.0407805+08:00	0x06	-0.0966	-0.0536	0.9792	-0.1703	199.04	350.06	7.92
2026-05-15T16:35:05.0407805+08:00	0x07	-0.7333	-0.2648	0.6260	-0.0156	156.77	256.66	20.76
2026-05-15T16:35:05.0407805+08:00	0x06	-0.0962	-0.0527	0.9795	-0.1688	198.88	350.08	7.80
2026-05-15T16:35:05.0407805+08:00	0x07	-0.7331	-0.2655	0.6260	-0.0161	156.73	256.65	20.85
2026-05-15T16:35:05.0407805+08:00	0x06	-0.0962	-0.0531	0.9794	-0.1692	198.92	350.09	7.85
2026-05-15T16:35:05.0407805+08:00	0x07	-0.7329	-0.2652	0.6263	-0.0156	156.74	256.71	20.80
2026-05-15T16:35:05.0407805+08:00	0x06	-0.0960	-0.0532	0.9795	-0.1691	198.91	350.12	7.85
2026-05-15T16:35:05.0407805+08:00	0x07	-0.7329	-0.2647	0.6265	-0.0154	156.77	256.74	20.75
2026-05-15T16:35:05.0407805+08:00	0x06	-0.0958	-0.0530	0.9794	-0.1696	198.97	350.14	7.83
2026-05-15T16:35:05.0407805+08:00	0x07	-0.7329	-0.2645	0.6267	-0.0151	156.78	256.77	20.71
2026-05-15T16:35:05.0407805+08:00	0x06	-0.0979	-0.0524	0.9799	-0.1655	198.48	349.85	7.77
2026-05-15T16:35:05.0407805+08:00	0x07	-0.7351	-0.2624	0.6250	-0.0147	156.92	256.53	20.47
2026-05-15T16:35:05.0407805+08:00	0x06	-0.0995	-0.0494	0.9792	-0.1699	199.00	349.65	7.50
2026-05-15T16:35:05.0407805+08:00	0x07	-0.7351	-0.2597	0.6261	-0.0121	157.02	256.72	20.06
2026-05-15T16:35:05.0407805+08:00	0x06	-0.0960	-0.0483	0.9797	-0.1692	198.96	350.03	7.30
2026-05-15T16:35:05.0407805+08:00	0x07	-0.7330	-0.2653	0.6262	-0.0142	156.63	256.70	20.68
2026-05-15T16:35:05.0407805+08:00	0x06	-0.0945	-0.0511	0.9796	-0.1699	199.03	350.26	7.60
2026-05-15T16:35:05.0407805+08:00	0x07	-0.7333	-0.2639	0.6264	-0.0138	156.74	256.74	20.54
2026-05-15T16:35:05.0407805+08:00	0x06	-0.0944	-0.0521	0.9793	-0.1715	199.22	350.30	7.73
2026-05-15T16:35:05.0407805+08:00	0x07	-0.7328	-0.2648	0.6267	-0.0135	156.63	256.77	20.59
2026-05-15T16:35:05.0407805+08:00	0x06	-0.0939	-0.0525	0.9790	-0.1731	199.40	350.37	7.78
2026-05-15T16:35:05.1684477+08:00	0x07	-0.7331	-0.2646	0.6264	-0.0135	156.66	256.74	20.57
2026-05-15T16:35:05.3045257+08:00	0x06	-0.0950	-0.0484	0.9800	-0.1679	198.82	350.13	7.28
2026-05-15T16:35:05.7035728+08:00	0x07	-0.7332	-0.2602	0.6280	-0.0163	157.32	257.00	20.53
2026-05-15T16:35:05.8792956+08:00	0x06	-0.0838	-0.0412	0.9815	-0.1669	198.82	351.27	6.25
2026-05-15T16:35:06.2350712+08:00	0x07	-0.7335	-0.2505	0.6317	-0.0139	158.18	257.64	19.68
2026-05-15T16:35:06.4010531+08:00	0x06	-0.0828	-0.0407	0.9816	-0.1673	198.88	351.38	6.17
