timestamp	device	q0	q1	q2	q3	yaw	pitch	roll
2026-05-08T13:55:45.9603361+08:00	0x08	-0.0051	-0.0213	0.0671	0.9975	7.71	357.53	359.58
2026-05-08T13:55:46.0366367+08:00	0x06	0.7554	0.0603	-0.6473	-0.0822	168.60	261.46	357.36
2026-05-08T13:55:46.1056367+08:00	0x07	0.3403	-0.6412	-0.2821	-0.6274	352.30	95.01	307.94
2026-05-08T13:55:46.4157338+08:00	0x09	0.0484	-0.0749	-0.6319	0.7699	281.34	349.83	358.85
2026-05-08T13:55:46.4483039+08:00	0x04	-0.0079	-0.0530	-0.2269	0.9724	333.84	354.29	357.74
2026-05-08T13:55:46.5482527+08:00	0x03	0.0090	-0.0515	0.2629	0.9634	30.40	354.58	2.54
2026-05-08T13:55:46.5954312+08:00	0x02	0.0161	-0.0031	-0.9621	0.2721	211.59	358.12	0.16
2026-05-08T13:55:46.6421289+08:00	0x07	0.2362	-0.6640	-0.2280	-0.6718	359.47	89.51	321.68
2026-05-08T13:55:46.6807618+08:00	0x05	0.0092	0.0133	0.4263	0.9045	50.47	1.83	0.31
2026-05-08T13:55:46.9775499+08:00	0x02	0.0162	-0.0031	-0.9621	0.2721	211.59	358.12	0.16
2026-05-08T13:55:47.0024519+08:00	0x09	0.0484	-0.0749	-0.6319	0.7699	281.34	349.83	358.85
2026-05-08T13:55:47.0486283+08:00	0x08	-0.0051	-0.0213	0.0671	0.9975	7.71	357.53	359.58
2026-05-08T13:55:47.2299921+08:00	0x07	0.1641	-0.7120	-0.1676	-0.6619	359.24	94.36	332.88
2026-05-08T13:55:47.5349860+08:00	0x09	0.0484	-0.0749	-0.6319	0.7699	281.34	349.83	358.85
2026-05-08T13:55:47.5576739+08:00	0x02	0.0162	-0.0031	-0.9621	0.2721	211.59	358.12	0.16
2026-05-08T13:55:47.6835554+08:00	0x08	-0.0051	-0.0213	0.0671	0.9975	7.71	357.53	359.58
2026-05-08T13:55:47.7530961+08:00	0x06	0.7395	0.0112	-0.6695	-0.0694	173.69	264.59	354.98
2026-05-08T13:55:48.0762369+08:00	0x02	0.0162	-0.0031	-0.9621	0.2721	211.59	358.12	0.16
2026-05-08T13:55:48.1189038+08:00	0x04	-0.0079	-0.0530	-0.2269	0.9724	333.84	354.29	357.74
2026-05-08T13:55:48.1380830+08:00	0x01	-0.0229	-0.0637	-0.2984	0.9520	325.45	353.80	355.32
2026-05-08T13:55:48.2504570+08:00	0x07	0.1281	-0.7101	-0.1516	-0.6755	1.43	92.57	337.15
2026-05-08T13:55:48.5652928+08:00	0x04	-0.0079	-0.0530	-0.2269	0.9724	333.84	354.29	357.74
2026-05-08T13:55:48.6062313+08:00	0x09	0.0484	-0.0749	-0.6319	0.7699	281.34	349.83	358.85
2026-05-08T13:55:48.6604482+08:00	0x01	-0.0229	-0.0637	-0.2984	0.9520	325.45	353.80	355.32
2026-05-08T13:55:48.6956374+08:00	0x06	0.7391	0.0212	-0.6711	-0.0537	174.06	264.63	357.08
2026-05-08T13:55:48.7368339+08:00	0x08	-0.0051	-0.0213	0.0671	0.9975	7.71	357.53	359.58
2026-05-08T13:55:48.8412272+08:00	0x07	0.1479	-0.7063	-0.1813	-0.6681	2.15	92.67	333.01
2026-05-08T13:55:49.1359454+08:00	0x09	0.0484	-0.0749	-0.6319	0.7699	281.34	349.83	358.85
2026-05-08T13:55:49.2423767+08:00	0x03	0.0090	-0.0515	0.2629	0.9634	30.40	354.58	2.54
2026-05-08T13:55:49.3988469+08:00	0x07	0.1881	-0.6940	-0.2179	-0.6600	1.83	92.33	326.59
2026-05-08T13:55:49.5129987+08:00	0x06	0.7262	0.0468	-0.6848	-0.0397	172.98	266.62	0.37
2026-05-08T13:55:49.6606129+08:00	0x04	-0.0079	-0.0530	-0.2269	0.9724	333.84	354.29	357.74
2026-05-08T13:55:49.7093393+08:00	0x09	0.0484	-0.0749	-0.6319	0.7699	281.34	349.83	358.85
2026-05-08T13:55:49.7366157+08:00	0x03	0.0090	-0.0515	0.2629	0.9634	30.40	354.58	2.54
2026-05-08T13:55:49.8238693+08:00	0x08	-0.0051	-0.0213	0.0671	0.9975	7.71	357.53	359.58
2026-05-08T13:55:49.8865270+08:00	0x05	0.0092	0.0132	0.4263	0.9045	50.47	1.82	0.31
2026-05-08T13:55:49.9774896+08:00	0x07	0.2427	-0.6729	-0.2760	-0.6420	2.18	91.84	316.91
2026-05-08T13:55:50.1818701+08:00	0x04	-0.0079	-0.0530	-0.2269	0.9724	333.84	354.29	357.74
2026-05-08T13:55:50.2606722+08:00	0x03	0.0090	-0.0515	0.2629	0.9634	30.40	354.58	2.54
2026-05-08T13:55:50.3008678+08:00	0x09	0.0484	-0.0749	-0.6319	0.7699	281.34	349.83	358.85
2026-05-08T13:55:50.3329658+08:00	0x01	-0.0229	-0.0637	-0.2984	0.9520	325.45	353.80	355.32
2026-05-08T13:55:50.4430066+08:00	0x08	-0.0051	-0.0213	0.0671	0.9975	7.71	357.53	359.58
2026-05-08T13:55:50.4822951+08:00	0x06	0.7251	0.0474	-0.6858	-0.0403	172.87	266.78	0.37
2026-05-08T13:55:50.5432348+08:00	0x07	0.3173	-0.6408	-0.3475	-0.6066	1.53	92.32	303.87
2026-05-08T13:55:50.7500807+08:00	0x04	-0.0079	-0.0530	-0.2269	0.9724	333.84	354.29	357.74
2026-05-08T13:55:50.8435521+08:00	0x03	0.0090	-0.0515	0.2629	0.9634	30.40	354.58	2.54
2026-05-08T13:55:50.9529507+08:00	0x01	-0.0229	-0.0637	-0.2984	0.9520	325.45	353.80	355.32
2026-05-08T13:55:50.9952806+08:00	0x06	0.7245	0.0465	-0.6863	-0.0439	172.66	266.90	0.01
2026-05-08T13:55:51.0408520+08:00	0x08	-0.0051	-0.0213	0.0671	0.9975	7.71	357.53	359.58
2026-05-08T13:55:51.0672342+08:00	0x07	0.3834	-0.6014	-0.4106	-0.5681	0.84	92.68	291.65
2026-05-08T13:55:51.2931627+08:00	0x02	0.0162	-0.0031	-0.9621	0.2721	211.59	358.12	0.16
2026-05-08T13:55:51.3435866+08:00	0x09	0.0484	-0.0749	-0.6319	0.7699	281.34	349.83	358.85
2026-05-08T13:55:51.3848235+08:00	0x03	0.0090	-0.0515	0.2629	0.9634	30.40	354.58	2.54
2026-05-08T13:55:51.5290764+08:00	0x01	-0.0229	-0.0637	-0.2984	0.9520	325.45	353.80	355.32
2026-05-08T13:55:51.6445097+08:00	0x07	0.3815	-0.6026	-0.4088	-0.5694	0.87	92.66	292.01
2026-05-08T13:55:51.7260447+08:00	0x06	0.7239	0.0453	-0.6868	-0.0483	172.42	267.02	359.56
2026-05-08T13:55:51.8195305+08:00	0x02	0.0162	-0.0031	-0.9621	0.2721	211.59	358.12	0.16
2026-05-08T13:55:51.8524698+08:00	0x04	-0.0079	-0.0530	-0.2269	0.9724	333.84	354.29	357.74
2026-05-08T13:55:51.9068308+08:00	0x09	0.0484	-0.0749	-0.6319	0.7699	281.34	349.83	358.85
2026-05-08T13:55:51.9837552+08:00	0x03	0.0090	-0.0515	0.2629	0.9634	30.40	354.58	2.54
2026-05-08T13:55:52.0123972+08:00	0x08	-0.0051	-0.0213	0.0671	0.9975	7.71	357.53	359.58
2026-05-08T13:55:52.0385608+08:00	0x06	0.7233	0.0471	-0.6873	-0.0482	172.28	267.09	359.72
2026-05-08T13:55:52.1959244+08:00	0x07	0.4712	-0.5328	-0.4945	-0.4995	353.00	100.25	273.86
2026-05-08T13:55:52.3867165+08:00	0x02	0.0162	-0.0031	-0.9621	0.2721	211.59	358.12	0.16
2026-05-08T13:55:52.4141575+08:00	0x09	0.0484	-0.0749	-0.6319	0.7699	281.34	349.83	358.85
2026-05-08T13:55:52.5091735+08:00	0x03	0.0090	-0.0515	0.2629	0.9634	30.40	354.58	2.54
2026-05-08T13:55:52.6133497+08:00	0x01	-0.0229	-0.0637	-0.2984	0.9520	325.45	353.80	355.32
2026-05-08T13:55:52.7188959+08:00	0x07	0.5655	-0.4283	-0.5852	-0.3929	184.32	268.88	288.99
2026-05-08T13:55:52.9060749+08:00	0x02	0.0162	-0.0031	-0.9621	0.2721	211.59	358.12	0.16
2026-05-08T13:55:52.9448116+08:00	0x04	-0.0079	-0.0530	-0.2269	0.9724	333.84	354.29	357.74
2026-05-08T13:55:53.0635413+08:00	0x03	0.0090	-0.0514	0.2629	0.9634	30.40	354.58	2.54
2026-05-08T13:55:53.0959756+08:00	0x01	-0.0229	-0.0637	-0.2984	0.9520	325.45	353.80	355.32
2026-05-08T13:55:53.2338872+08:00	0x06	0.7242	0.0450	-0.6863	-0.0492	172.37	266.96	359.46
2026-05-08T13:55:53.2849571+08:00	0x08	-0.0051	-0.0213	0.0671	0.9975	7.71	357.53	359.58
2026-05-08T13:55:53.4984172+08:00	0x09	0.0484	-0.0749	-0.6319	0.7699	281.34	349.83	358.85
2026-05-08T13:55:53.5315891+08:00	0x04	-0.0079	-0.0530	-0.2269	0.9724	333.84	354.29	357.74
2026-05-08T13:55:53.6075869+08:00	0x03	0.0090	-0.0514	0.2629	0.9634	30.40	354.58	2.54
2026-05-08T13:55:53.6351385+08:00	0x01	-0.0229	-0.0637	-0.2984	0.9520	325.45	353.80	355.32
2026-05-08T13:55:53.6838733+08:00	0x08	-0.0051	-0.0213	0.0671	0.9975	7.71	357.53	359.58
2026-05-08T13:55:53.8120483+08:00	0x07	0.6370	-0.3120	-0.6500	-0.2726	183.76	269.46	311.15
2026-05-08T13:55:54.0040478+08:00	0x02	0.0162	-0.0031	-0.9621	0.2721	211.58	358.12	0.16
2026-05-08T13:55:54.0697220+08:00	0x09	0.0484	-0.0749	-0.6319	0.7699	281.34	349.83	358.85
2026-05-08T13:55:54.1392545+08:00	0x03	0.0090	-0.0514	0.2629	0.9634	30.40	354.58	2.54
2026-05-08T13:55:54.1903554+08:00	0x01	-0.0229	-0.0637	-0.2984	0.9520	325.45	353.80	355.32
2026-05-08T13:55:54.2357112+08:00	0x06	0.7228	0.0433	-0.6879	-0.0504	172.42	267.21	359.24
2026-05-08T13:55:54.3319281+08:00	0x07	0.7084	0.0060	-0.7040	0.0501	183.57	269.79	4.56
2026-05-08T13:55:54.5681482+08:00	0x02	0.0162	-0.0031	-0.9621	0.2721	211.58	358.12	0.16
2026-05-08T13:55:54.6143133+08:00	0x04	-0.0079	-0.0530	-0.2269	0.9724	333.84	354.29	357.74
2026-05-08T13:55:54.6826686+08:00	0x03	0.0090	-0.0514	0.2629	0.9634	30.40	354.58	2.54
2026-05-08T13:55:54.8195790+08:00	0x01	-0.0229	-0.0637	-0.2984	0.9520	325.45	353.80	355.32
2026-05-08T13:55:54.8397575+08:00	0x06	0.6935	0.0385	-0.7186	-0.0332	174.19	272.01	0.53
2026-05-08T13:55:54.8802971+08:00	0x07	0.6769	0.2019	-0.6627	0.2487	184.05	270.15	37.18
2026-05-08T13:55:55.0937408+08:00	0x02	0.0162	-0.0031	-0.9621	0.2721	211.58	358.12	0.16
2026-05-08T13:55:55.1729450+08:00	0x04	-0.0079	-0.0530	-0.2269	0.9724	333.84	354.29	357.74
2026-05-08T13:55:55.2304277+08:00	0x03	0.0090	-0.0514	0.2629	0.9634	30.40	354.58	2.54
2026-05-08T13:55:55.2894813+08:00	0x01	-0.0229	-0.0637	-0.2984	0.9520	325.45	353.80	355.32
2026-05-08T13:55:55.3522326+08:00	0x08	-0.0051	-0.0213	0.0671	0.9975	7.71	357.53	359.58
2026-05-08T13:55:55.4161347+08:00	0x07	0.6538	0.2901	-0.5975	0.3624	185.39	267.67	55.14
2026-05-08T13:55:55.6649711+08:00	0x02	0.0162	-0.0031	-0.9621	0.2721	211.58	358.12	0.16
2026-05-08T13:55:55.7341040+08:00	0x09	0.0484	-0.0749	-0.6319	0.7699	281.34	349.83	358.85
2026-05-08T13:55:55.7606402+08:00	0x03	0.0090	-0.0514	0.2629	0.9634	30.40	354.58	2.54
2026-05-08T13:55:55.8436764+08:00	0x08	-0.0051	-0.0213	0.0671	0.9975	7.71	357.53	359.58
2026-05-08T13:55:55.8632816+08:00	0x04	-0.0079	-0.0530	-0.2269	0.9724	333.84	354.29	357.74
2026-05-08T13:55:55.9439246+08:00	0x07	0.5581	0.1724	-0.7358	0.3426	203.83	294.31	39.51
2026-05-08T13:55:56.1358608+08:00	0x02	0.0162	-0.0031	-0.9621	0.2721	211.59	358.12	0.16
2026-05-08T13:55:56.2725428+08:00	0x09	0.0484	-0.0749	-0.6319	0.7699	281.34	349.83	358.85
2026-05-08T13:55:56.2925829+08:00	0x04	-0.0079	-0.0530	-0.2269	0.9724	333.84	354.29	357.74
2026-05-08T13:55:56.3201224+08:00	0x08	-0.0051	-0.0213	0.0671	0.9975	7.71	357.53	359.58
2026-05-08T13:55:56.4847430+08:00	0x03	0.0090	-0.0514	0.2629	0.9634	30.41	354.58	2.54
2026-05-08T13:55:56.5128348+08:00	0x06	0.6944	0.0386	-0.7177	-0.0337	174.14	271.86	0.49
2026-05-08T13:55:56.7584635+08:00	0x02	0.0162	-0.0031	-0.9621	0.2721	211.59	358.12	0.16
2026-05-08T13:55:56.7898804+08:00	0x04	-0.0079	-0.0530	-0.2269	0.9724	333.84	354.29	357.74
2026-05-08T13:55:56.8273539+08:00	0x08	-0.0051	-0.0213	0.0671	0.9975	7.71	357.53	359.58
2026-05-08T13:55:56.9422550+08:00	0x01	-0.0229	-0.0637	-0.2984	0.9520	325.45	353.80	355.32
2026-05-08T13:55:57.0763907+08:00	0x06	0.2793	0.0471	-0.9324	-0.2247	153.54	327.16	357.85
2026-05-08T13:55:57.1188787+08:00	0x07	0.2970	0.1262	-0.8165	0.4788	234.21	335.30	29.37
2026-05-08T13:55:57.3352687+08:00	0x02	0.0162	-0.0031	-0.9621	0.2721	211.59	358.12	0.16
2026-05-08T13:55:57.3924464+08:00	0x09	0.0485	-0.0749	-0.6319	0.7699	281.34	349.83	358.85
2026-05-08T13:55:57.4588377+08:00	0x01	-0.0229	-0.0637	-0.2984	0.9520	325.45	353.80	355.32
2026-05-08T13:55:57.5279644+08:00	0x08	-0.0051	-0.0213	0.0671	0.9975	7.71	357.53	359.58
2026-05-08T13:55:57.6966697+08:00	0x07	0.2290	0.1121	-0.7682	0.5873	251.48	345.81	26.18
2026-05-08T13:55:57.8876341+08:00	0x02	0.0162	-0.0031	-0.9621	0.2721	211.59	358.12	0.16
2026-05-08T13:55:57.9009497+08:00	0x04	-0.0079	-0.0530	-0.2269	0.9724	333.84	354.29	357.74
2026-05-08T13:55:57.9941031+08:00	0x09	0.0484	-0.0749	-0.6319	0.7699	281.34	349.83	358.85
2026-05-08T13:55:58.1560373+08:00	0x06	0.2764	0.0348	-0.9257	-0.2558	150.38	327.91	355.58
2026-05-08T13:55:58.2353433+08:00	0x07	0.2412	0.1362	-0.7411	0.6116	255.67	347.29	29.79
2026-05-08T13:55:58.3255307+08:00	0x02	0.0162	-0.0031	-0.9621	0.2721	211.59	358.12	0.16
2026-05-08T13:55:58.4008613+08:00	0x03	0.0090	-0.0514	0.2629	0.9634	30.41	354.58	2.54
2026-05-08T13:55:58.4977157+08:00	0x08	-0.0051	-0.0213	0.0671	0.9975	7.71	357.53	359.58
2026-05-08T13:55:58.5357829+08:00	0x01	-0.0229	-0.0636	-0.2984	0.9520	325.45	353.81	355.33
2026-05-08T13:55:58.6976391+08:00	0x06	0.3030	0.0342	-0.9074	-0.2892	146.69	325.02	353.50
2026-05-08T13:55:58.7614961+08:00	0x07	0.2388	0.1510	-0.7238	0.6295	259.08	349.51	31.28
2026-05-08T13:55:58.8409368+08:00	0x02	0.0162	-0.0031	-0.9621	0.2721	211.59	358.12	0.16
2026-05-08T13:55:58.9392294+08:00	0x03	0.0090	-0.0514	0.2629	0.9634	30.41	354.58	2.54
2026-05-08T13:55:58.9727217+08:00	0x04	-0.0079	-0.0530	-0.2269	0.9724	333.84	354.29	357.75
2026-05-08T13:55:59.0285196+08:00	0x01	-0.0229	-0.0636	-0.2984	0.9520	325.45	353.81	355.32
2026-05-08T13:55:59.0676751+08:00	0x09	0.0484	-0.0749	-0.6319	0.7699	281.34	349.83	358.85
2026-05-08T13:55:59.2495968+08:00	0x06	0.3133	0.0258	-0.9015	-0.2973	146.11	324.12	351.96
2026-05-08T13:55:59.3150494+08:00	0x07	0.2372	0.1892	-0.6906	0.6566	265.36	354.46	34.94
2026-05-08T13:55:59.4230203+08:00	0x02	0.0162	-0.0031	-0.9621	0.2721	211.58	358.12	0.16
2026-05-08T13:55:59.5490897+08:00	0x04	-0.0079	-0.0529	-0.2269	0.9724	333.84	354.29	357.75
2026-05-08T13:55:59.6438269+08:00	0x09	0.0484	-0.0749	-0.6319	0.7699	281.34	349.83	358.85
2026-05-08T13:55:59.7196517+08:00	0x06	0.3147	0.0294	-0.9023	-0.2932	146.47	323.82	352.44
2026-05-08T13:55:59.8264358+08:00	0x07	0.2293	0.1981	-0.6763	0.6714	268.59	356.90	35.16
2026-05-08T13:55:59.9507209+08:00	0x02	0.0162	-0.0031	-0.9621	0.2721	211.58	358.12	0.16
2026-05-08T13:56:00.0124637+08:00	0x03	0.0090	-0.0514	0.2629	0.9634	30.41	354.58	2.54
2026-05-08T13:56:00.1435906+08:00	0x04	-0.0079	-0.0529	-0.2269	0.9724	333.84	354.29	357.75
2026-05-08T13:56:00.2375737+08:00	0x06	0.3161	0.0236	-0.8999	-0.2996	145.93	323.89	351.55
2026-05-08T13:56:00.3090875+08:00	0x01	-0.0229	-0.0636	-0.2984	0.9520	325.45	353.81	355.33
2026-05-08T13:56:00.3629468+08:00	0x07	0.2314	0.1969	-0.6732	0.6742	269.06	356.77	35.24
2026-05-08T13:56:00.5407872+08:00	0x02	0.0162	-0.0031	-0.9621	0.2721	211.58	358.12	0.16
2026-05-08T13:56:00.5621669+08:00	0x03	0.0090	-0.0514	0.2629	0.9634	30.41	354.58	2.54
2026-05-08T13:56:00.6383347+08:00	0x04	-0.0079	-0.0530	-0.2269	0.9724	333.84	354.29	357.74
2026-05-08T13:56:00.8109142+08:00	0x06	0.4254	0.0234	-0.8652	-0.2645	150.93	310.40	349.37
2026-05-08T13:56:00.8965510+08:00	0x07	0.2916	0.2974	-0.6274	0.6579	273.74	2.24	49.19
2026-05-08T13:56:01.1128396+08:00	0x03	0.0090	-0.0514	0.2629	0.9634	30.41	354.58	2.54
2026-05-08T13:56:01.1691616+08:00	0x01	-0.0229	-0.0636	-0.2984	0.9520	325.45	353.81	355.33
2026-05-08T13:56:01.2190621+08:00	0x09	0.0484	-0.0748	-0.6319	0.7699	281.34	349.84	358.85
2026-05-08T13:56:01.3491753+08:00	0x06	0.5648	-0.0075	-0.7996	-0.2038	160.90	291.90	345.99
2026-05-08T13:56:01.3835088+08:00	0x07	0.4775	0.4404	-0.5422	0.5330	254.41	342.81	80.60
2026-05-08T13:56:01.6212866+08:00	0x02	0.0162	-0.0031	-0.9621	0.2721	211.58	358.12	0.17
2026-05-08T13:56:01.6286821+08:00	0x03	0.0090	-0.0514	0.2629	0.9634	30.41	354.58	2.54
2026-05-08T13:56:01.7591014+08:00	0x09	0.0484	-0.0749	-0.6319	0.7699	281.34	349.83	358.85
2026-05-08T13:56:01.8251998+08:00	0x08	-0.0051	-0.0213	0.0671	0.9975	7.71	357.53	359.58
2026-05-08T13:56:01.9058752+08:00	0x06	0.6634	-0.0345	-0.7288	-0.1662	168.22	277.01	344.28
2026-05-08T13:56:01.9423251+08:00	0x07	0.4724	0.4366	-0.5454	0.5374	256.65	345.05	79.72
2026-05-08T13:56:02.1849358+08:00	0x02	0.0162	-0.0031	-0.9621	0.2721	211.58	358.12	0.17
2026-05-08T13:56:02.2464811+08:00	0x01	-0.0229	-0.0636	-0.2984	0.9520	325.45	353.81	355.33
2026-05-08T13:56:02.2787911+08:00	0x09	0.0484	-0.0749	-0.6319	0.7699	281.34	349.83	358.85
2026-05-08T13:56:02.3211268+08:00	0x04	-0.0079	-0.0530	-0.2269	0.9724	333.84	354.29	357.74
2026-05-08T13:56:02.4322631+08:00	0x06	0.6606	-0.0337	-0.7311	-0.1674	168.00	277.46	344.31
2026-05-08T13:56:02.5123634+08:00	0x07	0.5318	0.5113	-0.4892	0.4652	116.53	206.73	84.31
2026-05-08T13:56:02.6989912+08:00	0x02	0.0162	-0.0031	-0.9621	0.2721	211.58	358.12	0.17
2026-05-08T13:56:02.7796707+08:00	0x01	-0.0229	-0.0636	-0.2984	0.9520	325.45	353.81	355.33
2026-05-08T13:56:02.8619641+08:00	0x09	0.0484	-0.0749	-0.6319	0.7699	281.34	349.83	358.85
2026-05-08T13:56:02.8999533+08:00	0x04	-0.0079	-0.0530	-0.2269	0.9724	333.84	354.29	357.74
2026-05-08T13:56:03.0058159+08:00	0x06	0.6992	-0.0365	-0.6966	-0.1565	170.01	271.16	344.35
2026-05-08T13:56:03.0267555+08:00	0x07	0.4036	0.5922	-0.3901	0.5781	4.17	94.21	68.23
2026-05-08T13:56:03.2128577+08:00	0x05	0.0092	0.0133	0.4263	0.9045	50.47	1.83	0.30
2026-05-08T13:56:03.2811437+08:00	0x03	0.0090	-0.0514	0.2629	0.9634	30.41	354.58	2.54
2026-05-08T13:56:03.3972381+08:00	0x08	-0.0051	-0.0213	0.0671	0.9975	7.71	357.53	359.58
2026-05-08T13:56:03.4110822+08:00	0x09	0.0484	-0.0749	-0.6319	0.7699	281.34	349.83	358.85
2026-05-08T13:56:03.4583354+08:00	0x04	-0.0079	-0.0529	-0.2269	0.9724	333.84	354.29	357.74
2026-05-08T13:56:03.5520003+08:00	0x07	0.3221	0.6303	-0.3339	0.6224	359.03	90.21	55.28
2026-05-08T13:56:03.7903181+08:00	0x02	0.0162	-0.0031	-0.9621	0.2721	211.58	358.12	0.17
2026-05-08T13:56:03.9095629+08:00	0x08	-0.0051	-0.0213	0.0671	0.9975	7.71	357.53	359.58
2026-05-08T13:56:03.9545496+08:00	0x09	0.0484	-0.0748	-0.6319	0.7699	281.34	349.84	358.85
2026-05-08T13:56:03.9944209+08:00	0x06	0.7104	0.0102	-0.6959	-0.1045	170.71	269.45	352.29
2026-05-08T13:56:04.0849325+08:00	0x07	0.2839	0.6540	-0.2903	0.6383	0.08	91.43	47.91
2026-05-08T13:56:04.1038320+08:00	0x01	-0.0229	-0.0636	-0.2984	0.9520	325.45	353.81	355.33
2026-05-08T13:56:04.3580363+08:00	0x02	0.0162	-0.0031	-0.9621	0.2721	211.58	358.12	0.17
2026-05-08T13:56:04.3901493+08:00	0x03	0.0090	-0.0514	0.2629	0.9634	30.41	354.58	2.54
2026-05-08T13:56:04.4463658+08:00	0x01	-0.0229	-0.0636	-0.2984	0.9520	325.45	353.81	355.33
2026-05-08T13:56:04.4740110+08:00	0x09	0.0484	-0.0748	-0.6319	0.7699	281.34	349.84	358.85
2026-05-08T13:56:04.5678754+08:00	0x06	0.7113	0.0097	-0.6949	-0.1052	170.70	269.29	352.18
2026-05-08T13:56:04.6386326+08:00	0x07	0.3416	0.7379	-0.2691	0.5162	20.00	119.15	48.57
2026-05-08T13:56:04.8229241+08:00	0x02	0.0162	-0.0031	-0.9621	0.2721	211.58	358.12	0.16
2026-05-08T13:56:04.8977056+08:00	0x03	0.0090	-0.0514	0.2629	0.9634	30.41	354.58	2.54
2026-05-08T13:56:05.0041422+08:00	0x08	-0.0051	-0.0213	0.0671	0.9975	7.71	357.53	359.58
2026-05-08T13:56:05.0615002+08:00	0x09	0.0484	-0.0748	-0.6319	0.7699	281.34	349.84	358.85
2026-05-08T13:56:05.0756333+08:00	0x04	-0.0079	-0.0529	-0.2269	0.9724	333.84	354.30	357.74
2026-05-08T13:56:05.1551426+08:00	0x07	0.2961	0.8395	-0.1470	0.4312	25.36	132.56	30.15
2026-05-08T13:56:05.2117337+08:00	0x01	-0.0229	-0.0636	-0.2984	0.9520	325.45	353.81	355.33
2026-05-08T13:56:05.4347290+08:00	0x03	0.0090	-0.0514	0.2629	0.9634	30.41	354.58	2.54
2026-05-08T13:56:05.4799881+08:00	0x02	0.0162	-0.0031	-0.9621	0.2721	211.58	358.12	0.17
2026-05-08T13:56:05.5243288+08:00	0x01	-0.0229	-0.0636	-0.2984	0.9520	325.45	353.81	355.33
2026-05-08T13:56:05.5832356+08:00	0x04	-0.0079	-0.0529	-0.2269	0.9724	333.84	354.29	357.74
2026-05-08T13:56:05.7308754+08:00	0x05	0.0092	0.0133	0.4263	0.9045	50.47	1.83	0.30
2026-05-08T13:56:05.7669350+08:00	0x07	0.2682	0.8352	-0.1150	0.4661	22.34	126.94	26.24
2026-05-08T13:56:05.9782225+08:00	0x03	0.0090	-0.0514	0.2629	0.9634	30.41	354.58	2.54
2026-05-08T13:56:06.0424420+08:00	0x08	-0.0051	-0.0213	0.0671	0.9975	7.71	357.53	359.58
2026-05-08T13:56:06.1417560+08:00	0x09	0.0484	-0.0748	-0.6319	0.7699	281.34	349.84	358.85
2026-05-08T13:56:06.1822148+08:00	0x04	-0.0079	-0.0529	-0.2269	0.9724	333.84	354.29	357.74
2026-05-08T13:56:06.2743157+08:00	0x06	0.7726	0.0308	-0.6342	0.0003	177.29	258.71	2.27
2026-05-08T13:56:06.4764449+08:00	0x07	0.2267	0.8448	-0.0649	0.4803	19.85	124.14	19.11
2026-05-08T13:56:06.5169600+08:00	0x03	0.0090	-0.0514	0.2629	0.9634	30.41	354.58	2.54
2026-05-08T13:56:06.5787831+08:00	0x01	-0.0229	-0.0636	-0.2984	0.9520	325.45	353.81	355.33
2026-05-08T13:56:06.6827663+08:00	0x04	-0.0079	-0.0529	-0.2269	0.9724	333.84	354.29	357.74
2026-05-08T13:56:06.8221068+08:00	0x07	0.2150	0.8511	-0.0638	0.4746	18.76	124.75	18.22
2026-05-08T13:56:06.8531654+08:00	0x09	0.0484	-0.0748	-0.6319	0.7699	281.34	349.84	358.85
2026-05-08T13:56:07.0240604+08:00	0x02	0.0162	-0.0031	-0.9621	0.2721	211.58	358.12	0.17
2026-05-08T13:56:07.1019893+08:00	0x01	-0.0229	-0.0636	-0.2984	0.9520	325.45	353.81	355.33
2026-05-08T13:56:07.1397690+08:00	0x08	-0.0051	-0.0213	0.0671	0.9975	7.71	357.53	359.58
2026-05-08T13:56:07.2288728+08:00	0x09	0.0484	-0.0748	-0.6319	0.7699	281.34	349.84	358.85
2026-05-08T13:56:07.3730890+08:00	0x06	0.8042	0.1050	-0.5692	0.1346	179.05	250.42	19.64
2026-05-08T13:56:07.6094582+08:00	0x03	0.0090	-0.0514	0.2629	0.9634	30.41	354.58	2.54
2026-05-08T13:56:07.6597943+08:00	0x01	-0.0229	-0.0636	-0.2984	0.9520	325.45	353.81	355.33
2026-05-08T13:56:07.7150110+08:00	0x02	0.0162	-0.0031	-0.9621	0.2721	211.58	358.12	0.17
2026-05-08T13:56:07.7570239+08:00	0x09	0.0484	-0.0748	-0.6319	0.7699	281.34	349.84	358.85
2026-05-08T13:56:07.8400663+08:00	0x06	0.7825	0.1407	-0.5832	0.1668	178.38	253.04	25.15
2026-05-08T13:56:07.9501352+08:00	0x07	0.2063	0.8590	-0.0553	0.4653	18.44	125.83	16.67
2026-05-08T13:56:08.1151526+08:00	0x02	0.0162	-0.0031	-0.9621	0.2721	211.58	358.12	0.16
2026-05-08T13:56:08.1754409+08:00	0x01	-0.0228	-0.0636	-0.2984	0.9520	325.45	353.81	355.33
2026-05-08T13:56:08.2772800+08:00	0x09	0.0484	-0.0748	-0.6319	0.7699	281.34	349.84	358.85
2026-05-08T13:56:08.3431711+08:00	0x04	-0.0079	-0.0529	-0.2269	0.9724	333.84	354.29	357.74
2026-05-08T13:56:08.4544740+08:00	0x05	0.0092	0.0133	0.4263	0.9045	50.47	1.83	0.30
2026-05-08T13:56:08.4937577+08:00	0x06	0.7785	0.1443	-0.5863	0.1713	178.49	253.62	25.84
2026-05-08T13:56:08.6360761+08:00	0x02	0.0162	-0.0031	-0.9621	0.2721	211.58	358.12	0.16
2026-05-08T13:56:08.7654042+08:00	0x07	0.2111	0.8582	-0.0575	0.4643	18.86	126.04	17.14
2026-05-08T13:56:08.8646464+08:00	0x09	0.0484	-0.0748	-0.6319	0.7699	281.34	349.84	358.85
2026-05-08T13:56:08.9406515+08:00	0x06	0.7773	0.1477	-0.5855	0.1767	178.55	253.63	26.59
2026-05-08T13:56:09.1009617+08:00	0x07	0.2123	0.8571	-0.0554	0.4661	19.06	125.80	17.03
2026-05-08T13:56:09.2096974+08:00	0x02	0.0162	-0.0031	-0.9621	0.2721	211.58	358.12	0.17
2026-05-08T13:56:09.3263080+08:00	0x01	-0.0229	-0.0636	-0.2984	0.9520	325.45	353.81	355.33
2026-05-08T13:56:09.3538447+08:00	0x09	0.0484	-0.0748	-0.6319	0.7699	281.34	349.84	358.85
2026-05-08T13:56:09.4124976+08:00	0x03	0.0090	-0.0514	0.2629	0.9634	30.41	354.58	2.54
2026-05-08T13:56:09.4534974+08:00	0x08	-0.0051	-0.0213	0.0671	0.9975	7.71	357.53	359.58
2026-05-08T13:56:09.6214191+08:00	0x07	0.2168	0.8554	-0.0580	0.4669	19.40	125.77	17.56
2026-05-08T13:56:09.7157423+08:00	0x02	0.0162	-0.0031	-0.9621	0.2721	211.58	358.12	0.17
2026-05-08T13:56:09.8123993+08:00	0x03	0.0090	-0.0514	0.2629	0.9634	30.41	354.58	2.54
2026-05-08T13:56:09.9553884+08:00	0x09	0.0484	-0.0748	-0.6319	0.7699	281.34	349.84	358.85
2026-05-08T13:56:10.0188915+08:00	0x06	0.7735	0.1473	-0.5905	0.1769	178.79	254.43	26.59
2026-05-08T13:56:10.1666316+08:00	0x07	0.2251	0.8560	-0.0631	0.4611	20.17	126.68	18.41
2026-05-08T13:56:10.2911296+08:00	0x02	0.0162	-0.0031	-0.9621	0.2721	211.58	358.12	0.17
2026-05-08T13:56:10.3556157+08:00	0x03	0.0090	-0.0514	0.2629	0.9634	30.41	354.58	2.54
2026-05-08T13:56:10.4869107+08:00	0x09	0.0484	-0.0748	-0.6319	0.7699	281.34	349.84	358.85
2026-05-08T13:56:10.5974245+08:00	0x06	0.7283	0.1496	-0.6526	0.1461	178.29	263.36	24.08
2026-05-08T13:56:10.7379883+08:00	0x07	0.2212	0.8843	-0.0780	0.4038	20.24	134.23	18.46
2026-05-08T13:56:10.7654341+08:00	0x02	0.0162	-0.0031	-0.9621	0.2721	211.58	358.12	0.17
2026-05-08T13:56:10.8868757+08:00	0x03	0.0090	-0.0514	0.2629	0.9634	30.41	354.58	2.54
2026-05-08T13:56:10.9957091+08:00	0x04	-0.0079	-0.0529	-0.2269	0.9724	333.84	354.29	357.74
2026-05-08T13:56:11.0271118+08:00	0x09	0.0485	-0.0748	-0.6319	0.7699	281.34	349.84	358.86
2026-05-08T13:56:11.1162534+08:00	0x06	0.6046	0.1473	-0.7827	0.0155	170.86	283.47	14.44
2026-05-08T13:56:11.2341850+08:00	0x07	0.1922	0.7752	-0.1667	0.5783	6.89	108.32	28.74
2026-05-08T13:56:11.3842475+08:00	0x02	0.0162	-0.0031	-0.9621	0.2721	211.58	358.12	0.17
2026-05-08T13:56:11.4227676+08:00	0x03	0.0090	-0.0514	0.2629	0.9634	30.41	354.58	2.55
2026-05-08T13:56:11.5161735+08:00	0x04	-0.0079	-0.0529	-0.2269	0.9724	333.84	354.29	357.74
2026-05-08T13:56:11.6626068+08:00	0x08	-0.0051	-0.0213	0.0671	0.9975	7.71	357.53	359.58
2026-05-08T13:56:11.7509190+08:00	0x07	0.2113	0.7193	-0.2152	0.6258	2.41	98.71	35.03
2026-05-08T13:56:11.9771127+08:00	0x03	0.0090	-0.0514	0.2629	0.9634	30.41	354.58	2.54
2026-05-08T13:56:12.0930076+08:00	0x01	-0.0228	-0.0635	-0.2984	0.9520	325.45	353.82	355.33
2026-05-08T13:56:12.1139466+08:00	0x04	-0.0079	-0.0529	-0.2269	0.9724	333.84	354.29	357.74
2026-05-08T13:56:12.1486435+08:00	0x09	0.0485	-0.0748	-0.6319	0.7699	281.34	349.83	358.86
2026-05-08T13:56:12.2095406+08:00	0x06	0.7275	0.0728	-0.6779	-0.0767	167.88	266.03	359.26
2026-05-08T13:56:12.2781844+08:00	0x07	0.2521	0.6534	-0.2856	0.6541	356.44	88.48	44.67
2026-05-08T13:56:12.4764943+08:00	0x02	0.0162	-0.0031	-0.9621	0.2721	211.58	358.11	0.17
2026-05-08T13:56:12.5277277+08:00	0x03	0.0090	-0.0514	0.2629	0.9634	30.41	354.58	2.55
2026-05-08T13:56:12.6113902+08:00	0x01	-0.0228	-0.0635	-0.2984	0.9520	325.45	353.82	355.34
2026-05-08T13:56:12.6831432+08:00	0x09	0.0485	-0.0748	-0.6319	0.7699	281.34	349.83	358.86
2026-05-08T13:56:12.7826941+08:00	0x06	0.7345	0.0634	-0.6692	-0.0929	167.42	264.99	357.03
2026-05-08T13:56:12.8770646+08:00	0x07	0.3283	0.6288	-0.3672	0.6017	356.77	90.69	58.97
2026-05-08T13:56:12.9457743+08:00	0x02	0.0162	-0.0031	-0.9621	0.2721	211.58	358.11	0.17
2026-05-08T13:56:13.0337245+08:00	0x03	0.0090	-0.0514	0.2629	0.9634	30.41	354.58	2.55
2026-05-08T13:56:13.1908729+08:00	0x01	-0.0228	-0.0635	-0.2984	0.9520	325.45	353.82	355.34
2026-05-08T13:56:13.3009759+08:00	0x08	-0.0051	-0.0213	0.0671	0.9975	7.71	357.53	359.58
2026-05-08T13:56:13.3432959+08:00	0x07	0.3698	0.6043	-0.4101	0.5744	356.46	90.56	66.99
2026-05-08T13:56:13.3828735+08:00	0x06	0.7364	0.0590	-0.6666	-0.0994	167.30	264.74	356.12
2026-05-08T13:56:13.5742009+08:00	0x02	0.0162	-0.0031	-0.9621	0.2721	211.58	358.11	0.17
2026-05-08T13:56:13.6968384+08:00	0x01	-0.0228	-0.0635	-0.2984	0.9520	325.45	353.82	355.33
2026-05-08T13:56:13.7467923+08:00	0x08	-0.0051	-0.0213	0.0671	0.9975	7.71	357.53	359.58
2026-05-08T13:56:13.8046008+08:00	0x09	0.0485	-0.0748	-0.6319	0.7699	281.34	349.83	358.86
2026-05-08T13:56:13.8933592+08:00	0x05	0.0091	0.0133	0.4263	0.9045	50.47	1.83	0.29
2026-05-08T13:56:13.9372739+08:00	0x07	0.4317	0.5779	-0.4452	0.5306	6.54	100.05	76.56
2026-05-08T13:56:14.0392207+08:00	0x02	0.0162	-0.0031	-0.9621	0.2721	211.58	358.12	0.17
2026-05-08T13:56:14.1360103+08:00	0x03	0.0090	-0.0514	0.2629	0.9634	30.41	354.58	2.55
2026-05-08T13:56:14.2827861+08:00	0x04	-0.0079	-0.0529	-0.2269	0.9724	333.84	354.29	357.74
2026-05-08T13:56:14.4198785+08:00	0x09	0.0485	-0.0748	-0.6319	0.7699	281.34	349.84	358.86
2026-05-08T13:56:14.4478372+08:00	0x06	0.6102	-0.0928	-0.7865	0.0210	188.47	283.88	353.09
2026-05-08T13:56:14.5260315+08:00	0x07	0.5027	0.5536	-0.1997	0.6332	36.22	103.31	59.06
2026-05-08T13:56:14.5676603+08:00	0x02	0.0162	-0.0031	-0.9621	0.2721	211.58	358.11	0.17
2026-05-08T13:56:14.6777506+08:00	0x03	0.0090	-0.0514	0.2629	0.9634	30.41	354.58	2.54
2026-05-08T13:56:14.7548152+08:00	0x01	-0.0228	-0.0635	-0.2984	0.9520	325.45	353.82	355.33
2026-05-08T13:56:14.8809160+08:00	0x09	0.0485	-0.0748	-0.6319	0.7699	281.34	349.84	358.86
2026-05-08T13:56:14.9168798+08:00	0x04	-0.0079	-0.0529	-0.2269	0.9724	333.84	354.29	357.75
2026-05-08T13:56:15.0639267+08:00	0x07	0.3623	0.6112	0.0026	0.7037	31.19	90.64	30.44
2026-05-08T13:56:15.0984836+08:00	0x06	0.6039	-0.1100	-0.7840	0.0923	196.15	284.30	356.51
2026-05-08T13:56:15.1424994+08:00	0x02	0.0162	-0.0031	-0.9621	0.2721	211.58	358.11	0.17
2026-05-08T13:56:15.2601934+08:00	0x03	0.0090	-0.0514	0.2629	0.9634	30.41	354.58	2.55
2026-05-08T13:56:15.3798935+08:00	0x01	-0.0228	-0.0635	-0.2984	0.9520	325.45	353.82	355.33
2026-05-08T13:56:15.4340113+08:00	0x09	0.0485	-0.0748	-0.6319	0.7699	281.34	349.84	358.86
2026-05-08T13:56:15.5467629+08:00	0x06	0.5938	-0.1022	-0.7903	0.1113	197.30	285.90	358.32
2026-05-08T13:56:15.6548685+08:00	0x07	0.3669	0.6101	-0.0035	0.7023	31.21	90.91	31.31
2026-05-08T13:56:15.8018852+08:00	0x03	0.0090	-0.0514	0.2629	0.9634	30.41	354.58	2.54
2026-05-08T13:56:15.9336243+08:00	0x08	-0.0051	-0.0213	0.0671	0.9975	7.71	357.53	359.58
2026-05-08T13:56:15.9690304+08:00	0x09	0.0485	-0.0748	-0.6319	0.7699	281.34	349.83	358.86
2026-05-08T13:56:16.0629012+08:00	0x06	0.6049	-0.0936	-0.7805	0.1267	198.12	284.51	0.41
2026-05-08T13:56:16.1628009+08:00	0x01	-0.0228	-0.0635	-0.2984	0.9520	325.45	353.82	355.33
2026-05-08T13:56:16.2244631+08:00	0x02	0.0162	-0.0031	-0.9621	0.2721	211.58	358.11	0.17
2026-05-08T13:56:16.3308320+08:00	0x03	0.0090	-0.0514	0.2629	0.9634	30.41	354.58	2.55
2026-05-08T13:56:16.4290166+08:00	0x01	-0.0228	-0.0635	-0.2984	0.9520	325.45	353.82	355.33
2026-05-08T13:56:16.4948366+08:00	0x09	0.0485	-0.0748	-0.6319	0.7699	281.34	349.83	358.86
2026-05-08T13:56:16.6222094+08:00	0x05	0.0092	0.0134	0.4263	0.9045	50.47	1.83	0.30
2026-05-08T13:56:16.6739765+08:00	0x07	0.2438	0.6422	0.1352	0.7140	30.93	86.73	10.05
2026-05-08T13:56:16.7431676+08:00	0x06	0.6012	-0.1054	-0.7829	0.1207	198.41	284.77	358.86
2026-05-08T13:56:16.8559664+08:00	0x03	0.0090	-0.0514	0.2629	0.9634	30.41	354.58	2.55
2026-05-08T13:56:16.9304424+08:00	0x01	-0.0228	-0.0635	-0.2984	0.9520	325.45	353.82	355.34
2026-05-08T13:56:17.0794905+08:00	0x09	0.0484	-0.0748	-0.6319	0.7699	281.34	349.84	358.85
2026-05-08T13:56:17.1613130+08:00	0x06	0.6001	-0.1014	-0.7834	0.1263	198.63	285.02	359.58
2026-05-08T13:56:17.2245229+08:00	0x07	0.1557	0.6910	0.2425	0.6629	32.76	90.20	352.61
2026-05-08T13:56:17.3196543+08:00	0x02	0.0162	-0.0031	-0.9621	0.2721	211.58	358.11	0.17
2026-05-08T13:56:17.4188916+08:00	0x03	0.0090	-0.0514	0.2629	0.9634	30.41	354.58	2.55
2026-05-08T13:56:17.5848471+08:00	0x04	-0.0079	-0.0529	-0.2269	0.9724	333.84	354.30	357.74
2026-05-08T13:56:17.6186646+08:00	0x08	-0.0051	-0.0213	0.0671	0.9975	7.71	357.53	359.58
2026-05-08T13:56:17.7285048+08:00	0x06	0.5993	-0.0921	-0.7840	0.1333	198.63	285.35	0.88
2026-05-08T13:56:17.8942865+08:00	0x02	0.0162	-0.0031	-0.9621	0.2721	211.58	358.11	0.17
2026-05-08T13:56:17.9533397+08:00	0x03	0.0090	-0.0514	0.2629	0.9634	30.41	354.58	2.55
2026-05-08T13:56:17.9913355+08:00	0x07	0.1092	0.6989	0.2905	0.6444	33.13	90.05	344.61
2026-05-08T13:56:18.0672480+08:00	0x08	-0.0051	-0.0213	0.0671	0.9975	7.71	357.53	359.58
2026-05-08T13:56:18.1099751+08:00	0x04	-0.0079	-0.0529	-0.2269	0.9724	333.84	354.30	357.74
2026-05-08T13:56:18.1809498+08:00	0x09	0.0484	-0.0748	-0.6319	0.7699	281.34	349.84	358.85
2026-05-08T13:56:18.3018170+08:00	0x06	0.6230	-0.0062	-0.7818	0.0267	182.83	282.93	1.35
2026-05-08T13:56:18.3523884+08:00	0x07	0.0608	0.7039	0.3363	0.6227	33.35	89.90	336.56
2026-05-08T13:56:18.4757078+08:00	0x03	0.0090	-0.0514	0.2629	0.9634	30.41	354.58	2.55
2026-05-08T13:56:18.5950922+08:00	0x01	-0.0228	-0.0635	-0.2984	0.9520	325.44	353.82	355.34
2026-05-08T13:56:18.6425288+08:00	0x09	0.0484	-0.0748	-0.6319	0.7699	281.34	349.84	358.86
2026-05-08T13:56:18.7263430+08:00	0x04	-0.0079	-0.0529	-0.2269	0.9724	333.84	354.30	357.74
2026-05-08T13:56:18.8298369+08:00	0x06	0.6798	0.0371	-0.7258	-0.0982	168.83	274.19	355.43
2026-05-08T13:56:18.8807395+08:00	0x02	0.0162	-0.0031	-0.9621	0.2721	211.58	358.11	0.17
2026-05-08T13:56:18.9387841+08:00	0x07	-0.0598	0.6678	0.2886	0.6835	20.85	83.45	332.15
2026-05-08T13:56:19.0432476+08:00	0x03	0.0090	-0.0514	0.2629	0.9634	30.41	354.58	2.55
2026-05-08T13:56:19.1198293+08:00	0x01	-0.0228	-0.0635	-0.2984	0.9520	325.45	353.82	355.34
2026-05-08T13:56:19.1629760+08:00	0x08	-0.0051	-0.0213	0.0671	0.9975	7.71	357.53	359.58
2026-05-08T13:56:19.1942539+08:00	0x09	0.0484	-0.0748	-0.6319	0.7699	281.34	349.84	358.86
2026-05-08T13:56:19.3485239+08:00	0x05	0.0092	0.0133	0.4263	0.9045	50.47	1.83	0.30
2026-05-08T13:56:19.4557111+08:00	0x02	0.0162	-0.0031	-0.9621	0.2721	211.58	358.11	0.17
2026-05-08T13:56:19.5035006+08:00	0x07	-0.1197	0.7099	0.0926	0.6879	357.45	92.19	342.77
2026-05-08T13:56:19.5479902+08:00	0x03	0.0090	-0.0514	0.2629	0.9634	30.41	354.58	2.55
2026-05-08T13:56:19.5944346+08:00	0x01	-0.0228	-0.0635	-0.2984	0.9520	325.44	353.82	355.34
2026-05-08T13:56:19.7044674+08:00	0x09	0.0484	-0.0748	-0.6319	0.7699	281.34	349.84	358.86
2026-05-08T13:56:19.7887969+08:00	0x08	-0.0051	-0.0213	0.0671	0.9975	7.71	357.53	359.58
2026-05-08T13:56:19.8257845+08:00	0x05	0.0092	0.0133	0.4263	0.9045	50.47	1.83	0.30
2026-05-08T13:56:19.9113089+08:00	0x06	0.7481	0.0349	-0.6549	-0.1015	169.27	262.97	353.91
2026-05-08T13:56:19.9820033+08:00	0x02	0.0162	-0.0031	-0.9621	0.2721	211.58	358.11	0.17
2026-05-08T13:56:20.0350716+08:00	0x07	-0.0266	0.7233	-0.0124	0.6899	356.81	92.73	358.92
2026-05-08T13:56:20.0921546+08:00	0x03	0.0090	-0.0514	0.2629	0.9634	30.41	354.58	2.55
2026-05-08T13:56:20.1671056+08:00	0x04	-0.0079	-0.0529	-0.2269	0.9724	333.84	354.29	357.74
2026-05-08T13:56:20.1803643+08:00	0x01	-0.0228	-0.0635	-0.2984	0.9520	325.44	353.82	355.34
2026-05-08T13:56:20.2468876+08:00	0x09	0.0485	-0.0748	-0.6319	0.7699	281.34	349.84	358.86
2026-05-08T13:56:20.2950176+08:00	0x08	-0.0051	-0.0213	0.0671	0.9975	7.71	357.53	359.58
2026-05-08T13:56:20.4808800+08:00	0x06	0.7102	0.0263	-0.6944	-0.1126	168.74	269.41	352.91
2026-05-08T13:56:20.5455639+08:00	0x02	0.0162	-0.0031	-0.9621	0.2721	211.58	358.11	0.17
2026-05-08T13:56:20.6429816+08:00	0x03	0.0090	-0.0514	0.2629	0.9634	30.41	354.58	2.54
2026-05-08T13:56:20.7854622+08:00	0x07	0.1096	0.7797	-0.1391	0.6006	0.23	104.82	20.40
2026-05-08T13:56:20.8371405+08:00	0x08	-0.0051	-0.0213	0.0671	0.9975	7.71	357.53	359.58
2026-05-08T13:56:20.8714271+08:00	0x01	-0.0228	-0.0635	-0.2984	0.9520	325.44	353.82	355.34
2026-05-08T13:56:21.0124422+08:00	0x06	0.5725	0.0269	-0.7802	-0.2508	154.19	290.73	345.80
2026-05-08T13:56:21.1829238+08:00	0x03	0.0090	-0.0514	0.2629	0.9634	30.41	354.58	2.54
2026-05-08T13:56:21.2693293+08:00	0x04	-0.0079	-0.0529	-0.2269	0.9724	333.84	354.30	357.74
2026-05-08T13:56:21.3261891+08:00	0x07	0.1056	0.7785	-0.1354	0.6037	0.05	104.42	19.77
2026-05-08T13:56:21.4859743+08:00	0x08	-0.0051	-0.0213	0.0671	0.9975	7.71	357.53	359.58
2026-05-08T13:56:21.5747010+08:00	0x06	0.5770	0.0269	-0.7781	-0.2468	154.67	290.06	345.94
2026-05-08T13:56:21.6356256+08:00	0x07	0.1499	0.5978	-0.3129	0.7227	340.22	72.67	36.21
2026-05-08T13:56:21.6732410+08:00	0x02	0.0162	-0.0031	-0.9621	0.2721	211.58	358.12	0.17
2026-05-08T13:56:21.7112753+08:00	0x03	0.0090	-0.0514	0.2629	0.9634	30.41	354.58	2.55
2026-05-08T13:56:21.8340719+08:00	0x01	-0.0228	-0.0635	-0.2984	0.9520	325.44	353.82	355.34
2026-05-08T13:56:21.9185407+08:00	0x08	-0.0051	-0.0213	0.0671	0.9975	7.71	357.53	359.58
2026-05-08T13:56:22.0491074+08:00	0x06	0.5149	0.1205	-0.7707	-0.3555	136.90	296.61	349.61
2026-05-08T13:56:22.2239025+08:00	0x07	0.0746	0.6712	-0.4408	0.5913	324.95	83.12	42.84
2026-05-08T13:56:22.2973586+08:00	0x03	0.0090	-0.0514	0.2629	0.9634	30.41	354.58	2.54
2026-05-08T13:56:22.3403935+08:00	0x04	-0.0079	-0.0529	-0.2269	0.9724	333.84	354.30	357.74
2026-05-08T13:56:22.4596171+08:00	0x08	-0.0051	-0.0213	0.0671	0.9975	7.71	357.53	359.58
2026-05-08T13:56:22.6714278+08:00	0x06	0.5479	0.0951	-0.7275	-0.4020	133.71	293.60	342.41
2026-05-08T13:56:22.7277950+08:00	0x02	0.0162	-0.0031	-0.9621	0.2721	211.58	358.11	0.17
2026-05-08T13:56:22.7731344+08:00	0x07	0.2308	0.6704	-0.5622	0.4257	327.06	90.98	71.86
2026-05-08T13:56:22.8345018+08:00	0x03	0.0090	-0.0514	0.2629	0.9634	30.41	354.58	2.54
2026-05-08T13:56:22.9225350+08:00	0x01	-0.0228	-0.0635	-0.2984	0.9520	325.44	353.82	355.34
2026-05-08T13:56:23.0139346+08:00	0x08	-0.0051	-0.0212	0.0671	0.9975	7.71	357.53	359.58
2026-05-08T13:56:23.0588997+08:00	0x09	0.0485	-0.0748	-0.6319	0.7699	281.34	349.83	358.86
2026-05-08T13:56:23.2396635+08:00	0x06	0.5608	0.0999	-0.7168	-0.4021	133.64	291.65	342.08
2026-05-08T13:56:23.3106462+08:00	0x07	0.3755	0.6088	-0.6324	0.2974	135.32	258.39	83.38
2026-05-08T13:56:23.3985875+08:00	0x03	0.0090	-0.0514	0.2629	0.9634	30.41	354.58	2.55
2026-05-08T13:56:23.4385450+08:00	0x04	-0.0079	-0.0529	-0.2269	0.9724	333.84	354.29	357.74
2026-05-08T13:56:23.5642216+08:00	0x09	0.0485	-0.0748	-0.6319	0.7699	281.34	349.83	358.86
2026-05-08T13:56:23.6026948+08:00	0x08	-0.0051	-0.0212	0.0671	0.9975	7.71	357.53	359.58
2026-05-08T13:56:23.7641867+08:00	0x06	0.5781	0.1014	-0.7214	-0.3675	137.62	288.89	343.82
2026-05-08T13:56:23.9260528+08:00	0x07	0.4717	0.5631	-0.6538	0.1813	135.57	259.13	65.15
2026-05-08T13:56:23.9646323+08:00	0x01	-0.0228	-0.0634	-0.2984	0.9521	325.44	353.83	355.34
2026-05-08T13:56:24.0673118+08:00	0x04	-0.0079	-0.0529	-0.2269	0.9724	333.84	354.29	357.74
2026-05-08T13:56:24.1296809+08:00	0x09	0.0484	-0.0748	-0.6319	0.7699	281.34	349.84	358.85
2026-05-08T13:56:24.3468073+08:00	0x06	0.5737	0.0242	-0.7853	-0.2316	156.29	290.47	346.83
2026-05-08T13:56:24.4658980+08:00	0x07	0.5354	0.4226	-0.7089	0.1797	161.12	276.54	52.33
2026-05-08T13:56:24.6357031+08:00	0x04	-0.0079	-0.0529	-0.2269	0.9724	333.84	354.29	357.74
2026-05-08T13:56:24.7574165+08:00	0x09	0.0484	-0.0748	-0.6319	0.7699	281.34	349.84	358.86
2026-05-08T13:56:24.7998786+08:00	0x05	0.0091	0.0133	0.4263	0.9045	50.47	1.83	0.29
2026-05-08T13:56:24.8509853+08:00	0x06	0.6549	-0.0090	-0.7319	-0.1883	164.14	278.47	344.94
2026-05-08T13:56:24.9894273+08:00	0x07	0.5719	0.2854	-0.7096	0.2966	188.12	285.89	48.10
2026-05-08T13:56:25.0316429+08:00	0x03	0.0090	-0.0514	0.2629	0.9634	30.41	354.58	2.54
2026-05-08T13:56:25.0560608+08:00	0x02	0.0162	-0.0031	-0.9621	0.2721	211.58	358.11	0.17
2026-05-08T13:56:25.1779521+08:00	0x09	0.0484	-0.0748	-0.6319	0.7699	281.34	349.84	358.85
2026-05-08T13:56:25.2332771+08:00	0x08	-0.0051	-0.0213	0.0671	0.9975	7.71	357.53	359.58
2026-05-08T13:56:25.4301828+08:00	0x06	0.7267	-0.0335	-0.6605	-0.1857	168.05	266.47	341.69
2026-05-08T13:56:25.5260934+08:00	0x07	0.7531	0.1620	-0.6332	0.0752	170.97	258.63	18.56
2026-05-08T13:56:25.5739754+08:00	0x01	-0.0228	-0.0634	-0.2984	0.9521	325.44	353.83	355.34
2026-05-08T13:56:25.7425421+08:00	0x04	-0.0079	-0.0529	-0.2269	0.9724	333.84	354.29	357.74
2026-05-08T13:56:25.8914638+08:00	0x06	0.7390	-0.0428	-0.6449	-0.1902	168.86	264.16	340.35
2026-05-08T13:56:26.1399618+08:00	0x02	0.0162	-0.0031	-0.9621	0.2721	211.58	358.11	0.17
2026-05-08T13:56:26.1992540+08:00	0x07	0.7214	0.0337	-0.6911	-0.0283	174.97	267.52	0.33
2026-05-08T13:56:26.2461919+08:00	0x08	-0.0051	-0.0213	0.0671	0.9975	7.71	357.53	359.58
2026-05-08T13:56:26.3155460+08:00	0x09	0.0484	-0.0748	-0.6319	0.7699	281.34	349.84	358.86
2026-05-08T13:56:26.5150143+08:00	0x06	0.7366	-0.0186	-0.6552	-0.1666	168.56	264.88	344.35
2026-05-08T13:56:26.6110902+08:00	0x02	0.0162	-0.0031	-0.9621	0.2721	211.58	358.11	0.17
2026-05-08T13:56:26.6625490+08:00	0x01	-0.0228	-0.0634	-0.2984	0.9521	325.44	353.83	355.34
2026-05-08T13:56:26.6837459+08:00	0x03	0.0090	-0.0514	0.2629	0.9634	30.41	354.59	2.55
2026-05-08T13:56:26.8393673+08:00	0x04	-0.0079	-0.0529	-0.2269	0.9724	333.84	354.30	357.74
2026-05-08T13:56:26.8894766+08:00	0x09	0.0484	-0.0748	-0.6319	0.7699	281.34	349.84	358.86
2026-05-08T13:56:26.9984803+08:00	0x06	0.6230	0.0689	-0.7654	-0.1460	161.93	282.41	355.61
2026-05-08T13:56:27.0649887+08:00	0x05	0.0092	0.0133	0.4263	0.9045	50.47	1.82	0.30
2026-05-08T13:56:27.1377486+08:00	0x07	0.7052	-0.1215	-0.6741	-0.1832	175.21	268.48	335.03
2026-05-08T13:56:27.2210130+08:00	0x03	0.0090	-0.0514	0.2629	0.9634	30.41	354.59	2.54
2026-05-08T13:56:27.4051397+08:00	0x04	-0.0079	-0.0529	-0.2269	0.9724	333.84	354.30	357.74
2026-05-08T13:56:27.4774311+08:00	0x09	0.0485	-0.0748	-0.6319	0.7699	281.34	349.84	358.86
2026-05-08T13:56:27.7150873+08:00	0x07	0.5946	-0.3325	-0.6154	-0.3965	168.73	278.73	298.27
2026-05-08T13:56:27.7625436+08:00	0x03	0.0090	-0.0514	0.2629	0.9634	30.41	354.59	2.54
2026-05-08T13:56:27.9116920+08:00	0x04	-0.0079	-0.0529	-0.2269	0.9724	333.84	354.30	357.74
2026-05-08T13:56:27.9562117+08:00	0x01	-0.0228	-0.0634	-0.2984	0.9521	325.44	353.83	355.34
2026-05-08T13:56:28.0127213+08:00	0x09	0.0485	-0.0748	-0.6319	0.7699	281.34	349.84	358.86
2026-05-08T13:56:28.0837883+08:00	0x06	0.6267	0.0663	-0.7624	-0.1467	162.07	281.91	355.25
2026-05-08T13:56:28.2492068+08:00	0x02	0.0162	-0.0031	-0.9621	0.2721	211.58	358.11	0.17
2026-05-08T13:56:28.3332205+08:00	0x03	0.0090	-0.0514	0.2629	0.9634	30.41	354.59	2.54
2026-05-08T13:56:28.4212609+08:00	0x08	-0.0051	-0.0213	0.0671	0.9975	7.71	357.53	359.58
2026-05-08T13:56:28.5484894+08:00	0x09	0.0485	-0.0748	-0.6319	0.7699	281.34	349.84	358.86
2026-05-08T13:56:28.7352116+08:00	0x07	0.2718	-0.1637	-0.8243	-0.4689	126.54	339.75	328.35
2026-05-08T13:56:28.7851580+08:00	0x02	0.0162	-0.0031	-0.9621	0.2721	211.58	358.11	0.17
2026-05-08T13:56:28.8475634+08:00	0x01	-0.0228	-0.0634	-0.2984	0.9521	325.44	353.83	355.34
2026-05-08T13:56:28.8810921+08:00	0x03	0.0090	-0.0514	0.2629	0.9634	30.41	354.59	2.54
2026-05-08T13:56:28.9863812+08:00	0x08	-0.0051	-0.0213	0.0671	0.9975	7.71	357.53	359.58
2026-05-08T13:56:29.0838629+08:00	0x09	0.0485	-0.0748	-0.6319	0.7699	281.34	349.84	358.86
2026-05-08T13:56:29.2768194+08:00	0x07	0.2381	-0.1316	-0.8273	-0.4915	122.72	342.75	333.14
2026-05-08T13:56:29.3379499+08:00	0x02	0.0162	-0.0031	-0.9621	0.2721	211.58	358.11	0.17
2026-05-08T13:56:29.3674633+08:00	0x03	0.0090	-0.0514	0.2629	0.9634	30.41	354.59	2.54
2026-05-08T13:56:29.5351065+08:00	0x08	-0.0051	-0.0213	0.0671	0.9975	7.71	357.53	359.58
2026-05-08T13:56:29.6379242+08:00	0x09	0.0485	-0.0748	-0.6319	0.7699	281.34	349.84	358.86
2026-05-08T13:56:29.7951544+08:00	0x05	0.0092	0.0134	0.4263	0.9045	50.47	1.83	0.30
2026-05-08T13:56:29.8245118+08:00	0x07	0.2151	-0.1428	-0.8240	-0.5043	120.34	346.35	333.11
2026-05-08T13:56:29.9471056+08:00	0x03	0.0090	-0.0514	0.2629	0.9634	30.41	354.59	2.54
2026-05-08T13:56:30.0253854+08:00	0x02	0.0162	-0.0031	-0.9621	0.2721	211.58	358.11	0.17
2026-05-08T13:56:30.1637680+08:00	0x04	-0.0079	-0.0529	-0.2269	0.9724	333.84	354.30	357.74
2026-05-08T13:56:30.2167244+08:00	0x09	0.0485	-0.0748	-0.6319	0.7699	281.34	349.84	358.86
2026-05-08T13:56:30.3019510+08:00	0x07	0.2109	-0.1568	-0.8126	-0.5202	117.73	348.23	331.69
2026-05-08T13:56:30.4427364+08:00	0x02	0.0162	-0.0031	-0.9621	0.2721	211.58	358.11	0.17
2026-05-08T13:56:30.5010527+08:00	0x03	0.0090	-0.0514	0.2629	0.9634	30.41	354.59	2.54
2026-05-08T13:56:30.6112148+08:00	0x08	-0.0051	-0.0213	0.0671	0.9975	7.71	357.53	359.58
2026-05-08T13:56:30.6722330+08:00	0x04	-0.0079	-0.0529	-0.2269	0.9724	333.84	354.29	357.74
2026-05-08T13:56:30.7369954+08:00	0x06	0.2652	0.0566	-0.9141	-0.3017	144.38	328.69	356.76
2026-05-08T13:56:30.8119606+08:00	0x09	0.0485	-0.0748	-0.6319	0.7699	281.34	349.84	358.86
2026-05-08T13:56:30.8359453+08:00	0x07	0.1935	-0.1133	-0.8331	-0.5057	120.10	346.99	337.39
2026-05-08T13:56:30.9658320+08:00	0x02	0.0162	-0.0031	-0.9621	0.2721	211.58	358.11	0.17
2026-05-08T13:56:31.0275180+08:00	0x03	0.0090	-0.0514	0.2629	0.9634	30.41	354.59	2.54
2026-05-08T13:56:31.1986880+08:00	0x08	-0.0051	-0.0213	0.0671	0.9975	7.71	357.53	359.58
2026-05-08T13:56:31.3386245+08:00	0x09	0.0485	-0.0748	-0.6319	0.7699	281.34	349.84	358.86
2026-05-08T13:56:31.4346208+08:00	0x07	0.2171	-0.1341	-0.8262	-0.5023	120.76	345.55	333.92
2026-05-08T13:56:31.5441089+08:00	0x02	0.0162	-0.0031	-0.9621	0.2721	211.58	358.11	0.17
2026-05-08T13:56:31.6157077+08:00	0x03	0.0090	-0.0514	0.2629	0.9634	30.41	354.59	2.54
2026-05-08T13:56:31.7636984+08:00	0x04	-0.0079	-0.0529	-0.2269	0.9724	333.84	354.30	357.74
2026-05-08T13:56:31.9384493+08:00	0x07	0.2214	-0.1443	-0.8202	-0.5074	119.99	345.86	332.52
2026-05-08T13:56:31.9568785+08:00	0x06	0.2894	0.0330	-0.9026	-0.3168	143.44	326.79	352.89
2026-05-08T13:56:31.9775769+08:00	0x09	0.0485	-0.0748	-0.6319	0.7699	281.34	349.84	358.86
2026-05-08T13:56:32.0475398+08:00	0x02	0.0162	-0.0031	-0.9621	0.2721	211.58	358.11	0.17
2026-05-08T13:56:32.0903207+08:00	0x01	-0.0228	-0.0634	-0.2984	0.9521	325.44	353.83	355.34
2026-05-08T13:56:32.1712895+08:00	0x08	-0.0051	-0.0213	0.0671	0.9975	7.71	357.53	359.58
2026-05-08T13:56:32.3635962+08:00	0x04	-0.0079	-0.0529	-0.2269	0.9724	333.84	354.30	357.74
2026-05-08T13:56:32.4505548+08:00	0x06	0.3134	0.0237	-0.8954	-0.3155	144.06	324.32	351.07
2026-05-08T13:56:32.5352720+08:00	0x09	0.0485	-0.0748	-0.6319	0.7699	281.34	349.84	358.86
2026-05-08T13:56:32.6201871+08:00	0x07	0.2447	-0.1592	-0.8131	-0.5037	120.81	344.02	329.64
2026-05-08T13:56:32.6421614+08:00	0x02	0.0162	-0.0031	-0.9621	0.2721	211.58	358.11	0.17
2026-05-08T13:56:32.6747842+08:00	0x01	-0.0228	-0.0634	-0.2984	0.9521	325.44	353.83	355.34
2026-05-08T13:56:32.7417620+08:00	0x08	-0.0051	-0.0213	0.0671	0.9975	7.71	357.53	359.58
2026-05-08T13:56:32.9101213+08:00	0x04	-0.0079	-0.0529	-0.2269	0.9724	333.84	354.30	357.74
2026-05-08T13:56:32.9654550+08:00	0x05	0.0091	0.0134	0.4263	0.9045	50.47	1.83	0.29
2026-05-08T13:56:33.0190651+08:00	0x09	0.0485	-0.0748	-0.6319	0.7699	281.34	349.84	358.86
2026-05-08T13:56:33.1896574+08:00	0x01	-0.0228	-0.0634	-0.2984	0.9521	325.44	353.83	355.34
2026-05-08T13:56:33.2030701+08:00	0x02	0.0162	-0.0031	-0.9621	0.2721	211.58	358.11	0.17
2026-05-08T13:56:33.2660782+08:00	0x03	0.0090	-0.0514	0.2629	0.9634	30.41	354.59	2.54
2026-05-08T13:56:33.4304644+08:00	0x04	-0.0079	-0.0529	-0.2269	0.9724	333.84	354.30	357.74
2026-05-08T13:56:33.5312941+08:00	0x07	0.2440	-0.1588	-0.8133	-0.5038	120.78	344.08	329.73
2026-05-08T13:56:33.5540724+08:00	0x09	0.0485	-0.0748	-0.6319	0.7699	281.34	349.84	358.86
2026-05-08T13:56:33.6931747+08:00	0x06	0.6103	0.0075	-0.7720	-0.1777	163.16	285.10	348.16
2026-05-08T13:56:33.7247973+08:00	0x02	0.0162	-0.0031	-0.9621	0.2721	211.58	358.11	0.17
2026-05-08T13:56:33.8521117+08:00	0x08	-0.0051	-0.0212	0.0671	0.9975	7.71	357.53	359.58
2026-05-08T13:56:33.8964057+08:00	0x01	-0.0228	-0.0634	-0.2984	0.9521	325.44	353.83	355.34
2026-05-08T13:56:33.9623781+08:00	0x03	0.0090	-0.0514	0.2629	0.9634	30.41	354.59	2.54
2026-05-08T13:56:34.0609401+08:00	0x07	0.6131	-0.4193	-0.5467	-0.3866	194.66	253.38	291.18
2026-05-08T13:56:34.1131316+08:00	0x09	0.0485	-0.0748	-0.6319	0.7699	281.34	349.84	358.86
2026-05-08T13:56:34.1501006+08:00	0x06	0.7283	-0.0339	-0.6693	-0.1430	171.56	266.26	345.30
2026-05-08T13:56:34.2868791+08:00	0x02	0.0163	-0.0031	-0.9621	0.2721	211.58	358.11	0.17
2026-05-08T13:56:34.3733846+08:00	0x08	-0.0051	-0.0213	0.0671	0.9975	7.71	357.53	359.58
2026-05-08T13:56:34.4440425+08:00	0x01	-0.0228	-0.0634	-0.2984	0.9521	325.44	353.83	355.34
2026-05-08T13:56:34.5300844+08:00	0x04	-0.0079	-0.0529	-0.2269	0.9724	333.84	354.29	357.74
2026-05-08T13:56:34.6272342+08:00	0x09	0.0485	-0.0748	-0.6319	0.7699	281.34	349.84	358.86
2026-05-08T13:56:34.6781181+08:00	0x06	0.7095	-0.0066	-0.6882	-0.1515	168.21	269.60	347.06
2026-05-08T13:56:34.8405266+08:00	0x02	0.0163	-0.0031	-0.9621	0.2721	211.58	358.11	0.17
2026-05-08T13:56:34.9166294+08:00	0x03	0.0090	-0.0514	0.2629	0.9634	30.41	354.59	2.55
2026-05-08T13:56:35.0908171+08:00	0x04	-0.0079	-0.0529	-0.2269	0.9724	333.84	354.29	357.74
2026-05-08T13:56:35.2137594+08:00	0x07	0.6420	-0.3410	-0.6049	-0.3250	184.58	264.15	303.92
2026-05-08T13:56:35.2618522+08:00	0x05	0.0091	0.0133	0.4263	0.9045	50.47	1.83	0.29
2026-05-08T13:56:35.3198641+08:00	0x02	0.0163	-0.0031	-0.9621	0.2721	211.58	358.11	0.17
2026-05-08T13:56:35.4795216+08:00	0x06	0.6612	0.1138	-0.7389	-0.0630	165.85	275.75	4.87
2026-05-08T13:56:35.6631067+08:00	0x04	-0.0079	-0.0529	-0.2269	0.9724	333.84	354.29	357.74
2026-05-08T13:56:35.7438655+08:00	0x07	0.6529	-0.1847	-0.7089	-0.1924	177.89	275.29	329.12
2026-05-08T13:56:35.8099561+08:00	0x02	0.0162	-0.0031	-0.9621	0.2721	211.58	358.11	0.17
2026-05-08T13:56:36.0273765+08:00	0x08	-0.0051	-0.0213	0.0671	0.9975	7.71	357.53	359.58
2026-05-08T13:56:36.0882865+08:00	0x01	-0.0228	-0.0634	-0.2984	0.9521	325.44	353.83	355.34
2026-05-08T13:56:36.0882865+08:00	0x03	0.0090	-0.0514	0.2629	0.9634	30.41	354.59	2.54
2026-05-08T13:56:36.2538267+08:00	0x09	0.0485	-0.0748	-0.6319	0.7699	281.34	349.83	358.86
2026-05-08T13:56:36.2738438+08:00	0x07	0.6684	-0.1312	-0.7181	-0.1428	178.17	274.46	337.71
2026-05-08T13:56:36.4892102+08:00	0x08	-0.0051	-0.0212	0.0671	0.9975	7.71	357.53	359.58
2026-05-08T13:56:36.5243100+08:00	0x02	0.0163	-0.0031	-0.9621	0.2721	211.58	358.11	0.17
2026-05-08T13:56:36.5653152+08:00	0x03	0.0090	-0.0513	0.2629	0.9634	30.41	354.59	2.54
2026-05-08T13:56:36.7664474+08:00	0x04	-0.0079	-0.0529	-0.2269	0.9724	333.84	354.30	357.74
2026-05-08T13:56:36.8272921+08:00	0x07	0.6783	-0.1061	-0.7175	-0.1179	178.47	273.46	341.81
2026-05-08T13:56:36.8959659+08:00	0x02	0.0163	-0.0031	-0.9621	0.2721	211.58	358.11	0.17
2026-05-08T13:56:37.1229447+08:00	0x03	0.0090	-0.0514	0.2629	0.9634	30.41	354.59	2.54
2026-05-08T13:56:37.2764761+08:00	0x01	-0.0228	-0.0634	-0.2984	0.9521	325.44	353.83	355.34
2026-05-08T13:56:37.3233254+08:00	0x07	0.6853	-0.0719	-0.7199	-0.0833	178.74	272.97	347.43
2026-05-08T13:56:37.4025224+08:00	0x06	0.6629	0.1103	-0.7376	-0.0656	165.89	275.57	4.34
2026-05-08T13:56:37.4176566+08:00	0x09	0.0485	-0.0748	-0.6319	0.7699	281.34	349.84	358.86
2026-05-08T13:56:37.6044464+08:00	0x02	0.0163	-0.0031	-0.9621	0.2721	211.58	358.11	0.17
2026-05-08T13:56:37.7043592+08:00	0x01	-0.0228	-0.0634	-0.2984	0.9521	325.44	353.83	355.34
2026-05-08T13:56:37.8785561+08:00	0x04	-0.0079	-0.0529	-0.2269	0.9724	333.84	354.30	357.74
2026-05-08T13:56:37.9128377+08:00	0x07	0.6857	0.1834	-0.6925	0.1292	175.39	269.52	25.54
2026-05-08T13:56:37.9851106+08:00	0x06	0.6773	0.2886	-0.6645	0.1281	164.59	264.20	33.85
2026-05-08T13:56:38.1536292+08:00	0x08	-0.0051	-0.0213	0.0671	0.9975	7.71	357.53	359.58
2026-05-08T13:56:38.2318829+08:00	0x03	0.0090	-0.0514	0.2629	0.9634	30.41	354.59	2.54
2026-05-08T13:56:38.3669928+08:00	0x01	-0.0228	-0.0634	-0.2984	0.9521	325.44	353.83	355.34
2026-05-08T13:56:38.4321039+08:00	0x07	0.8879	0.2078	-0.4092	0.0331	159.44	227.08	13.22
2026-05-08T13:56:38.4809492+08:00	0x09	0.0485	-0.0748	-0.6319	0.7699	281.34	349.84	358.86
2026-05-08T13:56:38.5664024+08:00	0x06	0.5309	0.1651	-0.8133	0.1714	186.66	295.32	26.78
2026-05-08T13:56:38.7050062+08:00	0x08	-0.0051	-0.0213	0.0671	0.9975	7.71	357.53	359.58
2026-05-08T13:56:38.9439895+08:00	0x04	-0.0079	-0.0529	-0.2269	0.9724	333.84	354.30	357.74
2026-05-08T13:56:38.9873834+08:00	0x03	0.0090	-0.0514	0.2629	0.9634	30.41	354.59	2.54
2026-05-08T13:56:39.0603918+08:00	0x06	0.3522	0.2557	-0.8903	0.1341	184.02	318.04	33.35
2026-05-08T13:56:39.1966381+08:00	0x09	0.0485	-0.0748	-0.6319	0.7699	281.34	349.84	358.86
2026-05-08T13:56:39.3921222+08:00	0x03	0.0090	-0.0514	0.2629	0.9634	30.41	354.59	2.54
2026-05-08T13:56:39.4623046+08:00	0x04	-0.0079	-0.0529	-0.2269	0.9724	333.84	354.30	357.74
2026-05-08T13:56:39.5648503+08:00	0x07	0.7262	0.0857	-0.6757	0.0937	180.13	265.89	14.59
2026-05-08T13:56:39.6237117+08:00	0x09	0.0484	-0.0748	-0.6320	0.7699	281.34	349.84	358.85
2026-05-08T13:56:39.7653118+08:00	0x02	0.0163	-0.0031	-0.9620	0.2727	211.65	358.11	0.17
2026-05-08T13:56:39.8096489+08:00	0x01	-0.0227	-0.0632	-0.2984	0.9521	325.44	353.85	355.36
2026-05-08T13:56:39.9151002+08:00	0x03	0.0090	-0.0514	0.2629	0.9634	30.41	354.59	2.54
2026-05-08T13:56:40.0369965+08:00	0x04	-0.0079	-0.0529	-0.2269	0.9724	333.84	354.30	357.75
2026-05-08T13:56:40.0971883+08:00	0x07	0.7846	-0.3323	-0.4407	-0.2826	203.73	228.10	312.59
2026-05-08T13:56:40.1618592+08:00	0x09	0.0484	-0.0748	-0.6320	0.7699	281.34	349.84	358.86
2026-05-08T13:56:40.3294301+08:00	0x02	0.0163	-0.0031	-0.9617	0.2734	211.74	358.11	0.17
2026-05-08T13:56:40.3614500+08:00	0x08	-0.0051	-0.0213	0.0671	0.9975	7.71	357.53	359.58
2026-05-08T13:56:40.4530093+08:00	0x03	0.0090	-0.0514	0.2629	0.9634	30.41	354.59	2.54
2026-05-08T13:56:40.6115065+08:00	0x04	-0.0079	-0.0529	-0.2269	0.9724	333.84	354.30	357.74
2026-05-08T13:56:40.6902701+08:00	0x09	0.0484	-0.0748	-0.6320	0.7699	281.34	349.84	358.86
2026-05-08T13:56:40.8119465+08:00	0x08	-0.0051	-0.0213	0.0671	0.9975	7.71	357.53	359.58
2026-05-08T13:56:40.9206988+08:00	0x01	-0.0227	-0.0632	-0.2984	0.9521	325.44	353.85	355.36
