timestamp	device	q0	q1	q2	q3	yaw	pitch	roll
2026-05-26T16:17:56.2170765+08:00	0x04	-0.0483	0.2987	0.3339	0.8928	36.29	31.52	343.40
2026-05-26T16:17:56.2800455+08:00	0x01	-0.3273	-0.4327	0.8238	-0.1646	178.78	316.03	55.15
2026-05-26T16:17:56.4195905+08:00	0x03	-0.2762	0.2983	0.3873	0.8275	41.03	22.67	316.51
2026-05-26T16:17:56.7394544+08:00	0x04	-0.0503	0.2961	0.3320	0.8942	36.07	31.18	343.35
2026-05-26T16:17:56.7995695+08:00	0x01	-0.3281	-0.4325	0.8236	-0.1639	178.61	315.83	55.09
2026-05-26T16:17:56.9498105+08:00	0x03	-0.2753	0.2972	0.3893	0.8272	41.39	22.43	316.61
2026-05-26T16:17:57.3184566+08:00	0x04	-0.0489	0.2997	0.3306	0.8936	35.87	31.68	343.41
2026-05-26T16:17:57.3810409+08:00	0x01	-0.3287	-0.4324	0.8235	-0.1639	178.57	315.73	55.07
2026-05-26T16:17:57.4976243+08:00	0x03	-0.2766	0.2982	0.3894	0.8264	41.35	22.52	316.42
2026-05-26T16:17:57.7830701+08:00	0x04	-0.0498	0.3006	0.3308	0.8932	35.86	31.75	343.27
2026-05-26T16:17:57.9484831+08:00	0x01	-0.3294	-0.4344	0.8219	-0.1650	178.51	315.54	55.37
2026-05-26T16:17:58.0307916+08:00	0x03	-0.2776	0.2986	0.3910	0.8251	41.60	22.44	316.24
2026-05-26T16:17:58.2974155+08:00	0x04	-0.0500	0.3009	0.3312	0.8929	35.90	31.78	343.22
2026-05-26T16:17:58.4641419+08:00	0x02	-0.1346	-0.1614	0.9776	0.0114	176.04	343.68	18.21
2026-05-26T16:17:58.5806925+08:00	0x03	-0.2781	0.2984	0.3906	0.8253	41.55	22.42	316.21
2026-05-26T16:17:58.5983190+08:00	0x01	-0.3296	-0.4349	0.8215	-0.1654	178.48	315.48	55.44
2026-05-26T16:17:58.8803556+08:00	0x04	-0.0492	0.3008	0.3310	0.8930	35.89	31.79	343.32
2026-05-26T16:17:58.9664258+08:00	0x02	-0.1340	-0.1587	0.9781	0.0098	176.28	343.81	17.93
2026-05-26T16:17:59.1669379+08:00	0x03	-0.2773	0.2983	0.3905	0.8256	41.53	22.44	316.30
2026-05-26T16:17:59.3833807+08:00	0x04	-0.0502	0.3010	0.3305	0.8931	35.81	31.79	343.22
2026-05-26T16:17:59.5494934+08:00	0x02	-0.1338	-0.1583	0.9782	0.0086	176.44	343.86	17.90
2026-05-26T16:17:59.5823582+08:00	0x01	-0.3300	-0.4326	0.8227	-0.1647	178.56	315.54	55.13
2026-05-26T16:17:59.6482970+08:00	0x03	-0.2769	0.2983	0.3911	0.8255	41.62	22.42	316.33
2026-05-26T16:17:59.9640425+08:00	0x04	-0.0485	0.3012	0.3288	0.8938	35.63	31.89	343.46
2026-05-26T16:18:00.0641956+08:00	0x02	-0.1335	-0.1585	0.9783	0.0077	176.54	343.91	17.94
2026-05-26T16:18:00.2305026+08:00	0x03	-0.2770	0.2994	0.3907	0.8252	41.51	22.60	316.28
2026-05-26T16:18:00.5348734+08:00	0x04	-0.0479	0.3024	0.3287	0.8934	35.62	32.06	343.47
2026-05-26T16:18:00.5970987+08:00	0x01	-0.3304	-0.4330	0.8224	-0.1641	178.37	315.38	55.16
2026-05-26T16:18:00.7817166+08:00	0x03	-0.2771	0.2999	0.3899	0.8254	41.35	22.72	316.26
2026-05-26T16:18:01.0670816+08:00	0x04	-0.0481	0.3021	0.3283	0.8936	35.57	32.03	343.48
2026-05-26T16:18:01.1232212+08:00	0x01	-0.3308	-0.4345	0.8214	-0.1646	178.27	315.22	55.36
2026-05-26T16:18:01.2661606+08:00	0x03	-0.2773	0.2988	0.3896	0.8258	41.37	22.57	316.30
2026-05-26T16:18:01.6483569+08:00	0x02	-0.1333	-0.1606	0.9780	0.0075	176.53	343.92	18.18
2026-05-26T16:18:01.8501894+08:00	0x03	-0.2507	0.2801	0.4119	0.8301	45.44	19.82	319.68
2026-05-26T16:18:02.1490067+08:00	0x02	-0.1332	-0.1498	0.9797	0.0040	177.14	344.09	17.00
2026-05-26T16:18:02.1651616+08:00	0x04	0.0345	0.1512	0.6037	0.7820	74.28	16.28	352.61
2026-05-26T16:18:02.2186281+08:00	0x01	-0.3329	-0.4341	0.8215	-0.1607	177.50	314.57	55.12
2026-05-26T16:18:02.3996661+08:00	0x03	-0.1867	0.1895	0.5306	0.8048	64.88	7.10	329.90
2026-05-26T16:18:02.6176856+08:00	0x04	0.0320	0.1560	0.5964	0.7867	73.18	16.64	352.20
2026-05-26T16:18:02.7202440+08:00	0x02	-0.1307	-0.1534	0.9795	0.0041	177.11	344.36	17.42
2026-05-26T16:18:02.7824335+08:00	0x01	-0.3345	-0.4340	0.8215	-0.1578	176.90	314.07	54.95
2026-05-26T16:18:02.9352212+08:00	0x03	-0.1818	0.1680	0.5365	0.8068	66.00	4.95	331.73
2026-05-26T16:18:03.1319422+08:00	0x04	0.0049	0.0116	0.5632	0.8262	68.55	1.41	359.71
2026-05-26T16:18:03.2992009+08:00	0x02	-0.1309	-0.1512	0.9798	0.0020	177.40	344.38	17.20
2026-05-26T16:18:03.3672163+08:00	0x01	-0.3345	-0.4340	0.8213	-0.1589	177.06	314.16	55.00
2026-05-26T16:18:03.4657560+08:00	0x03	-0.1583	0.0967	0.4914	0.8510	59.90	0.56	338.62
2026-05-26T16:18:03.7152695+08:00	0x04	-0.0727	-0.0488	0.4258	0.9006	51.00	351.34	354.87
2026-05-26T16:18:03.8322493+08:00	0x02	-0.1302	-0.1514	0.9799	0.0016	177.44	344.47	17.23
2026-05-26T16:18:03.8826088+08:00	0x01	-0.3348	-0.4347	0.8205	-0.1604	177.20	314.14	55.16
2026-05-26T16:18:03.9982676+08:00	0x03	-0.1480	0.0619	0.4690	0.8685	57.04	358.11	341.63
2026-05-26T16:18:04.2823664+08:00	0x04	-0.1082	-0.0627	0.3156	0.9406	38.00	349.11	350.56
2026-05-26T16:18:04.3815629+08:00	0x02	-0.1292	-0.1521	0.9799	0.0006	177.56	344.60	17.33
2026-05-26T16:18:04.4525762+08:00	0x01	-0.3350	-0.4355	0.8200	-0.1601	177.07	314.02	55.24
2026-05-26T16:18:04.5496723+08:00	0x03	-0.1439	0.0500	0.4634	0.8730	56.34	357.24	342.69
2026-05-26T16:18:04.8023152+08:00	0x04	-0.1211	-0.0607	0.2371	0.9620	28.75	349.75	348.22
2026-05-26T16:18:04.9004806+08:00	0x02	-0.1285	-0.1562	0.9793	0.0004	177.54	344.67	17.81
2026-05-26T16:18:05.0371658+08:00	0x01	-0.3360	-0.4337	0.8210	-0.1582	176.84	313.85	54.93
2026-05-26T16:18:05.0821707+08:00	0x03	-0.1419	0.0450	0.4582	0.8763	55.66	356.94	343.15
2026-05-26T16:18:05.2693171+08:00	0x04	-0.1302	-0.0586	0.1768	0.9738	21.70	350.52	346.54
2026-05-26T16:18:05.4827506+08:00	0x02	-0.1276	-0.1578	0.9792	0.0004	177.53	344.76	18.00
2026-05-26T16:18:05.5522162+08:00	0x01	-0.3356	-0.4332	0.8215	-0.1578	176.86	313.93	54.85
2026-05-26T16:18:05.6350610+08:00	0x03	-0.1407	0.0457	0.4556	0.8778	55.29	357.12	343.23
2026-05-26T16:18:05.9005838+08:00	0x04	-0.1340	-0.0508	0.1139	0.9831	14.21	352.25	345.41
2026-05-26T16:18:06.0503529+08:00	0x02	-0.1266	-0.1607	0.9788	-0.0007	177.62	344.87	18.35
2026-05-26T16:18:06.1318909+08:00	0x01	-0.3355	-0.4334	0.8217	-0.1563	176.62	313.82	54.80
2026-05-26T16:18:06.3665423+08:00	0x04	-0.1361	-0.0449	0.0763	0.9867	9.71	353.49	344.83
2026-05-26T16:18:06.5657612+08:00	0x02	-0.1259	-0.1620	0.9787	-0.0012	177.68	344.96	18.50
2026-05-26T16:18:06.6340483+08:00	0x01	-0.3357	-0.4354	0.8204	-0.1570	176.53	313.69	55.07
2026-05-26T16:18:06.6994987+08:00	0x03	-0.1432	0.0490	0.4551	0.8775	55.23	357.34	342.79
2026-05-26T16:18:06.9327104+08:00	0x04	-0.1354	-0.0342	0.0450	0.9892	5.84	355.26	344.64
2026-05-26T16:18:07.1517550+08:00	0x02	-0.1253	-0.1612	0.9789	-0.0017	177.77	345.04	18.42
2026-05-26T16:18:07.2065099+08:00	0x01	-0.3348	-0.4392	0.8189	-0.1563	176.15	313.50	55.48
2026-05-26T16:18:07.4564122+08:00	0x04	-0.1379	-0.0321	0.0284	0.9895	3.88	355.74	344.27
2026-05-26T16:18:07.7168491+08:00	0x02	-0.1249	-0.1584	0.9794	-0.0033	178.01	345.14	18.13
2026-05-26T16:18:07.7890710+08:00	0x01	-0.3341	-0.4395	0.8195	-0.1539	175.82	313.45	55.41
2026-05-26T16:18:07.9331482+08:00	0x04	-0.1369	-0.0297	0.0137	0.9900	2.10	356.27	344.32
2026-05-26T16:18:08.2656260+08:00	0x03	-0.1411	0.0523	0.4574	0.8764	55.46	357.76	342.83
2026-05-26T16:18:08.3012862+08:00	0x01	-0.3346	-0.4384	0.8199	-0.1538	175.87	313.44	55.26
2026-05-26T16:18:08.5496332+08:00	0x04	-0.1380	-0.0255	0.0029	0.9901	0.76	356.94	344.15
2026-05-26T16:18:08.8051853+08:00	0x03	-0.1417	0.0513	0.4588	0.8757	55.67	357.59	342.83
2026-05-26T16:18:08.8868202+08:00	0x01	-0.3351	-0.4377	0.8200	-0.1539	175.90	313.41	55.18
2026-05-26T16:18:09.2164807+08:00	0x04	-0.1386	-0.0266	-0.0061	0.9900	359.72	356.96	344.06
2026-05-26T16:18:09.3323737+08:00	0x03	-0.1419	0.0516	0.4589	0.8756	55.68	357.61	342.80
2026-05-26T16:18:09.3904098+08:00	0x01	-0.3353	-0.4390	0.8190	-0.1551	175.93	313.33	55.40
2026-05-26T16:18:09.6029472+08:00	0x04	-0.1394	-0.0242	-0.0112	0.9899	359.08	357.33	343.95
2026-05-26T16:18:09.8668799+08:00	0x03	-0.1435	0.0503	0.4606	0.8745	55.96	357.35	342.70
2026-05-26T16:18:09.9666275+08:00	0x01	-0.3355	-0.4401	0.8182	-0.1559	175.92	313.26	55.56
2026-05-26T16:18:10.2163220+08:00	0x04	-0.1399	-0.0227	-0.0159	0.9898	358.50	357.59	343.88
2026-05-26T16:18:10.4162803+08:00	0x03	-0.1441	0.0504	0.4595	0.8749	55.83	357.34	342.63
2026-05-26T16:18:10.4354167+08:00	0x02	-0.1224	-0.1587	0.9797	-0.0060	178.36	345.49	18.20
2026-05-26T16:18:10.5512671+08:00	0x01	-0.3356	-0.4393	0.8188	-0.1545	175.77	313.21	55.40
2026-05-26T16:18:10.7836437+08:00	0x04	-0.1414	-0.0211	-0.0193	0.9895	358.08	357.83	343.70
2026-05-26T16:18:10.9502096+08:00	0x03	-0.1434	0.0497	0.4597	0.8750	55.84	357.31	342.74
2026-05-26T16:18:11.0672157+08:00	0x01	-0.3360	-0.4389	0.8190	-0.1537	175.65	313.11	55.31
2026-05-26T16:18:11.3190789+08:00	0x04	-0.1407	-0.0203	-0.0212	0.9896	357.84	357.96	343.78
2026-05-26T16:18:11.4842332+08:00	0x03	-0.1436	0.0510	0.4594	0.8751	55.79	357.43	342.65
2026-05-26T16:18:11.5697041+08:00	0x02	-0.1216	-0.1565	0.9801	-0.0083	178.68	345.64	17.99
2026-05-26T16:18:11.8842632+08:00	0x04	-0.1384	-0.0179	-0.0236	0.9899	357.51	358.28	344.05
2026-05-26T16:18:12.0335601+08:00	0x03	-0.1451	0.0539	0.4601	0.8743	55.88	357.64	342.34
2026-05-26T16:18:12.1510363+08:00	0x01	-0.3371	-0.4389	0.8187	-0.1531	175.45	312.86	55.27
2026-05-26T16:18:12.3506318+08:00	0x04	-0.1357	-0.0168	-0.0230	0.9903	357.56	358.40	344.36
2026-05-26T16:18:12.5850626+08:00	0x03	-0.1451	0.0594	0.4637	0.8720	56.30	358.13	342.05
2026-05-26T16:18:12.6687701+08:00	0x02	-0.0286	-0.2266	0.9703	-0.0800	189.14	358.77	26.38
2026-05-26T16:18:12.8685200+08:00	0x04	-0.1238	-0.0235	-0.0186	0.9919	358.16	357.51	345.73
2026-05-26T16:18:13.1094090+08:00	0x03	-0.1420	0.0703	0.4701	0.8682	56.98	359.31	341.78
2026-05-26T16:18:13.1747239+08:00	0x02	-0.0464	-0.2572	0.9338	-0.2444	210.03	2.59	30.20
2026-05-26T16:18:13.2042701+08:00	0x01	-0.2003	-0.4809	0.8017	-0.2931	217.17	355.08	62.68
2026-05-26T16:18:13.4435291+08:00	0x04	-0.1209	-0.0244	-0.0276	0.9920	357.12	357.53	346.04
2026-05-26T16:18:13.6511743+08:00	0x03	-0.1437	0.0680	0.4730	0.8666	57.42	358.91	341.74
2026-05-26T16:18:16.8764762+08:00	0x01	-0.2174	-0.4671	0.8086	-0.2841	212.52	349.60	61.51
2026-05-26T16:18:16.8764762+08:00	0x02	-0.0630	-0.2146	0.9577	-0.1813	200.82	357.28	25.71
2026-05-26T16:18:16.8764762+08:00	0x04	-0.0996	-0.0182	-0.0037	0.9949	359.78	357.93	348.56
2026-05-26T16:18:16.8774731+08:00	0x03	-0.1515	0.0733	0.4868	0.8571	59.41	358.68	340.66
2026-05-26T16:18:16.8774731+08:00	0x01	-0.2245	-0.4603	0.8090	-0.2884	212.39	348.38	60.96
2026-05-26T16:18:16.8774731+08:00	0x04	0.0745	0.0318	0.0318	0.9962	3.95	3.95	8.42
2026-05-26T16:18:16.8774731+08:00	0x03	-0.2522	0.2287	0.5865	0.7349	76.10	3.00	320.28
2026-05-26T16:18:16.8774731+08:00	0x01	-0.2322	-0.4441	0.8168	-0.2858	210.50	345.84	59.11
2026-05-26T16:18:16.8774731+08:00	0x02	-0.0820	-0.2313	0.9617	-0.1224	192.89	353.44	27.70
2026-05-26T16:18:16.8774731+08:00	0x04	0.1966	0.1043	0.0145	0.9748	4.30	13.06	22.35
2026-05-26T16:18:16.8774731+08:00	0x03	-0.3261	0.2604	0.6303	0.6547	90.63	353.86	310.95
2026-05-26T16:18:16.8774731+08:00	0x01	-0.2404	-0.4363	0.8141	-0.2984	212.03	345.41	58.64
2026-05-26T16:18:16.8774731+08:00	0x04	0.1930	0.0499	-0.1710	0.9649	340.28	1.89	22.93
2026-05-26T16:18:16.8774731+08:00	0x03	-0.3450	0.2799	0.6233	0.6435	91.42	353.42	307.54
2026-05-26T16:18:16.8774731+08:00	0x01	-0.2415	-0.4384	0.8135	-0.2962	211.54	345.05	58.91
2026-05-26T16:18:16.8774731+08:00	0x04	0.1932	0.0516	-0.1655	0.9657	341.00	2.22	22.97
2026-05-26T16:18:16.8774731+08:00	0x03	-0.3443	0.2845	0.6212	0.6439	90.85	354.17	307.16
2026-05-26T16:18:16.8774731+08:00	0x01	-0.2423	-0.4390	0.8134	-0.2950	211.24	344.80	58.99
2026-05-26T16:18:16.8774731+08:00	0x02	-0.0862	-0.2422	0.9626	-0.0859	188.10	351.85	28.76
2026-05-26T16:18:16.8774731+08:00	0x04	0.2163	0.0064	-0.3543	0.9097	315.59	351.12	23.46
2026-05-26T16:18:16.8774731+08:00	0x03	-0.3436	0.2880	0.6216	0.6423	90.86	354.53	306.92
2026-05-26T16:18:17.0595201+08:00	0x01	-0.2419	-0.4375	0.8153	-0.2922	210.68	344.50	58.73
2026-05-26T16:18:17.1022290+08:00	0x02	-0.0882	-0.2433	0.9625	-0.0812	187.44	351.44	28.86
2026-05-26T16:18:17.4189411+08:00	0x03	-0.3435	0.2913	0.6185	0.6439	90.10	355.21	306.62
2026-05-26T16:18:24.1367681+08:00	0x04	0.2180	-0.0278	-0.4774	0.8507	298.58	344.21	20.15
2026-05-26T16:18:24.1367681+08:00	0x01	-0.2410	-0.4391	0.8139	-0.2946	211.28	344.99	58.95
2026-05-26T16:18:24.1367681+08:00	0x03	-0.3400	0.2983	0.6189	0.6421	89.74	356.35	306.30
2026-05-26T16:18:24.1367681+08:00	0x01	-0.2065	-0.4546	0.7878	-0.3607	229.37	0.29	59.90
2026-05-26T16:18:24.1367681+08:00	0x04	0.2112	-0.0814	-0.6371	0.7368	275.81	336.56	11.98
2026-05-26T16:18:24.1367681+08:00	0x02	-0.0639	-0.2394	0.9685	0.0261	174.76	351.17	27.41
2026-05-26T16:18:24.1367681+08:00	0x03	-0.3007	0.2644	0.6467	0.6492	91.46	356.15	312.91
2026-05-26T16:18:24.1367681+08:00	0x01	-0.2206	-0.4612	0.7882	-0.3426	224.72	356.19	61.42
2026-05-26T16:18:24.1367681+08:00	0x04	0.2049	-0.0994	-0.6991	0.6778	266.45	334.83	7.97
2026-05-26T16:18:24.1367681+08:00	0x02	-0.0599	-0.2362	0.9691	0.0389	173.32	351.33	26.95
2026-05-26T16:18:24.1367681+08:00	0x03	-0.2533	0.2155	0.7761	0.5358	114.74	348.23	322.70
2026-05-26T16:18:24.1367681+08:00	0x01	-0.2282	-0.4656	0.7934	-0.3189	218.96	351.99	62.17
2026-05-26T16:18:24.1367681+08:00	0x02	-0.0503	-0.2148	0.9744	0.0442	173.20	352.61	24.46
2026-05-26T16:18:24.1367681+08:00	0x03	-0.2606	0.2151	0.7828	0.5225	117.12	346.64	322.48
2026-05-26T16:18:24.1367681+08:00	0x01	-0.2236	-0.4802	0.7935	-0.2996	215.98	351.31	63.65
2026-05-26T16:18:24.1367681+08:00	0x02	-0.0725	-0.2431	0.9634	-0.0871	188.70	353.63	28.75
2026-05-26T16:18:24.1367681+08:00	0x03	-0.2716	0.2065	0.8171	0.4647	126.73	341.82	323.85
2026-05-26T16:18:24.1367681+08:00	0x01	-0.2406	-0.4704	0.8009	-0.2819	209.47	344.78	62.76
2026-05-26T16:18:24.1367681+08:00	0x04	0.1585	-0.1277	-0.6667	0.7170	273.49	336.72	3.27
2026-05-26T16:18:24.1367681+08:00	0x02	-0.0692	-0.2612	0.9572	-0.1036	190.90	354.75	30.96
2026-05-26T16:18:24.1367681+08:00	0x03	-0.2753	0.2030	0.8247	0.4505	129.03	340.51	324.36
2026-05-26T16:18:24.1367681+08:00	0x04	0.2050	-0.0808	-0.6981	0.6812	266.58	336.30	9.58
2026-05-26T16:18:24.1367681+08:00	0x02	-0.0672	-0.2588	0.9568	-0.1141	192.33	355.36	30.70
2026-05-26T16:18:24.1367681+08:00	0x03	-0.2802	0.1967	0.8326	0.4355	131.46	338.92	325.14
2026-05-26T16:18:24.1367681+08:00	0x04	0.2131	-0.0931	-0.7234	0.6501	262.02	334.29	8.18
2026-05-26T16:18:24.1367681+08:00	0x02	-0.0665	-0.2564	0.9574	-0.1153	192.50	355.46	30.41
2026-05-26T16:18:24.1367681+08:00	0x03	-0.2800	0.1987	0.8289	0.4417	130.53	339.30	324.78
2026-05-26T16:18:24.1367681+08:00	0x01	-0.2389	-0.4771	0.8046	-0.2606	205.09	342.50	63.16
2026-05-26T16:18:24.1367681+08:00	0x02	-0.0630	-0.2453	0.9604	-0.1158	192.65	355.78	29.07
2026-05-26T16:18:24.1367681+08:00	0x03	-0.2803	0.2001	0.8222	0.4533	128.80	339.88	324.33
2026-05-26T16:18:24.1367681+08:00	0x01	-0.2409	-0.4737	0.8082	-0.2536	203.27	341.08	62.61
2026-05-26T16:18:24.1377645+08:00	0x04	0.2046	-0.0965	-0.7585	0.6112	256.38	334.49	5.95
2026-05-26T16:18:24.1377645+08:00	0x02	-0.0699	-0.2611	0.9558	-0.1154	192.41	355.09	31.01
2026-05-26T16:18:24.1377645+08:00	0x03	-0.2786	0.2154	0.8075	0.4732	125.49	341.88	322.30
2026-05-26T16:18:24.1377645+08:00	0x01	-0.2397	-0.4651	0.8117	-0.2595	204.63	341.92	61.58
2026-05-26T16:18:24.1377645+08:00	0x02	-0.0782	-0.2623	0.9557	-0.1085	191.22	353.79	31.22
2026-05-26T16:18:24.1377645+08:00	0x04	0.1921	-0.1476	-0.7957	0.5552	250.11	331.99	358.76
2026-05-26T16:18:24.1377645+08:00	0x03	-0.3501	0.2383	0.6335	0.6476	94.18	348.12	310.94
2026-05-26T16:18:24.1377645+08:00	0x01	-0.2418	-0.4574	0.8138	-0.2648	205.41	341.96	60.75
2026-05-26T16:18:24.1377645+08:00	0x02	-0.0842	-0.2538	0.9574	-0.1087	191.05	352.94	30.28
2026-05-26T16:18:24.1377645+08:00	0x03	-0.3493	0.2518	0.6355	0.6408	94.64	349.10	309.85
2026-05-26T16:18:24.1864338+08:00	0x04	0.1827	-0.1131	-0.7899	0.5744	251.66	335.24	1.79
2026-05-26T16:18:24.3195045+08:00	0x01	-0.2413	-0.4522	0.8168	-0.2648	205.43	341.95	60.05
2026-05-26T16:18:24.4894235+08:00	0x03	-0.2903	0.2294	0.5360	0.7589	69.31	2.92	316.65
2026-05-26T16:18:24.7052215+08:00	0x01	-0.2410	-0.4629	0.8121	-0.2611	204.78	341.79	61.36
2026-05-26T16:18:24.8031534+08:00	0x02	-0.0850	-0.2486	0.9610	-0.0865	188.19	352.05	29.51
2026-05-26T16:18:25.0705001+08:00	0x03	-0.2922	0.2302	0.5392	0.7556	69.98	2.59	316.39
2026-05-26T16:18:25.2451635+08:00	0x01	-0.2368	-0.4616	0.8163	-0.2539	203.77	341.75	60.91
2026-05-26T16:18:25.3024241+08:00	0x02	-0.0949	-0.2420	0.9611	-0.0927	188.69	350.96	28.87
2026-05-26T16:18:25.5620787+08:00	0x03	-0.2049	0.2162	0.4434	0.8454	51.66	12.60	327.44
2026-05-26T16:18:25.7879282+08:00	0x01	-0.2349	-0.4573	0.8203	-0.2504	203.24	341.65	60.22
2026-05-26T16:18:25.8898307+08:00	0x02	-0.1018	-0.2404	0.9614	-0.0865	187.69	349.89	28.68
2026-05-26T16:18:26.0894910+08:00	0x03	-0.2046	0.2280	0.4562	0.8355	53.22	13.45	326.64
2026-05-26T16:18:26.3247936+08:00	0x01	-0.2346	-0.4552	0.8214	-0.2512	203.43	341.76	59.95
2026-05-26T16:18:26.4782425+08:00	0x02	-0.1055	-0.2373	0.9626	-0.0771	186.41	349.10	28.24
2026-05-26T16:18:26.6413854+08:00	0x03	-0.2071	0.2318	0.4553	0.8343	53.02	13.81	326.17
2026-05-26T16:18:26.8863351+08:00	0x01	-0.2343	-0.4550	0.8215	-0.2515	203.53	341.85	59.93
2026-05-26T16:18:26.9237957+08:00	0x04	0.1830	-0.1141	-0.7901	0.5738	251.61	335.14	1.70
2026-05-26T16:18:27.1726857+08:00	0x03	-0.2017	0.2262	0.4568	0.8364	53.31	13.37	327.04
2026-05-26T16:18:27.4705128+08:00	0x01	-0.2336	-0.4541	0.8217	-0.2531	203.91	342.15	59.82
2026-05-26T16:18:27.7541077+08:00	0x03	-0.1313	0.1389	0.4707	0.8613	56.00	7.11	339.09
2026-05-26T16:18:27.9715457+08:00	0x01	-0.2330	-0.4492	0.8232	-0.2573	204.79	342.64	59.26
2026-05-26T16:18:28.0202508+08:00	0x04	-0.0451	0.2062	0.4693	0.8574	54.76	18.87	344.29
2026-05-26T16:18:28.2922833+08:00	0x03	-0.0207	0.1442	0.4483	0.8819	52.72	13.84	350.45
2026-05-26T16:18:28.5552167+08:00	0x01	-0.2306	-0.4488	0.8253	-0.2537	204.33	342.71	59.06
2026-05-26T16:18:28.6584379+08:00	0x02	-0.1229	-0.2230	0.9653	-0.0580	183.66	346.35	26.41
2026-05-26T16:18:28.8245238+08:00	0x03	0.0357	0.1814	0.4574	0.8698	54.40	20.50	354.04
2026-05-26T16:18:29.0727515+08:00	0x01	-0.2288	-0.4500	0.8262	-0.2501	203.81	342.68	59.10
2026-05-26T16:18:29.2204496+08:00	0x02	-0.1274	-0.2203	0.9657	-0.0511	182.72	345.60	26.01
2026-05-26T16:18:29.3825095+08:00	0x03	0.0361	0.1913	0.4701	0.8609	55.99	21.46	353.24
2026-05-26T16:18:29.6399132+08:00	0x01	-0.2280	-0.4432	0.8320	-0.2438	202.62	342.02	58.06
2026-05-26T16:18:29.6873745+08:00	0x04	0.1723	0.0246	0.5762	0.7985	73.42	14.21	14.29
2026-05-26T16:18:29.9033737+08:00	0x03	0.0352	0.2017	0.4718	0.8576	56.14	22.48	352.53
2026-05-26T16:18:30.1227444+08:00	0x01	-0.2288	-0.4456	0.8310	-0.2419	202.19	341.71	58.35
2026-05-26T16:18:30.3204255+08:00	0x02	-0.1318	-0.2224	0.9652	-0.0406	181.26	344.74	26.11
2026-05-26T16:18:30.4379379+08:00	0x03	0.0349	0.2044	0.4747	0.8554	56.50	22.72	352.28
2026-05-26T16:18:30.6378651+08:00	0x01	-0.2287	-0.4454	0.8312	-0.2416	202.13	341.69	58.32
2026-05-26T16:18:30.7883000+08:00	0x04	0.2664	-0.4131	0.0496	0.8694	351.08	306.76	30.28
2026-05-26T16:18:30.9885396+08:00	0x03	0.0339	0.2073	0.4762	0.8539	56.66	22.96	351.98
2026-05-26T16:18:31.2903682+08:00	0x02	-0.1356	-0.2204	0.9653	-0.0342	180.40	344.10	25.78
2026-05-26T16:18:31.4221202+08:00	0x01	-0.2292	-0.4448	0.8313	-0.2419	202.14	341.62	58.26
2026-05-26T16:18:31.5237283+08:00	0x03	0.0329	0.2133	0.4745	0.8534	56.40	23.55	351.59
2026-05-26T16:18:31.8053791+08:00	0x02	-0.1384	-0.2184	0.9655	-0.0309	179.96	343.68	25.49
2026-05-26T16:18:31.8753437+08:00	0x04	0.0997	-0.4829	-0.2548	0.8318	328.54	301.03	355.40
2026-05-26T16:18:32.1709766+08:00	0x03	0.0280	0.2148	0.4798	0.8502	56.98	23.41	350.88
2026-05-26T16:18:32.3039868+08:00	0x01	-0.2295	-0.4408	0.8331	-0.2427	202.26	341.59	57.77
2026-05-26T16:18:32.3906076+08:00	0x02	-0.1368	-0.2218	0.9650	-0.0276	179.53	343.75	25.83
2026-05-26T16:18:32.4405804+08:00	0x04	0.0104	-0.4882	-0.4115	0.7695	315.77	304.54	337.31
2026-05-26T16:18:32.6044849+08:00	0x03	0.0278	0.2163	0.4874	0.8455	57.96	23.47	350.57
2026-05-26T16:18:32.8721316+08:00	0x01	-0.2291	-0.4434	0.8325	-0.2406	201.91	341.49	58.04
2026-05-26T16:18:32.9593834+08:00	0x04	-0.0238	-0.4893	-0.4566	0.7427	311.62	306.41	331.18
2026-05-26T16:18:33.0906918+08:00	0x03	0.0299	0.2179	0.4885	0.8444	58.13	23.74	350.65
2026-05-26T16:18:33.4858075+08:00	0x02	-0.1332	-0.2146	0.9672	-0.0256	179.51	344.20	24.96
2026-05-26T16:18:33.6330957+08:00	0x03	0.0307	0.2197	0.4871	0.8447	57.95	23.98	350.67
2026-05-26T16:18:33.9746921+08:00	0x02	-0.1306	-0.2146	0.9676	-0.0255	179.57	344.53	24.96
2026-05-26T16:18:34.0554170+08:00	0x04	-0.0447	-0.4918	-0.4831	0.7230	308.95	307.49	327.32
2026-05-26T16:18:34.2063486+08:00	0x03	0.0297	0.2188	0.4875	0.8447	58.00	23.83	350.60
2026-05-26T16:18:34.4715489+08:00	0x02	-0.1295	-0.2112	0.9685	-0.0262	179.75	344.72	24.57
2026-05-26T16:18:34.6385352+08:00	0x04	-0.0790	-0.4887	-0.5141	0.7004	305.52	310.19	322.18
2026-05-26T16:18:34.7551841+08:00	0x03	0.0299	0.2164	0.4872	0.8455	57.97	23.59	350.78
2026-05-26T16:18:35.0391503+08:00	0x02	-0.1289	-0.2122	0.9683	-0.0261	179.74	344.77	24.69
2026-05-26T16:18:35.1552329+08:00	0x04	-0.0967	-0.4796	-0.5227	0.6982	304.31	312.52	320.48
2026-05-26T16:18:35.2394865+08:00	0x03	0.0259	0.2158	0.4890	0.8448	58.14	23.30	350.37
2026-05-26T16:18:35.5571434+08:00	0x02	-0.1268	-0.2177	0.9674	-0.0242	179.47	344.94	25.30
2026-05-26T16:18:35.7231576+08:00	0x04	-0.0961	-0.4752	-0.5246	0.6998	303.85	313.20	320.72
2026-05-26T16:18:35.7728480+08:00	0x03	0.0237	0.2160	0.4919	0.8431	58.48	23.17	350.06
2026-05-26T16:18:36.1411302+08:00	0x02	-0.1272	-0.2239	0.9659	-0.0270	179.70	344.93	26.07
2026-05-26T16:18:36.1572673+08:00	0x01	-0.2282	-0.4425	0.8323	-0.2437	202.59	341.96	57.97
2026-05-26T16:18:36.1890547+08:00	0x04	-0.1044	-0.4694	-0.5293	0.6990	303.06	314.56	319.99
2026-05-26T16:18:36.4892302+08:00	0x03	0.0252	0.2173	0.4919	0.8427	58.50	23.39	350.14
2026-05-26T16:18:36.6226623+08:00	0x01	-0.2280	-0.4431	0.8319	-0.2441	202.68	342.05	58.06
2026-05-26T16:18:36.7054621+08:00	0x04	-0.0961	-0.4814	-0.5252	0.6951	303.99	312.35	320.26
2026-05-26T16:18:36.8563307+08:00	0x03	0.0268	0.2198	0.4911	0.8425	58.40	23.74	350.18
2026-05-26T16:18:37.2234863+08:00	0x02	-0.1265	-0.2287	0.9647	-0.0320	180.25	345.11	26.70
2026-05-26T16:18:37.4005233+08:00	0x03	0.0280	0.2229	0.4903	0.8421	58.30	24.14	350.14
2026-05-26T16:18:37.7100670+08:00	0x01	-0.2250	-0.4434	0.8335	-0.2409	202.39	342.30	57.95
2026-05-26T16:18:37.8118920+08:00	0x04	-0.1040	-0.4771	-0.5333	0.6907	302.72	313.66	319.26
2026-05-26T16:18:37.9422188+08:00	0x03	0.0265	0.2201	0.4917	0.8421	58.48	23.75	350.11
2026-05-26T16:18:38.2891979+08:00	0x01	-0.2223	-0.4481	0.8318	-0.2406	202.62	342.85	58.48
2026-05-26T16:18:38.3735260+08:00	0x04	-0.1071	-0.4740	-0.5342	0.6917	302.52	314.26	319.11
2026-05-26T16:18:38.4725678+08:00	0x03	0.0251	0.2196	0.4906	0.8429	58.31	23.63	350.03
2026-05-26T16:18:38.8094129+08:00	0x02	-0.0985	-0.2553	0.9605	-0.0502	183.06	349.11	30.02
2026-05-26T16:18:41.6821818+08:00	0x04	-0.1070	-0.4687	-0.5321	0.6970	302.64	314.91	319.62
2026-05-26T16:18:41.6821818+08:00	0x03	0.0211	0.2163	0.4939	0.8419	58.70	23.04	349.75
2026-05-26T16:18:41.6831780+08:00	0x02	-0.1158	-0.2352	0.9640	-0.0436	181.92	346.77	27.62
2026-05-26T16:18:41.6831780+08:00	0x01	-0.2299	-0.4462	0.8284	-0.2488	203.42	342.25	58.60
2026-05-26T16:18:41.6831780+08:00	0x04	-0.1070	-0.4689	-0.5322	0.6968	302.63	314.89	319.60
2026-05-26T16:18:41.6831780+08:00	0x03	-0.2053	0.2529	0.6018	0.7292	76.11	8.78	322.86
2026-05-26T16:18:41.6831780+08:00	0x02	-0.1017	-0.2343	0.9665	-0.0248	180.02	348.00	27.26
2026-05-26T16:18:41.6831780+08:00	0x04	0.1620	-0.1856	-0.4509	0.8579	302.97	332.13	6.34
2026-05-26T16:18:41.6831780+08:00	0x03	-0.1987	0.2520	0.5992	0.7334	75.40	9.41	323.60
2026-05-26T16:18:41.6831780+08:00	0x02	-0.0969	-0.2326	0.9664	-0.0498	183.31	349.36	27.34
2026-05-26T16:18:41.6831780+08:00	0x04	0.1662	-0.0402	-0.4909	0.8543	298.51	346.16	14.15
2026-05-26T16:18:41.6831780+08:00	0x03	-0.3632	0.2622	0.6192	0.6449	92.89	349.44	307.51
2026-05-26T16:18:41.6831780+08:00	0x02	-0.0931	-0.2359	0.9654	-0.0607	184.75	350.16	27.82
2026-05-26T16:18:41.6831780+08:00	0x04	0.1772	-0.0500	-0.5749	0.7973	286.47	343.09	13.01
2026-05-26T16:18:41.6831780+08:00	0x02	-0.0881	-0.2399	0.9644	-0.0678	185.78	351.02	28.34
2026-05-26T16:18:41.7419612+08:00	0x04	0.1691	-0.0526	-0.5996	0.7804	283.20	343.09	11.59
2026-05-26T16:18:42.0612306+08:00	0x02	-0.0856	-0.2421	0.9638	-0.0724	186.42	351.48	28.62
2026-05-26T16:18:42.2237031+08:00	0x04	0.1768	-0.0556	-0.6127	0.7683	281.00	342.03	11.74
2026-05-26T16:18:42.2442579+08:00	0x03	-0.3646	0.2703	0.6010	0.6579	88.87	352.01	306.43
2026-05-26T16:18:49.5821763+08:00	0x01	-0.2194	-0.4495	0.8029	-0.3243	220.00	353.07	59.79
2026-05-26T16:18:49.5821763+08:00	0x03	-0.3656	0.2710	0.5975	0.6602	88.19	352.32	306.23
2026-05-26T16:18:49.5821763+08:00	0x04	0.1709	-0.0529	-0.6184	0.7652	280.39	342.65	11.31
2026-05-26T16:18:49.5821763+08:00	0x02	-0.0485	-0.2317	0.9707	0.0401	173.56	352.77	26.49
2026-05-26T16:18:49.5821763+08:00	0x01	-0.2329	-0.4520	0.7974	-0.3250	219.00	350.87	60.71
2026-05-26T16:18:49.5821763+08:00	0x03	-0.2834	0.2401	0.6887	0.6226	98.62	352.80	316.87
2026-05-26T16:18:49.5821763+08:00	0x04	0.1771	-0.1007	-0.5822	0.7871	285.23	338.31	9.30
2026-05-26T16:18:49.5821763+08:00	0x02	-0.0738	-0.2347	0.9673	-0.0613	185.43	352.61	27.58
2026-05-26T16:18:49.5821763+08:00	0x01	-0.2368	-0.4733	0.7898	-0.3100	216.42	349.61	63.44
2026-05-26T16:18:49.5821763+08:00	0x03	-0.2792	0.2209	0.7745	0.5229	117.38	344.90	320.65
2026-05-26T16:18:49.5821763+08:00	0x04	0.1760	-0.0783	-0.6331	0.7497	277.95	339.82	9.48
2026-05-26T16:18:49.5821763+08:00	0x02	-0.0605	-0.2574	0.9607	-0.0841	188.70	355.16	30.32
2026-05-26T16:18:49.5821763+08:00	0x01	-0.2476	-0.4695	0.7918	-0.3020	213.13	346.04	63.27
2026-05-26T16:18:49.5821763+08:00	0x03	-0.2847	0.2182	0.8109	0.4624	127.33	340.71	321.89
2026-05-26T16:18:49.5821763+08:00	0x02	-0.0608	-0.2696	0.9561	-0.0971	190.36	355.69	31.83
2026-05-26T16:18:49.5821763+08:00	0x01	-0.2492	-0.4738	0.7908	-0.2968	211.89	345.18	63.81
2026-05-26T16:18:49.5821763+08:00	0x03	-0.2907	0.2120	0.8212	0.4430	130.58	338.66	322.72
2026-05-26T16:18:49.5821763+08:00	0x04	0.2129	-0.1161	-0.7001	0.6715	265.89	332.77	7.09
2026-05-26T16:18:49.5821763+08:00	0x02	-0.0532	-0.2631	0.9573	-0.1074	191.96	356.97	31.01
2026-05-26T16:18:49.5821763+08:00	0x01	-0.2477	-0.4724	0.7947	-0.2896	210.38	344.43	63.43
2026-05-26T16:18:49.5821763+08:00	0x04	0.1833	-0.0982	-0.7112	0.6715	265.45	336.74	6.11
2026-05-26T16:18:49.5821763+08:00	0x03	-0.2870	0.2059	0.8335	0.4248	133.21	337.98	324.04
2026-05-26T16:18:49.5821763+08:00	0x02	-0.0640	-0.2687	0.9543	-0.1140	192.45	355.89	31.83
2026-05-26T16:18:49.5821763+08:00	0x01	-0.2421	-0.4673	0.8045	-0.2753	207.75	343.48	62.27
2026-05-26T16:18:49.5821763+08:00	0x03	-0.2890	0.2042	0.8337	0.4238	133.43	337.61	324.17
2026-05-26T16:18:49.5821763+08:00	0x04	0.2076	-0.1243	-0.7391	0.6286	259.67	332.32	4.43
2026-05-26T16:18:49.5821763+08:00	0x02	-0.0653	-0.2601	0.9568	-0.1124	192.17	355.55	30.83
2026-05-26T16:18:49.5821763+08:00	0x01	-0.2398	-0.4648	0.8102	-0.2647	205.71	342.54	61.65
2026-05-26T16:18:49.5821763+08:00	0x04	0.2011	-0.1174	-0.7516	0.6171	257.80	333.36	4.11
2026-05-26T16:18:49.5821763+08:00	0x03	-0.2909	0.2176	0.8044	0.4701	126.34	340.31	321.43
2026-05-26T16:18:49.5821763+08:00	0x02	-0.0775	-0.2645	0.9558	-0.1026	190.48	353.68	31.44
2026-05-26T16:18:49.5821763+08:00	0x04	0.2025	-0.1235	-0.7574	0.6084	256.72	332.76	3.40
2026-05-26T16:18:49.5821763+08:00	0x01	-0.2376	-0.4624	0.8136	-0.2605	205.05	342.40	61.19
2026-05-26T16:18:49.5821763+08:00	0x04	0.2277	-0.1865	-0.7663	0.5711	253.84	325.80	358.52
2026-05-26T16:18:49.5821763+08:00	0x01	-0.2440	-0.4552	0.8121	-0.2717	206.57	342.28	60.68
2026-05-26T16:18:49.5821763+08:00	0x02	-0.0874	-0.2534	0.9602	-0.0783	187.03	351.48	30.02
2026-05-26T16:18:49.5821763+08:00	0x04	0.1776	-0.0959	-0.8112	0.5489	247.71	336.82	2.26
2026-05-26T16:18:49.5821763+08:00	0x03	-0.3614	0.2327	0.6445	0.6324	98.09	344.78	310.80
2026-05-26T16:18:49.5821763+08:00	0x01	-0.2472	-0.4569	0.8100	-0.2720	206.30	341.73	61.01
2026-05-26T16:18:49.5821763+08:00	0x04	0.1834	-0.1138	-0.7950	0.5669	250.64	335.11	1.54
2026-05-26T16:18:49.5821763+08:00	0x01	-0.2475	-0.4577	0.8091	-0.2733	206.54	341.84	61.15
2026-05-26T16:18:49.5821763+08:00	0x03	-0.3678	0.2618	0.6257	0.6362	95.07	347.88	307.29
2026-05-26T16:18:49.5821763+08:00	0x04	0.1878	-0.1153	-0.7839	0.5805	252.57	334.63	2.14
2026-05-26T16:18:49.6329928+08:00	0x01	-0.2476	-0.4574	0.8095	-0.2725	206.36	341.73	61.09
2026-05-26T16:18:49.8914804+08:00	0x04	0.2229	-0.1739	-0.7814	0.5563	251.30	327.18	358.64
2026-05-26T16:18:49.9414613+08:00	0x03	-0.3604	0.2692	0.5902	0.6703	85.83	353.81	306.79
2026-05-26T16:18:50.2097922+08:00	0x01	-0.2495	-0.4546	0.8091	-0.2765	206.95	341.75	60.88
2026-05-26T16:18:50.3950003+08:00	0x04	0.2219	-0.1722	-0.7815	0.5571	251.33	327.40	358.75
2026-05-26T16:18:50.5246322+08:00	0x03	-0.3606	0.2689	0.5913	0.6693	86.11	353.63	306.79
2026-05-26T16:18:50.7804904+08:00	0x01	-0.2373	-0.4387	0.8258	-0.2633	205.44	342.24	58.16
2026-05-26T16:18:50.9794285+08:00	0x04	0.0035	-0.2356	-0.9711	-0.0386	175.27	0.73	332.76
2026-05-26T16:18:51.0597196+08:00	0x03	-0.1716	0.2093	0.3537	0.8953	39.11	16.53	332.91
2026-05-26T16:18:51.2960638+08:00	0x01	-0.2343	-0.4089	0.8418	-0.2630	205.48	342.11	54.27
2026-05-26T16:18:51.4923422+08:00	0x04	0.5268	0.2703	-0.8023	-0.0757	154.25	288.64	20.73
2026-05-26T16:18:51.6091537+08:00	0x03	-0.3686	-0.1033	0.3950	0.8352	60.50	326.74	327.72
2026-05-26T16:18:51.8756213+08:00	0x01	-0.2283	-0.3848	0.8506	-0.2763	208.10	343.67	51.33
2026-05-26T16:18:52.0603291+08:00	0x04	0.6301	0.0517	-0.7244	-0.2748	151.23	282.02	344.25
2026-05-26T16:18:52.1421789+08:00	0x03	-0.4283	-0.0912	0.3541	0.8264	60.04	323.63	319.97
2026-05-26T16:18:52.3924500+08:00	0x01	-0.2294	-0.3835	0.8491	-0.2816	208.91	343.87	51.31
2026-05-26T16:18:52.5421602+08:00	0x04	0.5976	-0.0904	-0.6628	-0.4419	141.14	290.71	319.61
2026-05-26T16:18:52.6774139+08:00	0x03	-0.4101	-0.1047	0.3711	0.8265	60.96	323.35	323.11
2026-05-26T16:18:52.9591559+08:00	0x01	-0.2303	-0.3862	0.8482	-0.2799	208.58	343.67	51.64
2026-05-26T16:18:53.1595109+08:00	0x04	0.5728	-0.1888	-0.5860	-0.5412	129.38	300.26	302.73
2026-05-26T16:18:53.2261137+08:00	0x03	-0.4177	-0.1031	0.3736	0.8217	62.04	322.59	322.45
2026-05-26T16:18:53.4442352+08:00	0x01	-0.2301	-0.3883	0.8478	-0.2785	208.39	343.66	51.87
2026-05-26T16:18:53.5763414+08:00	0x02	-0.1264	-0.1968	0.9718	-0.0299	180.52	345.28	22.95
2026-05-26T16:18:53.6255576+08:00	0x04	0.5409	-0.2777	-0.5023	-0.6148	105.79	322.24	289.25
2026-05-26T16:18:53.7685221+08:00	0x03	-0.4188	-0.0932	0.3718	0.8232	61.63	323.66	321.67
2026-05-26T16:18:54.0591948+08:00	0x01	-0.2301	-0.3934	0.8463	-0.2758	207.96	343.56	52.44
2026-05-26T16:18:54.0935153+08:00	0x02	-0.1247	-0.2001	0.9714	-0.0285	180.34	345.44	23.32
2026-05-26T16:18:54.1428237+08:00	0x04	0.5036	-0.3289	-0.4430	-0.6648	68.74	358.16	286.06
2026-05-26T16:18:54.3596765+08:00	0x03	-0.4174	-0.0895	0.3729	0.8238	61.55	324.17	321.61
2026-05-26T16:18:54.6326096+08:00	0x01	-0.2236	-0.3941	0.8489	-0.2720	207.81	344.34	52.26
2026-05-26T16:18:54.7256812+08:00	0x04	0.4788	-0.3605	-0.4037	-0.6912	44.63	21.67	287.63
2026-05-26T16:18:54.8930255+08:00	0x03	-0.4107	-0.0898	0.3800	0.8240	61.89	324.57	322.52
2026-05-26T16:18:55.1259375+08:00	0x02	-0.1341	-0.1844	0.9734	-0.0228	179.69	344.25	21.41
2026-05-26T16:18:55.2427247+08:00	0x04	0.4592	-0.3818	-0.3702	-0.7115	30.08	35.35	290.58
2026-05-26T16:18:55.4255796+08:00	0x03	-0.4101	-0.0915	0.3826	0.8228	62.25	324.32	322.78
2026-05-26T16:18:55.7255934+08:00	0x01	-0.2236	-0.3980	0.8467	-0.2732	208.06	344.55	52.77
2026-05-26T16:18:55.8096957+08:00	0x04	0.4465	-0.3973	-0.3479	-0.7224	22.36	42.68	292.86
2026-05-26T16:18:55.9601764+08:00	0x03	-0.4102	-0.0913	0.3847	0.8218	62.54	324.25	322.84
2026-05-26T16:18:56.2100899+08:00	0x01	-0.2233	-0.3985	0.8470	-0.2719	207.87	344.50	52.80
2026-05-26T16:18:56.3258109+08:00	0x02	-0.1331	-0.1855	0.9734	-0.0192	179.26	344.28	21.48
2026-05-26T16:18:56.5605772+08:00	0x03	-0.4109	-0.0895	0.3831	0.8224	62.35	324.43	322.61
2026-05-26T16:18:56.7440496+08:00	0x02	-0.1320	-0.1867	0.9733	-0.0183	179.15	344.39	21.61
2026-05-26T16:18:56.9099918+08:00	0x04	0.4162	-0.4283	-0.3057	-0.7415	11.72	53.03	298.46
2026-05-26T16:18:57.1106470+08:00	0x03	-0.4113	-0.0875	0.3842	0.8219	62.49	324.57	322.49
2026-05-26T16:18:57.2930130+08:00	0x01	-0.2237	-0.3997	0.8458	-0.2735	208.14	344.61	52.99
2026-05-26T16:18:57.3273477+08:00	0x02	-0.1317	-0.1867	0.9734	-0.0181	179.14	344.42	21.60
2026-05-26T16:18:57.4774790+08:00	0x04	0.4075	-0.4321	-0.3012	-0.7460	11.31	53.58	299.74
2026-05-26T16:18:57.6431031+08:00	0x03	-0.4136	-0.0830	0.3849	0.8209	62.71	324.78	322.04
2026-05-26T16:18:57.8612794+08:00	0x01	-0.2236	-0.3993	0.8461	-0.2732	208.08	344.59	52.93
2026-05-26T16:18:57.9972099+08:00	0x04	0.4033	-0.4365	-0.2971	-0.7474	10.48	54.56	300.44
2026-05-26T16:18:58.2270884+08:00	0x03	-0.4155	-0.0819	0.3844	0.8203	62.78	324.72	321.78
2026-05-26T16:18:58.4108643+08:00	0x02	-0.1319	-0.1862	0.9735	-0.0179	179.12	344.40	21.54
2026-05-26T16:18:58.5771873+08:00	0x04	0.4001	-0.4408	-0.2918	-0.7487	9.39	55.67	301.10
2026-05-26T16:18:58.7102256+08:00	0x03	-0.4154	-0.0810	0.3821	0.8215	62.44	324.93	321.64
2026-05-26T16:18:58.9605420+08:00	0x01	-0.2227	-0.4007	0.8459	-0.2724	208.02	344.70	53.07
2026-05-26T16:18:59.0440187+08:00	0x04	0.4003	-0.4413	-0.2911	-0.7485	9.19	55.84	301.11
2026-05-26T16:18:59.2608271+08:00	0x03	-0.4147	-0.0807	0.3842	0.8209	62.65	324.95	321.77
2026-05-26T16:18:59.5108582+08:00	0x02	-0.1331	-0.1846	0.9736	-0.0181	179.15	344.27	21.37
2026-05-26T16:18:59.5630330+08:00	0x04	0.3991	-0.4442	-0.2923	-0.7470	9.14	56.32	301.14
2026-05-26T16:18:59.7941589+08:00	0x03	-0.4181	-0.0794	0.3848	0.8190	63.06	324.68	321.41
2026-05-26T16:19:00.0390944+08:00	0x01	-0.2223	-0.4005	0.8467	-0.2706	207.75	344.62	52.99
2026-05-26T16:19:00.1435728+08:00	0x04	0.4014	-0.4433	-0.2921	-0.7463	8.97	56.33	300.89
2026-05-26T16:19:00.3265439+08:00	0x03	-0.4167	-0.0829	0.3864	0.8187	63.22	324.39	321.82
2026-05-26T16:19:00.5940020+08:00	0x02	-0.1212	-0.1843	0.9752	-0.0199	179.64	345.76	21.36
2026-05-26T16:19:00.6462120+08:00	0x04	0.4111	-0.4403	-0.2809	-0.7471	6.53	57.30	300.49
2026-05-26T16:19:00.9269955+08:00	0x03	-0.4166	-0.0920	0.3889	0.8165	63.79	323.28	322.50
2026-05-26T16:19:01.1441344+08:00	0x01	-0.2193	-0.4036	0.8466	-0.2688	207.71	345.06	53.26
2026-05-26T16:19:01.2316415+08:00	0x04	0.4300	-0.4333	-0.2520	-0.7509	0.66	59.59	300.22
2026-05-26T16:19:01.4110032+08:00	0x03	-0.4166	-0.0908	0.3882	0.8170	63.67	323.44	322.39
2026-05-26T16:19:01.6445998+08:00	0x02	-0.1154	-0.1725	0.9780	-0.0204	180.00	346.55	20.01
2026-05-26T16:19:01.6942627+08:00	0x04	0.4251	-0.4332	-0.2558	-0.7525	1.88	58.78	300.53
2026-05-26T16:19:01.9435583+08:00	0x03	-0.4151	-0.0894	0.3885	0.8178	63.52	323.76	322.45
2026-05-26T16:19:02.2318460+08:00	0x01	-0.2189	-0.4078	0.8459	-0.2650	207.12	344.91	53.70
2026-05-26T16:19:02.5306293+08:00	0x03	-0.4139	-0.0884	0.3929	0.8164	64.00	323.81	322.67
2026-05-26T16:19:05.4252979+08:00	0x01	-0.2195	-0.4087	0.8463	-0.2618	206.50	344.54	53.78
2026-05-26T16:19:05.4252979+08:00	0x04	0.3983	-0.4214	-0.2642	-0.7707	7.50	53.27	303.21
2026-05-26T16:19:05.4252979+08:00	0x03	-0.3356	-0.0027	0.3813	0.8614	53.70	341.40	324.82
2026-05-26T16:19:05.4252979+08:00	0x01	-0.2248	-0.4155	0.8413	-0.2629	206.33	343.91	54.81
2026-05-26T16:19:05.4252979+08:00	0x04	0.3992	-0.4217	-0.2639	-0.7702	7.35	53.42	303.13
2026-05-26T16:19:05.4252979+08:00	0x03	-0.3381	-0.0053	0.3817	0.8602	53.99	340.89	324.72
2026-05-26T16:19:05.4252979+08:00	0x01	-0.2355	-0.4091	0.8369	-0.2773	207.96	343.22	54.61
2026-05-26T16:19:05.4252979+08:00	0x04	-0.1008	-0.1114	-0.3824	-0.9117	46.33	16.35	5.65
2026-05-26T16:19:05.4252979+08:00	0x03	-0.3465	0.2503	0.6321	0.6464	93.47	349.78	310.16
2026-05-26T16:19:05.4252979+08:00	0x02	-0.1170	-0.2011	0.9718	-0.0375	181.62	346.60	23.56
2026-05-26T16:19:05.4252979+08:00	0x01	-0.2359	-0.4047	0.8356	-0.2870	209.62	343.90	54.26
2026-05-26T16:19:05.4252979+08:00	0x03	-0.3561	0.2806	0.6352	0.6252	95.82	350.22	306.70
2026-05-26T16:19:05.4252979+08:00	0x02	-0.1169	-0.2037	0.9713	-0.0370	181.51	346.59	23.85
2026-05-26T16:19:05.4252979+08:00	0x03	-0.3496	0.2999	0.6288	0.6265	93.48	353.67	305.39
2026-05-26T16:19:05.4418624+08:00	0x04	-0.1988	-0.1249	-0.1136	-0.9654	16.73	17.84	20.82
2026-05-26T16:19:05.5788307+08:00	0x01	-0.2370	-0.4099	0.8339	-0.2836	208.98	343.55	54.90
2026-05-26T16:19:05.7792162+08:00	0x03	-0.3483	0.3052	0.6245	0.6290	92.24	354.89	304.99
2026-05-26T16:19:06.0168323+08:00	0x02	-0.1141	-0.2086	0.9706	-0.0384	181.69	346.96	24.43
2026-05-26T16:19:06.3122072+08:00	0x03	-0.3481	0.3049	0.6224	0.6312	91.72	355.16	305.02
2026-05-26T16:19:16.1782538+08:00	0x04	-0.2189	0.0364	0.5051	-0.8341	294.65	342.64	19.17
2026-05-26T16:19:16.1782538+08:00	0x01	-0.2157	-0.4497	0.8076	-0.3147	218.34	352.59	59.55
2026-05-26T16:19:16.1782538+08:00	0x03	-0.3451	0.3068	0.6163	0.6380	89.77	356.62	305.07
2026-05-26T16:19:16.1782538+08:00	0x04	-0.2084	0.1038	0.7074	-0.6673	264.92	334.08	7.55
2026-05-26T16:19:16.1782538+08:00	0x03	-0.2835	0.2495	0.7451	0.5497	111.81	348.28	316.88
2026-05-26T16:19:16.1782538+08:00	0x04	-0.2066	0.1299	0.7092	-0.6614	264.73	332.17	5.11
2026-05-26T16:19:16.1782538+08:00	0x01	-0.2367	-0.4700	0.7933	-0.3062	215.40	348.89	62.95
2026-05-26T16:19:16.1782538+08:00	0x03	-0.2796	0.2381	0.7803	0.5062	119.66	345.03	319.10
2026-05-26T16:19:16.1782538+08:00	0x02	-0.0582	-0.2790	0.9574	-0.0459	183.77	354.15	32.65
2026-05-26T16:19:16.1782538+08:00	0x03	-0.2803	0.2286	0.8188	0.4458	129.61	340.93	321.37
2026-05-26T16:19:16.1782538+08:00	0x02	-0.0757	-0.2614	0.9582	-0.0880	188.65	353.37	30.95
2026-05-26T16:19:16.1782538+08:00	0x03	-0.2822	0.2225	0.8287	0.4291	132.29	339.55	322.34
2026-05-26T16:19:16.1782538+08:00	0x04	-0.1944	0.1013	0.7185	-0.6600	263.75	335.43	6.38
2026-05-26T16:19:16.1782538+08:00	0x03	-0.2815	0.2183	0.8316	0.4261	132.76	339.28	322.92
2026-05-26T16:19:16.1782538+08:00	0x01	-0.2344	-0.4697	0.8089	-0.2648	206.43	343.78	62.13
2026-05-26T16:19:16.1782538+08:00	0x03	-0.2885	0.2186	0.8329	0.4185	134.14	338.04	322.72
2026-05-26T16:19:16.1782538+08:00	0x04	-0.2126	0.1313	0.7857	-0.5659	251.03	331.12	1.97
2026-05-26T16:19:16.1782538+08:00	0x01	-0.2341	-0.4717	0.8105	-0.2565	204.72	342.84	62.22
2026-05-26T16:19:16.1782538+08:00	0x02	-0.0875	-0.2527	0.9594	-0.0897	188.49	351.86	30.04
2026-05-26T16:19:16.1782538+08:00	0x03	-0.2910	0.2098	0.8419	0.4031	136.52	336.63	324.00
2026-05-26T16:19:16.1782538+08:00	0x04	-0.1942	0.1295	0.7983	-0.5552	249.52	333.01	0.50
2026-05-26T16:19:16.1782538+08:00	0x01	-0.2329	-0.4694	0.8162	-0.2431	202.01	341.37	61.60
2026-05-26T16:19:16.1782538+08:00	0x02	-0.0884	-0.2605	0.9574	-0.0879	188.20	351.72	30.95
2026-05-26T16:19:16.1782538+08:00	0x03	-0.2913	0.2166	0.8320	0.4196	134.09	337.64	322.78
2026-05-26T16:19:16.1782538+08:00	0x01	-0.2314	-0.4702	0.8134	-0.2526	204.20	342.88	61.85
2026-05-26T16:19:16.1782538+08:00	0x03	-0.2905	0.2116	0.8424	0.4014	136.74	336.69	323.86
2026-05-26T16:19:16.1782538+08:00	0x01	-0.2328	-0.4727	0.8137	-0.2456	202.56	341.76	62.07
2026-05-26T16:19:16.1782538+08:00	0x03	-0.2914	0.2191	0.8273	0.4273	132.92	338.11	322.29
2026-05-26T16:19:16.1782538+08:00	0x02	-0.0974	-0.2550	0.9590	-0.0769	186.51	350.17	30.26
2026-05-26T16:19:16.1782538+08:00	0x03	-0.2885	0.2143	0.8416	0.4031	136.43	337.13	323.60
2026-05-26T16:19:16.1782538+08:00	0x01	-0.2303	-0.4669	0.8198	-0.2384	201.32	341.29	61.09
2026-05-26T16:19:16.1782538+08:00	0x03	-0.2892	0.2075	0.8505	0.3872	138.74	336.07	324.77
2026-05-26T16:19:16.1782538+08:00	0x01	-0.2300	-0.4665	0.8202	-0.2382	201.32	341.33	61.02
2026-05-26T16:19:16.1782538+08:00	0x02	-0.1037	-0.2547	0.9586	-0.0734	185.84	349.23	30.23
2026-05-26T16:19:16.1782538+08:00	0x04	-0.2156	0.1375	0.8054	-0.5347	247.03	330.37	0.52
2026-05-26T16:19:16.1782538+08:00	0x03	-0.2907	0.2065	0.8566	0.3730	140.80	335.24	325.20
2026-05-26T16:19:16.1782538+08:00	0x01	-0.2282	-0.4666	0.8216	-0.2349	200.86	341.32	60.92
2026-05-26T16:19:16.1782538+08:00	0x04	-0.2024	0.1345	0.8324	-0.4980	242.10	331.90	358.72
2026-05-26T16:19:16.1782538+08:00	0x03	-0.2949	0.2181	0.8282	0.4238	133.59	337.44	322.32
2026-05-26T16:19:16.1782538+08:00	0x01	-0.2296	-0.4663	0.8200	-0.2398	201.70	341.60	61.02
2026-05-26T16:19:16.1792488+08:00	0x04	-0.1900	0.1930	0.8274	-0.4920	243.56	329.41	352.39
2026-05-26T16:19:16.1792488+08:00	0x03	-0.3013	0.2122	0.7128	0.5967	105.31	346.39	318.54
2026-05-26T16:19:16.1792488+08:00	0x02	-0.1139	-0.2522	0.9590	-0.0612	183.96	347.51	29.85
2026-05-26T16:19:16.1792488+08:00	0x04	-0.1853	0.1169	0.8400	-0.4964	241.32	334.70	359.29
2026-05-26T16:19:16.1792488+08:00	0x03	-0.3455	0.2408	0.6599	0.6223	99.50	346.39	311.60
2026-05-26T16:19:16.1792488+08:00	0x01	-0.2321	-0.4511	0.8265	-0.2442	202.29	341.40	59.20
2026-05-26T16:19:16.1792488+08:00	0x04	-0.1911	0.1137	0.8211	-0.5257	245.08	334.32	0.82
2026-05-26T16:19:16.1792488+08:00	0x03	-0.3460	0.2500	0.6531	0.6255	98.17	347.65	310.59
2026-05-26T16:19:16.2940978+08:00	0x02	-0.1166	-0.2506	0.9595	-0.0547	183.07	346.96	29.58
2026-05-26T16:19:16.3144196+08:00	0x04	-0.1910	0.1048	0.8059	-0.5506	248.16	334.94	2.37
2026-05-26T16:19:16.5983052+08:00	0x03	-0.3443	0.2540	0.6456	0.6326	96.28	349.01	310.22
2026-05-26T16:19:16.8341715+08:00	0x02	-0.1158	-0.2503	0.9598	-0.0523	182.80	346.98	29.52
2026-05-26T16:19:17.1314728+08:00	0x03	-0.3435	0.2571	0.6414	0.6360	95.26	349.80	309.94
2026-05-26T16:19:17.3635171+08:00	0x02	-0.1155	-0.2503	0.9598	-0.0524	182.82	347.02	29.51
2026-05-26T16:19:17.4639719+08:00	0x04	-0.1936	0.1030	0.7948	-0.5658	250.18	334.85	3.17
2026-05-26T16:19:17.6812650+08:00	0x03	-0.3411	0.2604	0.6399	0.6375	94.62	350.60	309.82
2026-05-26T16:19:17.9309297+08:00	0x02	-0.1177	-0.2468	0.9604	-0.0525	182.80	346.75	29.11
2026-05-26T16:19:18.2142491+08:00	0x03	-0.3395	0.2648	0.6380	0.6384	94.02	351.40	309.52
2026-05-26T16:19:18.3975207+08:00	0x02	-0.1183	-0.2462	0.9607	-0.0503	182.52	346.61	29.01
2026-05-26T16:19:18.4818514+08:00	0x01	-0.2310	-0.4508	0.8273	-0.2429	202.16	341.46	59.11
2026-05-26T16:19:18.7515558+08:00	0x03	-0.3401	0.2656	0.6355	0.6402	93.54	351.64	309.36
2026-05-26T16:19:18.9143090+08:00	0x02	-0.1185	-0.2466	0.9606	-0.0485	182.27	346.52	29.03
2026-05-26T16:19:19.0478188+08:00	0x01	-0.2312	-0.4521	0.8266	-0.2426	202.07	341.40	59.28
2026-05-26T16:19:19.2842909+08:00	0x03	-0.3400	0.2666	0.6318	0.6435	92.68	352.14	309.24
2026-05-26T16:19:19.4846077+08:00	0x02	-0.1176	-0.2481	0.9604	-0.0467	182.05	346.57	29.18
2026-05-26T16:19:19.5482390+08:00	0x04	-0.1938	0.0958	0.7751	-0.5937	253.89	335.44	4.68
