timestamp	device	q0	q1	q2	q3	yaw	pitch	roll
2026-06-05T14:47:10.3754129+08:00	0x03	0.1435	-0.4236	-0.4197	-0.7898	41.76	42.44	324.39
2026-06-05T14:47:10.3994681+08:00	0x09	0.1263	0.7316	-0.1911	0.6421	356.12	96.56	26.22
2026-06-05T14:47:10.4394879+08:00	0x04	-0.1246	-0.3324	0.0547	-0.9333	358.86	39.06	15.60
2026-06-05T14:47:10.4623830+08:00	0x07	-0.6157	-0.3732	0.6076	-0.3354	174.02	265.79	60.05
2026-06-05T14:47:10.6439568+08:00	0x06	-0.6958	-0.0598	0.7157	0.0103	174.36	271.42	4.08
2026-06-05T14:47:10.8574399+08:00	0x04	-0.1295	-0.3350	0.0573	-0.9315	358.80	39.39	16.24
2026-06-05T14:47:11.0064717+08:00	0x09	0.1258	0.7321	-0.1913	0.6416	356.09	96.62	26.20
2026-06-05T14:47:11.2019370+08:00	0x06	-0.6955	-0.0606	0.7159	0.0107	174.27	271.45	4.12
2026-06-05T14:47:11.3518574+08:00	0x04	-0.1301	-0.3345	0.0602	-0.9314	358.50	39.29	16.42
2026-06-05T14:47:11.5340726+08:00	0x03	0.1408	-0.4279	-0.4154	-0.7903	41.07	43.27	324.69
2026-06-05T14:47:11.5546304+08:00	0x09	0.1260	0.7316	-0.1922	0.6418	356.01	96.56	26.30
2026-06-05T14:47:11.5843786+08:00	0x07	-0.6713	-0.2594	0.6577	-0.2226	175.85	267.32	39.80
2026-06-05T14:47:11.7171703+08:00	0x02	-0.0166	0.5108	-0.2292	0.8284	336.08	60.78	11.92
2026-06-05T14:47:11.9173567+08:00	0x03	0.1399	-0.4292	-0.4174	-0.7887	41.31	43.40	324.62
2026-06-05T14:47:12.0696249+08:00	0x01	-0.0849	-0.4642	0.4695	-0.7462	311.22	47.87	34.24
2026-06-05T14:47:12.0855849+08:00	0x09	0.1263	0.7328	-0.1906	0.6409	356.22	96.77	26.18
2026-06-05T14:47:12.1854560+08:00	0x07	-0.6918	-0.2003	0.6740	-0.1642	176.31	267.53	29.81
2026-06-05T14:47:12.2852020+08:00	0x06	-0.6936	-0.0601	0.7177	0.0112	174.28	271.75	4.06
2026-06-05T14:47:12.4337219+08:00	0x04	-0.1311	-0.3384	0.0534	-0.9303	359.37	39.89	16.27
2026-06-05T14:47:12.4722079+08:00	0x03	0.1405	-0.4314	-0.4178	-0.7872	41.27	43.67	324.43
2026-06-05T14:47:12.6021944+08:00	0x09	0.1264	0.7330	-0.1904	0.6407	356.24	96.81	26.17
2026-06-05T14:47:12.7054333+08:00	0x08	0.0808	-0.7523	-0.0987	-0.6464	0.36	98.62	345.35
2026-06-05T14:47:12.8579462+08:00	0x06	-0.6944	-0.0600	0.7170	0.0118	174.23	271.63	3.99
2026-06-05T14:47:12.9844286+08:00	0x03	0.1426	-0.4300	-0.4198	-0.7865	41.55	43.35	324.18
2026-06-05T14:47:13.1736627+08:00	0x01	-0.0878	-0.4635	0.4710	-0.7454	311.07	47.62	34.58
2026-06-05T14:47:13.2206792+08:00	0x08	0.0829	-0.7525	-0.1000	-0.6456	0.26	98.71	345.07
2026-06-05T14:47:13.3009837+08:00	0x07	-0.7150	-0.0876	0.6914	-0.0543	177.07	267.78	11.47
2026-06-05T14:47:13.4871409+08:00	0x06	-0.6942	-0.0608	0.7171	0.0114	174.20	271.65	4.09
2026-06-05T14:47:13.5174011+08:00	0x04	-0.1291	-0.3364	0.0506	-0.9315	359.56	39.65	15.93
2026-06-05T14:47:13.6853330+08:00	0x01	-0.0875	-0.4639	0.4692	-0.7463	311.32	47.75	34.47
2026-06-05T14:47:13.7484378+08:00	0x09	0.1253	0.7328	-0.1917	0.6408	356.04	96.74	26.20
2026-06-05T14:47:13.8518610+08:00	0x07	-0.7199	-0.0269	0.6935	0.0046	177.41	267.82	1.75
2026-06-05T14:47:13.9394968+08:00	0x06	-0.6932	-0.0610	0.7181	0.0111	174.22	271.82	4.14
2026-06-05T14:47:14.1449325+08:00	0x04	-0.1283	-0.3367	0.0516	-0.9314	359.43	39.67	15.89
2026-06-05T14:47:14.2343934+08:00	0x03	0.1421	-0.4289	-0.4196	-0.7872	41.57	43.22	324.28
2026-06-05T14:47:14.2563412+08:00	0x02	-0.0167	0.5133	-0.2238	0.8283	336.66	61.16	11.66
2026-06-05T14:47:14.3819329+08:00	0x08	0.0864	-0.7507	-0.1032	-0.6468	0.22	98.47	344.54
2026-06-05T14:47:14.4016307+08:00	0x07	-0.7197	0.0240	0.6918	0.0537	177.71	267.86	353.66
2026-06-05T14:47:14.6018208+08:00	0x03	0.1432	-0.4294	-0.4195	-0.7868	41.51	43.27	324.15
2026-06-05T14:47:14.6855722+08:00	0x06	-0.6920	-0.0611	0.7192	0.0116	174.17	272.01	4.12
2026-06-05T14:47:14.8087940+08:00	0x09	0.1261	0.7323	-0.1922	0.6410	356.05	96.68	26.31
2026-06-05T14:47:14.8347157+08:00	0x01	-0.0883	-0.4647	0.4663	-0.7475	311.78	47.95	34.43
2026-06-05T14:47:14.9736315+08:00	0x07	-0.7163	0.0863	0.6829	0.1144	178.05	267.55	343.64
2026-06-05T14:47:15.0355124+08:00	0x06	-0.6907	-0.0606	0.7205	0.0125	174.15	272.21	4.02
2026-06-05T14:47:15.1511147+08:00	0x03	0.1430	-0.4279	-0.4193	-0.7878	41.54	43.08	324.25
2026-06-05T14:47:15.2064119+08:00	0x04	-0.1264	-0.3369	0.0522	-0.9316	359.28	39.66	15.70
2026-06-05T14:47:15.3585798+08:00	0x09	0.1260	0.7324	-0.1925	0.6409	356.02	96.69	26.32
2026-06-05T14:47:15.4700574+08:00	0x02	-0.0151	0.5142	-0.2228	0.8281	336.87	61.26	11.78
2026-06-05T14:47:15.5337981+08:00	0x07	-0.7067	0.1466	0.6704	0.1720	178.51	267.33	333.92
2026-06-05T14:47:15.6194302+08:00	0x06	-0.6918	-0.0609	0.7194	0.0125	174.12	272.03	4.04
2026-06-05T14:47:15.7518332+08:00	0x03	0.1436	-0.4284	-0.4201	-0.7870	41.62	43.09	324.13
2026-06-05T14:47:15.8079961+08:00	0x01	-0.0914	-0.4630	0.4684	-0.7469	311.52	47.54	34.77
2026-06-05T14:47:15.8849299+08:00	0x09	0.1253	0.7327	-0.1926	0.6406	355.97	96.74	26.28
2026-06-05T14:47:15.9351946+08:00	0x02	-0.0102	0.5130	-0.2250	0.8283	336.91	61.00	12.35
2026-06-05T14:47:15.9855376+08:00	0x08	0.1019	-0.7489	-0.1158	-0.6445	359.79	98.60	342.26
2026-06-05T14:47:16.1028909+08:00	0x07	-0.7071	0.1448	0.6709	0.1703	178.49	267.34	334.21
2026-06-05T14:47:16.1519198+08:00	0x06	-0.6922	-0.0615	0.7190	0.0121	174.10	271.97	4.11
2026-06-05T14:47:16.3133754+08:00	0x04	-0.1235	-0.3394	0.0475	-0.9313	359.73	40.01	15.20
2026-06-05T14:47:16.3393752+08:00	0x01	-0.0932	-0.4615	0.4687	-0.7475	311.47	47.26	34.88
2026-06-05T14:47:16.4855708+08:00	0x09	0.1246	0.7327	-0.1925	0.6407	355.91	96.71	26.22
2026-06-05T14:47:16.5594793+08:00	0x08	0.1016	-0.7493	-0.1161	-0.6440	359.83	98.66	342.25
2026-06-05T14:47:16.6352780+08:00	0x07	-0.6919	0.2039	0.6545	0.2263	179.01	267.14	324.54
2026-06-05T14:47:16.7278822+08:00	0x06	-0.6926	-0.0612	0.7187	0.0116	174.16	271.91	4.12
2026-06-05T14:47:16.8022430+08:00	0x03	0.1503	-0.4280	-0.4181	-0.7871	41.18	42.96	323.53
2026-06-05T14:47:16.9026998+08:00	0x01	-0.0938	-0.4568	0.4695	-0.7497	311.22	46.57	34.73
2026-06-05T14:47:16.9575216+08:00	0x09	0.1248	0.7319	-0.1926	0.6416	355.88	96.57	26.24
2026-06-05T14:47:17.0248519+08:00	0x02	-0.0084	0.5098	-0.2214	0.8313	337.34	60.57	12.23
2026-06-05T14:47:17.1188368+08:00	0x08	0.1029	-0.7499	-0.1178	-0.6428	359.83	98.82	342.00
2026-06-05T14:47:17.1726926+08:00	0x07	-0.6750	0.2518	0.6383	0.2712	179.50	266.99	316.57
2026-06-05T14:47:17.2854300+08:00	0x06	-0.6931	-0.0620	0.7181	0.0100	174.23	271.82	4.31
2026-06-05T14:47:17.4184718+08:00	0x03	0.1501	-0.4286	-0.4186	-0.7864	41.23	43.04	323.49
2026-06-05T14:47:17.4950557+08:00	0x09	0.1247	0.7325	-0.1914	0.6413	355.99	96.67	26.13
2026-06-05T14:47:17.5386880+08:00	0x02	-0.0127	0.5053	-0.2395	0.8290	335.15	59.91	12.76
2026-06-05T14:47:17.6584968+08:00	0x08	0.0976	-0.7511	-0.1133	-0.6431	359.94	98.87	342.80
2026-06-05T14:47:17.7076432+08:00	0x07	-0.6510	0.3086	0.6132	0.3241	180.41	266.37	306.84
2026-06-05T14:47:17.9021653+08:00	0x06	-0.6922	-0.0640	0.7188	0.0082	174.21	271.92	4.63
2026-06-05T14:47:17.9905560+08:00	0x01	-0.0223	-0.4726	0.5519	-0.6867	297.87	48.50	33.52
2026-06-05T14:47:18.1225404+08:00	0x02	-0.0202	0.4106	-0.5656	0.7149	293.52	42.66	25.83
2026-06-05T14:47:18.2198508+08:00	0x08	0.0867	-0.7493	-0.1039	-0.6483	0.28	98.23	344.45
2026-06-05T14:47:18.2525932+08:00	0x07	-0.6276	0.3541	0.5884	0.3668	181.54	265.40	298.71
2026-06-05T14:47:18.4691352+08:00	0x04	-0.1236	-0.3393	0.0476	-0.9313	359.71	40.00	15.22
2026-06-05T14:47:18.5188745+08:00	0x06	-0.6849	-0.0684	0.7254	0.0037	174.29	273.02	5.40
2026-06-05T14:47:18.5710303+08:00	0x09	0.1244	0.7273	-0.1962	0.6459	355.35	95.69	26.49
2026-06-05T14:47:18.7524641+08:00	0x08	0.0939	-0.7461	-0.1095	-0.6500	0.14	97.85	343.41
2026-06-05T14:47:18.8390250+08:00	0x07	-0.6013	0.3930	0.5658	0.4049	182.28	264.96	291.32
2026-06-05T14:47:18.9415023+08:00	0x06	-0.6816	-0.0715	0.7283	-0.0030	174.62	273.50	6.22
2026-06-05T14:47:19.0351137+08:00	0x04	-0.1678	-0.2452	-0.3143	-0.9016	41.03	33.62	8.54
2026-06-05T14:47:19.1026606+08:00	0x09	0.1251	0.7241	-0.1986	0.6486	355.08	95.13	26.74
2026-06-05T14:47:19.1537500+08:00	0x03	0.1501	-0.4286	-0.4186	-0.7865	41.23	43.03	323.49
2026-06-05T14:47:19.2192641+08:00	0x02	-0.0200	0.4143	-0.5567	0.7197	294.88	43.33	25.63
2026-06-05T14:47:19.3358186+08:00	0x07	-0.5663	0.4315	0.5423	0.4462	181.21	266.56	283.27
2026-06-05T14:47:19.4696845+08:00	0x06	-0.6826	-0.0721	0.7272	-0.0043	174.68	273.32	6.36
2026-06-05T14:47:19.5697126+08:00	0x04	-0.1667	-0.1233	-0.2400	-0.9484	30.90	18.95	14.90
2026-06-05T14:47:19.5883790+08:00	0x03	0.0966	-0.4198	-0.8412	-0.3267	132.81	10.08	309.70
2026-06-05T14:47:19.6530753+08:00	0x09	0.1247	0.7255	-0.1988	0.6470	355.10	95.39	26.74
2026-06-05T14:47:19.7199489+08:00	0x02	0.1991	0.2205	-0.9486	0.1092	187.73	338.19	27.50
2026-06-05T14:47:19.8717797+08:00	0x07	-0.5345	0.4681	0.5128	0.4819	183.63	264.33	275.59
2026-06-05T14:47:20.0376401+08:00	0x06	-0.6854	-0.0731	0.7245	-0.0039	174.54	272.87	6.39
2026-06-05T14:47:20.1389828+08:00	0x04	-0.1823	-0.0848	-0.0133	-0.9795	3.49	10.53	20.78
2026-06-05T14:47:20.1689548+08:00	0x03	0.1252	-0.4011	-0.8868	-0.1926	158.24	354.04	310.58
2026-06-05T14:47:20.2029407+08:00	0x09	0.1248	0.7285	-0.1990	0.6435	355.22	95.95	26.78
2026-06-05T14:47:20.3031773+08:00	0x08	0.1023	-0.7517	-0.1128	-0.6417	359.46	99.11	342.49
2026-06-05T14:47:20.4697163+08:00	0x07	-0.5016	0.5051	0.4748	0.5175	341.52	106.23	272.78
2026-06-05T14:47:20.5523469+08:00	0x06	-0.6900	-0.0726	0.7202	-0.0021	174.39	272.15	6.17
2026-06-05T14:47:20.6524194+08:00	0x04	-0.1802	-0.0565	0.1253	-0.9740	346.09	4.00	21.42
2026-06-05T14:47:20.7216183+08:00	0x09	0.1247	0.7330	-0.1978	0.6388	355.51	96.79	26.70
2026-06-05T14:47:20.8224090+08:00	0x02	0.2491	0.1653	-0.9518	-0.0689	167.15	328.83	16.29
2026-06-05T14:47:20.9364833+08:00	0x07	-0.4387	0.5710	0.3959	0.5699	350.65	96.93	287.80
2026-06-05T14:47:21.1204053+08:00	0x06	-0.6932	-0.0732	0.7170	-0.0028	174.37	271.62	6.24
2026-06-05T14:47:21.2292261+08:00	0x04	-0.1771	-0.0319	0.2535	-0.9504	329.80	358.22	20.66
2026-06-05T14:47:21.2718883+08:00	0x09	0.1242	0.7358	-0.1953	0.6364	355.79	97.30	26.46
2026-06-05T14:47:21.4057703+08:00	0x02	0.2753	0.1019	-0.9171	-0.2696	146.56	325.92	2.20
2026-06-05T14:47:21.4740357+08:00	0x07	-0.4058	0.5965	0.3624	0.5901	352.12	95.71	294.32
2026-06-05T14:47:21.6529699+08:00	0x06	-0.6936	-0.0731	0.7167	-0.0038	174.46	271.57	6.32
2026-06-05T14:47:21.7364847+08:00	0x04	-0.1772	-0.0327	0.2497	-0.9514	330.29	358.38	20.71
2026-06-05T14:47:21.7983750+08:00	0x09	0.1232	0.7366	-0.1925	0.6365	355.94	97.39	26.14
2026-06-05T14:47:21.9825875+08:00	0x02	0.2868	0.0827	-0.8922	-0.3390	139.23	325.36	357.31
2026-06-05T14:47:21.9825875+08:00	0x08	0.0707	-0.7590	-0.0846	-0.6416	0.07	99.57	347.34
2026-06-05T14:47:22.2109298+08:00	0x04	-0.1773	-0.0218	0.3179	-0.9312	321.52	355.59	20.12
2026-06-05T14:47:22.2427878+08:00	0x06	-0.6920	-0.0724	0.7183	-0.0032	174.48	271.84	6.22
2026-06-05T14:47:22.3256798+08:00	0x01	-0.0244	-0.4722	0.5496	-0.6887	298.27	48.44	33.55
2026-06-05T14:47:22.4919211+08:00	0x02	0.2915	0.0672	-0.8743	-0.3823	134.63	325.65	353.95
2026-06-05T14:47:22.5028928+08:00	0x08	0.0757	-0.7575	-0.0890	-0.6422	359.98	99.42	346.58
2026-06-05T14:47:22.5524751+08:00	0x07	-0.4068	0.5958	0.3634	0.5895	352.09	95.73	294.13
2026-06-05T14:47:22.7364431+08:00	0x04	-0.1748	-0.0146	0.3683	-0.9130	315.00	353.78	19.27
2026-06-05T14:47:22.8596128+08:00	0x03	0.1338	-0.3934	-0.8990	-0.1386	167.56	348.64	311.90
2026-06-05T14:47:22.8885297+08:00	0x01	-0.1851	-0.4904	0.8508	-0.0370	167.07	328.26	58.01
2026-06-05T14:47:22.9372569+08:00	0x09	0.1219	0.7347	-0.1936	0.6386	355.65	97.00	26.11
2026-06-05T14:47:23.0870729+08:00	0x02	0.2944	0.0532	-0.8621	-0.4089	131.86	326.12	351.43
2026-06-05T14:47:23.1552113+08:00	0x07	-0.3267	0.6396	0.2883	0.6333	355.13	92.92	308.50
2026-06-05T14:47:23.3086031+08:00	0x04	-0.1779	-0.0078	0.4089	-0.8950	309.55	352.01	18.95
2026-06-05T14:47:23.3335253+08:00	0x06	-0.6928	-0.0710	0.7176	-0.0013	174.43	271.72	5.94
2026-06-05T14:47:23.3764122+08:00	0x03	0.1452	-0.3721	-0.9121	-0.0922	175.14	343.92	315.13
2026-06-05T14:47:23.4574406+08:00	0x09	0.1211	0.7355	-0.1927	0.6382	355.67	97.11	25.98
2026-06-05T14:47:23.5367167+08:00	0x08	0.0778	-0.7583	-0.0901	-0.6410	359.85	99.60	346.33
2026-06-05T14:47:23.7369014+08:00	0x07	-0.2760	0.6646	0.2363	0.6529	355.47	92.77	317.59
2026-06-05T14:47:23.8696917+08:00	0x04	-0.1756	0.0099	0.4654	-0.8675	301.93	349.10	17.19
2026-06-05T14:47:23.9080542+08:00	0x06	-0.6918	-0.0718	0.7185	-0.0014	174.38	271.87	6.03
2026-06-05T14:47:23.9928286+08:00	0x09	0.1202	0.7338	-0.1938	0.6399	355.43	96.77	25.99
2026-06-05T14:47:24.0532817+08:00	0x08	0.0802	-0.7563	-0.0914	-0.6428	359.78	99.30	346.04
2026-06-05T14:47:24.1157492+08:00	0x03	0.1434	-0.3694	-0.9142	-0.0851	176.02	343.80	315.59
2026-06-05T14:47:24.2703568+08:00	0x07	-0.2275	0.6816	0.1891	0.6692	356.05	92.27	325.78
2026-06-05T14:47:24.4035922+08:00	0x04	-0.1719	0.0093	0.4803	-0.8600	300.03	349.11	16.66
2026-06-05T14:47:24.4207420+08:00	0x06	-0.6911	-0.0713	0.7192	-0.0020	174.49	271.99	6.05
2026-06-05T14:47:24.5204596+08:00	0x03	0.1428	-0.3704	-0.9141	-0.0832	176.28	343.76	315.50
2026-06-05T14:47:24.6254879+08:00	0x08	0.0855	-0.7562	-0.0973	-0.6414	359.74	99.43	345.12
2026-06-05T14:47:24.6883686+08:00	0x02	0.2959	0.0443	-0.8508	-0.4319	129.30	326.58	349.61
2026-06-05T14:47:24.7068288+08:00	0x09	0.1207	0.7334	-0.1928	0.6406	355.53	96.70	25.94
2026-06-05T14:47:24.7561635+08:00	0x07	-0.1753	0.6952	0.1400	0.6830	356.66	91.78	334.27
2026-06-05T14:47:24.9722181+08:00	0x04	-0.1696	0.0093	0.4975	-0.8507	297.78	348.91	16.22
2026-06-05T14:47:24.9882346+08:00	0x06	-0.6911	-0.0706	0.7193	-0.0021	174.54	272.00	5.99
2026-06-05T14:47:25.0866189+08:00	0x01	-0.1902	-0.4837	0.8542	-0.0126	163.01	325.76	56.22
2026-06-05T14:47:25.1383442+08:00	0x09	0.1210	0.7329	-0.1930	0.6411	355.53	96.62	25.98
2026-06-05T14:47:25.2578953+08:00	0x02	0.3024	0.0303	-0.8355	-0.4579	126.46	326.83	346.92
2026-06-05T14:47:25.3541322+08:00	0x07	-0.1388	0.7038	0.1047	0.6888	356.88	91.78	340.21
2026-06-05T14:47:25.4945053+08:00	0x04	-0.1702	0.0130	0.5049	-0.8461	296.71	348.36	15.96
2026-06-05T14:47:25.5873409+08:00	0x03	0.1371	-0.3697	-0.9132	-0.1033	172.94	345.83	315.29
2026-06-05T14:47:25.6595786+08:00	0x09	0.1213	0.7320	-0.1929	0.6420	355.52	96.46	25.99
2026-06-05T14:47:25.7264390+08:00	0x08	0.0913	-0.7546	-0.1040	-0.6414	359.74	99.31	344.10
2026-06-05T14:47:25.8919172+08:00	0x07	-0.0872	0.7112	0.0554	0.6953	357.25	91.57	348.46
2026-06-05T14:47:26.0538739+08:00	0x04	-0.1580	0.0105	0.5108	-0.8450	296.30	349.32	14.85
2026-06-05T14:47:26.1099048+08:00	0x03	0.1324	-0.3636	-0.9155	-0.1099	171.61	346.94	315.98
2026-06-05T14:47:26.1410670+08:00	0x09	0.1235	0.7325	-0.1923	0.6413	355.80	96.62	26.11
2026-06-05T14:47:26.2016693+08:00	0x01	-0.1903	-0.4882	0.8513	-0.0244	164.55	326.34	57.21
2026-06-05T14:47:26.3422701+08:00	0x02	0.3017	0.0285	-0.8307	-0.4669	125.34	327.11	346.45
2026-06-05T14:47:26.4271990+08:00	0x07	0.0142	0.7179	-0.0404	0.6948	357.95	91.79	4.46
2026-06-05T14:47:26.6042214+08:00	0x04	-0.1577	-0.0005	0.5084	-0.8466	296.73	350.48	15.52
2026-06-05T14:47:26.6593146+08:00	0x03	0.1404	-0.3643	-0.9130	-0.1183	170.86	346.25	315.70
2026-06-05T14:47:26.7163567+08:00	0x09	0.1242	0.7309	-0.1921	0.6430	355.81	96.35	26.14
2026-06-05T14:47:26.8536080+08:00	0x02	0.3046	0.0178	-0.8237	-0.4778	124.22	327.48	344.82
2026-06-05T14:47:27.0249476+08:00	0x07	0.0129	0.7179	-0.0391	0.6949	357.94	91.79	4.24
2026-06-05T14:47:27.1205430+08:00	0x06	-0.6914	-0.0672	0.7194	-0.0031	174.89	272.01	5.80
2026-06-05T14:47:27.1564522+08:00	0x03	0.1432	-0.3688	-0.9097	-0.1262	169.90	346.30	315.00
2026-06-05T14:47:27.2707258+08:00	0x01	-0.1819	-0.4919	0.8511	-0.0229	164.80	327.46	57.74
2026-06-05T14:47:27.3229185+08:00	0x09	0.1253	0.7309	-0.1922	0.6428	355.91	96.38	26.23
2026-06-05T14:47:27.3872362+08:00	0x08	0.0973	-0.7553	-0.1108	-0.6386	359.67	99.62	343.05
2026-06-05T14:47:27.6132492+08:00	0x07	0.0696	0.7143	-0.0925	0.6902	358.34	91.77	13.19
2026-06-05T14:47:27.6886093+08:00	0x03	0.1445	-0.3644	-0.9108	-0.1296	169.44	346.30	315.47
2026-06-05T14:47:27.8378887+08:00	0x01	-0.2130	-0.4893	0.8457	-0.0056	159.10	320.50	56.10
2026-06-05T14:47:28.0325468+08:00	0x02	0.3072	0.0109	-0.8144	-0.4922	122.51	327.78	343.46
2026-06-05T14:47:28.1704598+08:00	0x07	0.1267	0.7068	-0.1463	0.6805	358.76	91.93	22.28
2026-06-05T14:47:28.2260665+08:00	0x03	0.1399	-0.3695	-0.9099	-0.1265	169.66	346.82	314.94
2026-06-05T14:47:28.3586445+08:00	0x01	-0.2116	-0.4888	0.8464	-0.0023	158.76	320.56	55.93
2026-06-05T14:47:28.5212072+08:00	0x02	0.3043	0.0087	-0.8168	-0.4901	122.80	328.17	343.50
2026-06-05T14:47:28.6890991+08:00	0x07	0.1843	0.6963	-0.2057	0.6625	358.92	92.54	32.05
2026-06-05T14:47:28.7599349+08:00	0x03	0.1382	-0.3772	-0.9072	-0.1245	169.91	346.97	314.03
2026-06-05T14:47:28.9236826+08:00	0x09	0.1227	0.7342	-0.1921	0.6395	355.82	96.92	26.04
2026-06-05T14:47:28.9548350+08:00	0x01	-0.2021	-0.4917	0.8469	-0.0117	160.89	322.74	56.89
2026-06-05T14:47:29.1046005+08:00	0x08	0.0970	-0.7576	-0.1073	-0.6365	359.38	100.01	343.38
2026-06-05T14:47:29.2218389+08:00	0x07	0.2322	0.6821	-0.2516	0.6462	359.37	92.87	40.04
2026-06-05T14:47:29.3146019+08:00	0x03	0.1360	-0.3706	-0.9110	-0.1194	170.49	346.97	314.95
2026-06-05T14:47:29.4055810+08:00	0x06	-0.6943	-0.0678	0.7164	-0.0033	174.84	271.53	5.84
2026-06-05T14:47:29.5086016+08:00	0x01	-0.1968	-0.4912	0.8484	-0.0141	161.86	323.96	57.04
2026-06-05T14:47:29.5385192+08:00	0x09	0.1236	0.7324	-0.1911	0.6417	355.90	96.61	26.01
2026-06-05T14:47:29.5943700+08:00	0x08	0.0994	-0.7564	-0.1100	-0.6371	359.38	99.87	342.96
2026-06-05T14:47:29.7138167+08:00	0x02	0.3078	0.0177	-0.8225	-0.4779	124.24	327.14	344.63
2026-06-05T14:47:29.7507497+08:00	0x07	0.2883	0.6589	-0.3028	0.6253	0.11	93.04	49.43
2026-06-05T14:47:29.9076527+08:00	0x03	0.1366	-0.3733	-0.9106	-0.1134	171.46	346.51	314.71
2026-06-05T14:47:29.9236074+08:00	0x04	-0.1623	0.0065	0.5016	-0.8497	297.46	349.60	15.62
2026-06-05T14:47:30.0183118+08:00	0x09	0.1239	0.7312	-0.1911	0.6430	355.88	96.39	26.03
2026-06-05T14:47:30.0412777+08:00	0x01	-0.1971	-0.4883	0.8498	-0.0223	163.50	324.88	57.01
2026-06-05T14:47:30.1263419+08:00	0x08	0.1000	-0.7530	-0.1112	-0.6408	359.52	99.28	342.80
2026-06-05T14:47:30.1879926+08:00	0x02	0.3155	0.0146	-0.8252	-0.4682	125.66	326.27	344.26
2026-06-05T14:47:30.3544782+08:00	0x07	0.3338	0.6363	-0.3455	0.6035	0.82	93.48	57.42
2026-06-05T14:47:30.4256841+08:00	0x03	0.1534	-0.3732	-0.9073	-0.1187	171.73	344.28	314.48
2026-06-05T14:47:30.4910136+08:00	0x06	-0.6891	-0.0686	0.7214	-0.0059	175.04	272.36	6.15
2026-06-05T14:47:30.5908064+08:00	0x09	0.1239	0.7274	-0.1919	0.6471	355.65	95.67	26.07
2026-06-05T14:47:30.6714889+08:00	0x08	0.1132	-0.7506	-0.1232	-0.6392	359.25	99.29	340.75
2026-06-05T14:47:30.8047835+08:00	0x02	0.3310	0.0089	-0.8139	-0.4775	124.78	324.98	342.44
2026-06-05T14:47:30.8930845+08:00	0x07	0.3832	0.6037	-0.3942	0.5774	1.09	93.27	66.70
2026-06-05T14:47:31.0079634+08:00	0x04	-0.1665	-0.0056	0.5098	-0.8440	296.32	350.36	16.67
2026-06-05T14:47:31.0572787+08:00	0x03	0.1502	-0.3722	-0.9077	-0.1222	170.98	344.99	314.57
2026-06-05T14:47:31.1084991+08:00	0x01	-0.2233	-0.4893	0.8428	-0.0196	160.37	319.70	56.47
2026-06-05T14:47:31.1604039+08:00	0x09	0.1257	0.7289	-0.1928	0.6448	355.81	96.02	26.31
2026-06-05T14:47:31.2326553+08:00	0x08	0.1170	-0.7519	-0.1257	-0.6366	359.04	99.66	340.24
2026-06-05T14:47:31.3923981+08:00	0x02	0.3392	0.0174	-0.8110	-0.4765	124.80	323.63	342.84
2026-06-05T14:47:31.4904157+08:00	0x07	0.4358	0.5666	-0.4441	0.5402	3.56	95.57	76.93
2026-06-05T14:47:31.5586594+08:00	0x03	0.1554	-0.3735	-0.9063	-0.1226	171.27	344.22	314.35
2026-06-05T14:47:31.6758145+08:00	0x09	0.1268	0.7282	-0.1934	0.6451	355.85	95.95	26.44
2026-06-05T14:47:31.7554424+08:00	0x08	0.1211	-0.7514	-0.1294	-0.6356	358.93	99.74	339.61
2026-06-05T14:47:31.8436101+08:00	0x02	0.3282	0.0210	-0.8106	-0.4846	123.52	324.82	343.50
2026-06-05T14:47:32.0075877+08:00	0x07	0.4786	0.5312	-0.4843	0.5042	15.37	107.25	85.67
2026-06-05T14:47:32.0923703+08:00	0x03	0.1534	-0.3754	-0.9060	-0.1213	171.37	344.43	314.15
2026-06-05T14:47:32.1551120+08:00	0x01	-0.2270	-0.4913	0.8407	-0.0211	160.04	318.94	56.67
2026-06-05T14:47:32.2097461+08:00	0x09	0.1274	0.7285	-0.1936	0.6447	355.90	96.02	26.50
2026-06-05T14:47:32.3406943+08:00	0x08	0.1227	-0.7515	-0.1311	-0.6349	358.90	99.81	339.33
2026-06-05T14:47:32.3724461+08:00	0x02	0.3286	0.0084	-0.8037	-0.4961	122.30	325.62	341.79
2026-06-05T14:47:32.5763660+08:00	0x04	-0.1544	-0.0117	0.5099	-0.8462	296.71	351.77	15.86
2026-06-05T14:47:32.6272471+08:00	0x03	0.1491	-0.3787	-0.9052	-0.1226	170.94	345.17	313.77
2026-06-05T14:47:32.7379390+08:00	0x06	-0.6916	-0.0662	0.7193	-0.0046	175.11	272.00	5.83
2026-06-05T14:47:32.8037845+08:00	0x09	0.1281	0.7280	-0.1936	0.6450	355.94	95.96	26.56
2026-06-05T14:47:32.9404400+08:00	0x02	0.3202	0.0240	-0.8385	-0.4402	129.05	324.89	346.02
2026-06-05T14:47:33.0894438+08:00	0x04	-0.1484	0.0059	0.5769	-0.8032	287.37	349.30	13.39
2026-06-05T14:47:33.1386620+08:00	0x07	0.5145	0.4974	-0.5174	0.4692	157.96	249.75	85.99
2026-06-05T14:47:33.2230140+08:00	0x03	0.1054	-0.3679	-0.9013	-0.2029	155.99	356.71	315.09
2026-06-05T14:47:33.3586537+08:00	0x01	-0.0514	-0.5001	0.8212	-0.2700	227.91	20.57	58.11
2026-06-05T14:47:33.4548588+08:00	0x02	0.2736	0.0916	-0.9460	-0.1476	160.68	326.84	5.31
2026-06-05T14:47:33.6582769+08:00	0x04	-0.1407	0.0342	0.7720	-0.6189	256.51	344.84	6.96
2026-06-05T14:47:33.6896169+08:00	0x07	0.5847	0.4111	-0.5839	0.3848	175.09	266.57	68.46
2026-06-05T14:47:33.7219827+08:00	0x06	-0.6923	-0.0645	0.7187	-0.0038	175.17	271.91	5.63
2026-06-05T14:47:33.8759976+08:00	0x01	-0.0568	-0.5005	0.8229	-0.2628	226.15	19.00	58.61
2026-06-05T14:47:33.9356376+08:00	0x09	0.1300	0.7292	-0.1927	0.6436	356.25	96.25	26.63
2026-06-05T14:47:34.0402523+08:00	0x02	0.2754	0.0897	-0.9442	-0.1567	159.72	326.62	4.76
2026-06-05T14:47:34.1065425+08:00	0x08	0.1197	-0.7518	-0.1300	-0.6352	359.10	99.77	339.66
2026-06-05T14:47:34.2015227+08:00	0x04	-0.1992	0.0799	0.8027	-0.5564	248.30	335.76	5.35
2026-06-05T14:47:34.2190632+08:00	0x07	0.6126	0.3691	-0.6088	0.3432	176.01	267.31	60.46
2026-06-05T14:47:34.2681396+08:00	0x03	0.1067	-0.3683	-0.9015	-0.2005	156.42	356.38	315.02
2026-06-05T14:47:34.4106106+08:00	0x08	0.1152	-0.7535	-0.1268	-0.6347	359.23	99.92	340.28
2026-06-05T14:47:34.5061138+08:00	0x09	0.1271	0.7281	-0.1925	0.6455	355.94	95.93	26.39
2026-06-05T14:47:34.7447382+08:00	0x04	-0.2628	0.0131	0.7246	-0.6370	258.56	335.23	18.41
2026-06-05T14:47:34.7906101+08:00	0x03	-0.0125	-0.3059	-0.6219	-0.7207	75.96	29.33	338.74
2026-06-05T14:47:34.8105938+08:00	0x07	0.6320	0.3315	-0.6291	0.3081	176.96	268.20	53.75
2026-06-05T14:47:34.9944936+08:00	0x08	0.1001	-0.7585	-0.1099	-0.6345	359.26	100.28	342.92
2026-06-05T14:47:35.0515395+08:00	0x09	0.1261	0.7313	-0.1937	0.6417	355.89	96.51	26.43
2026-06-05T14:47:35.3386720+08:00	0x04	-0.2707	-0.0364	0.5639	-0.7793	284.20	343.71	27.59
2026-06-05T14:47:35.3556281+08:00	0x06	-0.6950	-0.0714	0.7154	-0.0074	174.88	271.37	6.46
2026-06-05T14:47:35.3944631+08:00	0x07	0.6585	0.2773	-0.6537	0.2494	176.89	268.33	43.70
2026-06-05T14:47:35.5103816+08:00	0x08	0.0845	-0.7601	-0.0965	-0.6370	359.67	100.12	345.26
2026-06-05T14:47:35.5894885+08:00	0x09	0.1267	0.7317	-0.1946	0.6409	355.90	96.60	26.56
2026-06-05T14:47:35.8245644+08:00	0x07	0.6772	0.2281	-0.6706	0.1994	177.09	268.52	35.17
2026-06-05T14:47:35.8617190+08:00	0x04	-0.2666	-0.0662	0.4440	-0.8529	302.70	351.70	30.90
2026-06-05T14:47:35.9230475+08:00	0x03	0.0081	-0.3182	-0.5292	-0.7866	62.00	31.68	339.54
2026-06-05T14:47:36.0227715+08:00	0x01	0.0893	-0.4691	0.6924	-0.5409	271.74	49.24	33.57
2026-06-05T14:47:36.0895938+08:00	0x08	0.0768	-0.7589	-0.0905	-0.6404	359.96	99.69	346.37
2026-06-05T14:47:36.1225046+08:00	0x09	0.1269	0.7311	-0.1934	0.6419	355.98	96.49	26.47
2026-06-05T14:47:36.2233603+08:00	0x02	0.1540	0.2764	-0.8703	0.3775	225.49	355.76	36.68
2026-06-05T14:47:36.3236309+08:00	0x04	-0.2577	-0.0868	0.3493	-0.8967	316.98	358.36	31.52
2026-06-05T14:47:36.4108951+08:00	0x03	0.0033	-0.3252	-0.5033	-0.8006	58.45	33.28	340.57
2026-06-05T14:47:36.4405000+08:00	0x07	0.6898	0.1864	-0.6814	0.1583	177.30	268.62	28.20
2026-06-05T14:47:36.6269577+08:00	0x01	0.1315	-0.4168	0.5280	-0.7281	294.90	50.36	14.40
2026-06-05T14:47:36.7056959+08:00	0x09	0.1277	0.7319	-0.1913	0.6414	356.26	96.66	26.35
2026-06-05T14:47:36.9436349+08:00	0x04	-0.2533	-0.1096	0.2653	-0.9238	329.26	4.59	31.75
2026-06-05T14:47:36.9941950+08:00	0x07	0.7005	0.1357	-0.6919	0.1104	177.72	268.89	20.03
2026-06-05T14:47:37.1266811+08:00	0x01	0.1345	-0.4174	0.5259	-0.7288	295.05	50.63	14.06
2026-06-05T14:47:37.1725523+08:00	0x08	0.0819	-0.7545	-0.0953	-0.6442	359.95	99.02	345.57
2026-06-05T14:47:37.2398268+08:00	0x09	0.1281	0.7340	-0.1914	0.6389	356.38	97.07	26.41
2026-06-05T14:47:37.3096653+08:00	0x02	-0.0883	0.3645	-0.4564	0.8069	305.34	42.95	10.97
2026-06-05T14:47:37.4755004+08:00	0x06	-0.6915	-0.0705	0.7189	-0.0064	174.91	271.94	6.33
2026-06-05T14:47:37.5427854+08:00	0x03	0.0019	-0.3230	-0.5001	-0.8035	58.08	33.16	340.96
2026-06-05T14:47:37.6417341+08:00	0x07	0.7079	0.0924	-0.6970	0.0665	177.76	268.86	12.88
2026-06-05T14:47:37.7563860+08:00	0x08	0.0840	-0.7554	-0.0977	-0.6424	359.91	99.26	345.20
2026-06-05T14:47:37.7964417+08:00	0x09	0.1271	0.7331	-0.1911	0.6402	356.27	96.87	26.29
2026-06-05T14:47:38.0281696+08:00	0x04	-0.2535	-0.1089	0.2678	-0.9231	328.89	4.40	31.76
2026-06-05T14:47:38.0800388+08:00	0x06	-0.6910	-0.0698	0.7194	-0.0071	175.02	272.03	6.32
2026-06-05T14:47:38.2729736+08:00	0x08	0.0838	-0.7544	-0.0983	-0.6436	0.01	99.06	345.16
2026-06-05T14:47:38.3611773+08:00	0x09	0.1262	0.7329	-0.1889	0.6413	356.35	96.78	26.03
2026-06-05T14:47:38.5733002+08:00	0x06	-0.6883	-0.0695	0.7221	-0.0064	175.02	272.47	6.27
2026-06-05T14:47:38.6570950+08:00	0x03	-0.0015	-0.3304	-0.4928	-0.8050	57.07	34.31	341.14
2026-06-05T14:47:38.7733447+08:00	0x01	0.1387	-0.4197	0.5295	-0.7241	294.41	51.08	14.10
2026-06-05T14:47:38.9077318+08:00	0x09	0.1264	0.7310	-0.1910	0.6428	356.12	96.45	26.21
2026-06-05T14:47:39.0724206+08:00	0x04	-0.2414	-0.1354	0.1623	-0.9471	343.76	11.88	30.08
2026-06-05T14:47:39.1591944+08:00	0x07	0.7128	0.0438	-0.6998	0.0181	177.86	268.85	4.99
2026-06-05T14:47:39.2239959+08:00	0x03	0.0382	-0.2939	-0.4922	-0.8184	56.80	28.29	339.40
2026-06-05T14:47:39.3904930+08:00	0x01	0.0999	-0.3956	0.5433	-0.7337	293.97	45.93	16.45
2026-06-05T14:47:39.4236302+08:00	0x08	0.0934	-0.7507	-0.1056	-0.6454	359.77	98.66	343.80
2026-06-05T14:47:39.4593168+08:00	0x09	0.1256	0.7317	-0.1912	0.6421	356.06	96.55	26.17
2026-06-05T14:47:39.6573686+08:00	0x06	-0.6872	-0.0717	0.7229	-0.0068	174.88	272.61	6.49
2026-06-05T14:47:39.7411331+08:00	0x07	0.7057	-0.0901	-0.6936	-0.1126	178.27	269.26	343.50
2026-06-05T14:47:39.9259178+08:00	0x08	0.0932	-0.7514	-0.1048	-0.6447	359.70	98.78	343.88
2026-06-05T14:47:40.0267621+08:00	0x09	0.1264	0.7324	-0.1923	0.6408	356.08	96.71	26.34
2026-06-05T14:47:40.1594083+08:00	0x04	-0.1288	-0.0742	-0.2846	-0.9471	34.74	12.61	11.63
2026-06-05T14:47:40.2237848+08:00	0x06	-0.6878	-0.0719	0.7223	-0.0070	174.87	272.52	6.52
2026-06-05T14:47:40.2773912+08:00	0x03	0.0440	-0.2786	-0.4881	-0.8259	56.39	26.39	339.83
2026-06-05T14:47:40.4072000+08:00	0x08	0.0928	-0.7517	-0.1048	-0.6445	359.73	98.82	343.90
2026-06-05T14:47:40.5825036+08:00	0x09	0.1266	0.7319	-0.1918	0.6415	356.11	96.62	26.30
2026-06-05T14:47:40.7084631+08:00	0x02	0.1425	0.0932	-0.9844	-0.0451	173.27	342.94	9.82
2026-06-05T14:47:40.7777744+08:00	0x07	0.6984	-0.1373	-0.6839	-0.1601	178.29	269.17	335.70
2026-06-05T14:47:40.8276372+08:00	0x03	0.0432	-0.2792	-0.4893	-0.8251	56.55	26.47	339.84
2026-06-05T14:47:40.9164015+08:00	0x08	0.0927	-0.7523	-0.1046	-0.6438	359.72	98.92	343.94
2026-06-05T14:47:41.1735078+08:00	0x09	0.1263	0.7325	-0.1916	0.6409	356.13	96.73	26.27
2026-06-05T14:47:41.2738640+08:00	0x04	-0.1306	-0.0057	0.2059	-0.9698	335.70	357.47	14.81
2026-06-05T14:47:41.3233700+08:00	0x06	-0.6892	-0.0710	0.7211	-0.0066	174.90	272.31	6.41
2026-06-05T14:47:41.4265863+08:00	0x03	0.0412	-0.2772	-0.4917	-0.8245	56.92	26.30	340.09
2026-06-05T14:47:41.4906484+08:00	0x08	0.0901	-0.7540	-0.1024	-0.6426	359.74	99.15	344.33
2026-06-05T14:47:41.5415125+08:00	0x01	0.0777	-0.3569	0.5651	-0.7398	291.40	40.03	16.76
2026-06-05T14:47:41.7443668+08:00	0x09	0.1263	0.7336	-0.1915	0.6396	356.19	96.94	26.27
2026-06-05T14:47:41.8906614+08:00	0x04	-0.1285	0.0066	0.2939	-0.9471	324.89	354.80	13.86
2026-06-05T14:47:41.9266366+08:00	0x06	-0.6910	-0.0710	0.7194	-0.0061	174.84	272.02	6.35
2026-06-05T14:47:41.9959511+08:00	0x03	0.0405	-0.2769	-0.4891	-0.8261	56.59	26.36	340.26
2026-06-05T14:47:42.0733517+08:00	0x08	0.0856	-0.7556	-0.0979	-0.6420	359.78	99.32	345.05
2026-06-05T14:47:42.1771613+08:00	0x09	0.1252	0.7343	-0.1913	0.6392	356.12	97.02	26.16
2026-06-05T14:47:42.2634763+08:00	0x02	0.1632	0.0581	-0.9629	-0.2071	155.28	340.20	2.54
2026-06-05T14:47:42.3712931+08:00	0x04	-0.1256	0.0119	0.3438	-0.9305	318.72	353.61	13.04
2026-06-05T14:47:42.4281412+08:00	0x07	0.6816	-0.2062	-0.6645	-0.2265	178.59	269.00	324.35
2026-06-05T14:47:42.5405429+08:00	0x03	0.0394	-0.2760	-0.4876	-0.8273	56.42	26.35	340.46
2026-06-05T14:47:42.7655970+08:00	0x09	0.1251	0.7348	-0.1902	0.6389	356.22	97.11	26.06
2026-06-05T14:47:42.9559217+08:00	0x04	-0.1231	0.0200	0.3826	-0.9154	313.82	352.31	12.13
2026-06-05T14:47:42.9917210+08:00	0x07	0.6384	-0.3202	-0.6139	-0.3363	179.60	267.97	304.67
2026-06-05T14:47:43.1241752+08:00	0x01	0.0747	-0.3576	0.5668	-0.7384	291.25	39.89	17.16
2026-06-05T14:47:43.3012886+08:00	0x09	0.1257	0.7339	-0.1892	0.6401	356.31	96.96	26.02
2026-06-05T14:47:43.3480315+08:00	0x02	0.1723	0.0476	-0.9484	-0.2620	149.11	339.41	0.01
2026-06-05T14:47:43.4534925+08:00	0x04	-0.1221	0.0258	0.4059	-0.9053	310.83	351.44	11.54
2026-06-05T14:47:43.5813847+08:00	0x07	0.6199	-0.3552	-0.5948	-0.3685	180.25	267.48	298.43
2026-06-05T14:47:43.6307398+08:00	0x03	0.0385	-0.2777	-0.4917	-0.8244	56.96	26.49	340.33
2026-06-05T14:47:43.7139580+08:00	0x01	0.0732	-0.3590	0.5694	-0.7359	290.94	39.90	17.52
2026-06-05T14:47:43.7924789+08:00	0x09	0.1260	0.7332	-0.1889	0.6410	356.33	96.82	26.00
2026-06-05T14:47:43.9117322+08:00	0x02	0.1900	0.0457	-0.9374	-0.2883	146.09	337.50	358.63
2026-06-05T14:47:43.9745844+08:00	0x06	-0.6902	-0.0703	0.7202	-0.0083	175.08	272.16	6.47
2026-06-05T14:47:44.1079742+08:00	0x07	0.5949	-0.3945	-0.5711	-0.4053	181.04	266.94	291.11
2026-06-05T14:47:44.1633785+08:00	0x03	0.0377	-0.2804	-0.4946	-0.8218	57.32	26.76	340.16
2026-06-05T14:47:44.2577667+08:00	0x08	0.0685	-0.7568	-0.0859	-0.6443	0.41	99.14	347.39
2026-06-05T14:47:44.2906831+08:00	0x01	0.0619	-0.3601	0.5745	-0.7324	290.55	39.24	18.85
2026-06-05T14:47:44.3394959+08:00	0x09	0.1269	0.7330	-0.1890	0.6410	356.41	96.83	26.08
2026-06-05T14:47:44.4410885+08:00	0x02	0.1931	0.0436	-0.9313	-0.3057	144.08	337.26	357.88
2026-06-05T14:47:44.5747539+08:00	0x04	-0.1236	0.0314	0.4389	-0.8894	306.53	350.35	11.09
2026-06-05T14:47:44.6415389+08:00	0x07	0.5665	-0.4339	-0.5429	-0.4429	182.64	265.47	283.38
2026-06-05T14:47:44.7081879+08:00	0x03	0.0382	-0.2808	-0.4961	-0.8207	57.52	26.74	340.04
2026-06-05T14:47:44.7750916+08:00	0x08	0.0669	-0.7568	-0.0836	-0.6448	0.38	99.09	347.72
2026-06-05T14:47:44.8255790+08:00	0x01	0.0589	-0.3614	0.5719	-0.7341	291.02	39.25	19.08
2026-06-05T14:47:44.8585135+08:00	0x09	0.1264	0.7330	-0.1900	0.6408	356.29	96.82	26.14
2026-06-05T14:47:45.0247072+08:00	0x02	0.1930	0.0436	-0.9315	-0.3052	144.14	337.26	357.90
2026-06-05T14:47:45.0744570+08:00	0x06	-0.6906	-0.0695	0.7199	-0.0054	174.91	272.11	6.17
2026-06-05T14:47:45.1271658+08:00	0x04	-0.1224	0.0352	0.4608	-0.8783	303.69	349.77	10.51
2026-06-05T14:47:45.1916143+08:00	0x07	0.5414	-0.4654	-0.5164	-0.4729	187.43	260.71	276.92
2026-06-05T14:47:45.2417923+08:00	0x03	0.0371	-0.2811	-0.4904	-0.8241	56.75	26.97	340.32
2026-06-05T14:47:45.3412050+08:00	0x08	0.0711	-0.7568	-0.0862	-0.6440	0.20	99.19	347.17
2026-06-05T14:47:45.4081954+08:00	0x09	0.1259	0.7336	-0.1910	0.6400	356.19	96.91	26.19
2026-06-05T14:47:45.5252406+08:00	0x02	0.1956	0.0438	-0.9260	-0.3200	142.38	337.01	357.48
2026-06-05T14:47:45.6438116+08:00	0x04	-0.1220	0.0343	0.4676	-0.8748	302.81	349.80	10.44
2026-06-05T14:47:45.7079188+08:00	0x07	0.5082	-0.5020	-0.4802	-0.5091	316.58	131.40	271.77
2026-06-05T14:47:45.7809371+08:00	0x03	0.0378	-0.2812	-0.4904	-0.8240	56.74	26.94	340.24
2026-06-05T14:47:45.8293622+08:00	0x06	-0.6915	-0.0705	0.7189	-0.0064	174.90	271.94	6.33
2026-06-05T14:47:45.8613530+08:00	0x01	0.0541	-0.3643	0.5721	-0.7328	291.14	39.27	19.73
2026-06-05T14:47:45.9455826+08:00	0x09	0.1260	0.7346	-0.1900	0.6391	356.32	97.10	26.12
2026-06-05T14:47:46.1076535+08:00	0x02	0.1997	0.0422	-0.9218	-0.3297	141.28	336.64	356.91
2026-06-05T14:47:46.1574317+08:00	0x06	-0.6928	-0.0695	0.7178	-0.0059	174.93	271.76	6.20
2026-06-05T14:47:46.2597577+08:00	0x07	0.4396	-0.5649	-0.4097	-0.5655	353.14	95.10	286.25
2026-06-05T14:47:46.3278045+08:00	0x03	0.0426	-0.2897	-0.4891	-0.8216	56.39	27.66	339.31
2026-06-05T14:47:46.3751034+08:00	0x01	0.0067	-0.3703	0.5612	-0.7402	293.87	37.44	23.94
2026-06-05T14:47:46.4764783+08:00	0x09	0.1259	0.7315	-0.1893	0.6428	356.22	96.51	26.03
2026-06-05T14:47:46.6334405+08:00	0x02	0.1982	0.0445	-0.9207	-0.3331	140.81	336.73	357.12
2026-06-05T14:47:46.7464491+08:00	0x06	-0.6619	-0.0538	0.7476	-0.0002	175.92	276.79	4.63
2026-06-05T14:47:46.8334826+08:00	0x07	0.4240	-0.5411	-0.4460	-0.5731	12.19	77.23	284.36
2026-06-05T14:47:46.9023519+08:00	0x03	0.3411	-0.3444	-0.5901	-0.6456	82.35	4.54	302.12
2026-06-05T14:47:47.0116716+08:00	0x08	0.0707	-0.7054	-0.1101	-0.6967	3.18	90.30	345.30
2026-06-05T14:47:47.2077502+08:00	0x02	0.4057	0.2041	-0.8501	-0.2664	141.39	306.34	7.52
2026-06-05T14:47:47.3080253+08:00	0x06	-0.6242	-0.0486	0.7797	-0.0090	177.32	282.52	5.00
2026-06-05T14:47:47.3463408+08:00	0x07	0.4268	-0.4860	-0.5250	-0.5532	63.04	28.74	280.73
2026-06-05T14:47:47.4081982+08:00	0x03	0.3327	-0.3434	-0.5882	-0.6522	80.86	5.96	303.08
2026-06-05T14:47:47.4631823+08:00	0x01	0.0081	-0.3701	0.5616	-0.7400	293.79	37.49	23.81
2026-06-05T14:47:47.5469707+08:00	0x08	0.1058	-0.6972	-0.1497	-0.6930	3.68	89.67	339.18
2026-06-05T14:47:47.6103089+08:00	0x09	0.1122	0.6647	-0.2012	0.7107	351.29	84.21	25.28
2026-06-05T14:47:47.7152420+08:00	0x02	0.6575	0.1731	-0.7061	-0.1977	149.55	274.33	359.11
2026-06-05T14:47:47.8423015+08:00	0x06	-0.6270	-0.0453	0.7777	-0.0036	177.05	282.13	4.30
2026-06-05T14:47:47.9152697+08:00	0x07	0.4642	-0.4594	-0.5545	-0.5157	107.52	344.43	278.77
2026-06-05T14:47:47.9791527+08:00	0x03	0.4135	-0.3922	-0.6228	-0.5360	108.95	344.87	291.28
2026-06-05T14:47:48.1098520+08:00	0x08	0.0812	-0.7037	-0.1224	-0.6951	3.33	90.22	343.43
2026-06-05T14:47:48.1516672+08:00	0x09	0.1357	0.6654	-0.2284	0.6976	350.87	84.88	29.56
2026-06-05T14:47:48.2946952+08:00	0x02	0.6622	0.2008	-0.7071	-0.1457	151.71	272.44	5.22
2026-06-05T14:47:48.3808298+08:00	0x04	-0.1220	0.0344	0.4674	-0.8749	302.84	349.80	10.45
2026-06-05T14:47:48.4156718+08:00	0x06	-0.6311	-0.0406	0.7746	0.0039	176.71	281.56	3.32
2026-06-05T14:47:48.5318039+08:00	0x03	0.4283	-0.4347	-0.5738	-0.5462	95.69	356.27	284.81
2026-06-05T14:47:48.5597257+08:00	0x01	-0.5166	-0.3082	0.6114	-0.5141	227.79	311.27	65.23
2026-06-05T14:47:48.6317762+08:00	0x08	0.0875	-0.7048	-0.1285	-0.6922	3.27	90.53	342.41
2026-06-05T14:47:48.7260332+08:00	0x09	0.1483	0.6657	-0.2379	0.6916	351.13	85.32	31.45
2026-06-05T14:47:48.8629196+08:00	0x02	0.6670	0.2140	-0.7044	-0.1143	153.16	271.07	8.57
2026-06-05T14:47:48.9634064+08:00	0x04	-0.4469	-0.2388	0.4354	-0.7441	297.00	356.03	60.81
2026-06-05T14:47:49.0664874+08:00	0x03	0.4286	-0.4361	-0.5680	-0.5509	92.89	358.54	284.61
2026-06-05T14:47:49.1255653+08:00	0x01	-0.5481	-0.2562	0.6126	-0.5087	224.27	303.12	60.63
2026-06-05T14:47:49.2614270+08:00	0x09	0.1495	0.6658	-0.2390	0.6908	351.14	85.38	31.66
2026-06-05T14:47:49.3763417+08:00	0x02	0.6636	0.2393	-0.7032	-0.0881	153.08	270.27	12.69
2026-06-05T14:47:49.4931136+08:00	0x04	-0.4426	-0.2756	0.3823	-0.7629	312.96	10.21	62.38
2026-06-05T14:47:49.5100857+08:00	0x06	-0.6323	-0.0409	0.7736	0.0030	176.77	281.38	3.41
2026-06-05T14:47:49.5940083+08:00	0x01	-0.5537	-0.2469	0.6106	-0.5094	224.17	301.95	59.97
2026-06-05T14:47:49.6665525+08:00	0x08	0.0938	-0.7041	-0.1368	-0.6904	3.43	90.56	341.21
2026-06-05T14:47:49.7786975+08:00	0x03	0.4316	-0.4338	-0.5682	-0.5502	94.17	357.00	284.57
2026-06-05T14:47:49.8422580+08:00	0x09	0.1510	0.6612	-0.2377	0.6954	351.16	84.61	31.63
2026-06-05T14:47:49.9448365+08:00	0x04	-0.4203	-0.2951	0.3667	-0.7758	319.66	17.57	60.28
2026-06-05T14:47:50.0794882+08:00	0x07	0.5357	-0.3761	-0.6364	-0.4082	163.11	290.91	293.65
2026-06-05T14:47:50.1423205+08:00	0x03	0.4486	-0.4069	-0.5750	-0.5501	103.37	345.65	285.97
2026-06-05T14:47:50.2148803+08:00	0x08	0.0895	-0.7021	-0.1366	-0.6931	3.85	90.11	341.58
2026-06-05T14:47:50.3808431+08:00	0x02	0.6302	0.3135	-0.7057	-0.0808	147.20	270.55	19.91
2026-06-05T14:47:50.4038623+08:00	0x09	0.1386	0.6613	-0.2245	0.7022	351.28	84.27	29.44
2026-06-05T14:47:50.4766652+08:00	0x04	-0.4078	-0.3018	0.3642	-0.7810	321.25	19.77	58.97
2026-06-05T14:47:50.5948743+08:00	0x06	-0.6229	-0.0552	0.7802	-0.0174	177.60	282.67	6.19
2026-06-05T14:47:50.6420067+08:00	0x07	0.5478	-0.3530	-0.6538	-0.3846	165.68	288.72	298.00
2026-06-05T14:47:50.6768705+08:00	0x03	0.4481	-0.4023	-0.5787	-0.5500	104.48	344.52	286.56
2026-06-05T14:47:50.8121297+08:00	0x01	-0.5542	-0.2438	0.6146	-0.5057	223.55	301.55	59.34
2026-06-05T14:47:50.8685696+08:00	0x09	0.1483	0.6603	-0.2383	0.6965	350.83	84.36	31.42
2026-06-05T14:47:50.9429530+08:00	0x02	0.6336	0.3145	-0.7024	-0.0793	147.14	269.96	19.96
2026-06-05T14:47:51.0406637+08:00	0x04	-0.4014	-0.3077	0.3538	-0.7868	324.06	22.28	58.15
2026-06-05T14:47:51.1518743+08:00	0x07	0.5604	-0.3356	-0.6630	-0.3658	167.88	286.43	301.24
2026-06-05T14:47:51.1947465+08:00	0x06	-0.6239	-0.0567	0.7793	-0.0165	177.40	282.50	6.25
2026-06-05T14:47:51.2226758+08:00	0x03	0.4474	-0.4018	-0.5738	-0.5560	101.93	346.46	286.54
2026-06-05T14:47:51.3399318+08:00	0x01	-0.5648	-0.2697	0.5877	-0.5127	222.19	299.21	63.66
2026-06-05T14:47:51.4136611+08:00	0x09	0.1535	0.6616	-0.2421	0.6928	351.00	84.75	32.22
2026-06-05T14:47:51.4744902+08:00	0x02	0.6346	0.3172	-0.7005	-0.0779	146.96	269.60	20.21
2026-06-05T14:47:51.6124080+08:00	0x04	-0.3919	-0.3134	0.3467	-0.7924	326.11	24.38	56.98
2026-06-05T14:47:51.7427784+08:00	0x07	0.5727	-0.3178	-0.6729	-0.3438	170.04	284.41	304.77
2026-06-05T14:47:51.8582653+08:00	0x08	-0.0134	-0.7098	-0.0305	-0.7036	3.56	90.46	358.60
2026-06-05T14:47:51.8931700+08:00	0x03	0.4482	-0.4004	-0.5707	-0.5595	100.76	347.12	286.54
2026-06-05T14:47:51.9608340+08:00	0x09	0.1561	0.6611	-0.2449	0.6918	350.95	84.73	32.67
2026-06-05T14:47:52.1312807+08:00	0x04	-0.3973	-0.3176	0.3433	-0.7896	327.15	25.37	57.72
2026-06-05T14:47:52.1600193+08:00	0x06	-0.6242	-0.0571	0.7790	-0.0171	177.43	282.44	6.33
2026-06-05T14:47:52.2783452+08:00	0x07	0.5823	-0.2982	-0.6850	-0.3207	171.51	283.36	308.56
2026-06-05T14:47:52.2928709+08:00	0x03	0.4504	-0.3982	-0.5688	-0.5613	100.66	346.76	286.54
2026-06-05T14:47:52.3756869+08:00	0x08	-0.0286	-0.7092	-0.0158	-0.7043	3.60	90.43	1.02
2026-06-05T14:47:52.4594618+08:00	0x01	-0.5662	-0.2703	0.5844	-0.5146	222.33	299.00	63.98
2026-06-05T14:47:52.5518436+08:00	0x09	0.1578	0.6604	-0.2459	0.6917	350.97	84.68	32.90
2026-06-05T14:47:52.6606156+08:00	0x02	0.6304	0.3282	-0.6989	-0.0798	145.76	269.37	20.99
2026-06-05T14:47:52.8090929+08:00	0x07	0.5895	-0.2825	-0.6935	-0.3029	172.45	282.68	311.51
2026-06-05T14:47:52.8438558+08:00	0x03	0.4515	-0.3968	-0.5698	-0.5604	101.51	345.86	286.62
2026-06-05T14:47:52.9440095+08:00	0x08	-0.0476	-0.7079	0.0029	-0.7047	3.64	90.39	4.08
2026-06-05T14:47:52.9769212+08:00	0x01	-0.5672	-0.2702	0.5841	-0.5139	222.06	298.69	63.97
2026-06-05T14:47:53.0932234+08:00	0x09	0.1594	0.6598	-0.2479	0.6912	350.90	84.62	33.19
2026-06-05T14:47:53.2477871+08:00	0x06	-0.6234	-0.0572	0.7796	-0.0176	177.47	282.56	6.38
2026-06-05T14:47:53.2757101+08:00	0x02	0.6293	0.3304	-0.6990	-0.0786	145.65	269.36	21.29
2026-06-05T14:47:53.3627154+08:00	0x03	0.4516	-0.3956	-0.5680	-0.5629	100.68	346.37	286.69
2026-06-05T14:47:53.5273631+08:00	0x08	-0.0654	-0.7065	0.0204	-0.7044	3.68	90.40	6.95
2026-06-05T14:47:53.6065498+08:00	0x09	0.1610	0.6593	-0.2494	0.6908	350.87	84.58	33.46
2026-06-05T14:47:53.7105997+08:00	0x06	-0.6233	-0.0573	0.7796	-0.0179	177.49	282.57	6.41
2026-06-05T14:47:53.7937885+08:00	0x04	-0.3803	-0.3204	0.3308	-0.8021	329.75	27.43	55.28
2026-06-05T14:47:53.8833686+08:00	0x07	0.6044	-0.2503	-0.7087	-0.2642	174.41	281.25	317.61
2026-06-05T14:47:53.9685023+08:00	0x03	0.4545	-0.3973	-0.5644	-0.5631	100.34	346.43	286.20
2026-06-05T14:47:54.0481658+08:00	0x08	-0.0753	-0.7065	0.0295	-0.7031	3.76	90.56	8.48
2026-06-05T14:47:54.2104790+08:00	0x09	0.1633	0.6599	-0.2502	0.6894	351.04	84.77	33.73
2026-06-05T14:47:54.2444318+08:00	0x06	-0.6239	-0.0572	0.7792	-0.0179	177.49	282.49	6.40
2026-06-05T14:47:54.3114938+08:00	0x04	-0.3837	-0.3269	0.3279	-0.7990	330.89	28.84	55.85
2026-06-05T14:47:54.4261219+08:00	0x07	0.6143	-0.2329	-0.7137	-0.2432	175.49	280.17	320.86
2026-06-05T14:47:54.4965475+08:00	0x03	0.4549	-0.3941	-0.5596	-0.5697	98.21	347.68	286.37
2026-06-05T14:47:54.6136980+08:00	0x08	-0.0826	-0.7079	0.0364	-0.7006	3.83	90.92	9.63
2026-06-05T14:47:54.6924847+08:00	0x09	0.1639	0.6619	-0.2494	0.6876	351.28	85.17	33.75
2026-06-05T14:47:54.8268302+08:00	0x02	0.6290	0.3325	-0.6985	-0.0766	145.59	269.23	21.60
2026-06-05T14:47:54.8941970+08:00	0x04	-0.3823	-0.3298	0.3316	-0.7970	330.46	29.03	55.90
2026-06-05T14:47:55.0042567+08:00	0x07	0.6228	-0.2142	-0.7187	-0.2229	176.21	279.40	324.15
2026-06-05T14:47:55.1219256+08:00	0x08	-0.0953	-0.7073	0.0494	-0.6987	3.85	91.10	11.71
2026-06-05T14:47:55.2199147+08:00	0x03	0.4540	-0.3958	-0.5575	-0.5713	96.97	348.87	286.24
2026-06-05T14:47:55.2787563+08:00	0x09	0.1642	0.6633	-0.2500	0.6860	351.33	85.43	33.84
2026-06-05T14:47:55.4101262+08:00	0x02	0.6449	0.2949	-0.6986	-0.0956	147.54	269.67	16.79
2026-06-05T14:47:55.5824435+08:00	0x03	0.4539	-0.3984	-0.5563	-0.5708	96.47	349.48	285.96
2026-06-05T14:47:55.6958343+08:00	0x08	-0.1053	-0.7065	0.0598	-0.6973	3.85	91.20	13.38
2026-06-05T14:47:55.8105856+08:00	0x09	0.1652	0.6653	-0.2485	0.6843	351.68	85.85	33.83
2026-06-05T14:47:55.8929319+08:00	0x02	0.6551	0.2715	-0.6969	-0.1071	148.67	269.66	13.78
2026-06-05T14:47:56.0767662+08:00	0x07	0.6349	-0.1818	-0.7274	-0.1866	177.31	278.49	329.90
2026-06-05T14:47:56.1154863+08:00	0x04	-0.3776	-0.3389	0.3265	-0.7975	332.17	31.21	55.44
2026-06-05T14:47:56.2207516+08:00	0x01	-0.5585	-0.2576	0.6083	-0.5017	221.57	300.04	60.91
2026-06-05T14:47:56.2776035+08:00	0x08	-0.1118	-0.7069	0.0650	-0.6954	4.01	91.44	14.32
2026-06-05T14:47:56.3589962+08:00	0x09	0.1660	0.6676	-0.2456	0.6830	352.14	86.31	33.69
2026-06-05T14:47:56.3939125+08:00	0x06	-0.6283	-0.0623	0.7752	-0.0208	177.34	281.78	7.05
2026-06-05T14:47:56.5624974+08:00	0x04	-0.3750	-0.3411	0.3238	-0.7989	332.81	31.87	55.08
2026-06-05T14:47:56.6193920+08:00	0x07	0.6413	-0.1622	-0.7319	-0.1633	178.02	278.01	333.45
2026-06-05T14:47:56.7326231+08:00	0x01	-0.5587	-0.2593	0.6057	-0.5037	221.82	300.12	61.28
2026-06-05T14:47:56.7880557+08:00	0x08	-0.1252	-0.7053	0.0786	-0.6934	4.05	91.56	16.53
2026-06-05T14:47:56.8941551+08:00	0x06	-0.6290	-0.0622	0.7746	-0.0195	177.23	281.68	6.95
2026-06-05T14:47:56.9337000+08:00	0x09	0.1652	0.6687	-0.2455	0.6821	352.14	86.49	33.62
2026-06-05T14:47:57.1003954+08:00	0x04	-0.3783	-0.3431	0.3172	-0.7991	334.24	32.81	55.31
2026-06-05T14:47:57.1314783+08:00	0x03	0.4507	-0.3990	-0.5477	-0.5811	91.30	353.78	286.07
2026-06-05T14:47:57.2344804+08:00	0x07	0.6464	-0.1433	-0.7354	-0.1442	178.32	277.72	336.59
2026-06-05T14:47:57.2934018+08:00	0x01	-0.5591	-0.2582	0.6065	-0.5029	221.69	300.00	61.11
2026-06-05T14:47:57.4645872+08:00	0x06	-0.6290	-0.0630	0.7746	-0.0193	177.15	281.67	7.00
2026-06-05T14:47:57.6625961+08:00	0x04	-0.3732	-0.3489	0.3069	-0.8030	336.44	34.72	54.45
2026-06-05T14:47:57.6775244+08:00	0x03	0.4514	-0.3969	-0.5473	-0.5824	91.34	353.46	286.22
2026-06-05T14:47:57.7124311+08:00	0x07	0.6497	-0.1265	-0.7390	-0.1252	178.73	277.59	339.53
2026-06-05T14:47:57.8438388+08:00	0x01	-0.5607	-0.2582	0.6052	-0.5027	221.44	299.59	61.19
2026-06-05T14:47:57.8972974+08:00	0x08	-0.1393	-0.7028	0.0935	-0.6914	4.02	91.61	18.91
2026-06-05T14:47:57.9656027+08:00	0x06	-0.6288	-0.0627	0.7748	-0.0190	177.15	281.71	6.96
2026-06-05T14:47:58.0275073+08:00	0x09	0.1627	0.6696	-0.2442	0.6823	352.06	86.55	33.30
2026-06-05T14:47:58.2283830+08:00	0x07	0.6526	-0.1103	-0.7420	-0.1068	179.12	277.47	342.36
2026-06-05T14:47:58.3638081+08:00	0x04	-0.3719	-0.3496	0.3015	-0.8053	337.38	35.28	54.08
2026-06-05T14:47:58.4671557+08:00	0x08	-0.1440	-0.7016	0.0984	-0.6909	4.03	91.58	19.70
2026-06-05T14:47:58.5604915+08:00	0x06	-0.6284	-0.0625	0.7751	-0.0186	177.13	281.76	6.91
2026-06-05T14:47:58.6004832+08:00	0x02	0.6588	0.2715	-0.6924	-0.1137	148.07	269.09	13.07
2026-06-05T14:47:58.6411456+08:00	0x09	0.1621	0.6692	-0.2444	0.6827	351.97	86.45	33.27
2026-06-05T14:47:58.7585024+08:00	0x03	0.4514	-0.3977	-0.5496	-0.5797	92.37	352.77	286.16
2026-06-05T14:47:58.7944927+08:00	0x04	-0.3756	-0.3474	0.2993	-0.8054	337.69	35.10	54.39
2026-06-05T14:47:58.8483490+08:00	0x07	0.6547	-0.0908	-0.7455	-0.0852	179.52	277.48	345.70
2026-06-05T14:47:58.8672967+08:00	0x01	-0.5616	-0.2557	0.6081	-0.4995	220.87	299.16	60.68
2026-06-05T14:47:59.0313616+08:00	0x08	-0.1442	-0.7001	0.0999	-0.6922	3.88	91.33	19.84
2026-06-05T14:47:59.1648428+08:00	0x02	0.6568	0.2724	-0.6940	-0.1137	148.02	269.35	13.22
2026-06-05T14:47:59.2811937+08:00	0x03	0.4523	-0.3979	-0.5529	-0.5757	94.25	351.28	286.11
2026-06-05T14:47:59.3627084+08:00	0x07	0.6557	-0.0715	-0.7491	-0.0624	180.02	277.61	349.11
2026-06-05T14:47:59.4855655+08:00	0x01	-0.5603	-0.2582	0.6082	-0.4995	220.86	299.40	60.91
2026-06-05T14:47:59.6347509+08:00	0x06	-0.6267	-0.0605	0.7767	-0.0174	177.18	282.03	6.65
2026-06-05T14:47:59.7295792+08:00	0x09	0.1618	0.6664	-0.2463	0.6848	351.62	85.93	33.37
2026-06-05T14:47:59.7614106+08:00	0x02	0.6570	0.2707	-0.6944	-0.1134	148.20	269.42	13.11
2026-06-05T14:47:59.8278721+08:00	0x03	0.4521	-0.3988	-0.5521	-0.5760	93.83	351.70	286.02
2026-06-05T14:47:59.8503327+08:00	0x04	-0.3802	-0.3449	0.2999	-0.8041	337.50	34.63	54.92
2026-06-05T14:47:59.9443652+08:00	0x07	0.6581	-0.0526	-0.7500	-0.0403	180.51	277.44	352.42
2026-06-05T14:48:00.0460785+08:00	0x08	-0.1363	-0.7014	0.0911	-0.6936	3.92	91.28	18.47
2026-06-05T14:48:00.1005973+08:00	0x01	-0.5609	-0.2538	0.6101	-0.4987	220.91	299.29	60.36
2026-06-05T14:48:00.2137715+08:00	0x06	-0.6269	-0.0596	0.7766	-0.0162	177.14	282.01	6.48
2026-06-05T14:48:00.2554919+08:00	0x02	0.6594	0.2678	-0.6940	-0.1090	148.80	269.24	13.18
2026-06-05T14:48:00.3402014+08:00	0x09	0.1635	0.6655	-0.2486	0.6845	351.52	85.82	33.69
2026-06-05T14:48:00.3651244+08:00	0x03	0.4513	-0.3987	-0.5557	-0.5732	95.12	350.82	286.16
2026-06-05T14:48:00.4484894+08:00	0x07	0.6578	-0.0374	-0.7519	-0.0222	180.91	277.60	355.10
2026-06-05T14:48:00.5793283+08:00	0x01	-0.5520	-0.3050	0.6569	-0.4132	203.56	293.37	58.97
2026-06-05T14:48:00.7483106+08:00	0x06	-0.6543	-0.0587	0.7539	-0.0076	176.24	277.91	5.65
2026-06-05T14:48:00.8336468+08:00	0x02	0.5895	0.2630	-0.7621	0.0496	164.70	280.81	27.34
2026-06-05T14:48:00.8671175+08:00	0x09	0.2055	0.6913	-0.2657	0.6398	355.87	92.97	39.08
2026-06-05T14:48:00.9108445+08:00	0x03	0.3551	-0.4041	-0.4575	-0.7081	47.63	30.42	299.24
2026-06-05T14:48:00.9989575+08:00	0x07	0.7072	-0.0297	-0.7049	-0.0456	178.72	269.89	353.89
2026-06-05T14:48:01.1484159+08:00	0x01	-0.5524	-0.3035	0.6556	-0.4158	204.07	293.53	59.02
2026-06-05T14:48:01.3113460+08:00	0x06	-0.7008	-0.0634	0.7104	0.0118	173.92	270.55	4.22
2026-06-05T14:48:01.3545359+08:00	0x02	0.5919	0.2632	-0.7605	0.0449	164.15	280.38	26.97
2026-06-05T14:48:01.3954241+08:00	0x09	0.1810	0.7277	-0.2458	0.6142	357.29	98.80	35.46
2026-06-05T14:48:01.5115122+08:00	0x03	0.3582	-0.4041	-0.4607	-0.7044	48.42	29.86	298.72
2026-06-05T14:48:01.6489016+08:00	0x04	-0.2952	-0.2282	0.6211	-0.6892	274.30	355.87	43.66
2026-06-05T14:48:01.7138497+08:00	0x08	-0.0406	-0.7605	0.0157	-0.6479	2.38	99.24	4.39
2026-06-05T14:48:01.7669576+08:00	0x06	-0.6951	-0.0753	0.7149	0.0004	173.92	271.29	6.15
2026-06-05T14:48:01.9256517+08:00	0x02	0.3031	0.4223	-0.6414	0.5643	269.21	10.81	62.09
2026-06-05T14:48:02.0473009+08:00	0x03	0.1372	-0.4330	-0.3996	-0.7962	38.83	44.63	325.63
2026-06-05T14:48:02.0619164+08:00	0x07	0.7086	0.0762	-0.7001	0.0430	177.22	269.07	9.66
2026-06-05T14:48:02.2485475+08:00	0x01	-0.2475	-0.4243	0.5439	-0.6803	298.33	30.77	52.97
2026-06-05T14:48:02.3949197+08:00	0x06	-0.6951	-0.0724	0.7152	-0.0016	174.32	271.33	6.07
2026-06-05T14:48:02.4445324+08:00	0x02	0.1733	0.4722	-0.5250	0.6866	304.90	43.36	47.20
2026-06-05T14:48:02.5287097+08:00	0x09	0.1485	0.7270	-0.2192	0.6335	355.89	96.74	30.45
2026-06-05T14:48:02.5975715+08:00	0x07	0.7069	0.0812	-0.7008	0.0518	177.54	269.27	10.78
2026-06-05T14:48:02.6450273+08:00	0x03	0.1432	-0.4272	-0.3997	-0.7983	38.89	43.69	325.25
2026-06-05T14:48:02.7963776+08:00	0x08	0.0438	-0.7617	-0.0581	-0.6438	0.47	99.55	351.67
2026-06-05T14:48:02.9645731+08:00	0x06	-0.6953	-0.0742	0.7149	-0.0034	174.33	271.28	6.37
2026-06-05T14:48:03.0459353+08:00	0x09	0.1388	0.7300	-0.2110	0.6351	355.72	96.84	28.97
2026-06-05T14:48:03.1307212+08:00	0x07	0.7069	0.0765	-0.7016	0.0472	177.56	269.35	10.03
2026-06-05T14:48:03.2472230+08:00	0x04	-0.1752	-0.3078	0.2755	-0.8937	333.95	31.19	28.87
2026-06-05T14:48:03.3286895+08:00	0x01	-0.0994	-0.4521	0.4994	-0.7323	306.89	44.57	36.67
2026-06-05T14:48:03.5093929+08:00	0x06	-0.6986	-0.0726	0.7119	-0.0018	174.30	270.78	6.08
2026-06-05T14:48:03.6495485+08:00	0x09	0.1332	0.7329	-0.2053	0.6348	355.75	97.14	28.04
2026-06-05T14:48:03.7009382+08:00	0x07	0.7109	0.0619	-0.6999	0.0306	177.39	268.94	7.48
2026-06-05T14:48:03.8954231+08:00	0x08	0.0672	-0.7634	-0.0770	-0.6378	359.74	100.27	348.27
2026-06-05T14:48:03.9173716+08:00	0x01	-0.0754	-0.4581	0.4757	-0.7471	309.87	47.12	33.26
2026-06-05T14:48:04.0623308+08:00	0x06	-0.6997	-0.0695	0.7111	-0.0007	174.45	270.65	5.72
2026-06-05T14:48:04.1334942+08:00	0x09	0.1310	0.7338	-0.2008	0.6357	355.92	97.20	27.47
2026-06-05T14:48:04.1626637+08:00	0x04	-0.1417	-0.3188	0.1742	-0.9208	345.62	35.40	21.84
2026-06-05T14:48:04.2067466+08:00	0x07	0.7138	0.0374	-0.6993	0.0086	177.63	268.75	3.70
2026-06-05T14:48:04.3811075+08:00	0x01	-0.0745	-0.4577	0.4804	-0.7445	309.18	46.94	33.41
2026-06-05T14:48:04.3944962+08:00	0x08	0.0713	-0.7626	-0.0818	-0.6377	359.75	100.22	347.54
2026-06-05T14:48:04.5617899+08:00	0x06	-0.6986	-0.0698	0.7121	-0.0015	174.50	270.82	5.83
2026-06-05T14:48:04.6289668+08:00	0x02	0.1004	0.4934	-0.4451	0.7405	316.18	52.46	36.01
2026-06-05T14:48:04.6624860+08:00	0x09	0.1267	0.7329	-0.1972	0.6387	355.75	96.84	26.79
2026-06-05T14:48:04.7815201+08:00	0x03	0.1432	-0.4269	-0.4137	-0.7913	40.81	43.13	324.56
2026-06-05T14:48:04.7954821+08:00	0x04	-0.1272	-0.3260	0.1304	-0.9277	350.33	37.13	18.72
2026-06-05T14:48:04.8169115+08:00	0x07	0.7137	0.0061	-0.7001	-0.0213	177.79	268.92	358.75
2026-06-05T14:48:04.9656635+08:00	0x08	0.0749	-0.7612	-0.0849	-0.6386	359.67	100.05	347.00
2026-06-05T14:48:05.0214815+08:00	0x01	-0.0751	-0.4600	0.4835	-0.7410	308.84	47.12	33.78
2026-06-05T14:48:05.0484534+08:00	0x06	-0.6975	-0.0691	0.7132	-0.0009	174.51	271.00	5.73
2026-06-05T14:48:05.2005165+08:00	0x02	-0.0031	0.4990	-0.3045	0.8113	328.59	58.26	17.39
2026-06-05T14:48:05.2675468+08:00	0x04	-0.1186	-0.3241	0.1309	-0.9294	349.94	36.88	17.78
2026-06-05T14:48:05.2904998+08:00	0x09	0.1256	0.7327	-0.1962	0.6395	355.71	96.76	26.63
2026-06-05T14:48:05.3137384+08:00	0x03	0.1422	-0.4263	-0.4229	-0.7869	42.13	42.72	324.24
2026-06-05T14:48:05.4665879+08:00	0x01	-0.0687	-0.4642	0.4803	-0.7410	309.24	48.03	33.21
2026-06-05T14:48:05.5332909+08:00	0x07	0.7135	-0.0243	-0.6983	-0.0514	177.86	268.88	353.84
2026-06-05T14:48:05.6347408+08:00	0x06	-0.6964	-0.0686	0.7144	-0.0005	174.54	271.19	5.66
2026-06-05T14:48:05.7287701+08:00	0x02	-0.0135	0.5011	-0.2619	0.8247	332.68	59.17	13.90
2026-06-05T14:48:05.7981198+08:00	0x09	0.1248	0.7322	-0.1960	0.6403	355.63	96.63	26.54
2026-06-05T14:48:05.8506158+08:00	0x03	0.1425	-0.4239	-0.4200	-0.7897	41.81	42.49	324.47
2026-06-05T14:48:05.8795324+08:00	0x07	0.7108	-0.0627	-0.6948	-0.0898	177.91	268.93	347.59
2026-06-05T14:48:05.9950922+08:00	0x01	-0.0636	-0.4648	0.4704	-0.7474	310.47	48.60	32.16
2026-06-05T14:48:06.0792683+08:00	0x08	0.0935	-0.7587	-0.1006	-0.6368	359.18	100.10	344.23
2026-06-05T14:48:06.1462082+08:00	0x06	-0.6966	-0.0699	0.7141	-0.0012	174.48	271.14	5.82
2026-06-05T14:48:06.2954503+08:00	0x02	-0.0169	0.5068	-0.2263	0.8317	336.31	60.27	11.61
2026-06-05T14:48:06.3300159+08:00	0x09	0.1240	0.7339	-0.1945	0.6389	355.75	96.92	26.36
2026-06-05T14:48:06.3654713+08:00	0x07	0.7087	-0.0971	-0.6878	-0.1233	178.07	268.60	342.04
2026-06-05T14:48:06.5675756+08:00	0x01	-0.0605	-0.4715	0.4732	-0.7417	310.20	49.52	32.40
2026-06-05T14:48:06.6494236+08:00	0x08	0.0895	-0.7590	-0.0976	-0.6375	359.32	100.04	344.80
2026-06-05T14:48:06.7321909+08:00	0x06	-0.6965	-0.0692	0.7142	-0.0007	174.50	271.16	5.73
2026-06-05T14:48:06.8563800+08:00	0x09	0.1239	0.7341	-0.1936	0.6390	355.81	96.95	26.27
2026-06-05T14:48:06.8963758+08:00	0x07	0.7028	-0.1322	-0.6811	-0.1573	178.22	268.57	336.35
2026-06-05T14:48:06.9336140+08:00	0x03	0.1417	-0.4349	-0.4250	-0.7811	42.09	43.87	323.77
2026-06-05T14:48:07.0454651+08:00	0x01	-0.0594	-0.4737	0.4694	-0.7428	310.74	49.97	32.20
2026-06-05T14:48:07.2628445+08:00	0x08	0.0883	-0.7607	-0.0960	-0.6358	359.28	100.31	345.03
2026-06-05T14:48:07.3848598+08:00	0x02	-0.0342	0.5109	-0.2158	0.8314	336.48	61.17	9.41
2026-06-05T14:48:07.4510791+08:00	0x04	-0.1113	-0.3424	0.0636	-0.9308	357.50	40.07	14.53
2026-06-05T14:48:07.4794112+08:00	0x09	0.1232	0.7347	-0.1934	0.6385	355.79	97.04	26.20
2026-06-05T14:48:07.6544315+08:00	0x01	-0.0478	-0.4824	0.4680	-0.7389	310.81	51.58	31.48
2026-06-05T14:48:07.7459766+08:00	0x08	0.0846	-0.7614	-0.0942	-0.6358	359.47	100.34	345.46
2026-06-05T14:48:07.8136292+08:00	0x06	-0.6986	-0.0664	0.7124	0.0005	174.61	270.86	5.39
2026-06-05T14:48:07.9992976+08:00	0x09	0.1233	0.7353	-0.1912	0.6384	355.99	97.15	26.01
2026-06-05T14:48:08.0133494+08:00	0x07	0.6823	-0.2259	-0.6504	-0.2458	179.16	267.56	321.00
2026-06-05T14:48:08.0667747+08:00	0x03	0.1410	-0.4322	-0.4310	-0.7795	43.05	43.27	323.68
2026-06-05T14:48:08.1289728+08:00	0x01	-0.0491	-0.4781	0.4666	-0.7425	310.92	51.00	31.27
2026-06-05T14:48:08.3122527+08:00	0x08	0.0819	-0.7619	-0.0946	-0.6355	359.73	100.37	345.62
2026-06-05T14:48:08.3791331+08:00	0x02	0.0001	0.4861	-0.3078	0.8179	328.16	56.44	17.42
2026-06-05T14:48:08.5343178+08:00	0x04	-0.1116	-0.3419	0.0656	-0.9308	357.28	39.99	14.63
2026-06-05T14:48:08.5965279+08:00	0x03	0.0620	-0.4146	-0.5835	-0.6955	67.73	37.87	325.24
2026-06-05T14:48:08.6296198+08:00	0x07	0.6666	-0.2570	-0.6433	-0.2752	179.09	268.33	315.77
2026-06-05T14:48:08.7525865+08:00	0x01	-0.0491	-0.4783	0.4666	-0.7424	310.91	51.01	31.28
2026-06-05T14:48:08.8969077+08:00	0x06	-0.6880	-0.0735	0.7220	-0.0064	174.69	272.45	6.60
2026-06-05T14:48:08.9298444+08:00	0x08	0.0554	-0.7580	-0.0734	-0.6458	0.63	99.08	349.46
2026-06-05T14:48:09.0595217+08:00	0x09	0.1180	0.7285	-0.1931	0.6466	355.04	95.69	25.72
2026-06-05T14:48:09.1552108+08:00	0x03	0.0644	-0.4154	-0.5792	-0.6984	67.01	38.02	325.17
2026-06-05T14:48:09.2150506+08:00	0x01	0.0104	-0.4822	0.7795	-0.3998	251.22	36.91	48.02
2026-06-05T14:48:09.4212554+08:00	0x08	0.0643	-0.7566	-0.0815	-0.6456	0.46	99.00	348.09
2026-06-05T14:48:09.4703989+08:00	0x02	-0.0012	0.4868	-0.3054	0.8184	328.37	56.59	17.19
2026-06-05T14:48:09.6291649+08:00	0x04	-0.1377	-0.2857	-0.0976	-0.9433	15.58	35.32	11.77
2026-06-05T14:48:09.6641966+08:00	0x09	0.1199	0.7265	-0.1939	0.6483	355.07	95.37	25.93
2026-06-05T14:48:09.7295827+08:00	0x01	-0.0869	-0.4889	0.8666	-0.0502	180.22	348.67	58.87
2026-06-05T14:48:09.9468313+08:00	0x06	-0.6902	-0.0664	0.7206	-0.0033	174.99	272.21	5.75
2026-06-05T14:48:10.0126883+08:00	0x08	0.0637	-0.7581	-0.0823	-0.6438	0.55	99.27	348.06
2026-06-05T14:48:10.0983018+08:00	0x04	-0.1747	-0.0637	-0.2943	-0.9375	36.85	13.42	16.86
2026-06-05T14:48:10.1310705+08:00	0x09	0.1233	0.7249	-0.1937	0.6495	355.34	95.20	26.17
2026-06-05T14:48:10.2180309+08:00	0x03	0.0340	-0.3802	-0.8709	-0.3097	135.31	13.97	316.91
2026-06-05T14:48:10.3130929+08:00	0x01	-0.1041	-0.4869	0.8670	-0.0206	172.88	342.34	58.05
2026-06-05T14:48:10.3962124+08:00	0x07	0.6671	-0.2561	-0.6436	-0.2743	179.10	268.31	315.93
2026-06-05T14:48:10.4557046+08:00	0x02	0.1253	0.1981	-0.9639	0.1261	192.27	347.85	24.42
2026-06-05T14:48:10.5801214+08:00	0x06	-0.6919	-0.0663	0.7189	-0.0013	174.82	271.94	5.57
2026-06-05T14:48:10.6131871+08:00	0x08	0.0692	-0.7590	-0.0846	-0.6419	0.21	99.54	347.46
2026-06-05T14:48:10.7312671+08:00	0x09	0.1248	0.7282	-0.1963	0.6447	355.43	95.89	26.53
2026-06-05T14:48:10.7636018+08:00	0x03	0.0727	-0.3459	-0.9267	-0.1273	165.70	356.44	318.73
2026-06-05T14:48:10.8998753+08:00	0x01	-0.1095	-0.4905	0.8645	0.0032	167.71	338.74	57.93
2026-06-05T14:48:11.0298256+08:00	0x02	0.1694	0.1439	-0.9635	-0.1490	159.83	337.72	13.11
2026-06-05T14:48:11.0637091+08:00	0x06	-0.6956	-0.0688	0.7152	-0.0018	174.63	271.32	5.79
2026-06-05T14:48:11.1806266+08:00	0x04	-0.1362	0.0184	0.1719	-0.9755	339.37	355.08	15.03
2026-06-05T14:48:11.2467553+08:00	0x08	0.0688	-0.7619	-0.0820	-0.6388	0.00	100.04	347.71
2026-06-05T14:48:11.2806646+08:00	0x09	0.1244	0.7305	-0.1971	0.6419	355.43	96.31	26.59
2026-06-05T14:48:11.2976190+08:00	0x07	0.6029	-0.3766	-0.5851	-0.3903	179.62	268.53	294.31
2026-06-05T14:48:11.3490633+08:00	0x03	0.0707	-0.3402	-0.9314	-0.1084	168.33	355.64	319.53
2026-06-05T14:48:11.5465201+08:00	0x02	0.1776	0.1212	-0.9442	-0.2496	148.70	336.44	8.06
2026-06-05T14:48:11.6687178+08:00	0x06	-0.6967	-0.0677	0.7141	-0.0005	174.60	271.15	5.59
2026-06-05T14:48:11.7633495+08:00	0x04	-0.1291	0.0311	0.2660	-0.9548	327.98	352.44	13.29
2026-06-05T14:48:11.8473423+08:00	0x07	0.5603	-0.4421	-0.5325	-0.4550	183.16	264.50	281.27
2026-06-05T14:48:11.8680949+08:00	0x09	0.1241	0.7307	-0.1963	0.6420	355.47	96.32	26.50
2026-06-05T14:48:11.9813694+08:00	0x01	-0.1059	-0.4911	0.8646	0.0098	166.85	338.74	57.90
2026-06-05T14:48:12.1212950+08:00	0x02	0.1942	0.1074	-0.9241	-0.3112	141.78	334.72	4.46
2026-06-05T14:48:12.1508422+08:00	0x06	-0.6954	-0.0683	0.7153	-0.0024	174.72	271.35	5.80
2026-06-05T14:48:12.2633629+08:00	0x08	0.0627	-0.7616	-0.0790	-0.6401	0.33	99.88	348.42
2026-06-05T14:48:12.3033167+08:00	0x04	-0.1249	0.0291	0.3234	-0.9375	321.06	352.04	12.44
2026-06-05T14:48:12.3844215+08:00	0x07	0.5374	-0.4707	-0.5082	-0.4810	190.25	257.48	275.49
2026-06-05T14:48:12.5063162+08:00	0x01	-0.1223	-0.4951	0.8602	0.0001	166.62	336.32	58.40
2026-06-05T14:48:12.5206275+08:00	0x09	0.1245	0.7283	-0.1955	0.6448	355.47	95.89	26.44
2026-06-05T14:48:12.6673438+08:00	0x02	0.2096	0.0983	-0.9040	-0.3594	136.27	333.27	1.55
2026-06-05T14:48:12.7300635+08:00	0x06	-0.6945	-0.0670	0.7163	-0.0033	174.90	271.51	5.78
2026-06-05T14:48:12.8654491+08:00	0x04	-0.1181	0.0355	0.3763	-0.9183	314.56	350.97	10.97
2026-06-05T14:48:12.9645131+08:00	0x07	0.5071	-0.4999	-0.4838	-0.5089	320.49	127.65	271.31
2026-06-05T14:48:13.0333503+08:00	0x09	0.1263	0.7274	-0.1959	0.6454	355.56	95.79	26.61
2026-06-05T14:48:13.2158487+08:00	0x02	0.2191	0.0913	-0.8898	-0.3896	132.82	332.54	359.53
2026-06-05T14:48:13.2521295+08:00	0x06	-0.6938	-0.0668	0.7171	-0.0031	174.92	271.64	5.75
2026-06-05T14:48:13.3473991+08:00	0x08	0.0642	-0.7602	-0.0803	-0.6415	0.32	99.65	348.20
2026-06-05T14:48:13.3940945+08:00	0x04	-0.1189	0.0456	0.4022	-0.9067	311.21	349.56	10.31
2026-06-05T14:48:13.4639141+08:00	0x09	0.1265	0.7277	-0.1961	0.6449	355.58	95.86	26.66
2026-06-05T14:48:13.5437298+08:00	0x01	-0.1165	-0.4940	0.8616	-0.0007	167.47	337.58	58.36
2026-06-05T14:48:13.6639145+08:00	0x03	0.0760	-0.3374	-0.9330	-0.0997	169.85	354.40	319.85
2026-06-05T14:48:13.7896296+08:00	0x02	0.2176	0.0831	-0.8793	-0.4154	129.90	333.12	358.02
2026-06-05T14:48:13.8219037+08:00	0x06	-0.6938	-0.0686	0.7169	-0.0028	174.74	271.61	5.87
2026-06-05T14:48:13.8839712+08:00	0x08	0.0681	-0.7603	-0.0827	-0.6406	0.14	99.75	347.70
2026-06-05T14:48:13.9938527+08:00	0x07	0.4741	-0.5314	-0.4514	-0.5377	352.64	95.69	278.28
2026-06-05T14:48:14.0224610+08:00	0x09	0.1258	0.7283	-0.1971	0.6441	355.46	95.95	26.69
2026-06-05T14:48:14.1677291+08:00	0x01	-0.1145	-0.4943	0.8617	0.0016	167.23	337.71	58.38
2026-06-05T14:48:14.3176414+08:00	0x02	0.2126	0.0739	-0.8747	-0.4293	128.41	334.15	356.95
2026-06-05T14:48:14.4144627+08:00	0x04	-0.1089	0.0568	0.4415	-0.8888	306.34	348.51	8.25
2026-06-05T14:48:14.4855586+08:00	0x06	-0.6945	-0.0688	0.7162	-0.0030	174.74	271.49	5.89
2026-06-05T14:48:14.5528311+08:00	0x09	0.1261	0.7286	-0.1969	0.6438	355.52	96.01	26.70
2026-06-05T14:48:14.6209237+08:00	0x03	0.0842	-0.3332	-0.9350	-0.0872	172.02	352.59	320.37
2026-06-05T14:48:14.6503519+08:00	0x01	-0.1177	-0.4941	0.8614	0.0009	167.04	337.19	58.32
2026-06-05T14:48:14.8827289+08:00	0x02	0.2042	0.0573	-0.8741	-0.4371	127.83	335.90	355.51
2026-06-05T14:48:14.8984269+08:00	0x06	-0.6938	-0.0689	0.7168	-0.0039	174.81	271.60	5.99
2026-06-05T14:48:14.9355907+08:00	0x04	-0.1022	0.0602	0.4500	-0.8851	305.37	348.45	7.28
2026-06-05T14:48:15.1008370+08:00	0x09	0.1266	0.7279	-0.1971	0.6444	355.52	95.90	26.75
2026-06-05T14:48:15.1475320+08:00	0x01	-0.1193	-0.4936	0.8615	0.0013	166.84	336.88	58.22
2026-06-05T14:48:15.3977324+08:00	0x02	0.1990	0.0466	-0.8714	-0.4459	126.93	337.04	354.48
2026-06-05T14:48:15.4521414+08:00	0x06	-0.6926	-0.0684	0.7181	-0.0027	174.76	271.80	5.85
2026-06-05T14:48:15.5209585+08:00	0x04	-0.1045	0.0624	0.4601	-0.8795	304.00	348.01	7.26
2026-06-05T14:48:15.6353886+08:00	0x09	0.1283	0.7271	-0.1996	0.6443	355.45	95.82	27.10
2026-06-05T14:48:15.6682387+08:00	0x03	0.0811	-0.3388	-0.9341	-0.0786	173.08	352.61	319.79
2026-06-05T14:48:15.7174577+08:00	0x01	-0.1242	-0.4948	0.8601	0.0010	166.27	335.88	58.31
2026-06-05T14:48:15.9719812+08:00	0x02	0.1956	0.0467	-0.8719	-0.4465	126.84	337.39	354.65
2026-06-05T14:48:16.0843672+08:00	0x06	-0.6920	-0.0703	0.7185	-0.0027	174.61	271.87	6.02
2026-06-05T14:48:16.1838887+08:00	0x07	0.4198	-0.5747	-0.3948	-0.5810	355.96	92.22	289.68
2026-06-05T14:48:16.2336756+08:00	0x09	0.1283	0.7295	-0.1990	0.6416	355.60	96.28	27.07
2026-06-05T14:48:16.5574138+08:00	0x06	-0.6932	-0.0707	0.7173	-0.0029	174.58	271.67	6.05
2026-06-05T14:48:16.6359756+08:00	0x08	0.0985	-0.7550	-0.1058	-0.6396	359.20	99.58	343.39
2026-06-05T14:48:16.7185073+08:00	0x07	0.2941	-0.6465	-0.2674	-0.6512	357.32	90.75	313.22
2026-06-05T14:48:16.7385041+08:00	0x09	0.1250	0.7307	-0.1966	0.6417	355.53	96.36	26.60
2026-06-05T14:48:16.8143514+08:00	0x01	-0.1232	-0.5010	0.8565	-0.0176	169.37	337.53	59.60
2026-06-05T14:48:16.8677949+08:00	0x03	0.0843	-0.3397	-0.9336	-0.0772	173.46	352.09	319.66
2026-06-05T14:48:17.0636373+08:00	0x02	0.2237	0.0586	-0.8743	-0.4268	129.14	333.71	354.92
2026-06-05T14:48:17.1809848+08:00	0x06	-0.6922	-0.0732	0.7179	-0.0066	174.70	271.78	6.56
2026-06-05T14:48:17.2653372+08:00	0x07	0.2566	-0.6628	-0.2291	-0.6651	357.35	90.76	319.83
2026-06-05T14:48:17.2822141+08:00	0x09	0.1234	0.7311	-0.1935	0.6426	355.63	96.36	26.20
2026-06-05T14:48:17.3188078+08:00	0x03	0.0921	-0.3361	-0.9340	-0.0780	173.72	351.02	320.04
2026-06-05T14:48:17.4006580+08:00	0x01	-0.1234	-0.5038	0.8545	-0.0276	171.06	338.37	60.21
2026-06-05T14:48:17.6482252+08:00	0x06	-0.6917	-0.0718	0.7186	-0.0056	174.73	271.89	6.37
2026-06-05T14:48:17.8035887+08:00	0x07	0.2296	-0.6718	-0.2045	-0.6739	357.68	90.57	324.25
2026-06-05T14:48:17.8320101+08:00	0x03	0.0908	-0.3361	-0.9341	-0.0794	173.46	351.28	320.04
2026-06-05T14:48:17.9211386+08:00	0x01	-0.1214	-0.5013	0.8563	-0.0264	171.24	338.81	59.87
2026-06-05T14:48:17.9650255+08:00	0x09	0.1245	0.7298	-0.1949	0.6433	355.58	96.17	26.41
2026-06-05T14:48:18.1495423+08:00	0x02	0.2219	0.0633	-0.8700	-0.4357	127.91	333.72	355.23
2026-06-05T14:48:18.2872866+08:00	0x09	0.1244	0.7285	-0.1958	0.6446	355.44	95.92	26.47
2026-06-05T14:48:18.3331337+08:00	0x08	0.0875	-0.7542	-0.0982	-0.6433	359.67	99.12	344.88
2026-06-05T14:48:18.3980025+08:00	0x03	0.0953	-0.3420	-0.9305	-0.0897	172.27	351.18	319.18
2026-06-05T14:48:18.4811238+08:00	0x01	-0.1390	-0.5011	0.8537	-0.0273	169.42	335.42	59.67
2026-06-05T14:48:18.7319442+08:00	0x02	0.2326	0.0583	-0.8624	-0.4458	126.81	332.88	353.86
2026-06-05T14:48:18.7502656+08:00	0x06	-0.6897	-0.0720	0.7205	-0.0069	174.84	272.21	6.50
2026-06-05T14:48:18.8143979+08:00	0x09	0.1246	0.7285	-0.1943	0.6450	355.57	95.93	26.35
2026-06-05T14:48:18.9342186+08:00	0x03	0.0961	-0.3411	-0.9314	-0.0838	173.14	350.76	319.35
2026-06-05T14:48:19.0666984+08:00	0x01	-0.1317	-0.4942	0.8587	-0.0315	171.51	337.75	58.99
2026-06-05T14:48:19.2823166+08:00	0x08	0.0891	-0.7556	-0.0994	-0.6412	359.57	99.42	344.66
2026-06-05T14:48:19.3503944+08:00	0x04	-0.1094	0.0477	0.4833	-0.8673	300.95	349.02	8.26
2026-06-05T14:48:19.3992812+08:00	0x07	0.1943	-0.6827	-0.1695	-0.6837	357.78	90.50	330.19
2026-06-05T14:48:19.4726323+08:00	0x03	0.0969	-0.3411	-0.9316	-0.0804	173.66	350.48	319.38
2026-06-05T14:48:19.5834722+08:00	0x01	-0.1386	-0.4964	0.8564	-0.0326	170.80	336.38	59.22
2026-06-05T14:48:19.8161514+08:00	0x02	0.2517	0.0468	-0.8700	-0.4214	130.23	331.21	352.49
2026-06-05T14:48:19.8538713+08:00	0x06	-0.6912	-0.0721	0.7191	-0.0064	174.78	271.97	6.46
2026-06-05T14:48:19.9490546+08:00	0x07	0.1076	-0.7016	-0.0827	-0.6995	357.91	90.45	344.54
2026-06-05T14:48:19.9826865+08:00	0x09	0.1241	0.7292	-0.1946	0.6442	355.54	96.03	26.34
2026-06-05T14:48:20.0313646+08:00	0x03	0.0998	-0.3422	-0.9302	-0.0873	172.85	350.41	319.16
2026-06-05T14:48:20.1834570+08:00	0x01	-0.1323	-0.5044	0.8521	-0.0456	173.46	338.52	60.65
2026-06-05T14:48:20.3677743+08:00	0x08	0.0808	-0.7561	-0.0917	-0.6429	359.76	99.28	345.96
2026-06-05T14:48:20.4660607+08:00	0x04	-0.1111	0.0566	0.4790	-0.8689	301.43	348.06	7.98
2026-06-05T14:48:20.4902323+08:00	0x09	0.1264	0.7322	-0.1938	0.6406	355.95	96.68	26.47
2026-06-05T14:48:20.6252869+08:00	0x03	0.0870	-0.3498	-0.9299	-0.0731	174.24	351.50	318.45
2026-06-05T14:48:20.9254087+08:00	0x02	0.2364	0.0510	-0.8766	-0.4159	130.73	332.64	353.84
2026-06-05T14:48:20.9655612+08:00	0x04	-0.1150	0.0588	0.4847	-0.8651	300.59	347.56	8.16
2026-06-05T14:48:21.0185560+08:00	0x07	0.0748	-0.7052	-0.0507	-0.7032	358.01	90.34	349.82
2026-06-05T14:48:21.0841974+08:00	0x09	0.1244	0.7323	-0.1935	0.6409	355.79	96.63	26.29
2026-06-05T14:48:21.1482604+08:00	0x01	-0.1240	-0.5033	0.8538	-0.0487	175.13	340.62	60.64
2026-06-05T14:48:21.5004274+08:00	0x06	-0.6926	-0.0739	0.7174	-0.0082	174.76	271.71	6.75
2026-06-05T14:48:21.6180909+08:00	0x07	0.0167	-0.7107	0.0098	-0.7032	357.85	90.61	359.46
2026-06-05T14:48:21.6678519+08:00	0x01	-0.1277	-0.5108	0.8485	-0.0537	175.24	340.03	61.70
2026-06-05T14:48:21.7659508+08:00	0x03	0.0922	-0.3503	-0.9285	-0.0812	173.36	351.19	318.27
2026-06-05T14:48:22.0045417+08:00	0x02	0.2507	0.0619	-0.8717	-0.4165	130.44	330.58	354.20
2026-06-05T14:48:22.0526182+08:00	0x04	-0.1114	0.0511	0.4878	-0.8643	300.30	348.52	8.21
2026-06-05T14:48:22.1484853+08:00	0x07	-0.0504	-0.7095	0.0743	-0.6990	358.11	90.69	10.14
2026-06-05T14:48:22.2153059+08:00	0x03	0.0906	-0.3462	-0.9304	-0.0790	173.56	351.30	318.81
2026-06-05T14:48:22.2488435+08:00	0x01	-0.1205	-0.5175	0.8453	-0.0559	176.22	341.47	62.67
2026-06-05T14:48:22.5196368+08:00	0x02	0.2451	0.0600	-0.8750	-0.4131	130.89	331.26	354.40
2026-06-05T14:48:22.6176422+08:00	0x08	0.0578	-0.7586	-0.0702	-0.6452	0.16	99.23	349.57
2026-06-05T14:48:22.6341980+08:00	0x07	-0.0769	-0.7058	0.1029	-0.6966	357.94	90.49	14.62
2026-06-05T14:48:22.6834065+08:00	0x09	0.1231	0.7319	-0.1930	0.6418	355.68	96.51	26.14
2026-06-05T14:48:22.7702035+08:00	0x03	0.0901	-0.3479	-0.9293	-0.0852	172.67	351.70	318.54
2026-06-05T14:48:23.0987503+08:00	0x02	0.2388	0.0476	-0.8750	-0.4185	130.51	332.56	353.30
2026-06-05T14:48:23.1656239+08:00	0x07	-0.1036	-0.7009	0.1350	-0.6926	357.46	90.25	19.43
2026-06-05T14:48:23.2832988+08:00	0x09	0.1233	0.7318	-0.1999	0.6398	355.16	96.52	26.77
2026-06-05T14:48:23.2998527+08:00	0x03	0.0885	-0.3540	-0.9264	-0.0928	171.51	352.37	317.76
2026-06-05T14:48:23.6659581+08:00	0x02	0.2349	0.0560	-0.8791	-0.4110	131.21	332.54	354.57
2026-06-05T14:48:23.8150265+08:00	0x09	0.1225	0.7342	-0.1957	0.6385	355.52	96.93	26.34
2026-06-05T14:48:23.8860474+08:00	0x03	0.0873	-0.3486	-0.9291	-0.0874	172.21	352.22	318.47
2026-06-05T14:48:24.1994223+08:00	0x02	0.2379	0.0635	-0.8793	-0.4077	131.43	331.86	355.28
2026-06-05T14:48:24.2876410+08:00	0x08	0.0753	-0.7594	-0.0860	-0.6405	359.76	99.74	346.88
2026-06-05T14:48:24.3656866+08:00	0x09	0.1227	0.7354	-0.1918	0.6382	355.89	97.15	26.02
2026-06-05T14:48:24.4026191+08:00	0x03	0.0869	-0.3434	-0.9311	-0.0873	172.17	352.26	319.11
2026-06-05T14:48:24.7658249+08:00	0x02	0.2425	0.0643	-0.8760	-0.4119	130.91	331.34	355.00
2026-06-05T14:48:24.7848363+08:00	0x07	-0.2046	-0.6836	0.2254	-0.6633	358.64	91.29	35.42
2026-06-05T14:48:24.8838186+08:00	0x09	0.1231	0.7346	-0.1901	0.6396	356.03	97.00	25.90
2026-06-05T14:48:24.9411438+08:00	0x03	0.0866	-0.3437	-0.9307	-0.0902	171.75	352.45	319.05
2026-06-05T14:48:25.2888921+08:00	0x02	0.2242	0.0740	-0.8815	-0.4090	130.96	332.85	356.97
2026-06-05T14:48:25.3506842+08:00	0x06	-0.6970	-0.0722	0.7134	-0.0062	174.70	271.04	6.41
2026-06-05T14:48:25.3726326+08:00	0x08	0.0682	-0.7612	-0.0802	-0.6399	359.93	99.91	347.91
2026-06-05T14:48:25.4715062+08:00	0x09	0.1230	0.7355	-0.1898	0.6387	356.08	97.16	25.87
2026-06-05T14:48:25.8009879+08:00	0x07	-0.2016	-0.6843	0.2228	-0.6644	358.59	91.25	34.95
2026-06-05T14:48:25.8501137+08:00	0x02	0.2253	0.0823	-0.8842	-0.4009	131.71	332.31	357.99
2026-06-05T14:48:25.8697433+08:00	0x04	-0.0821	0.0533	0.4775	-0.8732	302.20	350.08	5.31
2026-06-05T14:48:25.9828664+08:00	0x03	0.0778	-0.3257	-0.9392	-0.0761	173.22	352.91	321.42
2026-06-05T14:48:26.0175388+08:00	0x09	0.1228	0.7349	-0.1896	0.6395	356.05	97.04	25.83
2026-06-05T14:48:26.3327531+08:00	0x07	-0.2677	-0.6628	0.2863	-0.6381	359.13	91.81	46.15
2026-06-05T14:48:26.3695025+08:00	0x02	0.2264	0.0924	-0.8849	-0.3964	131.97	331.70	359.08
2026-06-05T14:48:26.4865943+08:00	0x04	-0.0742	0.0580	0.4799	-0.8723	302.00	350.05	4.23
2026-06-05T14:48:26.5166879+08:00	0x06	-0.6977	-0.0702	0.7129	-0.0034	174.62	270.95	6.02
2026-06-05T14:48:26.5564241+08:00	0x09	0.1226	0.7351	-0.1907	0.6390	355.95	97.07	25.91
2026-06-05T14:48:26.5894183+08:00	0x03	0.0711	-0.3201	-0.9420	-0.0717	173.49	353.60	322.18
2026-06-05T14:48:26.8738648+08:00	0x07	-0.3435	-0.6277	0.3606	-0.5983	359.96	92.72	59.74
2026-06-05T14:48:26.9390726+08:00	0x08	0.0638	-0.7619	-0.0751	-0.6401	359.94	99.94	348.69
2026-06-05T14:48:26.9589899+08:00	0x04	-0.0767	0.0623	0.4822	-0.8705	301.64	349.46	4.22
2026-06-05T14:48:27.0830204+08:00	0x02	0.2241	0.0944	-0.8803	-0.4073	130.58	331.86	359.06
2026-06-05T14:48:27.1560950+08:00	0x09	0.1211	0.7357	-0.1907	0.6386	355.84	97.13	25.81
2026-06-05T14:48:27.1846368+08:00	0x01	-0.0983	-0.5368	0.8367	-0.0450	175.89	343.98	65.12
2026-06-05T14:48:27.4168313+08:00	0x07	-0.3737	-0.6084	0.3918	-0.5802	0.02	92.74	65.57
2026-06-05T14:48:27.4666976+08:00	0x08	0.0644	-0.7601	-0.0747	-0.6422	359.89	99.62	348.68
2026-06-05T14:48:27.5664311+08:00	0x02	0.2096	0.0515	-0.8474	-0.4851	121.84	335.92	353.34
2026-06-05T14:48:27.5833859+08:00	0x04	-0.0726	0.0559	0.4566	-0.8850	305.05	350.46	4.44
2026-06-05T14:48:27.6509510+08:00	0x03	0.0768	-0.3336	-0.9369	-0.0711	173.90	352.82	320.50
2026-06-05T14:48:27.6874075+08:00	0x09	0.1213	0.7345	-0.1929	0.6391	355.63	96.94	26.01
2026-06-05T14:48:27.9498442+08:00	0x07	-0.4098	-0.5827	0.4289	-0.5555	0.21	92.89	72.77
2026-06-05T14:48:28.0230714+08:00	0x08	0.0762	-0.7579	-0.0849	-0.6423	359.62	99.49	346.90
2026-06-05T14:48:28.1013629+08:00	0x06	-0.6948	-0.0714	0.7157	-0.0012	174.38	271.41	5.96
2026-06-05T14:48:28.2008135+08:00	0x03	0.0761	-0.3438	-0.9328	-0.0765	173.14	353.23	319.23
2026-06-05T14:48:28.3170610+08:00	0x01	-0.1193	-0.5271	0.8403	-0.0428	173.03	339.51	63.64
2026-06-05T14:48:28.5547350+08:00	0x07	-0.4458	-0.5556	0.4624	-0.5280	2.32	94.87	79.91
2026-06-05T14:48:28.6876537+08:00	0x04	-0.0667	0.0436	0.4813	-0.8729	301.96	351.91	4.28
2026-06-05T14:48:28.7349909+08:00	0x03	0.0778	-0.3496	-0.9286	-0.0967	170.36	354.10	318.36
2026-06-05T14:48:28.8024412+08:00	0x09	0.1204	0.7338	-0.1937	0.6400	355.45	96.76	26.00
2026-06-05T14:48:28.8744331+08:00	0x01	-0.1309	-0.5044	0.8526	-0.0385	172.24	338.01	60.48
2026-06-05T14:48:29.0713848+08:00	0x07	-0.4737	-0.5330	0.4891	-0.5022	10.67	103.32	85.76
2026-06-05T14:48:29.2377082+08:00	0x02	0.2542	0.0567	-0.8235	-0.5041	119.47	331.17	350.62
2026-06-05T14:48:29.2686466+08:00	0x04	-0.0696	0.0446	0.4940	-0.8656	300.25	351.58	4.38
2026-06-05T14:48:29.3065557+08:00	0x03	0.0721	-0.3611	-0.9223	-0.1175	166.97	356.23	316.92
2026-06-05T14:48:29.3294910+08:00	0x09	0.1230	0.7320	-0.1946	0.6413	355.55	96.52	26.27
2026-06-05T14:48:29.4213393+08:00	0x01	-0.1435	-0.5103	0.8457	-0.0616	174.88	337.68	61.74
2026-06-05T14:48:29.6194609+08:00	0x07	-0.5038	-0.5031	0.5137	-0.4788	156.95	248.91	87.80
2026-06-05T14:48:29.7166482+08:00	0x04	-0.0725	0.0257	0.5070	-0.8585	298.53	353.21	5.64
2026-06-05T14:48:29.7728247+08:00	0x06	-0.6942	-0.0602	0.7172	0.0042	174.85	271.66	4.62
2026-06-05T14:48:29.8843291+08:00	0x03	0.0860	-0.3598	-0.9185	-0.1399	164.47	355.49	316.77
2026-06-05T14:48:30.1510487+08:00	0x07	-0.5329	-0.4746	0.5386	-0.4479	171.00	262.86	81.37
2026-06-05T14:48:30.3329393+08:00	0x02	0.2647	0.0461	-0.7999	-0.5366	115.43	331.07	347.86
2026-06-05T14:48:30.3669000+08:00	0x06	-0.6957	-0.0662	0.7152	-0.0013	174.80	271.33	5.54
2026-06-05T14:48:30.4678342+08:00	0x09	0.1263	0.7320	-0.1958	0.6402	355.78	96.65	26.63
2026-06-05T14:48:30.5177017+08:00	0x04	-0.0810	0.0333	0.5121	-0.8544	297.70	351.92	5.99
2026-06-05T14:48:30.7013408+08:00	0x08	0.1179	-0.7516	-0.1248	-0.6369	358.89	99.63	340.26
2026-06-05T14:48:30.7222913+08:00	0x07	-0.5544	-0.4469	0.5623	-0.4204	174.76	266.74	75.64
2026-06-05T14:48:30.8020797+08:00	0x04	-0.1227	-0.0112	0.4618	-0.8784	303.91	354.48	13.06
2026-06-05T14:48:30.9014797+08:00	0x02	0.3192	-0.0404	-0.7539	-0.5728	112.12	331.25	334.75
2026-06-05T14:48:30.9378568+08:00	0x06	-0.6914	-0.0723	0.7189	-0.0039	174.55	271.94	6.28
2026-06-05T14:48:31.0105739+08:00	0x09	0.1222	0.7317	-0.1958	0.6414	355.37	96.44	26.31
2026-06-05T14:48:31.2055636+08:00	0x08	0.1081	-0.7506	-0.1146	-0.6417	359.08	99.09	341.89
2026-06-05T14:48:31.4209718+08:00	0x02	0.4995	0.0243	-0.7745	-0.3874	138.22	302.24	339.55
2026-06-05T14:48:31.4514023+08:00	0x04	-0.1890	-0.1121	0.5260	-0.8216	294.53	359.07	25.38
2026-06-05T14:48:31.4893564+08:00	0x03	0.1915	-0.3710	-0.8603	-0.2926	146.86	350.21	311.37
2026-06-05T14:48:31.6074637+08:00	0x09	0.1201	0.7288	-0.2007	0.6436	354.66	95.84	26.56
2026-06-05T14:48:31.6324442+08:00	0x01	-0.1432	-0.5101	0.8459	-0.0610	174.80	337.68	61.70
2026-06-05T14:48:31.6464041+08:00	0x06	-0.6888	-0.0698	0.7215	0.0020	174.28	272.37	5.62
2026-06-05T14:48:31.7740404+08:00	0x07	-0.5962	-0.3864	0.6092	-0.3522	176.00	268.78	62.97
2026-06-05T14:48:31.9546468+08:00	0x08	0.1114	-0.7475	-0.1121	-0.6451	358.68	98.62	341.86
2026-06-05T14:48:32.0086058+08:00	0x03	0.1884	-0.3709	-0.8625	-0.2882	147.40	350.34	311.55
2026-06-05T14:48:32.0680203+08:00	0x01	-0.2652	-0.4948	0.6515	-0.5103	271.48	23.32	66.26
2026-06-05T14:48:32.3057652+08:00	0x08	0.0864	-0.7309	-0.0900	-0.6709	359.67	94.94	345.67
2026-06-05T14:48:32.3057652+08:00	0x07	-0.6170	-0.3421	0.6402	-0.3040	176.75	270.44	54.41
2026-06-05T14:48:32.5174587+08:00	0x02	0.4946	0.0224	-0.7747	-0.3934	137.51	303.04	339.24
2026-06-05T14:48:32.5565121+08:00	0x06	-0.6729	-0.0040	0.7357	0.0764	173.20	275.43	354.44
2026-06-05T14:48:32.5565121+08:00	0x04	-0.1871	-0.1091	0.5243	-0.8236	294.81	358.96	25.00
2026-06-05T14:48:32.6752593+08:00	0x09	0.1252	0.6976	-0.2484	0.6604	349.71	90.30	30.78
2026-06-05T14:48:32.8438491+08:00	0x07	-0.6038	-0.3340	0.6615	-0.2937	178.60	274.52	52.81
2026-06-05T14:48:32.8992580+08:00	0x01	-0.4588	-0.4503	0.6860	-0.3408	188.56	298.29	68.52
2026-06-05T14:48:33.0046255+08:00	0x04	-0.4353	-0.3924	0.5890	-0.5565	256.96	346.36	71.20
2026-06-05T14:48:33.1067334+08:00	0x02	0.6413	0.0406	-0.7443	-0.1821	160.85	280.19	350.03
2026-06-05T14:48:33.1623507+08:00	0x01	-0.4686	-0.4151	0.6976	-0.3486	193.27	300.68	64.93
2026-06-05T14:48:33.2065569+08:00	0x09	0.1185	0.6956	-0.2508	0.6627	348.80	89.72	30.40
2026-06-05T14:48:33.3866562+08:00	0x07	-0.6133	-0.3130	0.6731	-0.2699	178.21	274.51	48.80
2026-06-05T14:48:33.4023856+08:00	0x08	0.2403	-0.6742	-0.2348	-0.6577	358.88	91.81	320.75
2026-06-05T14:48:33.5756239+08:00	0x06	-0.6695	0.0050	0.7367	0.0951	172.26	275.99	352.26
2026-06-05T14:48:33.6265532+08:00	0x03	0.3803	-0.3340	-0.6298	-0.5891	99.62	350.05	299.67
2026-06-05T14:48:33.7046949+08:00	0x04	-0.3994	-0.4680	0.4775	-0.6273	314.98	40.27	71.44
2026-06-05T14:48:33.8015242+08:00	0x09	0.1219	0.7016	-0.2406	0.6596	350.28	90.94	29.89
2026-06-05T14:48:33.8837329+08:00	0x08	0.2833	-0.6488	-0.2899	-0.6440	0.49	90.20	312.17
2026-06-05T14:48:33.9192448+08:00	0x07	-0.6251	-0.2960	0.6744	-0.2584	178.22	273.59	46.25
2026-06-05T14:48:34.0910503+08:00	0x04	-0.3299	-0.5249	0.3784	-0.6873	340.68	63.89	58.30
2026-06-05T14:48:34.1137489+08:00	0x06	-0.6682	-0.0010	0.7395	0.0816	172.95	276.17	353.82
2026-06-05T14:48:34.1849623+08:00	0x02	0.6463	0.0475	-0.7437	-0.1644	162.00	279.31	351.85
2026-06-05T14:48:34.2885234+08:00	0x01	-0.4630	-0.4089	0.6946	-0.3687	198.75	304.73	65.43
2026-06-05T14:48:34.3853118+08:00	0x09	0.1234	0.7030	-0.2348	0.6599	350.98	91.24	29.53
2026-06-05T14:48:34.4534741+08:00	0x08	0.3131	-0.6310	-0.3257	-0.6307	1.52	89.26	306.30
2026-06-05T14:48:34.5013407+08:00	0x07	-0.6290	-0.2890	0.6756	-0.2538	178.33	273.40	45.21
2026-06-05T14:48:34.6924398+08:00	0x04	-0.2440	-0.5692	0.2807	-0.7333	349.51	71.54	42.63
2026-06-05T14:48:34.7746224+08:00	0x02	0.6275	0.1131	-0.7648	-0.0924	163.51	280.79	3.27
2026-06-05T14:48:34.7943260+08:00	0x03	0.4389	-0.3600	-0.3427	-0.7486	27.42	33.81	295.33
2026-06-05T14:48:34.8733710+08:00	0x09	0.1221	0.7022	-0.2349	0.6609	350.81	91.05	29.43
2026-06-05T14:48:34.9517439+08:00	0x08	0.3351	-0.6176	-0.3487	-0.6203	2.01	88.64	302.18
2026-06-05T14:48:35.0546745+08:00	0x07	-0.6290	-0.2822	0.6803	-0.2486	178.66	273.95	44.17
2026-06-05T14:48:35.1885959+08:00	0x06	-0.6638	-0.0081	0.7443	0.0732	173.10	276.84	355.12
2026-06-05T14:48:35.2364531+08:00	0x03	0.4560	-0.3470	-0.3229	-0.7533	24.35	33.61	294.35
2026-06-05T14:48:35.3513714+08:00	0x01	-0.4632	-0.4091	0.6947	-0.3681	198.58	304.61	65.42
2026-06-05T14:48:35.4554083+08:00	0x09	0.1184	0.7035	-0.2356	0.6600	350.48	91.17	29.19
2026-06-05T14:48:35.5349834+08:00	0x08	0.3706	-0.5911	-0.3859	-0.6036	3.71	86.45	295.36
2026-06-05T14:48:35.5867417+08:00	0x07	-0.6184	-0.2896	0.6837	-0.2573	179.49	275.53	45.59
2026-06-05T14:48:35.7606648+08:00	0x04	-0.1662	-0.5991	0.2015	-0.7569	353.00	74.87	29.54
2026-06-05T14:48:35.7924110+08:00	0x06	-0.6591	-0.0339	0.7501	0.0418	173.84	277.41	359.75
2026-06-05T14:48:35.9408646+08:00	0x01	-0.6275	-0.3127	0.6365	-0.3213	181.59	271.61	53.26
2026-06-05T14:48:35.9899217+08:00	0x09	0.1239	0.7099	-0.2084	0.6613	353.56	92.49	27.37
2026-06-05T14:48:36.0683783+08:00	0x08	0.3858	-0.6014	-0.4021	-0.5725	359.44	93.20	292.27
2026-06-05T14:48:36.1356395+08:00	0x07	-0.6449	-0.2677	0.6698	-0.2525	179.44	271.95	43.18
2026-06-05T14:48:36.2696664+08:00	0x06	-0.6776	-0.0216	0.7341	0.0389	175.05	274.64	358.80
2026-06-05T14:48:36.3236363+08:00	0x03	0.4408	-0.4730	-0.5806	-0.4948	111.78	345.01	279.77
2026-06-05T14:48:36.5016117+08:00	0x01	-0.4511	-0.2941	0.6384	-0.5500	243.07	329.01	60.66
2026-06-05T14:48:36.5185778+08:00	0x09	0.1475	0.7542	-0.1899	0.6111	359.38	101.81	27.82
2026-06-05T14:48:36.6183327+08:00	0x08	0.3391	-0.6137	-0.3855	-0.5998	5.58	87.98	298.37
2026-06-05T14:48:36.6692147+08:00	0x07	-0.7017	-0.2672	0.6273	-0.2070	171.50	260.60	38.73
2026-06-05T14:48:36.7585680+08:00	0x06	-0.6340	-0.0506	0.7716	-0.0119	177.36	281.05	5.35
2026-06-05T14:48:36.8403448+08:00	0x02	0.6275	0.1124	-0.7649	-0.0929	163.52	280.81	3.17
2026-06-05T14:48:36.9403224+08:00	0x04	-0.1402	-0.5245	0.0426	-0.8387	4.52	64.69	16.25
2026-06-05T14:48:37.0558594+08:00	0x09	0.1298	0.7688	-0.1274	0.6130	2.66	103.35	20.79
2026-06-05T14:48:37.1372003+08:00	0x08	0.3055	-0.6212	-0.3852	-0.6102	9.95	85.46	301.63
2026-06-05T14:48:37.2373425+08:00	0x07	-0.7021	-0.3076	0.5849	-0.2651	169.70	255.10	47.06
2026-06-05T14:48:37.3334130+08:00	0x06	-0.5836	-0.0478	0.8093	-0.0464	181.12	288.48	7.56
2026-06-05T14:48:37.3499218+08:00	0x02	-0.0290	0.3313	-0.5729	-0.7491	67.84	329.26	25.03
2026-06-05T14:48:37.4647311+08:00	0x04	-0.2522	-0.4695	0.1389	-0.8347	0.34	58.82	33.46
2026-06-05T14:48:37.6246145+08:00	0x09	0.1668	0.7442	-0.1390	0.6318	4.59	100.34	24.68
2026-06-05T14:48:37.7063226+08:00	0x08	0.2406	-0.6179	-0.3517	-0.6607	14.72	79.45	311.18
2026-06-05T14:48:37.7908549+08:00	0x07	-0.7416	-0.2906	0.5651	-0.2151	165.72	249.35	40.35
2026-06-05T14:48:37.9353190+08:00	0x02	0.0069	0.3697	-0.4365	-0.8202	49.37	319.87	18.15
2026-06-05T14:48:37.9938265+08:00	0x06	-0.6037	-0.0589	0.7936	-0.0474	180.23	285.50	8.67
2026-06-05T14:48:38.1384402+08:00	0x09	0.0936	0.7017	-0.1378	0.6928	356.39	90.13	18.85
2026-06-05T14:48:38.2066042+08:00	0x01	-0.3802	-0.3432	0.5821	-0.6315	274.00	358.89	61.61
2026-06-05T14:48:38.3243697+08:00	0x07	-0.6615	-0.2849	0.6404	-0.2668	177.11	266.92	45.88
2026-06-05T14:48:38.4123758+08:00	0x06	-0.6092	-0.0556	0.7910	0.0101	175.18	284.61	4.34
2026-06-05T14:48:38.6264253+08:00	0x04	-0.1614	-0.4016	0.3037	-0.8488	333.18	43.02	31.19
2026-06-05T14:48:38.6555152+08:00	0x09	0.0943	0.6709	-0.2305	0.6984	347.42	84.76	26.17
2026-06-05T14:48:38.7898161+08:00	0x01	-0.5343	-0.2981	0.5603	-0.5583	237.08	313.38	68.54
2026-06-05T14:48:38.8233458+08:00	0x08	0.2847	-0.5723	-0.3410	-0.6893	13.41	72.92	308.48
2026-06-05T14:48:38.8582405+08:00	0x07	-0.5894	-0.3522	0.6562	-0.3131	179.57	275.91	56.23
2026-06-05T14:48:38.9391227+08:00	0x06	-0.6070	-0.0564	0.7916	0.0405	172.38	284.88	2.30
2026-06-05T14:48:39.1356877+08:00	0x04	-0.1674	-0.3994	0.3392	-0.8351	328.78	41.54	33.41
2026-06-05T14:48:39.2548373+08:00	0x09	0.1679	0.7205	-0.2483	0.6253	355.22	96.61	34.59
2026-06-05T14:48:39.2894507+08:00	0x01	-0.5929	-0.3256	0.5811	-0.4524	200.25	282.13	66.20
2026-06-05T14:48:39.4029418+08:00	0x07	-0.5763	-0.3731	0.6408	-0.3435	181.19	276.77	60.94
2026-06-05T14:48:39.5057872+08:00	0x06	-0.6210	-0.0284	0.7805	0.0667	171.98	283.14	357.79
2026-06-05T14:48:39.7033968+08:00	0x04	-0.2202	-0.3824	0.3421	-0.8296	329.17	38.40	38.84
2026-06-05T14:48:39.7749520+08:00	0x01	-0.5523	-0.3424	0.6201	-0.4396	203.78	292.06	65.54
2026-06-05T14:48:39.8069476+08:00	0x09	0.1561	0.7199	-0.2316	0.6354	355.29	95.77	32.13
2026-06-05T14:48:39.9354348+08:00	0x07	-0.5575	-0.3936	0.6201	-0.3869	185.98	280.04	66.87
2026-06-05T14:48:40.0024986+08:00	0x02	-0.0122	0.3685	-0.5085	-0.7781	58.34	322.38	23.19
2026-06-05T14:48:40.0863913+08:00	0x03	0.4459	-0.3147	-0.6481	-0.5312	120.22	328.93	298.16
2026-06-05T14:48:40.1883632+08:00	0x04	-0.1966	-0.4240	0.3652	-0.8051	327.29	43.75	38.77
2026-06-05T14:48:40.3560530+08:00	0x01	-0.5207	-0.3995	0.6452	-0.3911	193.29	291.06	67.34
2026-06-05T14:48:40.4863299+08:00	0x08	0.3654	-0.6143	-0.3940	-0.5779	0.88	92.94	294.99
2026-06-05T14:48:40.5235228+08:00	0x02	0.6185	0.2926	-0.7290	-0.0204	154.69	273.99	23.66
2026-06-05T14:48:40.6030412+08:00	0x06	-0.6442	-0.0493	0.7630	0.0207	174.54	279.52	2.78
2026-06-05T14:48:40.7104232+08:00	0x03	0.4847	-0.2580	-0.6531	-0.5215	126.85	317.48	302.59
2026-06-05T14:48:40.8220305+08:00	0x04	-0.1392	-0.4541	0.3336	-0.8143	330.56	49.68	31.98
2026-06-05T14:48:40.9223006+08:00	0x09	0.1318	0.7136	-0.1866	0.6622	356.23	93.41	26.16
2026-06-05T14:48:40.9891644+08:00	0x08	0.3100	-0.6498	-0.3417	-0.6041	0.99	93.66	305.05
2026-06-05T14:48:41.0922829+08:00	0x02	0.6507	0.2610	-0.7090	0.0758	164.76	271.10	27.96
2026-06-05T14:48:41.2326230+08:00	0x03	0.5014	-0.2415	-0.6555	-0.5104	130.31	312.81	304.06
2026-06-05T14:48:41.2772613+08:00	0x04	-0.1522	-0.4623	0.3563	-0.7976	328.57	50.09	34.91
2026-06-05T14:48:41.4315588+08:00	0x01	-0.5230	-0.4194	0.6119	-0.4196	194.18	289.32	72.23
2026-06-05T14:48:41.4721843+08:00	0x09	0.1448	0.7168	-0.1884	0.6556	357.46	94.49	27.38
2026-06-05T14:48:41.6051796+08:00	0x07	-0.5261	-0.4394	0.5628	-0.4619	197.12	287.93	78.70
2026-06-05T14:48:41.7710533+08:00	0x03	0.5032	-0.2357	-0.6486	-0.5201	128.49	313.18	303.98
2026-06-05T14:48:41.9039654+08:00	0x04	-0.1632	-0.4554	0.3706	-0.7929	326.85	48.50	36.61
2026-06-05T14:48:42.0403870+08:00	0x08	0.1765	-0.6977	-0.2145	-0.6603	2.51	92.43	327.83
2026-06-05T14:48:42.0403870+08:00	0x09	0.1478	0.7202	-0.1947	0.6493	357.41	95.28	28.18
2026-06-05T14:48:42.1362694+08:00	0x07	-0.5137	-0.4500	0.5583	-0.4711	202.81	294.16	80.56
2026-06-05T14:48:42.1701810+08:00	0x06	-0.6486	-0.0520	0.7591	0.0188	174.49	278.83	3.13
2026-06-05T14:48:42.2039304+08:00	0x02	0.6186	0.3646	-0.6795	0.1503	160.28	267.55	42.96
2026-06-05T14:48:42.3032715+08:00	0x03	0.4858	-0.2858	-0.6607	-0.4958	132.43	315.49	300.75
2026-06-05T14:48:42.4220753+08:00	0x01	-0.5338	-0.4091	0.6289	-0.3900	188.48	285.14	68.59
2026-06-05T14:48:42.5864948+08:00	0x09	0.1498	0.7189	-0.2041	0.6474	356.80	95.16	29.17
2026-06-05T14:48:42.7408161+08:00	0x06	-0.6497	-0.0485	0.7582	0.0258	174.13	278.69	2.29
2026-06-05T14:48:42.8748941+08:00	0x03	0.4857	-0.2680	-0.6551	-0.5129	128.72	316.78	301.86
2026-06-05T14:48:42.9859540+08:00	0x04	-0.3013	-0.3558	0.4053	-0.7864	319.18	29.15	49.66
2026-06-05T14:48:43.0368197+08:00	0x01	-0.5357	-0.4023	0.6302	-0.3924	189.79	285.88	68.05
2026-06-05T14:48:43.1038910+08:00	0x09	0.1375	0.7125	-0.1961	0.6596	355.94	93.43	27.44
2026-06-05T14:48:43.1502892+08:00	0x08	0.1491	-0.7172	-0.1795	-0.6566	1.40	94.72	333.04
2026-06-05T14:48:43.2530865+08:00	0x06	-0.6522	-0.0612	0.7555	0.0133	174.25	278.18	4.30
2026-06-05T14:48:43.3075157+08:00	0x07	-0.4815	-0.4730	0.5356	-0.5075	246.99	338.11	84.50
2026-06-05T14:48:43.3763803+08:00	0x03	0.4471	-0.3465	-0.6277	-0.5349	117.44	332.11	294.05
2026-06-05T14:48:43.4061645+08:00	0x02	0.5919	0.4069	-0.6559	0.2320	162.46	266.89	53.95
2026-06-05T14:48:43.5321946+08:00	0x01	-0.5353	-0.3783	0.6388	-0.4029	195.74	290.37	66.15
2026-06-05T14:48:43.7086344+08:00	0x09	0.1323	0.7021	-0.1925	0.6726	355.30	91.34	26.64
2026-06-05T14:48:43.7414157+08:00	0x07	-0.4617	-0.4792	0.5189	-0.5366	287.12	17.11	83.13
2026-06-05T14:48:43.8720464+08:00	0x02	0.5614	0.4435	-0.6337	0.2941	163.89	266.98	63.17
2026-06-05T14:48:43.9257903+08:00	0x03	0.4551	-0.3296	-0.6306	-0.5354	119.17	329.05	295.45
2026-06-05T14:48:44.1243862+08:00	0x01	-0.5364	-0.3701	0.6345	-0.4156	198.91	291.99	66.28
2026-06-05T14:48:44.2233691+08:00	0x08	0.0484	-0.7378	-0.0930	-0.6668	3.07	95.48	348.36
2026-06-05T14:48:44.3425466+08:00	0x07	-0.4534	-0.4955	0.5011	-0.5457	311.59	41.44	82.51
2026-06-05T14:48:44.4874321+08:00	0x02	0.5620	0.4368	-0.6301	0.3105	166.82	268.26	64.07
2026-06-05T14:48:44.5213421+08:00	0x03	0.4563	-0.3353	-0.6255	-0.5368	118.56	329.55	294.60
2026-06-05T14:48:44.6224775+08:00	0x01	-0.5292	-0.3754	0.6282	-0.4295	202.17	294.79	67.85
2026-06-05T14:48:44.7367169+08:00	0x09	0.1474	0.7003	-0.1961	0.6704	356.33	91.58	28.18
2026-06-05T14:48:44.8067336+08:00	0x08	0.0515	-0.7374	-0.0956	-0.6667	3.02	95.45	347.90
2026-06-05T14:48:44.8207287+08:00	0x06	-0.6497	-0.0780	0.7559	-0.0209	175.96	278.35	8.34
2026-06-05T14:48:44.8930183+08:00	0x07	-0.4347	-0.5078	0.4734	-0.5736	329.68	58.12	78.39
2026-06-05T14:48:44.9537042+08:00	0x02	0.5549	0.4440	-0.6255	0.3221	167.29	268.58	65.90
2026-06-05T14:48:45.0374676+08:00	0x03	0.4720	-0.3177	-0.6398	-0.5167	126.17	321.99	296.58
2026-06-05T14:48:45.1217234+08:00	0x04	-0.3219	-0.3446	0.3587	-0.8056	326.37	30.28	49.98
2026-06-05T14:48:45.1875909+08:00	0x01	-0.5230	-0.3829	0.6268	-0.4324	203.03	296.20	68.79
2026-06-05T14:48:45.3038629+08:00	0x08	-0.0085	-0.7382	-0.0494	-0.6728	4.54	95.17	356.47
2026-06-05T14:48:45.3377610+08:00	0x06	-0.6467	-0.0781	0.7582	-0.0279	176.59	278.81	8.89
2026-06-05T14:48:45.4233528+08:00	0x07	-0.4210	-0.5171	0.4539	-0.5911	336.58	64.20	75.26
2026-06-05T14:48:45.5868778+08:00	0x02	0.5221	0.4755	-0.6261	0.3306	165.92	270.44	70.15
2026-06-05T14:48:45.7426094+08:00	0x04	-0.3135	-0.3495	0.3516	-0.8099	327.79	31.73	48.90
2026-06-05T14:48:45.7887742+08:00	0x01	-0.5208	-0.3870	0.6272	-0.4309	202.68	296.32	69.10
2026-06-05T14:48:45.8536661+08:00	0x09	0.1577	0.6943	-0.1953	0.6745	357.09	90.91	28.94
2026-06-05T14:48:45.9594250+08:00	0x07	-0.4038	-0.5291	0.4351	-0.6064	341.22	68.55	71.83
2026-06-05T14:48:46.0555212+08:00	0x02	0.5120	0.4894	-0.6216	0.3346	164.01	269.39	72.00
2026-06-05T14:48:46.2731507+08:00	0x01	-0.4972	-0.3838	0.5990	-0.4966	225.16	314.53	72.50
2026-06-05T14:48:46.3870729+08:00	0x09	0.1698	0.6958	-0.2081	0.6662	357.26	91.73	31.05
2026-06-05T14:48:46.4884601+08:00	0x07	-0.3883	-0.5486	0.4209	-0.6092	345.87	74.24	69.21
2026-06-05T14:48:46.5202741+08:00	0x08	-0.0542	-0.7346	-0.0132	-0.6762	5.61	94.89	3.09
2026-06-05T14:48:46.6044963+08:00	0x03	0.4688	-0.3426	-0.6011	-0.5491	115.59	330.09	292.07
2026-06-05T14:48:46.6224872+08:00	0x02	0.4089	0.4740	-0.7539	0.1996	169.57	296.85	61.38
2026-06-05T14:48:46.8376068+08:00	0x04	-0.3138	-0.3494	0.3518	-0.8098	327.75	31.68	48.94
2026-06-05T14:48:46.8715762+08:00	0x01	-0.5112	-0.3780	0.5711	-0.5193	229.76	315.05	74.29
2026-06-05T14:48:46.9210341+08:00	0x09	0.1814	0.7039	-0.2237	0.6493	357.59	93.90	33.40
2026-06-05T14:48:47.1076011+08:00	0x08	-0.0750	-0.7110	0.0244	-0.6987	4.19	91.29	8.02
2026-06-05T14:48:47.1573802+08:00	0x03	0.5440	-0.4213	-0.5642	-0.4564	166.07	283.07	283.61
2026-06-05T14:48:47.2371644+08:00	0x02	0.4123	0.4748	-0.7504	0.2038	169.59	296.21	61.71
2026-06-05T14:48:47.4200799+08:00	0x04	-0.5934	-0.2697	0.0276	-0.7578	43.41	68.23	66.12
2026-06-05T14:48:47.4596344+08:00	0x09	0.1764	0.7093	-0.2184	0.6465	357.81	94.66	32.55
2026-06-05T14:48:47.4873361+08:00	0x06	-0.6248	-0.0491	0.7792	0.0065	175.89	282.41	3.92
2026-06-05T14:48:47.5244765+08:00	0x01	-0.5479	-0.3801	0.5765	-0.4722	205.75	292.07	72.88
2026-06-05T14:48:47.6219018+08:00	0x07	-0.3505	-0.5889	0.3842	-0.6187	352.23	82.47	62.40
2026-06-05T14:48:47.6893002+08:00	0x03	0.5219	-0.4291	-0.5679	-0.4701	155.60	294.68	282.02
2026-06-05T14:48:47.7222098+08:00	0x02	0.2566	0.5998	-0.7237	-0.2249	105.81	283.06	48.84
2026-06-05T14:48:47.8905816+08:00	0x04	-0.7292	0.0294	0.1192	-0.6732	245.70	253.03	77.11
2026-06-05T14:48:47.9951028+08:00	0x06	-0.6199	-0.0494	0.7831	0.0066	175.89	283.13	3.97
2026-06-05T14:48:48.0714304+08:00	0x08	0.0478	-0.7009	-0.0954	-0.7052	3.95	89.24	348.39
2026-06-05T14:48:48.2048087+08:00	0x07	-0.3310	-0.5972	0.3645	-0.6332	352.67	82.52	58.71
2026-06-05T14:48:48.2698672+08:00	0x03	0.5147	-0.4324	-0.5790	-0.4614	156.01	296.02	282.67
2026-06-05T14:48:48.4048306+08:00	0x04	-0.7015	0.1866	0.2068	-0.6559	262.54	264.24	57.48
2026-06-05T14:48:48.5216953+08:00	0x01	-0.5650	-0.3893	0.5805	-0.4384	192.46	280.50	71.34
2026-06-05T14:48:48.5379695+08:00	0x09	0.1686	0.7078	-0.2114	0.6527	357.50	93.94	31.28
2026-06-05T14:48:48.5743075+08:00	0x06	-0.6170	-0.0478	0.7855	0.0083	175.86	283.56	3.72
2026-06-05T14:48:48.6387619+08:00	0x08	0.1065	-0.6892	-0.1553	-0.6997	4.34	88.32	338.72
2026-06-05T14:48:48.8076135+08:00	0x02	0.2770	0.6011	-0.6844	-0.3058	96.85	279.42	40.79
2026-06-05T14:48:48.8214381+08:00	0x03	0.5088	-0.4381	-0.5810	-0.4601	155.27	297.62	282.26
2026-06-05T14:48:48.9876177+08:00	0x04	-0.6613	0.2924	0.2833	-0.6300	267.30	266.49	41.88
2026-06-05T14:48:49.1256360+08:00	0x09	0.1646	0.7076	-0.2078	0.6549	357.39	93.71	30.65
2026-06-05T14:48:49.1415913+08:00	0x06	-0.6140	-0.0480	0.7878	0.0081	175.87	284.00	3.77
2026-06-05T14:48:49.1713756+08:00	0x08	0.1483	-0.6783	-0.1986	-0.6917	4.80	87.67	331.67
2026-06-05T14:48:49.2049754+08:00	0x07	-0.3064	-0.6077	0.3408	-0.6486	353.15	82.76	54.26
2026-06-05T14:48:49.3380525+08:00	0x03	0.5029	-0.4406	-0.5838	-0.4605	153.24	300.28	282.12
2026-06-05T14:48:49.5064751+08:00	0x04	-0.6130	0.3812	0.3476	-0.5984	270.45	267.26	27.94
2026-06-05T14:48:49.5383873+08:00	0x01	-0.5682	-0.3876	0.5955	-0.4150	188.60	278.60	68.95
2026-06-05T14:48:49.6541036+08:00	0x06	-0.6115	-0.0472	0.7898	0.0099	175.78	284.37	3.58
2026-06-05T14:48:49.6920540+08:00	0x09	0.1634	0.7071	-0.2077	0.6559	357.25	93.55	30.54
2026-06-05T14:48:49.7379276+08:00	0x08	0.1873	-0.6670	-0.2378	-0.6808	5.17	87.20	325.09
2026-06-05T14:48:49.8954589+08:00	0x03	0.4973	-0.4435	-0.5797	-0.4690	148.37	304.90	281.29
2026-06-05T14:48:50.0394105+08:00	0x01	-0.5605	-0.3873	0.5869	-0.4374	194.02	282.65	70.91
2026-06-05T14:48:50.2057752+08:00	0x09	0.1605	0.7071	-0.2061	0.6571	357.09	93.41	30.16
2026-06-05T14:48:50.2549548+08:00	0x08	0.2129	-0.6578	-0.2641	-0.6725	5.58	86.74	320.67
2026-06-05T14:48:50.4216645+08:00	0x03	0.4832	-0.4491	-0.5865	-0.4699	142.92	311.83	281.20
2026-06-05T14:48:50.5226221+08:00	0x02	0.3334	0.5642	-0.6269	-0.4212	90.54	278.97	25.25
2026-06-05T14:48:50.5894248+08:00	0x04	-0.5744	0.4339	0.3883	-0.5753	272.33	267.78	18.90
2026-06-05T14:48:50.6218412+08:00	0x01	-0.5624	-0.3833	0.5869	-0.4384	194.55	282.77	70.59
2026-06-05T14:48:50.7406636+08:00	0x06	-0.6091	-0.0484	0.7915	0.0092	175.77	284.70	3.75
2026-06-05T14:48:50.8050293+08:00	0x07	-0.2679	-0.6237	0.3028	-0.6690	353.99	83.35	47.40
2026-06-05T14:48:50.9609482+08:00	0x03	0.4790	-0.4543	-0.5832	-0.4734	139.93	314.97	280.47
2026-06-05T14:48:51.1109050+08:00	0x02	0.3962	0.5567	-0.5357	-0.4960	83.43	273.87	11.74
2026-06-05T14:48:51.1294431+08:00	0x01	-0.5669	-0.3799	0.5883	-0.4338	193.38	281.49	69.86
2026-06-05T14:48:51.2052132+08:00	0x06	-0.6086	-0.0452	0.7921	0.0136	175.60	284.81	3.15
2026-06-05T14:48:51.3260998+08:00	0x09	0.1609	0.7080	-0.2074	0.6556	357.07	93.60	30.31
2026-06-05T14:48:51.3912620+08:00	0x07	-0.2566	-0.6289	0.2925	-0.6731	354.18	83.66	45.51
2026-06-05T14:48:51.5063126+08:00	0x03	0.4738	-0.4615	-0.5749	-0.4817	133.37	321.28	279.22
2026-06-05T14:48:51.5583929+08:00	0x02	0.4106	0.5508	-0.5166	-0.5111	82.49	273.25	8.59
2026-06-05T14:48:51.6707928+08:00	0x04	-0.4887	0.5221	0.4565	-0.5293	276.06	268.68	2.33
2026-06-05T14:48:51.7207433+08:00	0x01	-0.5727	-0.3748	0.5902	-0.4280	192.16	280.07	68.85
2026-06-05T14:48:51.7947628+08:00	0x06	-0.6086	-0.0449	0.7921	0.0132	175.66	284.80	3.15
2026-06-05T14:48:51.8749856+08:00	0x09	0.1587	0.7077	-0.2052	0.6572	357.01	93.43	29.93
2026-06-05T14:48:52.0380619+08:00	0x03	0.4822	-0.4632	-0.5769	-0.4692	144.09	311.01	279.28
2026-06-05T14:48:52.0778079+08:00	0x02	0.4157	0.5453	-0.5143	-0.5152	82.73	273.46	7.61
2026-06-05T14:48:52.2390611+08:00	0x04	-0.4630	0.5314	0.4844	-0.5183	275.86	270.38	358.00
2026-06-05T14:48:52.2743311+08:00	0x01	-0.5777	-0.3760	0.5874	-0.4242	190.13	277.89	68.71
2026-06-05T14:48:52.3237573+08:00	0x06	-0.6085	-0.0468	0.7921	0.0097	175.84	284.80	3.57
2026-06-05T14:48:52.4078223+08:00	0x09	0.1577	0.7083	-0.2024	0.6576	357.18	93.51	29.62
2026-06-05T14:48:52.6235878+08:00	0x03	0.4815	-0.4636	-0.5772	-0.4691	143.79	311.40	279.27
2026-06-05T14:48:52.7919038+08:00	0x01	-0.5823	-0.3718	0.5884	-0.4202	189.43	276.96	67.94
2026-06-05T14:48:52.8883870+08:00	0x06	-0.6087	-0.0447	0.7921	0.0124	175.74	284.80	3.19
2026-06-05T14:48:52.9394267+08:00	0x07	-0.2240	-0.6405	0.2548	-0.6890	355.24	84.12	39.42
2026-06-05T14:48:53.1055320+08:00	0x03	0.4861	-0.4656	-0.5808	-0.4578	151.78	304.12	279.62
2026-06-05T14:48:53.1785643+08:00	0x02	0.4221	0.5396	-0.5134	-0.5168	83.26	273.55	6.76
2026-06-05T14:48:53.2918529+08:00	0x01	-0.5841	-0.3762	0.5838	-0.4202	188.00	275.42	68.44
2026-06-05T14:48:53.3441879+08:00	0x04	-0.4717	0.5355	0.4623	-0.5263	277.32	268.94	0.08
2026-06-05T14:48:53.4797952+08:00	0x09	0.1571	0.7085	-0.2020	0.6577	357.16	93.52	29.53
2026-06-05T14:48:53.5841766+08:00	0x08	0.2938	-0.6193	-0.3508	-0.6380	8.19	84.11	305.96
2026-06-05T14:48:53.6563313+08:00	0x03	0.4840	-0.4646	-0.5766	-0.4664	146.53	308.69	279.20
2026-06-05T14:48:53.7384340+08:00	0x02	0.4261	0.5503	-0.5037	-0.5119	82.50	271.81	6.78
2026-06-05T14:48:53.8727078+08:00	0x01	-0.5831	-0.3760	0.5836	-0.4220	188.51	275.86	68.59
2026-06-05T14:48:53.9780786+08:00	0x06	-0.6093	-0.0469	0.7915	0.0113	175.68	284.69	3.47
2026-06-05T14:48:54.0589621+08:00	0x08	0.2966	-0.6183	-0.3526	-0.6367	8.13	84.13	305.54
2026-06-05T14:48:54.1909721+08:00	0x03	0.4830	-0.4650	-0.5738	-0.4704	144.03	310.87	278.88
2026-06-05T14:48:54.2575155+08:00	0x02	0.4236	0.5477	-0.5031	-0.5172	82.20	272.38	6.49
2026-06-05T14:48:54.3556159+08:00	0x01	-0.5818	-0.3773	0.5830	-0.4234	188.71	276.10	68.84
2026-06-05T14:48:54.5059318+08:00	0x06	-0.6096	-0.0475	0.7912	0.0111	175.66	284.64	3.54
2026-06-05T14:48:54.5394098+08:00	0x09	0.1557	0.7091	-0.2024	0.6573	357.02	93.56	29.45
2026-06-05T14:48:54.6054232+08:00	0x07	-0.1869	-0.6532	0.2168	-0.7009	355.91	84.75	33.05
2026-06-05T14:48:54.7239859+08:00	0x03	0.4889	-0.4626	-0.5676	-0.4742	144.89	308.97	278.60
2026-06-05T14:48:54.8257244+08:00	0x02	0.3821	0.4649	-0.6121	-0.5131	92.40	286.28	10.19
2026-06-05T14:48:54.9058106+08:00	0x04	-0.5225	0.4652	0.5049	-0.5056	266.79	271.22	3.36
2026-06-05T14:48:55.0266405+08:00	0x01	-0.5590	-0.3646	0.5814	-0.4654	203.92	289.36	70.78
2026-06-05T14:48:55.1431665+08:00	0x07	-0.1809	-0.6630	0.2132	-0.6945	356.19	86.24	32.28
2026-06-05T14:48:55.2600085+08:00	0x03	0.5007	-0.4527	-0.5567	-0.4843	144.69	306.71	278.54
2026-06-05T14:48:55.4240247+08:00	0x04	-0.5205	0.4677	0.5041	-0.5062	267.12	271.19	3.17
2026-06-05T14:48:55.5483443+08:00	0x01	-0.4970	-0.3418	0.6265	-0.4936	224.96	313.66	66.76
2026-06-05T14:48:55.6808248+08:00	0x09	0.1442	0.7153	-0.2016	0.6534	356.27	94.23	28.48
2026-06-05T14:48:55.7815379+08:00	0x08	0.3004	-0.6498	-0.3308	-0.6149	1.56	92.38	306.94
2026-06-05T14:48:55.8107505+08:00	0x03	0.4322	-0.3948	-0.6220	-0.5201	115.73	338.01	289.83
2026-06-05T14:48:55.9293485+08:00	0x02	0.3834	0.4675	-0.6090	-0.5134	92.08	285.85	10.12
2026-06-05T14:48:55.9976034+08:00	0x04	-0.4540	0.3499	0.7176	-0.3956	243.46	290.28	351.78
2026-06-05T14:48:56.1232552+08:00	0x01	-0.5026	-0.3065	0.6150	-0.5246	232.17	315.96	64.73
2026-06-05T14:48:56.2063217+08:00	0x09	0.1414	0.7083	-0.1987	0.6625	355.92	92.81	27.96
2026-06-05T14:48:56.2392277+08:00	0x07	-0.1606	-0.6711	0.1884	-0.6989	356.88	86.88	28.51
2026-06-05T14:48:56.2751327+08:00	0x08	0.2863	-0.6644	-0.3175	-0.6130	0.80	94.23	309.39
2026-06-05T14:48:56.3428106+08:00	0x03	0.4501	-0.3816	-0.6086	-0.5305	115.78	334.78	289.60
2026-06-05T14:48:56.4446749+08:00	0x02	0.5576	0.2163	-0.7830	-0.1710	149.02	286.72	8.51
2026-06-05T14:48:56.5746855+08:00	0x04	-0.4770	0.0667	0.8011	-0.3554	220.60	303.45	13.42
2026-06-05T14:48:56.7224257+08:00	0x06	-0.6356	-0.0399	0.7707	0.0189	175.42	280.89	2.16
