timestamp	device	q0	q1	q2	q3	yaw	pitch	roll
2026-05-21T22:57:11.2670306+08:00	0x01	-0.1841	-0.4452	0.4428	-0.7562	316.88	43.60	42.28
2026-05-21T22:57:11.3199297+08:00	0x04	0.3032	-0.2482	-0.3023	-0.8689	30.61	19.70	317.39
2026-05-21T22:57:11.3631126+08:00	0x03	-0.1578	0.4458	0.3852	0.7924	35.72	46.63	323.59
2026-05-21T22:57:11.6630040+08:00	0x02	-0.3536	-0.4424	0.6088	-0.5555	271.36	9.64	68.68
2026-05-21T22:57:11.8348202+08:00	0x01	-0.1855	-0.4457	0.4449	-0.7543	316.61	43.53	42.57
2026-05-21T22:57:11.9480482+08:00	0x03	-0.1567	0.4456	0.3851	0.7929	35.74	46.62	323.73
2026-05-21T22:57:12.2295805+08:00	0x02	-0.3536	-0.4431	0.6079	-0.5559	271.70	9.96	68.74
2026-05-21T22:57:12.4105710+08:00	0x01	-0.1843	-0.4454	0.4439	-0.7554	316.72	43.56	42.37
2026-05-21T22:57:12.4955992+08:00	0x03	-0.1586	0.4460	0.3852	0.7922	35.67	46.65	323.49
2026-05-21T22:57:12.7475851+08:00	0x02	-0.3535	-0.4441	0.6079	-0.5553	271.76	10.11	68.82
2026-05-21T22:57:12.8310087+08:00	0x01	-0.1852	-0.4460	0.4446	-0.7544	316.68	43.62	42.53
2026-05-21T22:57:12.9982312+08:00	0x04	0.3023	-0.2490	-0.3040	-0.8684	30.83	19.74	317.43
2026-05-21T22:57:13.2139631+08:00	0x02	-0.3530	-0.4442	0.6071	-0.5563	272.15	10.43	68.77
2026-05-21T22:57:13.3965208+08:00	0x01	-0.1858	-0.4457	0.4451	-0.7541	316.59	43.52	42.61
2026-05-21T22:57:13.4460967+08:00	0x04	0.3026	-0.2488	-0.3035	-0.8686	30.76	19.73	317.41
2026-05-21T22:57:13.5162168+08:00	0x03	-0.1583	0.4466	0.3847	0.7922	35.60	46.75	323.53
2026-05-21T22:57:13.8025170+08:00	0x02	-0.3537	-0.4445	0.6058	-0.5571	272.51	10.65	68.85
2026-05-21T22:57:13.8661048+08:00	0x01	-0.1856	-0.4458	0.4441	-0.7547	316.74	43.59	42.54
2026-05-21T22:57:14.0655245+08:00	0x04	0.3019	-0.2503	-0.3049	-0.8679	30.90	19.88	317.42
2026-05-21T22:57:14.4265826+08:00	0x02	-0.3523	-0.4443	0.6065	-0.5573	272.51	10.76	68.70
2026-05-21T22:57:14.4973751+08:00	0x01	-0.1851	-0.4456	0.4445	-0.7547	316.67	43.56	42.49
2026-05-21T22:57:14.5372871+08:00	0x04	0.3007	-0.2508	-0.3043	-0.8684	30.79	20.01	317.56
2026-05-21T22:57:14.6816629+08:00	0x03	-0.1578	0.4483	0.3840	0.7916	35.44	47.03	323.54
2026-05-21T22:57:14.8835193+08:00	0x02	-0.3517	-0.4455	0.6044	-0.5590	273.47	11.59	68.72
2026-05-21T22:57:14.9753377+08:00	0x01	-0.1849	-0.4460	0.4431	-0.7554	316.90	43.70	42.42
2026-05-21T22:57:15.1148776+08:00	0x04	0.3005	-0.2511	-0.3031	-0.8688	30.59	20.13	317.59
2026-05-21T22:57:15.1820724+08:00	0x03	-0.1584	0.4485	0.3832	0.7918	35.31	47.08	323.52
2026-05-21T22:57:15.4140190+08:00	0x02	-0.3511	-0.4460	0.6047	-0.5587	273.48	11.70	68.70
2026-05-21T22:57:15.5330275+08:00	0x01	-0.1843	-0.4464	0.4434	-0.7551	316.85	43.74	42.40
2026-05-21T22:57:15.6306079+08:00	0x04	0.3018	-0.2521	-0.3032	-0.8680	30.56	20.23	317.40
2026-05-21T22:57:15.7138341+08:00	0x03	-0.1593	0.4494	0.3832	0.7911	35.24	47.20	323.38
2026-05-21T22:57:15.9810813+08:00	0x02	-0.3516	-0.4476	0.6053	-0.5565	273.17	11.62	68.93
2026-05-21T22:57:16.0489036+08:00	0x01	-0.1860	-0.4478	0.4438	-0.7536	316.90	43.90	42.67
2026-05-21T22:57:16.1976337+08:00	0x04	0.3039	-0.2529	-0.3120	-0.8639	31.84	19.79	316.93
2026-05-21T22:57:16.3176059+08:00	0x03	-0.1606	0.4495	0.3884	0.7882	35.89	47.01	322.96
2026-05-21T22:57:16.5475856+08:00	0x02	-0.3525	-0.4501	0.6046	-0.5546	273.29	11.90	69.28
2026-05-21T22:57:16.6228830+08:00	0x01	-0.1868	-0.4486	0.4416	-0.7542	317.30	44.12	42.69
2026-05-21T22:57:16.7180726+08:00	0x04	0.3064	-0.2516	-0.3107	-0.8638	31.72	19.61	316.70
2026-05-21T22:57:16.8473043+08:00	0x03	-0.1629	0.4489	0.3863	0.7891	35.55	46.97	322.85
2026-05-21T22:57:17.0814961+08:00	0x02	-0.3530	-0.4500	0.6061	-0.5528	272.62	11.38	69.35
2026-05-21T22:57:17.1594834+08:00	0x01	-0.1884	-0.4478	0.4431	-0.7535	317.07	43.89	42.89
2026-05-21T22:57:17.2978342+08:00	0x04	0.3050	-0.2527	-0.3118	-0.8636	31.81	19.75	316.81
2026-05-21T22:57:17.4001661+08:00	0x03	-0.1623	0.4503	0.3851	0.7890	35.34	47.23	322.91
2026-05-21T22:57:17.6491669+08:00	0x02	-0.3530	-0.4507	0.6067	-0.5515	272.39	11.31	69.44
2026-05-21T22:57:17.7141055+08:00	0x01	-0.1883	-0.4486	0.4433	-0.7528	317.07	44.00	42.95
2026-05-21T22:57:17.8781771+08:00	0x04	0.3040	-0.2553	-0.3146	-0.8622	32.10	19.98	316.77
2026-05-21T22:57:17.9150678+08:00	0x03	-0.1631	0.4513	0.3860	0.7879	35.40	47.33	322.74
2026-05-21T22:57:18.2343400+08:00	0x02	-0.3541	-0.4538	0.6092	-0.5455	271.17	10.69	69.92
2026-05-21T22:57:18.3841054+08:00	0x04	0.3180	-0.2596	-0.3257	-0.8517	33.65	19.52	314.69
2026-05-21T22:57:18.4552656+08:00	0x03	-0.1816	0.4513	0.3977	0.7779	36.37	46.64	320.09
2026-05-21T22:57:18.7387909+08:00	0x02	-0.3729	-0.4651	0.6149	-0.5164	263.23	4.29	73.13
2026-05-21T22:57:18.8156371+08:00	0x01	-0.2114	-0.4713	0.4584	-0.7232	316.60	46.30	47.55
2026-05-21T22:57:18.8573649+08:00	0x04	0.3206	-0.2724	-0.3306	-0.8448	33.68	21.03	313.79
2026-05-21T22:57:19.0030959+08:00	0x03	-0.1932	0.4623	0.4053	0.7647	36.47	47.86	317.92
2026-05-21T22:57:19.3058595+08:00	0x02	-0.3678	-0.4662	0.6105	-0.5241	266.92	7.65	72.70
2026-05-21T22:57:19.3816094+08:00	0x01	-0.2066	-0.4721	0.4506	-0.7290	317.76	46.96	46.60
2026-05-21T22:57:19.5850648+08:00	0x03	-0.1868	0.4597	0.4008	0.7702	36.19	47.74	318.99
2026-05-21T22:57:19.8369080+08:00	0x02	-0.3656	-0.4641	0.6114	-0.5264	267.21	7.86	72.26
2026-05-21T22:57:19.8546391+08:00	0x01	-0.2050	-0.4695	0.4490	-0.7321	317.80	46.65	46.20
2026-05-21T22:57:19.9486399+08:00	0x04	0.3172	-0.2642	-0.3313	-0.8484	34.25	19.87	314.50
2026-05-21T22:57:20.1310434+08:00	0x03	-0.1863	0.4607	0.4002	0.7700	36.07	47.91	319.03
2026-05-21T22:57:20.2972983+08:00	0x02	-0.3666	-0.4644	0.6115	-0.5254	266.85	7.53	72.39
2026-05-21T22:57:20.4650045+08:00	0x04	0.3170	-0.2622	-0.3317	-0.8489	34.44	19.54	314.58
2026-05-21T22:57:20.5009336+08:00	0x01	-0.2053	-0.4688	0.4476	-0.7333	317.98	46.62	46.12
2026-05-21T22:57:20.6718728+08:00	0x03	-0.1865	0.4602	0.3987	0.7710	35.89	47.89	319.12
2026-05-21T22:57:20.8665553+08:00	0x02	-0.3710	-0.4593	0.6136	-0.5244	264.68	4.98	72.30
2026-05-21T22:57:21.0549414+08:00	0x04	0.3182	-0.2594	-0.3322	-0.8492	34.68	19.07	314.55
2026-05-21T22:57:21.2154394+08:00	0x03	-0.1874	0.4562	0.4011	0.7720	36.39	47.17	319.06
2026-05-21T22:57:21.3935888+08:00	0x02	-0.3703	-0.4588	0.6151	-0.5235	264.18	4.64	72.19
2026-05-21T22:57:21.6178941+08:00	0x04	0.3150	-0.2512	-0.3382	-0.8504	36.06	17.60	315.11
2026-05-21T22:57:21.6331497+08:00	0x01	-0.2044	-0.4618	0.4530	-0.7347	316.71	45.21	45.94
2026-05-21T22:57:21.7486059+08:00	0x03	-0.1814	0.4521	0.4037	0.7745	37.17	46.50	319.76
2026-05-21T22:57:21.9666183+08:00	0x02	-0.3636	-0.4525	0.6209	-0.5267	263.75	4.40	70.91
2026-05-21T22:57:22.1340050+08:00	0x04	0.3156	-0.2509	-0.3344	-0.8518	35.48	17.78	315.14
2026-05-21T22:57:22.1687082+08:00	0x01	-0.1992	-0.4586	0.4540	-0.7375	316.23	44.75	45.25
2026-05-21T22:57:22.2830354+08:00	0x03	-0.1831	0.4535	0.3977	0.7763	36.21	46.96	319.83
2026-05-21T22:57:22.4822215+08:00	0x02	-0.3623	-0.4490	0.6220	-0.5294	263.79	4.23	70.42
2026-05-21T22:57:22.6158197+08:00	0x04	0.3163	-0.2549	-0.3278	-0.8530	34.23	18.75	315.04
2026-05-21T22:57:22.7145764+08:00	0x01	-0.2001	-0.4556	0.4536	-0.7393	316.15	44.28	45.18
2026-05-21T22:57:22.8677117+08:00	0x03	-0.1858	0.4560	0.3938	0.7762	35.44	47.47	319.65
2026-05-21T22:57:23.0522333+08:00	0x02	-0.3603	-0.4481	0.6241	-0.5291	263.49	4.14	70.14
2026-05-21T22:57:23.1328001+08:00	0x04	0.3168	-0.2574	-0.3284	-0.8518	34.18	19.07	314.86
2026-05-21T22:57:23.2322339+08:00	0x01	-0.2008	-0.4551	0.4539	-0.7393	316.09	44.16	45.23
2026-05-21T22:57:23.3647786+08:00	0x03	-0.1862	0.4558	0.3937	0.7762	35.42	47.45	319.61
2026-05-21T22:57:23.6419291+08:00	0x02	-0.3601	-0.4468	0.6220	-0.5328	264.47	4.72	69.96
2026-05-21T22:57:23.7009096+08:00	0x01	-0.2012	-0.4534	0.4547	-0.7398	315.88	43.85	45.23
2026-05-21T22:57:23.9527311+08:00	0x03	-0.1874	0.4557	0.3931	0.7764	35.30	47.43	319.52
2026-05-21T22:57:24.1522254+08:00	0x02	-0.3598	-0.4450	0.6226	-0.5337	264.33	4.47	69.75
2026-05-21T22:57:24.2754633+08:00	0x04	0.3173	-0.2585	-0.3252	-0.8525	33.63	19.41	314.84
2026-05-21T22:57:24.2980477+08:00	0x01	-0.2012	-0.4525	0.4557	-0.7397	315.67	43.64	45.24
2026-05-21T22:57:24.5009852+08:00	0x03	-0.1875	0.4559	0.3925	0.7765	35.20	47.49	319.53
2026-05-21T22:57:24.7328557+08:00	0x02	-0.3586	-0.4475	0.6233	-0.5316	264.28	4.80	69.91
2026-05-21T22:57:24.9034472+08:00	0x01	-0.2000	-0.4548	0.4554	-0.7388	315.82	44.05	45.21
2026-05-21T22:57:25.0151843+08:00	0x03	-0.1860	0.4555	0.3955	0.7756	35.70	47.32	319.55
2026-05-21T22:57:25.2500839+08:00	0x02	-0.3579	-0.4478	0.6234	-0.5317	264.42	5.01	69.88
2026-05-21T22:57:25.3680710+08:00	0x04	0.3172	-0.2573	-0.3282	-0.8518	34.16	19.05	314.83
2026-05-21T22:57:25.3835722+08:00	0x01	-0.2002	-0.4537	0.4559	-0.7391	315.69	43.85	45.20
2026-05-21T22:57:25.6218751+08:00	0x03	-0.1867	0.4548	0.3952	0.7760	35.66	47.22	319.51
2026-05-21T22:57:25.8270042+08:00	0x02	-0.3598	-0.4467	0.6236	-0.5311	263.84	4.29	69.94
2026-05-21T22:57:25.8811051+08:00	0x04	0.3152	-0.2587	-0.3251	-0.8533	33.58	19.51	315.08
2026-05-21T22:57:26.1534873+08:00	0x03	-0.1850	0.4559	0.3931	0.7768	35.37	47.49	319.77
2026-05-21T22:57:26.3942802+08:00	0x02	-0.3614	-0.4462	0.6234	-0.5308	263.54	3.88	70.03
2026-05-21T22:57:26.4659450+08:00	0x01	-0.2040	-0.4529	0.4563	-0.7383	315.67	43.62	45.60
2026-05-21T22:57:26.7589090+08:00	0x03	-0.1850	0.4563	0.3913	0.7775	35.11	47.62	319.86
2026-05-21T22:57:26.9063133+08:00	0x02	-0.3656	-0.4423	0.6252	-0.5290	261.76	1.83	70.03
2026-05-21T22:57:27.0361400+08:00	0x04	0.3154	-0.2596	-0.3219	-0.8541	33.04	19.83	315.10
2026-05-21T22:57:27.0740392+08:00	0x01	-0.2062	-0.4498	0.4582	-0.7384	315.22	42.96	45.79
2026-05-21T22:57:27.2864336+08:00	0x03	-0.1853	0.4585	0.3905	0.7765	34.87	48.00	319.77
2026-05-21T22:57:27.4776485+08:00	0x02	-0.3617	-0.4462	0.6255	-0.5280	262.55	3.15	70.08
2026-05-21T22:57:27.8335032+08:00	0x03	-0.1858	0.4560	0.3966	0.7747	35.84	47.35	319.49
2026-05-21T22:57:28.0460192+08:00	0x01	-0.2067	-0.4506	0.4599	-0.7367	315.01	42.98	45.97
2026-05-21T22:57:28.3052221+08:00	0x03	-0.1885	0.4520	0.3978	0.7759	36.11	46.65	319.30
2026-05-21T22:57:28.5661169+08:00	0x02	-0.3661	-0.4376	0.6279	-0.5294	260.68	0.59	69.58
2026-05-21T22:57:28.8350086+08:00	0x03	-0.1925	0.4523	0.3934	0.7769	35.35	46.85	319.08
2026-05-21T22:57:29.1591872+08:00	0x04	0.3210	-0.2585	-0.3257	-0.8509	33.73	19.27	314.38
2026-05-21T22:57:29.1591872+08:00	0x01	-0.2094	-0.4457	0.4648	-0.7359	314.00	41.85	46.26
2026-05-21T22:57:29.4537839+08:00	0x03	-0.1907	0.4557	0.3912	0.7765	34.92	47.50	319.25
2026-05-21T22:57:29.5970237+08:00	0x01	-0.2073	-0.4491	0.4637	-0.7351	314.33	42.50	46.15
2026-05-21T22:57:29.6674422+08:00	0x02	-0.3617	-0.4442	0.6262	-0.5289	262.32	2.80	69.87
2026-05-21T22:57:29.7005631+08:00	0x04	0.3173	-0.2617	-0.3235	-0.8522	33.18	19.99	314.76
2026-05-21T22:57:29.9742668+08:00	0x03	-0.1893	0.4590	0.3901	0.7754	34.65	48.06	319.33
2026-05-21T22:57:30.1671978+08:00	0x01	-0.2081	-0.4498	0.4636	-0.7345	314.40	42.60	46.28
2026-05-21T22:57:30.5519324+08:00	0x03	-0.1886	0.4596	0.3892	0.7757	34.52	48.18	319.43
2026-05-21T22:57:30.6868156+08:00	0x01	-0.2069	-0.4504	0.4633	-0.7346	314.45	42.74	46.17
2026-05-21T22:57:30.7881580+08:00	0x04	0.3169	-0.2633	-0.3225	-0.8522	32.93	20.30	314.78
2026-05-21T22:57:31.1078799+08:00	0x03	-0.1877	0.4591	0.3889	0.7763	34.53	48.14	319.56
2026-05-21T22:57:31.2564522+08:00	0x01	-0.2064	-0.4518	0.4629	-0.7342	314.60	43.00	46.17
2026-05-21T22:57:31.6441953+08:00	0x03	-0.1869	0.4602	0.3913	0.7747	34.84	48.21	319.47
2026-05-21T22:57:31.7701488+08:00	0x04	0.3159	-0.2631	-0.3281	-0.8505	33.82	19.94	314.76
2026-05-21T22:57:31.7981305+08:00	0x01	-0.2062	-0.4529	0.4638	-0.7330	314.51	43.12	46.25
2026-05-21T22:57:31.8969260+08:00	0x02	-0.3636	-0.4519	0.6262	-0.5210	261.46	2.72	70.89
2026-05-21T22:57:32.1712422+08:00	0x03	-0.1865	0.4623	0.3932	0.7726	35.01	48.46	319.33
2026-05-21T22:57:32.2838511+08:00	0x04	0.3132	-0.2676	-0.3267	-0.8506	33.33	20.78	314.95
2026-05-21T22:57:32.3732654+08:00	0x02	-0.3645	-0.4547	0.6291	-0.5143	259.70	1.63	71.28
2026-05-21T22:57:32.7298096+08:00	0x03	-0.1846	0.4680	0.3884	0.7720	34.11	49.56	319.56
2026-05-21T22:57:32.8718227+08:00	0x04	0.3111	-0.2705	-0.3255	-0.8509	32.98	21.33	315.12
2026-05-21T22:57:32.9992519+08:00	0x02	-0.3628	-0.4585	0.6269	-0.5149	261.04	3.11	71.53
2026-05-21T22:57:33.2483776+08:00	0x03	-0.1858	0.4689	0.3893	0.7708	34.14	49.65	319.35
2026-05-21T22:57:33.4359084+08:00	0x04	0.3122	-0.2708	-0.3265	-0.8501	33.11	21.29	314.96
2026-05-21T22:57:33.4575137+08:00	0x01	-0.2039	-0.4573	0.4634	-0.7311	314.79	43.90	46.22
2026-05-21T22:57:33.7850869+08:00	0x03	-0.1852	0.4677	0.3896	0.7715	34.28	49.46	319.45
2026-05-21T22:57:33.9668993+08:00	0x04	0.3122	-0.2708	-0.3256	-0.8504	32.97	21.34	314.98
2026-05-21T22:57:33.9838512+08:00	0x02	-0.3635	-0.4575	0.6269	-0.5153	260.89	2.84	71.48
2026-05-21T22:57:34.3926738+08:00	0x03	-0.1844	0.4680	0.3905	0.7710	34.41	49.47	319.47
2026-05-21T22:57:34.5267309+08:00	0x04	0.3173	-0.2731	-0.3308	-0.8458	33.67	21.21	314.16
2026-05-21T22:57:34.5815870+08:00	0x01	-0.2052	-0.4580	0.4646	-0.7295	314.65	43.91	46.47
2026-05-21T22:57:34.9157729+08:00	0x03	-0.1932	0.4665	0.3950	0.7675	34.78	48.99	318.31
2026-05-21T22:57:35.1081147+08:00	0x04	0.3160	-0.2694	-0.3319	-0.8470	34.06	20.63	314.42
2026-05-21T22:57:35.1300616+08:00	0x01	-0.2121	-0.4614	0.4598	-0.7285	315.77	44.58	47.16
2026-05-21T22:57:35.4731067+08:00	0x03	-0.1887	0.4653	0.3930	0.7703	34.75	48.91	318.97
2026-05-21T22:57:35.6270058+08:00	0x04	0.3149	-0.2687	-0.3311	-0.8479	33.96	20.61	314.60
2026-05-21T22:57:35.9876301+08:00	0x03	-0.1910	0.4646	0.3923	0.7706	34.59	48.81	318.79
2026-05-21T22:57:36.1188613+08:00	0x02	-0.3700	-0.4612	0.6255	-0.5090	259.20	1.26	72.50
2026-05-21T22:57:36.1911826+08:00	0x04	0.3165	-0.2689	-0.3297	-0.8478	33.74	20.69	314.44
2026-05-21T22:57:36.5430844+08:00	0x03	-0.1902	0.4646	0.3932	0.7703	34.75	48.78	318.82
2026-05-21T22:57:36.6411481+08:00	0x02	-0.3689	-0.4628	0.6257	-0.5081	259.35	1.64	72.57
2026-05-21T22:57:36.7050008+08:00	0x04	0.3159	-0.2692	-0.3325	-0.8469	34.16	20.56	314.43
2026-05-21T22:57:37.1233718+08:00	0x03	-0.1900	0.4631	0.3972	0.7692	35.40	48.38	318.68
2026-05-21T22:57:37.2142806+08:00	0x02	-0.3690	-0.4615	0.6265	-0.5083	259.05	1.29	72.44
2026-05-21T22:57:37.3008401+08:00	0x04	0.3179	-0.2670	-0.3353	-0.8457	34.73	19.99	314.22
2026-05-21T22:57:37.6523153+08:00	0x03	-0.1937	0.4636	0.3951	0.7690	34.94	48.52	318.37
2026-05-21T22:57:37.7352069+08:00	0x02	-0.3702	-0.4612	0.6257	-0.5087	259.05	1.13	72.51
2026-05-21T22:57:37.8018167+08:00	0x04	0.3182	-0.2680	-0.3318	-0.8467	34.13	20.36	314.22
2026-05-21T22:57:38.1902744+08:00	0x03	-0.1931	0.4637	0.3955	0.7690	35.02	48.51	318.42
2026-05-21T22:57:38.3052825+08:00	0x02	-0.3695	-0.4630	0.6242	-0.5094	259.91	2.00	72.64
2026-05-21T22:57:38.3893151+08:00	0x04	0.3170	-0.2675	-0.3316	-0.8474	34.12	20.33	314.39
2026-05-21T22:57:38.6936867+08:00	0x03	-0.1929	0.4627	0.3952	0.7698	35.03	48.39	318.49
2026-05-21T22:57:38.8868849+08:00	0x02	-0.3707	-0.4619	0.6244	-0.5094	259.50	1.47	72.62
2026-05-21T22:57:39.2773605+08:00	0x03	-0.1933	0.4636	0.3946	0.7695	34.88	48.54	318.45
2026-05-21T22:57:39.4062741+08:00	0x02	-0.3706	-0.4622	0.6251	-0.5082	259.13	1.23	72.66
2026-05-21T22:57:39.4788973+08:00	0x04	0.3167	-0.2687	-0.3311	-0.8473	33.97	20.56	314.39
2026-05-21T22:57:39.8698790+08:00	0x03	-0.1930	0.4630	0.3972	0.7685	35.29	48.35	318.36
2026-05-21T22:57:39.8899698+08:00	0x01	-0.2116	-0.4595	0.4609	-0.7291	315.47	44.22	47.06
2026-05-21T22:57:39.9688934+08:00	0x02	-0.3702	-0.4607	0.6266	-0.5081	258.66	0.80	72.46
2026-05-21T22:57:40.0592080+08:00	0x04	0.3179	-0.2662	-0.3337	-0.8466	34.53	19.98	314.28
2026-05-21T22:57:40.4029952+08:00	0x03	-0.1956	0.4623	0.3970	0.7683	35.21	48.22	318.11
2026-05-21T22:57:40.4727221+08:00	0x01	-0.2130	-0.4581	0.4604	-0.7299	315.50	44.00	47.12
2026-05-21T22:57:40.5571742+08:00	0x04	0.3190	-0.2688	-0.3307	-0.8465	33.92	20.52	314.12
2026-05-21T22:57:40.9859886+08:00	0x03	-0.1942	0.4641	0.3939	0.7692	34.73	48.65	318.36
2026-05-21T22:57:41.0692397+08:00	0x02	-0.3724	-0.4612	0.6256	-0.5072	258.33	0.36	72.70
2026-05-21T22:57:41.4854879+08:00	0x03	-0.1973	0.4672	0.3972	0.7649	34.90	48.97	317.70
2026-05-21T22:57:41.6367870+08:00	0x02	-0.3783	-0.4580	0.6319	-0.4978	253.28	355.70	72.83
2026-05-21T22:57:42.0214562+08:00	0x03	-0.2177	0.4570	0.4014	0.7633	35.37	47.01	315.63
2026-05-21T22:57:42.1538039+08:00	0x02	-0.3962	-0.4574	0.6332	-0.4826	245.04	347.32	74.08
2026-05-21T22:57:42.2366323+08:00	0x04	0.3576	-0.3025	-0.2984	-0.8316	26.32	27.30	309.16
2026-05-21T22:57:42.5533969+08:00	0x03	-0.2678	0.4782	0.4239	0.7211	35.53	49.21	307.66
2026-05-21T22:57:42.7065935+08:00	0x04	0.3761	-0.2990	-0.3207	-0.8163	30.28	24.64	306.32
2026-05-21T22:57:43.1004911+08:00	0x03	-0.2857	0.4790	0.4261	0.7124	35.13	49.27	305.40
2026-05-21T22:57:43.2410546+08:00	0x01	-0.2867	-0.4558	0.4724	-0.6978	314.37	41.00	56.18
2026-05-21T22:57:43.6221560+08:00	0x03	-0.2982	0.4732	0.4253	0.7115	35.05	48.28	304.22
2026-05-21T22:57:43.7879160+08:00	0x04	0.4043	-0.2934	-0.3208	-0.8047	30.85	23.01	302.97
2026-05-21T22:57:43.8289268+08:00	0x01	-0.2850	-0.4582	0.4666	-0.7008	315.68	42.02	55.80
2026-05-21T22:57:44.1701987+08:00	0x03	-0.3122	0.4664	0.4281	0.7083	35.70	46.77	302.69
2026-05-21T22:57:44.2916718+08:00	0x02	-0.4872	-0.3934	0.6670	-0.4037	203.06	302.99	66.66
2026-05-21T22:57:44.3588801+08:00	0x04	0.4137	-0.2873	-0.3365	-0.7957	34.62	19.95	301.61
2026-05-21T22:57:44.7560878+08:00	0x03	-0.2928	0.4816	0.4397	0.6993	36.99	48.77	303.60
2026-05-21T22:57:44.8166938+08:00	0x02	-0.4743	-0.4022	0.6793	-0.3897	201.63	304.39	66.36
2026-05-21T22:57:44.8929775+08:00	0x04	0.3975	-0.2945	-0.3311	-0.8035	32.67	22.36	303.51
2026-05-21T22:57:45.2130179+08:00	0x03	-0.3024	0.4757	0.4364	0.7013	36.64	47.89	302.93
2026-05-21T22:57:45.3812429+08:00	0x02	-0.4852	-0.3876	0.6788	-0.3919	201.69	302.81	65.02
2026-05-21T22:57:45.7868350+08:00	0x03	-0.3029	0.4773	0.4381	0.6989	36.77	48.07	302.68
2026-05-21T22:57:45.9540680+08:00	0x02	-0.4810	-0.3880	0.6814	-0.3921	202.37	303.91	64.96
2026-05-21T22:57:46.3298433+08:00	0x03	-0.2985	0.4811	0.4410	0.6964	37.08	48.57	302.85
2026-05-21T22:57:46.4778868+08:00	0x01	-0.2636	-0.4771	0.4761	-0.6901	315.16	45.13	54.90
2026-05-21T22:57:46.5068711+08:00	0x02	-0.4810	-0.3894	0.6802	-0.3929	202.40	303.91	65.18
2026-05-21T22:57:46.8726423+08:00	0x03	-0.2911	0.4842	0.4373	0.6997	36.37	49.48	303.82
2026-05-21T22:57:46.9379226+08:00	0x02	-0.4813	-0.3919	0.6779	-0.3941	202.33	303.75	65.59
2026-05-21T22:57:46.9715629+08:00	0x01	-0.2629	-0.4803	0.4724	-0.6907	316.09	46.04	54.78
2026-05-21T22:57:47.1370810+08:00	0x04	0.3915	-0.2859	-0.3518	-0.8008	37.29	18.99	304.09
2026-05-21T22:57:47.3368649+08:00	0x03	-0.2825	0.4889	0.4429	0.6964	37.24	49.94	304.26
2026-05-21T22:57:47.5581947+08:00	0x01	-0.2581	-0.4923	0.4720	-0.6843	317.07	48.39	54.88
2026-05-21T22:57:47.5851199+08:00	0x02	-0.4767	-0.4015	0.6786	-0.3886	201.06	303.66	66.27
2026-05-21T22:57:47.9368378+08:00	0x03	-0.2920	0.4865	0.4430	0.6941	37.12	49.49	303.23
2026-05-21T22:57:48.1201036+08:00	0x04	0.3585	-0.2960	-0.3584	-0.8096	37.14	21.38	307.57
2026-05-21T22:57:48.1608840+08:00	0x01	-0.2489	-0.4933	0.4723	-0.6867	316.84	48.64	53.89
2026-05-21T22:57:48.1608840+08:00	0x02	-0.4708	-0.4002	0.6835	-0.3885	202.20	305.38	65.92
2026-05-21T22:57:48.4673533+08:00	0x03	-0.2916	0.4879	0.4351	0.6983	35.59	50.41	303.71
2026-05-21T22:57:48.6549044+08:00	0x01	-0.2568	-0.4804	0.4639	-0.6986	317.47	46.80	53.57
2026-05-21T22:57:49.0042498+08:00	0x03	-0.3245	0.4653	0.4179	0.7096	33.48	47.52	301.84
2026-05-21T22:57:49.1055824+08:00	0x01	-0.2829	-0.4575	0.4603	-0.7062	316.76	42.48	55.17
2026-05-21T22:57:49.2041795+08:00	0x04	0.4434	-0.2660	-0.3501	-0.7811	40.69	12.73	298.49
2026-05-21T22:57:49.5450032+08:00	0x03	-0.3352	0.4580	0.4127	0.7125	32.88	46.58	301.17
2026-05-21T22:57:49.6859391+08:00	0x01	-0.2933	-0.4496	0.4623	-0.7057	315.85	40.63	56.07
2026-05-21T22:57:49.7285473+08:00	0x04	0.4404	-0.2658	-0.3478	-0.7839	40.05	13.19	298.92
2026-05-21T22:57:50.0886783+08:00	0x03	-0.3268	0.4635	0.4147	0.7116	33.00	47.44	301.84
2026-05-21T22:57:50.3082778+08:00	0x04	0.4287	-0.2677	-0.3513	-0.7881	40.06	13.86	300.25
2026-05-21T22:57:50.3349930+08:00	0x01	-0.2934	-0.4524	0.4707	-0.6983	314.47	40.36	56.69
2026-05-21T22:57:50.6241746+08:00	0x03	-0.3350	0.4572	0.4239	0.7065	35.11	45.35	300.58
2026-05-21T22:57:50.7778889+08:00	0x01	-0.2941	-0.4568	0.4763	-0.6914	313.77	40.64	57.33
2026-05-21T22:57:50.8841464+08:00	0x04	0.4136	-0.2706	-0.3512	-0.7952	39.15	15.29	302.02
2026-05-21T22:57:51.1539136+08:00	0x03	-0.3303	0.4616	0.4263	0.7043	35.25	46.03	300.81
2026-05-21T22:57:51.3714288+08:00	0x02	-0.5182	-0.3510	0.6784	-0.3847	199.08	296.57	61.04
2026-05-21T22:57:51.7050236+08:00	0x03	-0.3272	0.4639	0.4237	0.7058	34.61	46.73	301.23
2026-05-21T22:57:51.8721996+08:00	0x01	-0.2964	-0.4525	0.4771	-0.6927	313.22	39.67	57.39
2026-05-21T22:57:51.8880545+08:00	0x02	-0.5198	-0.3470	0.6791	-0.3849	199.28	296.48	60.63
2026-05-21T22:57:51.9550768+08:00	0x04	0.4125	-0.2717	-0.3500	-0.7959	38.77	15.69	302.13
2026-05-21T22:57:52.2475947+08:00	0x03	-0.3283	0.4633	0.4233	0.7060	34.56	46.64	301.16
2026-05-21T22:57:52.4548566+08:00	0x01	-0.2992	-0.4504	0.4770	-0.6929	313.05	39.20	57.60
2026-05-21T22:57:52.4718012+08:00	0x02	-0.5227	-0.3444	0.6781	-0.3851	199.18	295.98	60.42
2026-05-21T22:57:52.5417137+08:00	0x04	0.4118	-0.2712	-0.3496	-0.7966	38.70	15.68	302.24
2026-05-21T22:57:52.8210704+08:00	0x03	-0.3265	0.4627	0.4230	0.7074	34.62	46.55	301.42
2026-05-21T22:57:52.9382265+08:00	0x02	-0.5221	-0.3452	0.6788	-0.3841	199.03	296.02	60.42
2026-05-21T22:57:53.0547457+08:00	0x04	0.3922	-0.2714	-0.3426	-0.8094	36.75	17.38	304.83
2026-05-21T22:57:53.0931816+08:00	0x01	-0.2985	-0.4512	0.4786	-0.6916	312.81	39.22	57.65
2026-05-21T22:57:53.3152761+08:00	0x03	-0.3211	0.4660	0.4236	0.7074	34.60	47.12	301.90
2026-05-21T22:57:53.5446477+08:00	0x01	-0.2983	-0.4519	0.4804	-0.6899	312.50	39.17	57.76
2026-05-21T22:57:53.5635969+08:00	0x02	-0.5216	-0.3446	0.6803	-0.3825	198.92	296.08	60.22
2026-05-21T22:57:53.6379012+08:00	0x04	0.4054	-0.2588	-0.3457	-0.8057	38.77	14.28	303.67
2026-05-21T22:57:54.0214938+08:00	0x02	-0.5204	-0.3482	0.6793	-0.3828	198.75	296.13	60.62
2026-05-21T22:57:54.0389972+08:00	0x03	-0.3154	0.4655	0.4223	0.7110	34.62	47.10	302.69
2026-05-21T22:57:54.2602518+08:00	0x04	0.4016	-0.2646	-0.3457	-0.8057	38.16	15.47	303.89
2026-05-21T22:57:54.3888120+08:00	0x03	-0.3157	0.4648	0.4239	0.7104	34.98	46.82	302.59
2026-05-21T22:57:54.6321774+08:00	0x01	-0.2951	-0.4533	0.4818	-0.6894	312.34	39.39	57.53
2026-05-21T22:57:54.6613084+08:00	0x02	-0.5118	-0.3452	0.6797	-0.3961	202.47	299.39	61.01
2026-05-21T22:57:54.8386555+08:00	0x04	0.4165	-0.2578	-0.3510	-0.7980	40.36	12.89	302.24
2026-05-21T22:57:54.9779277+08:00	0x03	-0.3088	0.4672	0.4231	0.7123	34.86	47.31	303.36
2026-05-21T22:57:55.1146165+08:00	0x02	-0.5021	-0.3498	0.6726	-0.4161	207.00	303.15	62.68
2026-05-21T22:57:55.2892255+08:00	0x04	0.4162	-0.2659	-0.3544	-0.7940	40.32	13.96	301.85
2026-05-21T22:57:55.4558710+08:00	0x03	-0.3196	0.4620	0.4225	0.7113	34.87	46.39	302.33
2026-05-21T22:57:55.6729212+08:00	0x01	-0.2937	-0.4520	0.4786	-0.6931	312.86	39.51	57.12
2026-05-21T22:57:55.7058322+08:00	0x02	-0.5076	-0.3465	0.6758	-0.4068	204.80	301.17	61.81
2026-05-21T22:57:55.8226256+08:00	0x04	0.4189	-0.2656	-0.3541	-0.7929	40.40	13.77	301.53
2026-05-21T22:57:56.0653555+08:00	0x03	-0.3187	0.4622	0.4213	0.7123	34.66	46.52	302.50
2026-05-21T22:57:56.2891311+08:00	0x01	-0.2978	-0.4502	0.4816	-0.6904	312.12	38.76	57.65
2026-05-21T22:57:56.3220390+08:00	0x02	-0.5176	-0.3395	0.6779	-0.3965	202.25	298.37	60.55
2026-05-21T22:57:56.3896038+08:00	0x04	0.4172	-0.2678	-0.3601	-0.7903	41.36	13.58	301.54
2026-05-21T22:57:56.5896874+08:00	0x03	-0.3159	0.4666	0.4266	0.7074	35.28	46.95	302.31
2026-05-21T22:57:56.7893943+08:00	0x02	-0.5172	-0.3412	0.6814	-0.3896	201.01	297.88	60.23
2026-05-21T22:57:57.0272890+08:00	0x04	0.4159	-0.2691	-0.3661	-0.7878	42.45	13.20	301.54
2026-05-21T22:57:57.1224665+08:00	0x03	-0.3147	0.4683	0.4279	0.7061	35.38	47.18	302.31
2026-05-21T22:57:57.2931405+08:00	0x02	-0.5166	-0.3450	0.6819	-0.3862	200.16	297.52	60.40
2026-05-21T22:57:57.4727852+08:00	0x04	0.4081	-0.2689	-0.3654	-0.7922	41.96	13.75	302.53
2026-05-21T22:57:57.6053576+08:00	0x03	-0.3148	0.4667	0.4292	0.7063	35.79	46.73	302.29
2026-05-21T22:57:57.8599336+08:00	0x01	-0.2966	-0.4543	0.4856	-0.6855	311.66	39.14	57.97
2026-05-21T22:57:57.8869014+08:00	0x02	-0.5210	-0.3456	0.6795	-0.3840	199.13	296.26	60.43
2026-05-21T22:57:58.0547029+08:00	0x04	0.4127	-0.2676	-0.3601	-0.7927	41.19	13.82	302.11
2026-05-21T22:57:58.1610856+08:00	0x03	-0.3180	0.4630	0.4258	0.7094	35.45	46.29	302.28
2026-05-21T22:57:58.3448151+08:00	0x02	-0.5241	-0.3432	0.6777	-0.3850	199.10	295.73	60.32
2026-05-21T22:57:58.4381032+08:00	0x01	-0.3001	-0.4508	0.4821	-0.6887	312.07	38.73	57.99
2026-05-21T22:57:58.5898469+08:00	0x04	0.4151	-0.2677	-0.3573	-0.7927	40.72	14.00	301.85
2026-05-21T22:57:58.6939653+08:00	0x03	-0.3203	0.4606	0.4240	0.7110	35.28	45.97	302.22
2026-05-21T22:57:58.8562474+08:00	0x02	-0.5237	-0.3421	0.6788	-0.3846	199.21	295.89	60.14
2026-05-21T22:57:58.9569511+08:00	0x01	-0.2984	-0.4521	0.4830	-0.6879	311.99	38.94	57.92
2026-05-21T22:57:59.0570975+08:00	0x04	0.4134	-0.2688	-0.3576	-0.7931	40.60	14.27	302.01
2026-05-21T22:57:59.2231570+08:00	0x03	-0.3178	0.4615	0.4248	0.7110	35.41	46.08	302.43
2026-05-21T22:57:59.4391322+08:00	0x02	-0.5238	-0.3425	0.6786	-0.3846	199.16	295.84	60.19
2026-05-21T22:57:59.5231716+08:00	0x01	-0.2983	-0.4517	0.4830	-0.6882	311.96	38.87	57.89
2026-05-21T22:57:59.6728245+08:00	0x04	0.4127	-0.2690	-0.3565	-0.7939	40.32	14.48	302.11
2026-05-21T22:57:59.7578936+08:00	0x03	-0.3197	0.4607	0.4252	0.7105	35.51	45.88	302.21
2026-05-21T22:57:59.9568249+08:00	0x02	-0.5240	-0.3421	0.6789	-0.3841	199.10	295.80	60.11
2026-05-21T22:58:00.0936294+08:00	0x01	-0.2972	-0.4535	0.4829	-0.6876	312.13	39.24	57.85
2026-05-21T22:58:00.1423682+08:00	0x04	0.4133	-0.2689	-0.3579	-0.7930	40.65	14.26	302.01
2026-05-21T22:58:00.2942997+08:00	0x03	-0.3199	0.4609	0.4265	0.7094	35.72	45.81	302.10
2026-05-21T22:58:00.5232527+08:00	0x02	-0.5237	-0.3429	0.6794	-0.3829	198.86	295.72	60.10
2026-05-21T22:58:00.6084876+08:00	0x01	-0.2970	-0.4549	0.4835	-0.6863	312.14	39.46	57.95
2026-05-21T22:58:00.6597890+08:00	0x04	0.4138	-0.2683	-0.3592	-0.7923	40.99	13.98	301.95
2026-05-21T22:58:00.8398324+08:00	0x03	-0.3180	0.4620	0.4278	0.7088	35.90	45.92	302.21
2026-05-21T22:58:01.0069716+08:00	0x02	-0.5204	-0.3443	0.6800	-0.3850	199.50	296.55	60.34
2026-05-21T22:58:01.1908248+08:00	0x01	-0.2963	-0.4546	0.4835	-0.6868	312.11	39.42	57.85
2026-05-21T22:58:01.2356902+08:00	0x04	0.4096	-0.2686	-0.3581	-0.7949	40.55	14.42	302.49
2026-05-21T22:58:01.3729198+08:00	0x03	-0.3173	0.4617	0.4282	0.7090	36.04	45.82	302.28
2026-05-21T22:58:01.5241825+08:00	0x02	-0.5190	-0.3468	0.6798	-0.3851	199.46	296.73	60.59
2026-05-21T22:58:01.7611138+08:00	0x01	-0.2945	-0.4554	0.4835	-0.6871	312.18	39.63	57.68
2026-05-21T22:58:01.8088664+08:00	0x04	0.4082	-0.2702	-0.3574	-0.7954	40.24	14.84	302.59
2026-05-21T22:58:01.9068300+08:00	0x03	-0.3162	0.4624	0.4282	0.7091	36.01	45.95	302.38
2026-05-21T22:58:02.0936125+08:00	0x02	-0.5218	-0.3424	0.6804	-0.3841	199.38	296.31	60.09
2026-05-21T22:58:02.3191292+08:00	0x04	0.4151	-0.2695	-0.3543	-0.7935	39.93	14.67	301.83
2026-05-21T22:58:02.4516211+08:00	0x03	-0.3219	0.4594	0.4251	0.7104	35.55	45.64	302.02
2026-05-21T22:58:02.6241588+08:00	0x02	-0.5258	-0.3393	0.6780	-0.3856	199.37	295.66	59.95
2026-05-21T22:58:02.8568562+08:00	0x01	-0.2989	-0.4505	0.4810	-0.6902	312.26	38.82	57.77
2026-05-21T22:58:03.0756512+08:00	0x02	-0.5251	-0.3390	0.6790	-0.3852	199.43	295.82	59.86
2026-05-21T22:58:03.2461993+08:00	0x03	-0.3243	0.4579	0.4260	0.7097	35.79	45.26	301.73
2026-05-21T22:58:03.3853201+08:00	0x01	-0.2985	-0.4509	0.4810	-0.6901	312.30	38.92	57.76
2026-05-21T22:58:03.5909186+08:00	0x03	-0.3237	0.4581	0.4246	0.7107	35.53	45.43	301.88
2026-05-21T22:58:03.6569915+08:00	0x02	-0.5256	-0.3390	0.6780	-0.3861	199.50	295.75	59.95
2026-05-21T22:58:03.9569904+08:00	0x01	-0.3013	-0.4492	0.4815	-0.6896	312.04	38.45	58.02
2026-05-21T22:58:04.0743077+08:00	0x03	-0.3248	0.4582	0.4248	0.7100	35.53	45.42	301.74
2026-05-21T22:58:04.2785031+08:00	0x02	-0.5261	-0.3377	0.6794	-0.3842	199.28	295.62	59.67
2026-05-21T22:58:04.4262710+08:00	0x01	-0.3000	-0.4513	0.4834	-0.6875	311.85	38.70	58.08
2026-05-21T22:58:04.5581185+08:00	0x04	0.4145	-0.2691	-0.3535	-0.7942	39.79	14.71	301.93
2026-05-21T22:58:04.6076094+08:00	0x03	-0.3223	0.4598	0.4265	0.7091	35.75	45.60	301.87
2026-05-21T22:58:04.7412639+08:00	0x02	-0.5239	-0.3398	0.6792	-0.3856	199.59	296.09	59.96
2026-05-21T22:58:04.9746215+08:00	0x04	0.4108	-0.2700	-0.3505	-0.7972	38.94	15.43	302.41
2026-05-21T22:58:05.1942605+08:00	0x03	-0.3192	0.4615	0.4231	0.7114	35.05	46.23	302.36
2026-05-21T22:58:05.2571045+08:00	0x02	-0.5241	-0.3386	0.6790	-0.3869	199.88	296.21	59.92
2026-05-21T22:58:05.5073064+08:00	0x01	-0.2992	-0.4496	0.4832	-0.6891	311.73	38.43	57.87
2026-05-21T22:58:05.7244420+08:00	0x03	-0.3190	0.4618	0.4234	0.7111	35.08	46.27	302.35
2026-05-21T22:58:05.8458727+08:00	0x02	-0.5198	-0.3409	0.6807	-0.3876	200.36	297.14	60.12
2026-05-21T22:58:06.0753829+08:00	0x04	0.4071	-0.2737	-0.3504	-0.7978	38.50	16.27	302.71
2026-05-21T22:58:06.1132832+08:00	0x01	-0.2954	-0.4533	0.4844	-0.6875	311.81	39.12	57.70
2026-05-21T22:58:06.2746626+08:00	0x03	-0.3148	0.4644	0.4249	0.7104	35.24	46.65	302.65
2026-05-21T22:58:06.3618647+08:00	0x02	-0.5187	-0.3407	0.6826	-0.3860	200.26	297.30	59.94
2026-05-21T22:58:06.6079116+08:00	0x01	-0.2941	-0.4546	0.4845	-0.6871	311.91	39.39	57.63
2026-05-21T22:58:06.8576164+08:00	0x03	-0.3119	0.4665	0.4228	0.7116	34.74	47.22	303.03
2026-05-21T22:58:06.9281216+08:00	0x02	-0.5203	-0.3400	0.6821	-0.3853	200.01	296.93	59.86
2026-05-21T22:58:07.1082831+08:00	0x04	0.4074	-0.2741	-0.3525	-0.7966	38.87	16.11	302.61
2026-05-21T22:58:07.3910941+08:00	0x03	-0.3145	0.4650	0.4252	0.7100	35.23	46.74	302.65
2026-05-21T22:58:07.5081097+08:00	0x02	-0.5210	-0.3412	0.6815	-0.3842	199.62	296.60	59.94
2026-05-21T22:58:07.6429127+08:00	0x01	-0.2974	-0.4537	0.4843	-0.6864	311.87	39.14	57.97
2026-05-21T22:58:07.9440798+08:00	0x03	-0.3138	0.4639	0.4233	0.7121	35.04	46.67	302.89
2026-05-21T22:58:08.0251643+08:00	0x02	-0.5219	-0.3422	0.6796	-0.3856	199.63	296.41	60.18
2026-05-21T22:58:08.1967138+08:00	0x04	0.4074	-0.2702	-0.3493	-0.7994	38.58	15.77	302.85
2026-05-21T22:58:08.4781502+08:00	0x03	-0.3161	0.4628	0.4221	0.7126	34.84	46.56	302.74
2026-05-21T22:58:08.5957347+08:00	0x02	-0.5243	-0.3384	0.6795	-0.3858	199.71	296.11	59.82
2026-05-21T22:58:08.7417726+08:00	0x01	-0.2983	-0.4529	0.4797	-0.6898	312.75	39.44	57.78
2026-05-21T22:58:09.0122067+08:00	0x03	-0.3165	0.4627	0.4226	0.7122	34.93	46.50	302.67
2026-05-21T22:58:09.1734678+08:00	0x02	-0.5221	-0.3391	0.6812	-0.3853	199.86	296.56	59.80
2026-05-21T22:58:09.2560649+08:00	0x01	-0.2954	-0.4544	0.4817	-0.6886	312.46	39.60	57.63
2026-05-21T22:58:09.6078593+08:00	0x03	-0.3154	0.4651	0.4249	0.7097	35.14	46.78	302.55
2026-05-21T22:58:09.6919058+08:00	0x02	-0.5220	-0.3389	0.6823	-0.3837	199.63	296.49	59.65
2026-05-21T22:58:09.8365512+08:00	0x01	-0.2958	-0.4549	0.4833	-0.6870	312.18	39.52	57.79
2026-05-21T22:58:10.0927161+08:00	0x03	-0.3171	0.4646	0.4259	0.7087	35.32	46.60	302.31
2026-05-21T22:58:10.2643613+08:00	0x02	-0.5237	-0.3374	0.6816	-0.3838	199.57	296.19	59.53
2026-05-21T22:58:10.4036211+08:00	0x01	-0.2976	-0.4528	0.4831	-0.6877	312.03	39.08	57.88
2026-05-21T22:58:10.6274642+08:00	0x03	-0.3197	0.4628	0.4247	0.7095	35.19	46.35	302.16
2026-05-21T22:58:10.7823268+08:00	0x02	-0.5236	-0.3381	0.6806	-0.3851	199.70	296.24	59.72
2026-05-21T22:58:11.0278509+08:00	0x01	-0.2979	-0.4526	0.4826	-0.6881	312.12	39.09	57.87
2026-05-21T22:58:11.2120931+08:00	0x03	-0.3197	0.4618	0.4244	0.7102	35.25	46.17	302.21
2026-05-21T22:58:11.3497528+08:00	0x02	-0.5226	-0.3392	0.6806	-0.3854	199.78	296.42	59.84
2026-05-21T22:58:11.4977046+08:00	0x01	-0.2968	-0.4534	0.4828	-0.6879	312.14	39.25	57.80
2026-05-21T22:58:11.5822961+08:00	0x04	0.4108	-0.2745	-0.3454	-0.7979	37.52	16.78	302.32
2026-05-21T22:58:11.7510501+08:00	0x03	-0.3181	0.4623	0.4246	0.7105	35.28	46.27	302.37
2026-05-21T22:58:11.9277500+08:00	0x02	-0.5222	-0.3395	0.6808	-0.3854	199.82	296.51	59.86
2026-05-21T22:58:12.0808099+08:00	0x01	-0.2962	-0.4537	0.4835	-0.6875	312.04	39.26	57.78
2026-05-21T22:58:12.2903374+08:00	0x03	-0.3171	0.4630	0.4244	0.7106	35.20	46.42	302.48
2026-05-21T22:58:12.4428782+08:00	0x02	-0.5219	-0.3400	0.6810	-0.3852	199.77	296.53	59.89
2026-05-21T22:58:12.5974312+08:00	0x01	-0.2957	-0.4551	0.4830	-0.6872	312.25	39.58	57.78
2026-05-21T22:58:12.7421577+08:00	0x04	0.4113	-0.2740	-0.3484	-0.7965	38.19	16.34	302.21
2026-05-21T22:58:12.8332310+08:00	0x03	-0.3168	0.4639	0.4258	0.7093	35.37	46.48	302.39
2026-05-21T22:58:13.0193490+08:00	0x02	-0.5236	-0.3403	0.6803	-0.3838	199.28	296.00	59.87
2026-05-21T22:58:13.1586108+08:00	0x01	-0.2994	-0.4532	0.4831	-0.6867	312.07	39.10	58.12
2026-05-21T22:58:13.5465476+08:00	0x02	-0.5283	-0.3353	0.6821	-0.3784	198.33	294.92	59.01
2026-05-21T22:58:13.6829102+08:00	0x03	-0.3175	0.4647	0.4248	0.7091	35.08	46.74	302.32
2026-05-21T22:58:13.7188107+08:00	0x04	0.4084	-0.2732	-0.3506	-0.7973	38.61	16.10	302.57
2026-05-21T22:58:13.9148291+08:00	0x03	-0.3133	0.4668	0.4268	0.7084	35.40	46.95	302.61
2026-05-21T22:58:14.0177201+08:00	0x02	-0.5281	-0.3368	0.6827	-0.3763	197.89	294.74	59.02
2026-05-21T22:58:14.2615384+08:00	0x01	-0.2959	-0.4564	0.4835	-0.6859	312.26	39.77	57.90
2026-05-21T22:58:14.2831428+08:00	0x03	-0.3175	0.4647	0.4248	0.7091	35.08	46.74	302.32
2026-05-21T22:58:14.4507534+08:00	0x03	-0.3136	0.4666	0.4267	0.7084	35.38	46.93	302.60
2026-05-21T22:58:14.5885287+08:00	0x02	-0.5288	-0.3370	0.6818	-0.3768	197.85	294.59	59.09
2026-05-21T22:58:14.7788255+08:00	0x03	-0.3175	0.4647	0.4248	0.7091	35.08	46.74	302.32
2026-05-21T22:58:14.8134640+08:00	0x04	0.4102	-0.2725	-0.3510	-0.7964	38.82	15.84	302.36
2026-05-21T22:58:15.0306140+08:00	0x03	-0.3141	0.4660	0.4264	0.7087	35.37	46.84	302.58
2026-05-21T22:58:15.0941618+08:00	0x02	-0.5291	-0.3364	0.6822	-0.3762	197.77	294.51	58.99
2026-05-21T22:58:15.2985090+08:00	0x01	-0.2965	-0.4570	0.4822	-0.6861	312.61	40.02	57.95
2026-05-21T22:58:15.3433252+08:00	0x04	0.4108	-0.2723	-0.3529	-0.7954	39.23	15.57	302.26
2026-05-21T22:58:15.3952754+08:00	0x03	-0.3175	0.4647	0.4248	0.7091	35.08	46.74	302.32
2026-05-21T22:58:15.5654093+08:00	0x03	-0.3136	0.4672	0.4270	0.7079	35.39	47.01	302.55
2026-05-21T22:58:15.6762346+08:00	0x02	-0.5293	-0.3353	0.6834	-0.3746	197.62	294.45	58.75
2026-05-21T22:58:15.9130082+08:00	0x04	0.4117	-0.2724	-0.3534	-0.7946	39.35	15.48	302.13
2026-05-21T22:58:15.9484366+08:00	0x01	-0.2975	-0.4560	0.4833	-0.6856	312.29	39.68	58.06
2026-05-21T22:58:16.1048754+08:00	0x03	-0.3147	0.4668	0.4269	0.7077	35.36	46.95	302.43
2026-05-21T22:58:16.4769015+08:00	0x04	0.4111	-0.2721	-0.3517	-0.7958	39.02	15.65	302.25
2026-05-21T22:58:16.4983544+08:00	0x01	-0.2968	-0.4561	0.4823	-0.6865	312.50	39.82	57.93
2026-05-21T22:58:16.6670168+08:00	0x03	-0.3147	0.4659	0.4260	0.7088	35.29	46.86	302.53
2026-05-21T22:58:16.9930805+08:00	0x04	0.4102	-0.2724	-0.3519	-0.7960	39.00	15.72	302.34
2026-05-21T22:58:17.0103222+08:00	0x01	-0.2964	-0.4564	0.4824	-0.6864	312.50	39.87	57.91
2026-05-21T22:58:17.1947671+08:00	0x03	-0.3141	0.4660	0.4261	0.7089	35.32	46.86	302.60
2026-05-21T22:58:17.2440785+08:00	0x02	-0.5286	-0.3369	0.6824	-0.3761	197.78	294.60	59.02
2026-05-21T22:58:17.4762787+08:00	0x01	-0.2963	-0.4569	0.4824	-0.6861	312.54	39.97	57.93
2026-05-21T22:58:17.5688509+08:00	0x04	0.4104	-0.2724	-0.3525	-0.7957	39.14	15.65	302.32
2026-05-21T22:58:17.7338898+08:00	0x03	-0.3147	0.4662	0.4268	0.7081	35.41	46.84	302.46
2026-05-21T22:58:18.0455829+08:00	0x02	-0.5295	-0.3355	0.6830	-0.3749	197.63	294.42	58.80
2026-05-21T22:58:18.0690800+08:00	0x01	-0.2979	-0.4557	0.4832	-0.6857	312.27	39.60	58.09
2026-05-21T22:58:18.2889140+08:00	0x03	-0.3159	0.4662	0.4266	0.7077	35.32	46.87	302.34
2026-05-21T22:58:18.3218248+08:00	0x02	-0.5300	-0.3347	0.6830	-0.3750	197.64	294.36	58.73
2026-05-21T22:58:18.5610350+08:00	0x04	0.4116	-0.2718	-0.3533	-0.7949	39.39	15.38	302.18
2026-05-21T22:58:18.5811718+08:00	0x01	-0.2973	-0.4556	0.4828	-0.6863	312.35	39.65	57.99
2026-05-21T22:58:18.7958227+08:00	0x03	-0.3156	0.4653	0.4259	0.7089	35.29	46.74	302.46
2026-05-21T22:58:18.9438335+08:00	0x02	-0.5289	-0.3366	0.6826	-0.3756	197.69	294.52	58.95
2026-05-21T22:58:19.1400996+08:00	0x04	0.4103	-0.2721	-0.3534	-0.7955	39.33	15.51	302.32
2026-05-21T22:58:19.1998782+08:00	0x01	-0.2960	-0.4568	0.4829	-0.6860	312.43	39.91	57.91
2026-05-21T22:58:19.3548622+08:00	0x03	-0.3146	0.4657	0.4262	0.7089	35.35	46.79	302.54
2026-05-21T22:58:19.5255242+08:00	0x02	-0.5278	-0.3377	0.6826	-0.3761	197.80	294.73	59.09
2026-05-21T22:58:19.6670695+08:00	0x04	0.4102	-0.2721	-0.3533	-0.7956	39.32	15.51	302.34
2026-05-21T22:58:19.9332082+08:00	0x03	-0.3150	0.4652	0.4261	0.7091	35.37	46.70	302.52
2026-05-21T22:58:20.0920376+08:00	0x02	-0.5280	-0.3371	0.6827	-0.3761	197.82	294.71	59.03
2026-05-21T22:58:20.2248462+08:00	0x04	0.4106	-0.2720	-0.3540	-0.7951	39.47	15.40	302.27
2026-05-21T22:58:20.2546843+08:00	0x01	-0.2959	-0.4572	0.4829	-0.6857	312.46	39.98	57.93
2026-05-21T22:58:20.4798832+08:00	0x03	-0.3154	0.4658	0.4268	0.7081	35.41	46.76	302.41
2026-05-21T22:58:20.6145707+08:00	0x02	-0.5285	-0.3366	0.6827	-0.3759	197.79	294.62	58.97
2026-05-21T22:58:20.7111084+08:00	0x01	-0.2975	-0.4563	0.4835	-0.6852	312.26	39.70	58.10
2026-05-21T22:58:20.7950018+08:00	0x04	0.4127	-0.2716	-0.3556	-0.7934	39.92	15.03	302.01
2026-05-21T22:58:21.0615324+08:00	0x03	-0.3163	0.4656	0.4271	0.7077	35.46	46.70	302.29
2026-05-21T22:58:21.1867044+08:00	0x02	-0.5291	-0.3362	0.6823	-0.3762	197.80	294.53	58.97
2026-05-21T22:58:21.3036280+08:00	0x01	-0.2969	-0.4562	0.4831	-0.6858	312.35	39.76	57.99
2026-05-21T22:58:21.4247021+08:00	0x04	0.4111	-0.2715	-0.3545	-0.7947	39.65	15.23	302.22
2026-05-21T22:58:21.6035423+08:00	0x03	-0.3157	0.4652	0.4265	0.7086	35.42	46.67	302.42
2026-05-21T22:58:21.7629187+08:00	0x02	-0.5280	-0.3375	0.6824	-0.3764	197.84	294.70	59.10
2026-05-21T22:58:21.8902176+08:00	0x04	0.4105	-0.2717	-0.3546	-0.7950	39.62	15.28	302.29
2026-05-21T22:58:21.9183831+08:00	0x01	-0.2959	-0.4568	0.4833	-0.6857	312.35	39.87	57.92
2026-05-21T22:58:22.1296177+08:00	0x03	-0.3154	0.4650	0.4269	0.7085	35.53	46.59	302.43
2026-05-21T22:58:22.2771012+08:00	0x02	-0.5278	-0.3375	0.6825	-0.3765	197.89	294.77	59.10
2026-05-21T22:58:22.4114919+08:00	0x04	0.4100	-0.2721	-0.3542	-0.7952	39.50	15.42	302.35
2026-05-21T22:58:22.6353188+08:00	0x03	-0.3157	0.4649	0.4271	0.7084	35.55	46.57	302.40
2026-05-21T22:58:22.8476475+08:00	0x02	-0.5282	-0.3371	0.6825	-0.3762	197.82	294.67	59.04
2026-05-21T22:58:22.9806091+08:00	0x04	0.4121	-0.2716	-0.3568	-0.7932	40.14	14.93	302.06
2026-05-21T22:58:23.0105377+08:00	0x01	-0.2960	-0.4570	0.4837	-0.6853	312.28	39.87	57.97
2026-05-21T22:58:23.2079075+08:00	0x03	-0.3168	0.4653	0.4275	0.7074	35.55	46.61	302.21
2026-05-21T22:58:23.3813225+08:00	0x02	-0.5299	-0.3353	0.6823	-0.3758	197.72	294.38	58.85
2026-05-21T22:58:23.5021739+08:00	0x04	0.4148	-0.2704	-0.3575	-0.7918	40.50	14.49	301.76
2026-05-21T22:58:23.5802541+08:00	0x01	-0.2984	-0.4550	0.4838	-0.6855	312.09	39.41	58.14
2026-05-21T22:58:23.7462163+08:00	0x03	-0.3183	0.4646	0.4273	0.7073	35.54	46.49	302.08
2026-05-21T22:58:23.9520771+08:00	0x02	-0.5297	-0.3351	0.6829	-0.3752	197.68	294.41	58.78
2026-05-21T22:58:24.0779521+08:00	0x04	0.4086	-0.2724	-0.3562	-0.7950	39.81	15.34	302.47
2026-05-21T22:58:24.2990340+08:00	0x03	-0.3163	0.4655	0.4284	0.7069	35.71	46.57	302.21
2026-05-21T22:58:24.4118089+08:00	0x02	-0.5274	-0.3394	0.6822	-0.3758	197.63	294.67	59.26
2026-05-21T22:58:24.6641412+08:00	0x04	0.4097	-0.2713	-0.3559	-0.7949	39.88	15.13	302.39
2026-05-21T22:58:24.6960124+08:00	0x01	-0.2962	-0.4564	0.4848	-0.6848	312.00	39.63	58.02
2026-05-21T22:58:24.7778442+08:00	0x03	-0.3171	0.4644	0.4277	0.7077	35.67	46.40	302.22
2026-05-21T22:58:24.9290992+08:00	0x02	-0.5277	-0.3378	0.6828	-0.3757	197.74	294.71	59.08
2026-05-21T22:58:25.1824736+08:00	0x04	0.4096	-0.2714	-0.3559	-0.7949	39.88	15.14	302.39
2026-05-21T22:58:25.2480603+08:00	0x01	-0.2959	-0.4566	0.4844	-0.6851	312.10	39.72	57.97
2026-05-21T22:58:25.3118813+08:00	0x03	-0.3172	0.4642	0.4276	0.7079	35.68	46.37	302.22
2026-05-21T22:58:25.5066418+08:00	0x02	-0.5273	-0.3382	0.6828	-0.3759	197.77	294.78	59.12
2026-05-21T22:58:25.7457751+08:00	0x04	0.4112	-0.2711	-0.3564	-0.7940	40.06	14.95	302.19
2026-05-21T22:58:25.8174636+08:00	0x01	-0.2959	-0.4571	0.4841	-0.6849	312.21	39.85	57.99
2026-05-21T22:58:25.8434142+08:00	0x03	-0.3176	0.4643	0.4275	0.7077	35.64	46.39	302.17
2026-05-21T22:58:26.0247006+08:00	0x02	-0.5289	-0.3368	0.6826	-0.3753	197.62	294.48	58.96
2026-05-21T22:58:26.2830356+08:00	0x04	0.4154	-0.2703	-0.3571	-0.7917	40.46	14.47	301.70
2026-05-21T22:58:26.3289176+08:00	0x01	-0.2982	-0.4553	0.4842	-0.6851	312.03	39.42	58.16
2026-05-21T22:58:26.3777914+08:00	0x03	-0.3198	0.4639	0.4272	0.7071	35.54	46.37	301.93
2026-05-21T22:58:26.6162145+08:00	0x02	-0.5306	-0.3350	0.6824	-0.3749	197.53	294.19	58.77
2026-05-21T22:58:26.8444968+08:00	0x04	0.4146	-0.2702	-0.3556	-0.7929	40.13	14.67	301.83
2026-05-21T22:58:26.9019109+08:00	0x01	-0.2984	-0.4547	0.4844	-0.6853	311.94	39.28	58.15
2026-05-21T22:58:26.9818149+08:00	0x03	-0.3203	0.4631	0.4267	0.7078	35.51	46.24	301.95
2026-05-21T22:58:27.2105311+08:00	0x02	-0.5295	-0.3364	0.6822	-0.3755	197.62	294.38	58.95
2026-05-21T22:58:27.4084044+08:00	0x04	0.4126	-0.2707	-0.3545	-0.7942	39.77	15.00	302.08
2026-05-21T22:58:27.4742640+08:00	0x01	-0.2979	-0.4549	0.4846	-0.6852	311.91	39.31	58.11
2026-05-21T22:58:27.5223134+08:00	0x03	-0.3194	0.4631	0.4262	0.7085	35.44	46.29	302.09
2026-05-21T22:58:27.6991192+08:00	0x02	-0.5291	-0.3369	0.6821	-0.3759	197.67	294.46	59.02
2026-05-21T22:58:27.9281946+08:00	0x04	0.4114	-0.2712	-0.3539	-0.7949	39.56	15.22	302.21
2026-05-21T22:58:27.9953401+08:00	0x01	-0.2980	-0.4547	0.4851	-0.6849	311.79	39.22	58.14
2026-05-21T22:58:28.0571775+08:00	0x03	-0.3186	0.4634	0.4259	0.7088	35.40	46.37	302.19
2026-05-21T22:58:28.2708769+08:00	0x02	-0.5291	-0.3366	0.6823	-0.3759	197.71	294.48	58.98
2026-05-21T22:58:28.3982244+08:00	0x04	0.4116	-0.2714	-0.3538	-0.7948	39.53	15.26	302.18
2026-05-21T22:58:28.5731247+08:00	0x01	-0.2976	-0.4550	0.4849	-0.6850	311.87	39.32	58.10
2026-05-21T22:58:28.5959316+08:00	0x03	-0.3192	0.4630	0.4262	0.7086	35.46	46.27	302.11
2026-05-21T22:58:28.7859959+08:00	0x02	-0.5291	-0.3366	0.6824	-0.3754	197.63	294.44	58.96
2026-05-21T22:58:29.0161520+08:00	0x04	0.4140	-0.2709	-0.3547	-0.7934	39.85	14.94	301.89
2026-05-21T22:58:29.1256672+08:00	0x03	-0.3199	0.4634	0.4261	0.7080	35.37	46.37	302.01
2026-05-21T22:58:29.3560043+08:00	0x02	-0.5312	-0.3345	0.6820	-0.3753	197.56	294.11	58.75
2026-05-21T22:58:29.4971898+08:00	0x04	0.4171	-0.2701	-0.3551	-0.7918	40.12	14.57	301.53
2026-05-21T22:58:29.6641401+08:00	0x01	-0.2999	-0.4535	0.4848	-0.6851	311.74	38.96	58.28
2026-05-21T22:58:29.9298661+08:00	0x02	-0.5307	-0.3350	0.6819	-0.3758	197.64	294.22	58.84
2026-05-21T22:58:30.0629893+08:00	0x04	0.4148	-0.2702	-0.3535	-0.7937	39.69	14.91	301.85
2026-05-21T22:58:30.2458960+08:00	0x01	-0.2991	-0.4537	0.4839	-0.6859	311.95	39.12	58.15
2026-05-21T22:58:30.2628507+08:00	0x03	-0.3225	0.4611	0.4259	0.7085	35.49	45.91	301.81
2026-05-21T22:58:30.4516360+08:00	0x02	-0.5320	-0.3336	0.6811	-0.3766	197.74	294.05	58.77
2026-05-21T22:58:30.6020505+08:00	0x04	0.4172	-0.2660	-0.3512	-0.7949	39.69	14.28	301.78
2026-05-21T22:58:30.7885342+08:00	0x03	-0.3270	0.4554	0.4193	0.7140	34.72	45.36	301.91
2026-05-21T22:58:30.8165149+08:00	0x01	-0.3165	-0.4374	0.4772	-0.6933	311.80	36.14	58.91
2026-05-21T22:58:31.0272749+08:00	0x02	-0.5443	-0.3208	0.6751	-0.3808	198.12	292.35	57.97
2026-05-21T22:58:31.1676064+08:00	0x04	0.4373	-0.2666	-0.3422	-0.7878	38.59	14.25	299.37
2026-05-21T22:58:31.3569258+08:00	0x03	-0.3350	0.4546	0.4158	0.7129	33.86	45.58	301.16
2026-05-21T22:58:31.5457698+08:00	0x02	-0.5420	-0.3233	0.6780	-0.3769	197.58	292.50	57.88
2026-05-21T22:58:31.6910469+08:00	0x04	0.4306	-0.2660	-0.3487	-0.7888	39.75	13.75	300.14
2026-05-21T22:58:31.7959790+08:00	0x01	-0.3163	-0.4385	0.4857	-0.6869	310.09	35.39	59.36
2026-05-21T22:58:31.9177849+08:00	0x03	-0.3324	0.4567	0.4205	0.7100	34.60	45.56	301.12
2026-05-21T22:58:32.0134481+08:00	0x02	-0.5443	-0.3195	0.6795	-0.3740	197.28	292.10	57.29
2026-05-21T22:58:32.2602242+08:00	0x04	0.4257	-0.2680	-0.3468	-0.7916	38.94	14.65	300.70
2026-05-21T22:58:32.3181846+08:00	0x01	-0.3146	-0.4385	0.4863	-0.6872	309.97	35.40	59.19
2026-05-21T22:58:32.4362681+08:00	0x03	-0.3335	0.4565	0.4192	0.7105	34.34	45.64	301.08
2026-05-21T22:58:32.5870497+08:00	0x02	-0.5440	-0.3206	0.6787	-0.3750	197.33	292.13	57.48
2026-05-21T22:58:32.8262857+08:00	0x04	0.4286	-0.2663	-0.3488	-0.7897	39.66	13.91	300.37
2026-05-21T22:58:32.9469395+08:00	0x03	-0.3330	0.4561	0.4186	0.7112	34.29	45.62	301.18
2026-05-21T22:58:33.2124900+08:00	0x02	-0.5459	-0.3183	0.6789	-0.3740	197.20	291.82	57.19
2026-05-21T22:58:33.3492857+08:00	0x04	0.4314	-0.2660	-0.3464	-0.7894	39.29	13.98	300.08
2026-05-21T22:58:33.4895374+08:00	0x03	-0.3372	0.4535	0.4173	0.7117	34.17	45.23	300.85
2026-05-21T22:58:33.6937994+08:00	0x02	-0.5476	-0.3150	0.6786	-0.3746	197.42	291.68	56.91
2026-05-21T22:58:33.9139012+08:00	0x04	0.4308	-0.2673	-0.3451	-0.7898	38.87	14.42	300.11
2026-05-21T22:58:34.0147873+08:00	0x03	-0.3361	0.4541	0.4186	0.7111	34.40	45.22	300.89
2026-05-21T22:58:34.1922368+08:00	0x02	-0.5440	-0.3147	0.6808	-0.3763	198.15	292.65	56.91
2026-05-21T22:58:34.4357408+08:00	0x04	0.4274	-0.2682	-0.3477	-0.7902	39.19	14.48	300.46
2026-05-21T22:58:34.5591192+08:00	0x03	-0.3329	0.4570	0.4205	0.7095	34.56	45.63	301.04
2026-05-21T22:58:34.7769403+08:00	0x02	-0.5416	-0.3121	0.6819	-0.3800	199.23	293.56	56.84
2026-05-21T22:58:35.0149618+08:00	0x04	0.4286	-0.2679	-0.3496	-0.7889	39.67	14.12	300.28
2026-05-21T22:58:35.0388410+08:00	0x01	-0.3123	-0.4386	0.4909	-0.6849	309.02	34.99	59.13
2026-05-21T22:58:35.1004931+08:00	0x03	-0.3324	0.4573	0.4206	0.7095	34.56	45.67	301.08
2026-05-21T22:58:35.2506130+08:00	0x02	-0.5309	-0.3168	0.6814	-0.3918	201.88	296.38	57.96
2026-05-21T22:58:35.5639373+08:00	0x01	-0.3099	-0.4396	0.4909	-0.6854	309.14	35.29	58.92
2026-05-21T22:58:35.6307612+08:00	0x03	-0.3311	0.4574	0.4219	0.7093	34.83	45.57	301.16
2026-05-21T22:58:35.8839379+08:00	0x02	-0.5297	-0.3284	0.6852	-0.3769	198.63	295.01	58.15
2026-05-21T22:58:36.1363159+08:00	0x04	0.4172	-0.2683	-0.3534	-0.7931	39.93	14.44	301.63
2026-05-21T22:58:36.1363159+08:00	0x01	-0.3084	-0.4454	0.4903	-0.6827	309.80	36.51	59.08
2026-05-21T22:58:36.1998884+08:00	0x03	-0.3264	0.4590	0.4254	0.7084	35.50	45.54	301.46
2026-05-21T22:58:36.4363342+08:00	0x02	-0.5335	-0.3306	0.6845	-0.3710	197.05	293.64	58.03
2026-05-21T22:58:36.6420706+08:00	0x01	-0.3093	-0.4456	0.4911	-0.6816	309.63	36.41	59.24
2026-05-21T22:58:36.7268543+08:00	0x03	-0.3264	0.4601	0.4254	0.7076	35.38	45.77	301.41
2026-05-21T22:58:36.9484432+08:00	0x02	-0.5358	-0.3283	0.6840	-0.3706	196.93	293.24	57.80
2026-05-21T22:58:37.1909226+08:00	0x04	0.4213	-0.2680	-0.3551	-0.7903	40.50	13.93	301.11
2026-05-21T22:58:37.2289314+08:00	0x01	-0.3105	-0.4441	0.4912	-0.6820	309.47	36.07	59.29
2026-05-21T22:58:37.2978010+08:00	0x03	-0.3266	0.4600	0.4247	0.7081	35.26	45.81	301.44
2026-05-21T22:58:37.5309085+08:00	0x02	-0.5348	-0.3298	0.6836	-0.3714	197.03	293.42	58.01
2026-05-21T22:58:37.7721097+08:00	0x04	0.4216	-0.2672	-0.3548	-0.7906	40.51	13.82	301.11
2026-05-21T22:58:37.9490050+08:00	0x03	-0.3267	0.4589	0.4247	0.7087	35.36	45.59	301.47
2026-05-21T22:58:38.3024653+08:00	0x01	-0.3091	-0.4449	0.4897	-0.6832	309.89	36.46	59.09
2026-05-21T22:58:38.3490615+08:00	0x03	-0.3274	0.4586	0.4250	0.7084	35.42	45.51	301.38
2026-05-21T22:58:38.6476451+08:00	0x02	-0.5335	-0.3311	0.6835	-0.3723	197.17	293.66	58.20
2026-05-21T22:58:38.8682444+08:00	0x04	0.4232	-0.2670	-0.3555	-0.7894	40.76	13.59	300.90
2026-05-21T22:58:38.8941253+08:00	0x01	-0.3075	-0.4462	0.4895	-0.6832	310.05	36.78	58.98
2026-05-21T22:58:39.0977892+08:00	0x02	-0.5324	-0.3319	0.6854	-0.3696	196.83	293.71	58.05
2026-05-21T22:58:39.3658740+08:00	0x01	-0.3060	-0.4492	0.4937	-0.6788	309.43	36.95	59.20
2026-05-21T22:58:39.3989745+08:00	0x03	-0.3236	0.4623	0.4296	0.7049	36.02	45.84	301.40
2026-05-21T22:58:39.6152273+08:00	0x02	-0.5322	-0.3332	0.6855	-0.3686	196.58	293.61	58.12
2026-05-21T22:58:39.9318571+08:00	0x03	-0.3253	0.4598	0.4277	0.7070	35.88	45.50	301.43
2026-05-21T22:58:39.9649052+08:00	0x04	0.4188	-0.2677	-0.3585	-0.7902	41.12	13.64	301.38
2026-05-21T22:58:40.1809379+08:00	0x02	-0.5316	-0.3348	0.6839	-0.3710	196.83	293.74	58.47
2026-05-21T22:58:40.4653356+08:00	0x03	-0.3272	0.4589	0.4263	0.7075	35.65	45.44	301.32
2026-05-21T22:58:40.7484310+08:00	0x02	-0.5310	-0.3369	0.6824	-0.3727	196.95	293.82	58.83
2026-05-21T22:58:41.0088543+08:00	0x04	0.4248	-0.2664	-0.3542	-0.7894	40.62	13.53	300.75
2026-05-21T22:58:41.0248396+08:00	0x03	-0.3287	0.4575	0.4237	0.7093	35.26	45.39	301.35
2026-05-21T22:58:41.1228341+08:00	0x01	-0.3121	-0.4410	0.4878	-0.6857	309.91	35.81	59.12
2026-05-21T22:58:41.2902456+08:00	0x02	-0.5362	-0.3304	0.6811	-0.3734	197.06	293.13	58.27
2026-05-21T22:58:41.4979095+08:00	0x03	-0.3328	0.4561	0.4242	0.7080	35.37	45.08	300.88
2026-05-21T22:58:41.6332727+08:00	0x01	-0.3135	-0.4409	0.4888	-0.6844	309.68	35.62	59.33
2026-05-21T22:58:41.8484655+08:00	0x02	-0.5376	-0.3290	0.6818	-0.3714	196.75	292.82	57.98
2026-05-21T22:58:42.0489614+08:00	0x03	-0.3308	0.4575	0.4260	0.7070	35.61	45.21	300.96
2026-05-21T22:58:42.1016288+08:00	0x04	0.4444	-0.2653	-0.3661	-0.7734	44.44	10.38	298.16
2026-05-21T22:58:42.1165051+08:00	0x01	-0.3250	-0.4311	0.4997	-0.6774	306.10	31.86	60.58
2026-05-21T22:58:42.4145461+08:00	0x02	-0.5610	-0.3169	0.6844	-0.3411	191.12	287.09	54.74
2026-05-21T22:58:42.6077566+08:00	0x04	0.4670	-0.2577	-0.3874	-0.7519	52.37	3.41	295.58
2026-05-21T22:58:42.6327321+08:00	0x03	-0.3534	0.4424	0.4449	0.6939	40.71	39.84	297.86
2026-05-21T22:58:42.9366631+08:00	0x02	-0.5744	-0.3251	0.6769	-0.3259	186.70	282.82	54.53
2026-05-21T22:58:43.0990301+08:00	0x03	-0.3752	0.4197	0.4663	0.6824	48.59	31.33	295.38
2026-05-21T22:58:43.1879405+08:00	0x04	0.5256	-0.2614	-0.4529	-0.6711	83.61	338.06	289.58
2026-05-21T22:58:43.2065273+08:00	0x01	-0.3636	-0.3904	0.5328	-0.6569	291.97	16.24	63.34
2026-05-21T22:58:43.5070130+08:00	0x02	-0.5793	-0.3240	0.6777	-0.3165	185.19	281.58	53.69
2026-05-21T22:58:43.6985953+08:00	0x03	-0.3799	0.4129	0.4752	0.6778	51.84	28.20	294.86
2026-05-21T22:58:43.7329708+08:00	0x04	0.5177	-0.2495	-0.4683	-0.6711	86.08	336.16	291.78
2026-05-21T22:58:44.0332938+08:00	0x02	-0.5817	-0.3225	0.6775	-0.3140	184.83	281.12	53.35
2026-05-21T22:58:44.2321483+08:00	0x03	-0.3814	0.4122	0.4773	0.6759	52.55	27.60	294.63
2026-05-21T22:58:44.2801109+08:00	0x04	0.5188	-0.2343	-0.4830	-0.6653	90.70	331.72	293.56
2026-05-21T22:58:44.6660805+08:00	0x02	-0.5696	-0.3170	0.6880	-0.3189	187.44	284.48	53.08
2026-05-21T22:58:44.7798593+08:00	0x03	-0.3799	0.4122	0.4750	0.6783	51.85	28.10	294.90
2026-05-21T22:58:44.8669325+08:00	0x04	0.4879	-0.1994	-0.4933	-0.6920	85.65	335.18	299.31
2026-05-21T22:58:45.1850207+08:00	0x02	-0.2553	-0.3260	0.8037	-0.4273	230.94	348.67	47.92
2026-05-21T22:58:45.3218329+08:00	0x03	-0.0831	0.3542	0.5170	0.7748	58.69	32.19	330.33
2026-05-21T22:58:45.3809488+08:00	0x04	0.4889	-0.2004	-0.4930	-0.6912	85.77	335.10	299.13
2026-05-21T22:58:45.6920068+08:00	0x02	-0.2654	-0.3264	0.8017	-0.4247	230.00	347.08	48.48
2026-05-21T22:58:45.8530939+08:00	0x01	-0.3624	-0.3917	0.5319	-0.6576	292.43	16.75	63.28
2026-05-21T22:58:46.1680008+08:00	0x02	-0.1196	-0.2497	0.9270	-0.2529	208.70	353.56	31.56
2026-05-21T22:58:46.4432032+08:00	0x01	0.0839	-0.4214	0.7652	-0.4793	257.03	40.17	34.37
2026-05-21T22:58:46.4588274+08:00	0x03	-0.0923	0.3565	0.5165	0.7730	58.48	32.02	329.27
2026-05-21T22:58:46.7891696+08:00	0x02	-0.1765	-0.2766	0.9124	-0.2445	205.61	346.61	36.24
2026-05-21T22:58:46.9331426+08:00	0x03	0.0634	0.4354	0.7274	0.5265	94.62	41.95	325.48
2026-05-21T22:58:47.0190707+08:00	0x01	0.0452	-0.5037	0.6694	-0.5442	277.34	51.25	38.70
2026-05-21T22:58:47.2666491+08:00	0x02	-0.0859	-0.4387	0.8547	-0.2639	218.30	8.03	52.68
2026-05-21T22:58:47.5228506+08:00	0x03	0.0731	0.3584	0.6938	0.6204	88.33	36.72	336.01
2026-05-21T22:58:47.6158276+08:00	0x04	0.2190	-0.0071	-0.5946	-0.7736	77.88	344.57	339.69
2026-05-21T22:58:47.7829900+08:00	0x02	-0.1438	-0.3350	0.8911	-0.2702	211.46	354.14	42.44
2026-05-21T22:58:48.0533934+08:00	0x03	0.0768	0.3675	0.5607	0.7380	67.88	41.19	342.62
2026-05-21T22:58:48.1020071+08:00	0x01	0.0207	-0.3764	0.4709	-0.7976	305.93	40.90	18.76
2026-05-21T22:58:48.3501783+08:00	0x02	-0.1336	-0.4184	0.6845	-0.5818	272.26	26.32	46.74
2026-05-21T22:58:48.6163178+08:00	0x03	-0.0679	0.3921	0.4946	0.7726	54.81	38.26	330.47
2026-05-21T22:58:48.6163178+08:00	0x01	-0.0851	-0.4607	0.4143	-0.7803	318.50	49.14	30.97
2026-05-21T22:58:48.9371304+08:00	0x02	-0.3700	-0.4750	0.6051	-0.5208	268.72	9.69	73.81
2026-05-21T22:58:49.1379325+08:00	0x03	-0.2554	0.4628	0.4463	0.7221	40.91	44.94	308.56
2026-05-21T22:58:49.1871896+08:00	0x01	-0.2698	-0.4645	0.4694	-0.7008	315.46	43.25	54.51
2026-05-21T22:58:49.5666133+08:00	0x02	-0.4687	-0.4111	0.6384	-0.4514	216.87	314.39	71.45
2026-05-21T22:58:49.6705743+08:00	0x03	-0.2812	0.4786	0.4604	0.6928	41.42	46.48	303.87
2026-05-21T22:58:49.7678577+08:00	0x01	-0.2815	-0.4647	0.4828	-0.6868	313.06	41.81	56.66
2026-05-21T22:58:50.0209745+08:00	0x02	-0.4842	-0.3935	0.6529	-0.4294	209.19	306.94	68.38
2026-05-21T22:58:50.2012206+08:00	0x03	-0.2835	0.4822	0.4588	0.6903	40.72	47.32	303.50
2026-05-21T22:58:50.3339678+08:00	0x01	-0.2830	-0.4658	0.4861	-0.6831	312.53	41.68	57.08
2026-05-21T22:58:50.6010461+08:00	0x02	-0.4937	-0.3834	0.6610	-0.4150	205.19	303.14	66.45
2026-05-21T22:58:50.7528600+08:00	0x03	-0.2834	0.4854	0.4564	0.6898	39.97	48.15	303.49
2026-05-21T22:58:50.8520344+08:00	0x01	-0.2867	-0.4643	0.4889	-0.6806	311.85	41.01	57.59
2026-05-21T22:58:51.1162772+08:00	0x02	-0.4970	-0.3782	0.6686	-0.4037	202.90	301.48	65.09
2026-05-21T22:58:51.2877526+08:00	0x03	-0.2868	0.4847	0.4547	0.6900	39.62	48.14	303.22
2026-05-21T22:58:51.3509422+08:00	0x04	0.3894	-0.2480	-0.4626	-0.7569	62.08	1.51	305.02
2026-05-21T22:58:51.4491397+08:00	0x01	-0.2896	-0.4590	0.4890	-0.6829	311.37	39.90	57.60
2026-05-21T22:58:51.7134563+08:00	0x02	-0.4687	-0.4099	0.6682	-0.4072	205.69	307.51	68.36
2026-05-21T22:58:51.8343674+08:00	0x03	-0.2597	0.4808	0.4466	0.7085	39.42	48.12	307.11
2026-05-21T22:58:51.9194933+08:00	0x04	0.3434	-0.2451	-0.4362	-0.7948	53.85	7.96	310.56
2026-05-21T22:58:51.9547071+08:00	0x01	-0.2435	-0.4486	0.4847	-0.7103	311.20	39.95	51.34
2026-05-21T22:58:52.2008348+08:00	0x02	-0.4056	-0.4286	0.6647	-0.4583	230.89	334.26	70.30
2026-05-21T22:58:52.3675025+08:00	0x03	-0.2381	0.4679	0.4499	0.7225	41.56	45.82	310.10
2026-05-21T22:58:52.4553232+08:00	0x04	0.3478	-0.2391	-0.4291	-0.7986	53.10	7.38	310.48
2026-05-21T22:58:52.5231459+08:00	0x01	-0.2253	-0.4487	0.4855	-0.7157	310.91	40.50	49.30
2026-05-21T22:58:52.7880470+08:00	0x02	-0.4036	-0.4349	0.6559	-0.4667	234.52	337.35	71.29
2026-05-21T22:58:52.9029173+08:00	0x03	-0.2343	0.4668	0.4438	0.7282	40.74	46.09	310.93
2026-05-21T22:58:53.0272073+08:00	0x04	0.3496	-0.2393	-0.4185	-0.8034	51.25	8.16	310.36
2026-05-21T22:58:53.0886181+08:00	0x01	-0.2253	-0.4504	0.4843	-0.7154	311.23	40.86	49.34
2026-05-21T22:58:53.3592271+08:00	0x02	-0.4003	-0.4410	0.6532	-0.4676	236.04	339.20	71.89
2026-05-21T22:58:53.4247460+08:00	0x03	-0.2323	0.4667	0.4458	0.7277	41.13	45.96	311.05
2026-05-21T22:58:53.5387127+08:00	0x04	0.3502	-0.2421	-0.4170	-0.8030	50.87	8.63	310.15
2026-05-21T22:58:53.6178660+08:00	0x01	-0.2242	-0.4521	0.4836	-0.7152	311.44	41.22	49.28
2026-05-21T22:58:53.9840005+08:00	0x02	-0.3968	-0.4428	0.6535	-0.4684	237.06	340.50	71.89
2026-05-21T22:58:54.1179344+08:00	0x04	0.3539	-0.2439	-0.4119	-0.8035	50.02	9.05	309.68
2026-05-21T22:58:54.1870637+08:00	0x01	-0.2288	-0.4526	0.4821	-0.7144	311.78	41.26	49.76
2026-05-21T22:58:54.5548694+08:00	0x02	-0.4000	-0.4493	0.6469	-0.4686	237.52	340.73	72.98
2026-05-21T22:58:54.5798031+08:00	0x03	-0.2450	0.4694	0.4442	0.7228	40.33	46.37	309.55
2026-05-21T22:58:54.6258136+08:00	0x04	0.3601	-0.2517	-0.4035	-0.8026	48.34	10.47	308.63
2026-05-21T22:58:54.6732734+08:00	0x01	-0.2357	-0.4540	0.4808	-0.7121	312.17	41.39	50.56
2026-05-21T22:58:55.1173082+08:00	0x02	-0.3999	-0.4511	0.6448	-0.4699	238.29	341.41	73.25
2026-05-21T22:58:55.2057616+08:00	0x04	0.3600	-0.2487	-0.4030	-0.8038	48.42	10.07	308.81
2026-05-21T22:58:55.6560871+08:00	0x03	-0.2463	0.4656	0.4457	0.7238	40.83	45.59	309.51
2026-05-21T22:58:55.7527567+08:00	0x01	-0.2376	-0.4525	0.4826	-0.7113	311.77	40.93	50.78
2026-05-21T22:58:56.1846047+08:00	0x03	-0.2453	0.4656	0.4493	0.7219	41.46	45.37	309.42
2026-05-21T22:58:56.3013485+08:00	0x04	0.3627	-0.2490	-0.4067	-0.8006	49.22	9.60	308.43
2026-05-21T22:58:56.7310126+08:00	0x02	-0.3968	-0.4520	0.6461	-0.4700	238.95	342.38	73.13
2026-05-21T22:58:56.7695580+08:00	0x04	0.3682	-0.2539	-0.4078	-0.7960	49.39	9.83	307.50
2026-05-21T22:58:56.8486188+08:00	0x01	-0.2349	-0.4532	0.4780	-0.7148	312.60	41.48	50.27
2026-05-21T22:58:57.3188798+08:00	0x03	-0.2529	0.4677	0.4490	0.7182	41.05	45.64	308.45
2026-05-21T22:58:57.4201379+08:00	0x01	-0.2339	-0.4506	0.4803	-0.7153	312.02	40.91	50.12
2026-05-21T22:58:57.7820531+08:00	0x02	-0.3972	-0.4516	0.6429	-0.4743	240.49	343.42	73.23
2026-05-21T22:58:57.8349283+08:00	0x03	-0.2516	0.4708	0.4491	0.7165	40.86	46.22	308.42
2026-05-21T22:58:57.8901598+08:00	0x04	0.3646	-0.2552	-0.4040	-0.7992	48.43	10.62	307.91
2026-05-21T22:58:58.3740875+08:00	0x03	-0.2504	0.4702	0.4482	0.7178	40.79	46.19	308.65
2026-05-21T22:58:58.4050416+08:00	0x02	-0.3971	-0.4549	0.6431	-0.4709	239.75	343.09	73.56
2026-05-21T22:58:58.8707997+08:00	0x02	-0.3949	-0.4537	0.6480	-0.4672	238.45	342.37	73.14
2026-05-21T22:58:58.9348595+08:00	0x03	-0.2459	0.4665	0.4535	0.7185	42.08	45.22	309.06
2026-05-21T22:58:58.9798887+08:00	0x01	-0.2314	-0.4570	0.4902	-0.7052	310.67	41.32	50.76
2026-05-21T22:58:59.4250156+08:00	0x04	0.3632	-0.2461	-0.4123	-0.7984	50.45	8.64	308.47
2026-05-21T22:58:59.4526443+08:00	0x03	-0.2470	0.4642	0.4551	0.7186	42.48	44.71	308.96
2026-05-21T22:58:59.4968627+08:00	0x01	-0.2309	-0.4551	0.4886	-0.7076	310.82	41.14	50.50
2026-05-21T22:58:59.9660817+08:00	0x02	-0.3932	-0.4535	0.6432	-0.4754	241.82	345.06	73.19
2026-05-21T22:59:00.0460312+08:00	0x03	-0.2526	0.4634	0.4534	0.7182	42.14	44.58	308.46
2026-05-21T22:59:00.5353965+08:00	0x02	-0.3920	-0.4566	0.6401	-0.4777	243.43	346.61	73.53
2026-05-21T22:59:00.5839853+08:00	0x03	-0.2539	0.4636	0.4508	0.7193	41.63	44.80	308.44
2026-05-21T22:59:01.0860478+08:00	0x04	0.3695	-0.2472	-0.4066	-0.7982	49.64	8.86	307.74
2026-05-21T22:59:01.1711946+08:00	0x01	-0.2342	-0.4553	0.4790	-0.7130	312.56	41.78	50.37
2026-05-21T22:59:01.6073255+08:00	0x04	0.3700	-0.2493	-0.4051	-0.7981	49.26	9.26	307.58
2026-05-21T22:59:01.6391078+08:00	0x02	-0.3968	-0.4569	0.6371	-0.4774	242.71	345.45	73.95
2026-05-21T22:59:01.7386363+08:00	0x01	-0.2372	-0.4561	0.4751	-0.7141	313.33	42.10	50.55
2026-05-21T22:59:02.1868183+08:00	0x04	0.3670	-0.2518	-0.4049	-0.7987	48.92	9.87	307.80
2026-05-21T22:59:02.2033207+08:00	0x02	-0.3968	-0.4566	0.6393	-0.4747	241.60	344.62	73.85
2026-05-21T22:59:02.7091343+08:00	0x04	0.3647	-0.2509	-0.4041	-0.8005	48.72	9.97	308.13
2026-05-21T22:59:02.7270847+08:00	0x02	-0.3987	-0.4562	0.6399	-0.4728	240.46	343.48	73.90
2026-05-21T22:59:02.8439170+08:00	0x01	-0.2392	-0.4544	0.4763	-0.7138	313.04	41.69	50.74
2026-05-21T22:59:02.8439170+08:00	0x03	-0.2532	0.4666	0.4480	0.7193	40.95	45.54	308.52
2026-05-21T22:59:03.2728661+08:00	0x04	0.3599	-0.2556	-0.4010	-0.8027	47.63	11.29	308.49
2026-05-21T22:59:03.3050484+08:00	0x02	-0.3946	-0.4614	0.6376	-0.4742	242.65	346.00	74.29
2026-05-21T22:59:03.4029465+08:00	0x01	-0.2300	-0.4647	0.4690	-0.7150	314.83	44.14	49.88
2026-05-21T22:59:03.7867257+08:00	0x04	0.3162	-0.2835	-0.3898	-0.8171	42.69	18.73	312.45
2026-05-21T22:59:03.8252054+08:00	0x02	-0.3782	-0.4887	0.6342	-0.4647	247.62	353.84	76.25
2026-05-21T22:59:03.8754710+08:00	0x03	-0.2261	0.4988	0.4370	0.7136	37.66	52.10	310.67
2026-05-21T22:59:04.3612075+08:00	0x04	0.3122	-0.3042	-0.3693	-0.8207	38.03	23.43	312.51
2026-05-21T22:59:04.3871340+08:00	0x02	-0.4167	-0.4631	0.6406	-0.4489	228.38	332.16	75.34
2026-05-21T22:59:04.4892542+08:00	0x01	-0.2610	-0.4785	0.4751	-0.6908	315.41	45.52	54.61
2026-05-21T22:59:04.8410395+08:00	0x04	0.3125	-0.3121	-0.3663	-0.8190	37.05	24.83	312.23
2026-05-21T22:59:04.9394892+08:00	0x03	-0.2413	0.5161	0.4351	0.6972	35.32	55.45	308.23
2026-05-21T22:59:04.9854068+08:00	0x01	-0.2513	-0.4889	0.4716	-0.6895	316.68	47.86	53.87
2026-05-21T22:59:05.4542976+08:00	0x04	0.3140	-0.3173	-0.3639	-0.8175	36.34	25.76	311.91
2026-05-21T22:59:05.4872490+08:00	0x02	-0.4178	-0.4598	0.6465	-0.4427	225.46	329.70	74.69
2026-05-21T22:59:05.5862430+08:00	0x01	-0.2523	-0.4892	0.4747	-0.6868	316.16	47.65	54.19
2026-05-21T22:59:06.0160821+08:00	0x03	-0.2462	0.5144	0.4411	0.6930	36.17	54.81	307.34
2026-05-21T22:59:06.0481831+08:00	0x04	0.3310	-0.3129	-0.3704	-0.8095	37.79	24.07	309.85
2026-05-21T22:59:06.1568907+08:00	0x01	-0.2537	-0.4899	0.4755	-0.6853	316.12	47.71	54.44
2026-05-21T22:59:06.5662717+08:00	0x03	-0.2533	0.5103	0.4398	0.6942	35.99	54.17	306.81
2026-05-21T22:59:06.5763448+08:00	0x04	0.3394	-0.3099	-0.3686	-0.8080	37.74	23.45	309.02
2026-05-21T22:59:06.7366545+08:00	0x01	-0.2547	-0.4857	0.4740	-0.6889	316.06	47.03	54.22
2026-05-21T22:59:07.0210161+08:00	0x04	0.3429	-0.3088	-0.3669	-0.8078	37.55	23.29	308.69
2026-05-21T22:59:07.1588799+08:00	0x02	-0.4218	-0.4577	0.6480	-0.4390	223.06	327.26	74.47
2026-05-21T22:59:07.2539538+08:00	0x01	-0.2530	-0.4871	0.4734	-0.6889	316.24	47.35	54.08
2026-05-21T22:59:07.5375556+08:00	0x04	0.3409	-0.3103	-0.3635	-0.8095	36.84	23.88	308.96
2026-05-21T22:59:07.6746449+08:00	0x03	-0.2631	0.5032	0.4412	0.6950	36.41	52.76	305.94
2026-05-21T22:59:07.8266188+08:00	0x01	-0.2536	-0.4879	0.4741	-0.6877	316.20	47.45	54.22
2026-05-21T22:59:08.1337832+08:00	0x04	0.3288	-0.3139	-0.3535	-0.8175	34.84	25.57	310.57
2026-05-21T22:59:08.1764417+08:00	0x03	-0.2575	0.5069	0.4352	0.6981	35.36	53.83	306.80
2026-05-21T22:59:08.4042367+08:00	0x01	-0.2534	-0.4874	0.4701	-0.6909	316.87	47.66	53.93
2026-05-21T22:59:08.6868884+08:00	0x04	0.3348	-0.3130	-0.3504	-0.8168	34.38	25.51	309.98
2026-05-21T22:59:08.7078250+08:00	0x02	-0.4189	-0.4597	0.6449	-0.4442	225.80	329.79	74.80
2026-05-21T22:59:08.9209001+08:00	0x01	-0.2566	-0.4843	0.4700	-0.6919	316.70	47.05	54.12
2026-05-21T22:59:09.2046623+08:00	0x04	0.3353	-0.3135	-0.3483	-0.8173	34.00	25.73	309.96
2026-05-21T22:59:09.2876453+08:00	0x03	-0.2616	0.5046	0.4329	0.6997	34.98	53.59	306.59
2026-05-21T22:59:09.4928533+08:00	0x01	-0.2578	-0.4836	0.4701	-0.6919	316.67	46.90	54.23
2026-05-21T22:59:09.7923271+08:00	0x04	0.3473	-0.3110	-0.3610	-0.8077	36.40	23.99	308.23
2026-05-21T22:59:09.7923271+08:00	0x02	-0.4229	-0.4584	0.6454	-0.4410	223.59	327.49	74.73
2026-05-21T22:59:09.8549665+08:00	0x03	-0.2672	0.5039	0.4383	0.6947	35.68	53.13	305.62
2026-05-21T22:59:09.9537735+08:00	0x01	-0.2580	-0.4855	0.4725	-0.6888	316.39	47.06	54.51
2026-05-21T22:59:10.3551357+08:00	0x04	0.3438	-0.3114	-0.3633	-0.8080	36.74	23.98	308.57
2026-05-21T22:59:10.3711787+08:00	0x02	-0.4198	-0.4620	0.6461	-0.4392	223.78	328.22	74.96
2026-05-21T22:59:10.4207463+08:00	0x03	-0.2670	0.5046	0.4418	0.6920	36.21	53.03	305.36
2026-05-21T22:59:10.4933992+08:00	0x01	-0.2571	-0.4867	0.4735	-0.6876	316.28	47.22	54.54
2026-05-21T22:59:10.8709185+08:00	0x04	0.3411	-0.3110	-0.3626	-0.8096	36.63	24.06	308.94
2026-05-21T22:59:10.9046965+08:00	0x02	-0.4197	-0.4614	0.6472	-0.4382	223.41	327.94	74.83
2026-05-21T22:59:10.9545636+08:00	0x03	-0.2645	0.5043	0.4410	0.6937	36.23	53.00	305.72
2026-05-21T22:59:11.0563005+08:00	0x01	-0.2536	-0.4884	0.4732	-0.6879	316.41	47.61	54.21
2026-05-21T22:59:11.4390968+08:00	0x04	0.3362	-0.3124	-0.3619	-0.8114	36.39	24.49	309.49
2026-05-21T22:59:11.4752029+08:00	0x02	-0.4182	-0.4619	0.6506	-0.4342	222.31	327.40	74.61
2026-05-21T22:59:11.5218410+08:00	0x03	-0.2631	0.5043	0.4418	0.6938	36.42	52.93	305.84
2026-05-21T22:59:11.5748166+08:00	0x01	-0.2500	-0.4919	0.4719	-0.6876	316.83	48.41	53.91
2026-05-21T22:59:11.9613849+08:00	0x04	0.3378	-0.3116	-0.3635	-0.8103	36.73	24.19	309.29
2026-05-21T22:59:11.9923733+08:00	0x02	-0.4187	-0.4611	0.6524	-0.4319	221.32	326.57	74.42
2026-05-21T22:59:12.0888065+08:00	0x03	-0.2645	0.5036	0.4432	0.6928	36.66	52.71	305.62
2026-05-21T22:59:12.4446736+08:00	0x04	0.3388	-0.3111	-0.3644	-0.8097	36.92	24.01	309.16
2026-05-21T22:59:12.5719689+08:00	0x02	-0.4185	-0.4615	0.6525	-0.4314	221.22	326.54	74.45
2026-05-21T22:59:12.6474484+08:00	0x03	-0.2664	0.5018	0.4440	0.6928	36.88	52.32	305.43
2026-05-21T22:59:12.7222627+08:00	0x01	-0.2473	-0.4931	0.4710	-0.6883	317.01	48.73	53.61
2026-05-21T22:59:13.0059556+08:00	0x04	0.3391	-0.3110	-0.3644	-0.8096	36.93	23.97	309.13
2026-05-21T22:59:13.1234893+08:00	0x02	-0.4184	-0.4621	0.6520	-0.4316	221.32	326.64	74.53
2026-05-21T22:59:13.2239381+08:00	0x03	-0.2664	0.5018	0.4451	0.6922	37.07	52.23	305.37
2026-05-21T22:59:13.6277244+08:00	0x04	0.3432	-0.3094	-0.3649	-0.8083	37.16	23.55	308.69
2026-05-21T22:59:13.6557965+08:00	0x02	-0.4205	-0.4605	0.6520	-0.4312	220.66	325.78	74.41
2026-05-21T22:59:13.7750472+08:00	0x03	-0.2688	0.5007	0.4449	0.6922	37.04	52.04	305.16
2026-05-21T22:59:14.1055287+08:00	0x04	0.3390	-0.3107	-0.3618	-0.8109	36.50	24.14	309.22
2026-05-21T22:59:14.2118737+08:00	0x02	-0.4197	-0.4601	0.6524	-0.4319	221.08	326.21	74.34
2026-05-21T22:59:14.2536053+08:00	0x03	-0.2681	0.5004	0.4441	0.6931	36.95	52.05	305.30
2026-05-21T22:59:14.2827581+08:00	0x01	-0.2459	-0.4946	0.4693	-0.6889	317.40	49.15	53.43
2026-05-21T22:59:14.7251540+08:00	0x04	0.3397	-0.3110	-0.3603	-0.8112	36.23	24.28	309.18
2026-05-21T22:59:14.7591236+08:00	0x02	-0.4212	-0.4583	0.6529	-0.4316	220.56	325.55	74.16
2026-05-21T22:59:14.8387887+08:00	0x03	-0.2691	0.5003	0.4437	0.6931	36.85	52.06	305.22
2026-05-21T22:59:14.9054113+08:00	0x01	-0.2466	-0.4940	0.4694	-0.6891	317.34	49.02	53.47
2026-05-21T22:59:15.1889347+08:00	0x04	0.3366	-0.3122	-0.3601	-0.8121	36.09	24.59	309.50
2026-05-21T22:59:15.3228351+08:00	0x02	-0.4208	-0.4592	0.6528	-0.4312	220.54	325.61	74.24
2026-05-21T22:59:15.4273576+08:00	0x03	-0.2680	0.5008	0.4446	0.6926	37.00	52.09	305.26
2026-05-21T22:59:15.7080306+08:00	0x04	0.3383	-0.3120	-0.3607	-0.8112	36.22	24.45	309.28
2026-05-21T22:59:23.7869831+08:00	0x02	-0.4202	-0.4596	0.6523	-0.4320	220.97	326.03	74.31
2026-05-21T22:59:23.7869831+08:00	0x03	-0.2685	0.5001	0.4443	0.6931	37.00	51.97	305.26
2026-05-21T22:59:23.7869831+08:00	0x04	0.3408	-0.3110	-0.3634	-0.8094	36.76	24.02	308.95
2026-05-21T22:59:23.7869831+08:00	0x02	-0.4202	-0.4600	0.6528	-0.4309	220.58	325.76	74.30
2026-05-21T22:59:23.7869831+08:00	0x03	-0.2684	0.5010	0.4453	0.6918	37.10	52.07	305.16
2026-05-21T22:59:23.7869831+08:00	0x01	-0.2459	-0.4962	0.4713	-0.6865	317.18	49.29	53.64
2026-05-21T22:59:23.7869831+08:00	0x04	0.3354	-0.3138	-0.3654	-0.8097	36.88	24.47	309.43
2026-05-21T22:59:23.7869831+08:00	0x02	-0.4197	-0.4615	0.6549	-0.4266	219.22	324.89	74.27
2026-05-21T22:59:23.7869831+08:00	0x03	-0.2654	0.5031	0.4478	0.6898	37.44	52.30	305.23
2026-05-21T22:59:23.7869831+08:00	0x01	-0.2455	-0.4984	0.4742	-0.6830	316.84	49.50	53.90
2026-05-21T22:59:23.7869831+08:00	0x04	0.3285	-0.3151	-0.3642	-0.8125	36.56	24.97	310.23
2026-05-21T22:59:23.7869831+08:00	0x02	-0.4192	-0.4617	0.6544	-0.4277	219.73	325.35	74.33
2026-05-21T22:59:23.7869831+08:00	0x03	-0.2631	0.5034	0.4458	0.6918	37.18	52.47	305.62
2026-05-21T22:59:23.7869831+08:00	0x01	-0.2457	-0.4973	0.4733	-0.6843	316.92	49.37	53.81
2026-05-21T22:59:23.7869831+08:00	0x04	0.3311	-0.3144	-0.3646	-0.8115	36.69	24.75	309.94
2026-05-21T22:59:23.7869831+08:00	0x02	-0.4200	-0.4605	0.6546	-0.4277	219.49	325.01	74.21
2026-05-21T22:59:23.7869831+08:00	0x03	-0.2628	0.5036	0.4458	0.6918	37.17	52.51	305.65
2026-05-21T22:59:23.7869831+08:00	0x01	-0.2445	-0.4981	0.4728	-0.6846	317.02	49.55	53.68
2026-05-21T22:59:23.7869831+08:00	0x04	0.3287	-0.3158	-0.3627	-0.8128	36.25	25.19	310.24
2026-05-21T22:59:23.7869831+08:00	0x03	-0.2633	0.5035	0.4455	0.6919	37.11	52.52	305.62
2026-05-21T22:59:23.7869831+08:00	0x01	-0.2449	-0.4965	0.4725	-0.6858	316.96	49.27	53.61
2026-05-21T22:59:23.7879797+08:00	0x04	0.3359	-0.3135	-0.3626	-0.8108	36.43	24.62	309.46
2026-05-21T22:59:23.7879797+08:00	0x02	-0.4217	-0.4589	0.6539	-0.4289	219.51	324.73	74.14
2026-05-21T22:59:23.7879797+08:00	0x03	-0.2651	0.5018	0.4441	0.6933	36.94	52.30	305.58
2026-05-21T22:59:23.7879797+08:00	0x01	-0.2459	-0.4952	0.4719	-0.6867	316.99	49.07	53.62
2026-05-21T22:59:23.7879797+08:00	0x04	0.3338	-0.3160	-0.3607	-0.8115	35.93	25.23	309.66
2026-05-21T22:59:23.7879797+08:00	0x02	-0.4187	-0.4609	0.6545	-0.4289	220.24	325.77	74.24
2026-05-21T22:59:23.7879797+08:00	0x03	-0.2662	0.5016	0.4449	0.6926	37.05	52.21	305.41
2026-05-21T22:59:23.7879797+08:00	0x01	-0.2457	-0.4967	0.4728	-0.6851	316.95	49.28	53.74
2026-05-21T22:59:23.7879797+08:00	0x04	0.3335	-0.3155	-0.3634	-0.8107	36.41	24.96	309.65
2026-05-21T22:59:23.7879797+08:00	0x02	-0.4194	-0.4607	0.6548	-0.4279	219.73	325.29	74.21
2026-05-21T22:59:23.7879797+08:00	0x03	-0.2651	0.5034	0.4454	0.6913	37.03	52.52	305.42
2026-05-21T22:59:23.7879797+08:00	0x01	-0.2455	-0.4970	0.4735	-0.6845	316.85	49.29	53.78
2026-05-21T22:59:23.7879797+08:00	0x04	0.3361	-0.3149	-0.3658	-0.8087	36.89	24.58	309.28
2026-05-21T22:59:23.7879797+08:00	0x02	-0.4198	-0.4602	0.6556	-0.4268	219.25	324.88	74.11
2026-05-21T22:59:23.7879797+08:00	0x03	-0.2657	0.5030	0.4461	0.6910	37.15	52.39	305.33
2026-05-21T22:59:23.7879797+08:00	0x01	-0.2451	-0.4970	0.4729	-0.6851	316.93	49.33	53.69
2026-05-21T22:59:23.7879797+08:00	0x02	-0.4196	-0.4602	0.6543	-0.4289	220.05	325.48	74.20
2026-05-21T22:59:23.7879797+08:00	0x04	0.3358	-0.3148	-0.3629	-0.8102	36.39	24.81	309.41
2026-05-21T22:59:23.7879797+08:00	0x03	-0.2665	0.5020	0.4447	0.6923	36.98	52.29	305.37
2026-05-21T22:59:23.7879797+08:00	0x01	-0.2466	-0.4940	0.4725	-0.6869	316.81	48.80	53.67
2026-05-21T22:59:23.7879797+08:00	0x04	0.3377	-0.3142	-0.3600	-0.8109	35.94	24.89	309.29
2026-05-21T22:59:23.7879797+08:00	0x02	-0.4212	-0.4585	0.6538	-0.4300	220.01	325.16	74.11
2026-05-21T22:59:23.7879797+08:00	0x03	-0.2689	0.5000	0.4438	0.6933	36.91	51.99	305.24
2026-05-21T22:59:23.7879797+08:00	0x01	-0.2468	-0.4937	0.4721	-0.6873	316.85	48.76	53.66
2026-05-21T22:59:23.7879797+08:00	0x04	0.3349	-0.3157	-0.3589	-0.8120	35.63	25.30	309.59
2026-05-21T22:59:23.7879797+08:00	0x02	-0.4201	-0.4599	0.6531	-0.4306	220.50	325.72	74.27
2026-05-21T22:59:23.7879797+08:00	0x03	-0.2691	0.4996	0.4439	0.6934	36.95	51.91	305.23
2026-05-21T22:59:23.7879797+08:00	0x01	-0.2478	-0.4934	0.4730	-0.6866	316.70	48.63	53.80
2026-05-21T22:59:23.7879797+08:00	0x04	0.3349	-0.3165	-0.3618	-0.8104	36.09	25.18	309.48
2026-05-21T22:59:23.7879797+08:00	0x02	-0.4209	-0.4592	0.6544	-0.4286	219.58	324.90	74.12
2026-05-21T22:59:23.7879797+08:00	0x03	-0.2681	0.5018	0.4456	0.6912	37.08	52.20	305.14
2026-05-21T22:59:23.7879797+08:00	0x01	-0.2489	-0.4950	0.4746	-0.6840	316.58	48.79	54.12
2026-05-21T22:59:23.7879797+08:00	0x04	0.3443	-0.3134	-0.3692	-0.8043	37.64	23.81	308.25
2026-05-21T22:59:23.7879797+08:00	0x02	-0.4267	-0.4549	0.6568	-0.4238	216.60	321.76	73.58
2026-05-21T22:59:23.7879797+08:00	0x01	-0.2559	-0.4915	0.4781	-0.6814	315.83	47.76	54.96
2026-05-21T22:59:24.0143413+08:00	0x04	0.3558	-0.3084	-0.3737	-0.7992	38.94	22.19	306.95
2026-05-21T22:59:24.0321819+08:00	0x03	-0.2850	0.4945	0.4529	0.6849	38.39	50.26	303.04
2026-05-21T22:59:24.2248371+08:00	0x01	-0.2589	-0.4906	0.4790	-0.6803	315.66	47.49	55.31
2026-05-21T22:59:24.5770838+08:00	0x04	0.3538	-0.3067	-0.3806	-0.7974	40.29	21.37	307.08
2026-05-21T22:59:24.6112527+08:00	0x02	-0.4343	-0.4500	0.6608	-0.4149	212.14	317.35	72.78
