timestamp	device	q0	q1	q2	q3	yaw	pitch	roll
2026-05-08T14:40:02.7351712+08:00	0x08	-0.0042	-0.0156	0.0535	0.9984	6.14	358.19	359.61
2026-05-08T14:40:02.8018050+08:00	0x09	0.0523	-0.0675	-0.6405	0.7632	280.03	350.21	359.62
2026-05-08T14:40:02.8441557+08:00	0x01	-0.0180	-0.0645	-0.2235	0.9724	334.33	353.25	356.34
2026-05-08T14:40:02.9478353+08:00	0x04	-0.0145	-0.0192	-0.2015	0.9792	336.78	358.18	357.93
2026-05-08T14:40:03.0237360+08:00	0x06	0.6958	-0.1509	-0.6610	-0.2370	173.01	269.07	328.04
2026-05-08T14:40:03.0984150+08:00	0x07	-0.5100	-0.4582	0.5829	-0.4360	191.57	287.05	78.23
2026-05-08T14:40:03.1995759+08:00	0x08	-0.0042	-0.0156	0.0535	0.9984	6.14	358.19	359.61
2026-05-08T14:40:03.2244183+08:00	0x02	0.0168	-0.0044	-0.9730	0.2301	206.61	358.01	359.95
2026-05-08T14:40:03.3611315+08:00	0x09	0.0523	-0.0675	-0.6405	0.7632	280.03	350.21	359.63
2026-05-08T14:40:03.4068538+08:00	0x01	-0.0179	-0.0645	-0.2229	0.9725	334.39	353.24	356.35
2026-05-08T14:40:03.5913078+08:00	0x06	0.7157	-0.1690	-0.6333	-0.2409	175.63	264.35	326.02
2026-05-08T14:40:03.6694903+08:00	0x03	0.0101	-0.0465	0.2655	0.9629	30.72	355.16	2.53
2026-05-08T14:40:03.7138402+08:00	0x08	-0.0042	-0.0156	0.0535	0.9984	6.14	358.19	359.61
2026-05-08T14:40:03.8691577+08:00	0x02	0.0168	-0.0044	-0.9730	0.2300	206.60	358.01	359.95
2026-05-08T14:40:03.9455292+08:00	0x09	0.0524	-0.0675	-0.6405	0.7632	280.03	350.21	359.63
2026-05-08T14:40:04.1845892+08:00	0x06	0.7191	-0.1520	-0.6395	-0.2254	175.32	264.61	328.76
2026-05-08T14:40:04.2144217+08:00	0x03	0.0101	-0.0465	0.2655	0.9629	30.72	355.16	2.53
2026-05-08T14:40:04.4313788+08:00	0x08	-0.0042	-0.0156	0.0535	0.9984	6.14	358.19	359.61
2026-05-08T14:40:04.4680405+08:00	0x09	0.0523	-0.0675	-0.6405	0.7632	280.03	350.21	359.63
2026-05-08T14:40:04.5072697+08:00	0x01	-0.0179	-0.0645	-0.2219	0.9728	334.51	353.24	356.37
2026-05-08T14:40:04.6915274+08:00	0x06	0.7156	-0.1473	-0.6463	-0.2203	175.08	265.52	329.62
2026-05-08T14:40:04.7452667+08:00	0x03	0.0101	-0.0465	0.2655	0.9629	30.72	355.16	2.53
2026-05-08T14:40:04.7769222+08:00	0x07	-0.5170	-0.4885	0.5606	-0.4240	169.70	265.91	80.45
2026-05-08T14:40:04.8153603+08:00	0x02	0.0168	-0.0044	-0.9730	0.2300	206.60	358.01	359.95
2026-05-08T14:40:04.8612219+08:00	0x08	-0.0042	-0.0156	0.0535	0.9984	6.14	358.19	359.61
2026-05-08T14:40:05.0696883+08:00	0x01	-0.0178	-0.0645	-0.2214	0.9729	334.57	353.23	356.37
2026-05-08T14:40:05.0993291+08:00	0x04	-0.0145	-0.0192	-0.2015	0.9792	336.78	358.18	357.93
2026-05-08T14:40:05.2067161+08:00	0x09	0.0523	-0.0675	-0.6405	0.7632	280.03	350.21	359.63
2026-05-08T14:40:05.2916644+08:00	0x03	0.0101	-0.0465	0.2655	0.9629	30.72	355.16	2.53
2026-05-08T14:40:05.3318001+08:00	0x07	-0.5113	-0.4890	0.5602	-0.4308	173.40	269.55	81.28
2026-05-08T14:40:05.4970092+08:00	0x08	-0.0042	-0.0156	0.0535	0.9984	6.14	358.19	359.61
2026-05-08T14:40:05.5778984+08:00	0x01	-0.0178	-0.0645	-0.2211	0.9729	334.60	353.23	356.38
2026-05-08T14:40:05.6158060+08:00	0x09	0.0523	-0.0675	-0.6405	0.7632	280.03	350.21	359.63
2026-05-08T14:40:05.6922471+08:00	0x04	-0.0145	-0.0192	-0.2015	0.9792	336.78	358.18	357.93
2026-05-08T14:40:05.7811216+08:00	0x03	0.0101	-0.0465	0.2655	0.9629	30.72	355.16	2.53
2026-05-08T14:40:05.8130289+08:00	0x06	0.7116	-0.1416	-0.6527	-0.2180	174.51	266.52	330.32
2026-05-08T14:40:05.8866166+08:00	0x02	0.0168	-0.0044	-0.9730	0.2301	206.61	358.01	359.95
2026-05-08T14:40:05.9650583+08:00	0x08	-0.0042	-0.0156	0.0535	0.9984	6.14	358.19	359.61
2026-05-08T14:40:06.1441563+08:00	0x09	0.0523	-0.0675	-0.6405	0.7632	280.03	350.21	359.63
2026-05-08T14:40:06.1783742+08:00	0x04	-0.0145	-0.0192	-0.2015	0.9792	336.78	358.18	357.93
2026-05-08T14:40:06.3253065+08:00	0x03	0.0101	-0.0465	0.2655	0.9629	30.72	355.16	2.53
2026-05-08T14:40:06.3595607+08:00	0x06	0.7151	-0.1360	-0.6556	-0.2010	175.53	266.13	332.24
2026-05-08T14:40:06.4325280+08:00	0x02	0.0168	-0.0044	-0.9730	0.2301	206.62	358.01	359.95
2026-05-08T14:40:06.4851338+08:00	0x08	-0.0042	-0.0155	0.0535	0.9984	6.14	358.20	359.61
2026-05-08T14:40:06.7334906+08:00	0x01	-0.0178	-0.0645	-0.2207	0.9730	334.65	353.22	356.38
2026-05-08T14:40:06.7503725+08:00	0x05	0.0102	0.0092	0.4354	0.9002	51.63	1.46	0.59
2026-05-08T14:40:06.7954487+08:00	0x09	0.0523	-0.0675	-0.6405	0.7632	280.03	350.21	359.62
2026-05-08T14:40:06.9157035+08:00	0x07	-0.5543	-0.4527	0.5811	-0.3876	169.95	265.28	72.89
2026-05-08T14:40:06.9551982+08:00	0x03	0.0101	-0.0465	0.2655	0.9629	30.72	355.16	2.53
2026-05-08T14:40:07.0500975+08:00	0x08	-0.0042	-0.0156	0.0535	0.9984	6.14	358.19	359.61
2026-05-08T14:40:07.1841165+08:00	0x02	0.0168	-0.0044	-0.9730	0.2302	206.62	358.01	359.95
2026-05-08T14:40:07.2226284+08:00	0x09	0.0523	-0.0675	-0.6405	0.7632	280.03	350.21	359.62
2026-05-08T14:40:07.2905780+08:00	0x04	-0.0145	-0.0192	-0.2015	0.9792	336.78	358.18	357.93
2026-05-08T14:40:07.3954218+08:00	0x03	0.0101	-0.0465	0.2655	0.9629	30.72	355.16	2.53
2026-05-08T14:40:07.4561191+08:00	0x06	0.7150	-0.1361	-0.6555	-0.2015	175.50	266.14	332.19
2026-05-08T14:40:07.5104338+08:00	0x07	-0.5530	-0.4538	0.5805	-0.3889	170.00	265.35	73.14
2026-05-08T14:40:07.5439704+08:00	0x02	0.0168	-0.0044	-0.9730	0.2302	206.62	358.01	359.95
2026-05-08T14:40:07.6236583+08:00	0x08	-0.0042	-0.0156	0.0535	0.9984	6.14	358.19	359.61
2026-05-08T14:40:07.7631927+08:00	0x01	-0.0178	-0.0646	-0.2205	0.9731	334.68	353.22	356.39
2026-05-08T14:40:07.8334300+08:00	0x04	-0.0145	-0.0192	-0.2015	0.9792	336.78	358.18	357.93
2026-05-08T14:40:07.9751206+08:00	0x03	0.0101	-0.0465	0.2655	0.9629	30.72	355.16	2.53
2026-05-08T14:40:08.0213856+08:00	0x06	0.3209	-0.1086	-0.9079	-0.2469	156.10	325.52	339.17
2026-05-08T14:40:08.0485150+08:00	0x02	0.0168	-0.0044	-0.9730	0.2302	206.62	358.01	359.95
2026-05-08T14:40:08.2485099+08:00	0x08	-0.0042	-0.0156	0.0535	0.9984	6.14	358.19	359.61
2026-05-08T14:40:08.2764976+08:00	0x09	0.0523	-0.0675	-0.6405	0.7632	280.03	350.21	359.62
2026-05-08T14:40:08.3240000+08:00	0x01	-0.0178	-0.0646	-0.2205	0.9731	334.68	353.22	356.39
2026-05-08T14:40:08.3621607+08:00	0x04	-0.0145	-0.0192	-0.2015	0.9792	336.78	358.18	357.93
2026-05-08T14:40:08.4857258+08:00	0x03	0.0101	-0.0465	0.2655	0.9629	30.72	355.16	2.53
2026-05-08T14:40:08.5502612+08:00	0x06	0.3203	-0.1376	-0.8879	-0.3003	150.35	327.29	334.11
2026-05-08T14:40:08.5835800+08:00	0x07	-0.1912	-0.2621	0.6276	-0.7077	280.01	9.42	36.85
2026-05-08T14:40:08.8199093+08:00	0x08	-0.0042	-0.0156	0.0535	0.9984	6.14	358.19	359.61
2026-05-08T14:40:08.9248193+08:00	0x04	-0.0145	-0.0192	-0.2015	0.9792	336.78	358.18	357.93
2026-05-08T14:40:09.0661243+08:00	0x03	0.0101	-0.0465	0.2655	0.9629	30.72	355.16	2.53
2026-05-08T14:40:09.1099721+08:00	0x06	0.3119	-0.1390	-0.8896	-0.3034	149.75	328.47	334.11
2026-05-08T14:40:09.1423948+08:00	0x02	0.0168	-0.0044	-0.9730	0.2302	206.62	358.01	359.95
2026-05-08T14:40:09.3413199+08:00	0x08	-0.0042	-0.0156	0.0535	0.9984	6.14	358.19	359.61
2026-05-08T14:40:09.3876990+08:00	0x01	-0.0178	-0.0645	-0.2204	0.9731	334.69	353.22	356.39
2026-05-08T14:40:09.4402427+08:00	0x04	-0.0145	-0.0192	-0.2015	0.9792	336.78	358.18	357.93
2026-05-08T14:40:09.6014448+08:00	0x03	0.0101	-0.0465	0.2655	0.9629	30.72	355.16	2.53
2026-05-08T14:40:09.7183837+08:00	0x02	0.0168	-0.0044	-0.9730	0.2302	206.62	358.01	359.95
2026-05-08T14:40:09.7670638+08:00	0x06	0.4551	-0.1831	-0.8199	-0.2953	157.28	309.11	325.33
2026-05-08T14:40:09.9389842+08:00	0x05	0.0103	0.0093	0.4354	0.9001	51.64	1.47	0.59
2026-05-08T14:40:09.9764003+08:00	0x09	0.0523	-0.0675	-0.6405	0.7632	280.03	350.21	359.63
2026-05-08T14:40:10.0213910+08:00	0x04	-0.0145	-0.0191	-0.2015	0.9792	336.78	358.19	357.93
2026-05-08T14:40:10.2045094+08:00	0x03	0.0101	-0.0465	0.2655	0.9629	30.72	355.16	2.53
2026-05-08T14:40:10.2591600+08:00	0x07	-0.1554	-0.3034	0.4217	-0.8402	314.13	26.26	31.14
2026-05-08T14:40:10.3802922+08:00	0x08	-0.0042	-0.0156	0.0535	0.9984	6.14	358.19	359.61
2026-05-08T14:40:10.4659865+08:00	0x09	0.0523	-0.0675	-0.6405	0.7632	280.03	350.21	359.63
2026-05-08T14:40:10.5189139+08:00	0x01	-0.0178	-0.0645	-0.2203	0.9731	334.70	353.22	356.39
2026-05-08T14:40:10.6400288+08:00	0x04	-0.0145	-0.0191	-0.2015	0.9792	336.78	358.19	357.93
2026-05-08T14:40:10.7436370+08:00	0x03	0.0101	-0.0465	0.2655	0.9629	30.72	355.16	2.53
2026-05-08T14:40:10.8333905+08:00	0x06	0.6744	-0.1901	-0.6649	-0.2587	173.70	271.30	323.00
2026-05-08T14:40:10.8867615+08:00	0x07	-0.1821	-0.7156	0.2367	-0.6314	357.33	96.32	34.66
2026-05-08T14:40:10.9589881+08:00	0x09	0.0524	-0.0675	-0.6405	0.7632	280.03	350.21	359.63
2026-05-08T14:40:11.0548367+08:00	0x01	-0.0177	-0.0645	-0.2203	0.9731	334.70	353.22	356.39
2026-05-08T14:40:11.1138435+08:00	0x04	-0.0145	-0.0191	-0.2015	0.9792	336.78	358.19	357.93
2026-05-08T14:40:11.2910433+08:00	0x03	0.0101	-0.0465	0.2655	0.9629	30.72	355.16	2.53
2026-05-08T14:40:11.3828129+08:00	0x07	0.0064	-0.7374	0.0666	-0.6722	354.30	95.04	5.14
2026-05-08T14:40:11.4436692+08:00	0x06	0.6786	-0.1797	-0.6663	-0.2516	173.55	271.01	324.49
2026-05-08T14:40:11.5334286+08:00	0x09	0.0523	-0.0675	-0.6405	0.7632	280.03	350.21	359.63
2026-05-08T14:40:11.5915835+08:00	0x01	-0.0177	-0.0645	-0.2203	0.9731	334.70	353.22	356.39
2026-05-08T14:40:11.8572050+08:00	0x03	0.0101	-0.0465	0.2655	0.9629	30.72	355.16	2.53
2026-05-08T14:40:11.9233147+08:00	0x07	0.1933	-0.7105	-0.1061	-0.6683	351.62	95.30	335.85
2026-05-08T14:40:12.0985167+08:00	0x08	-0.0042	-0.0156	0.0535	0.9984	6.14	358.19	359.61
2026-05-08T14:40:12.1836905+08:00	0x05	0.0102	0.0093	0.4355	0.9001	51.64	1.47	0.59
2026-05-08T14:40:12.2253706+08:00	0x04	-0.0145	-0.0191	-0.2015	0.9792	336.78	358.19	357.93
2026-05-08T14:40:12.4090991+08:00	0x03	0.0101	-0.0465	0.2655	0.9629	30.72	355.16	2.53
2026-05-08T14:40:12.4568380+08:00	0x07	0.3018	-0.6572	-0.2340	-0.6498	352.56	93.70	315.59
2026-05-08T14:40:12.6093175+08:00	0x09	0.0524	-0.0675	-0.6405	0.7632	280.03	350.21	359.63
2026-05-08T14:40:12.6687621+08:00	0x01	-0.0177	-0.0645	-0.2203	0.9731	334.70	353.22	356.39
2026-05-08T14:40:12.7741827+08:00	0x04	-0.0145	-0.0192	-0.2015	0.9792	336.78	358.18	357.93
2026-05-08T14:40:12.9344530+08:00	0x03	0.0101	-0.0465	0.2655	0.9629	30.72	355.16	2.53
2026-05-08T14:40:13.0034949+08:00	0x07	0.5677	-0.6985	-0.2631	-0.3473	289.58	163.27	310.37
2026-05-08T14:40:13.1358199+08:00	0x08	-0.0042	-0.0156	0.0535	0.9984	6.14	358.19	359.61
2026-05-08T14:40:13.2358389+08:00	0x01	-0.0178	-0.0645	-0.2203	0.9731	334.70	353.22	356.39
2026-05-08T14:40:13.4601193+08:00	0x02	0.0168	-0.0044	-0.9730	0.2302	206.62	358.01	359.95
2026-05-08T14:40:13.4922572+08:00	0x03	0.0101	-0.0465	0.2655	0.9629	30.72	355.16	2.53
2026-05-08T14:40:13.5996748+08:00	0x06	0.6785	-0.1800	-0.6662	-0.2518	173.55	271.02	324.44
2026-05-08T14:40:13.7702539+08:00	0x08	-0.0042	-0.0156	0.0535	0.9984	6.14	358.19	359.61
2026-05-08T14:40:13.8607598+08:00	0x04	-0.0145	-0.0191	-0.2015	0.9792	336.78	358.19	357.93
2026-05-08T14:40:13.9050298+08:00	0x09	0.0524	-0.0675	-0.6405	0.7632	280.03	350.21	359.63
2026-05-08T14:40:14.0153759+08:00	0x03	0.0101	-0.0465	0.2655	0.9629	30.72	355.16	2.53
2026-05-08T14:40:14.0643791+08:00	0x02	0.0167	-0.0044	-0.9730	0.2302	206.62	358.02	359.95
2026-05-08T14:40:14.1044244+08:00	0x06	0.8129	-0.1246	-0.5604	-0.0979	185.58	248.31	342.61
2026-05-08T14:40:14.1249909+08:00	0x07	0.7190	-0.5004	-0.3817	-0.2949	236.65	205.39	306.29
2026-05-08T14:40:14.2926944+08:00	0x09	0.0523	-0.0675	-0.6405	0.7632	280.03	350.21	359.63
2026-05-08T14:40:14.3366326+08:00	0x08	-0.0042	-0.0156	0.0535	0.9984	6.14	358.19	359.61
2026-05-08T14:40:14.5667042+08:00	0x03	0.0101	-0.0465	0.2655	0.9629	30.72	355.16	2.53
2026-05-08T14:40:14.5969993+08:00	0x06	0.8150	-0.1188	-0.5594	-0.0931	185.36	248.15	343.46
2026-05-08T14:40:14.7194676+08:00	0x07	0.8573	-0.1793	-0.4660	-0.1255	191.90	234.68	337.52
2026-05-08T14:40:14.7899737+08:00	0x08	-0.0042	-0.0156	0.0535	0.9984	6.14	358.19	359.61
2026-05-08T14:40:14.8619849+08:00	0x01	-0.0178	-0.0645	-0.2203	0.9731	334.70	353.23	356.39
2026-05-08T14:40:14.8834514+08:00	0x09	0.0523	-0.0675	-0.6405	0.7632	280.03	350.21	359.63
2026-05-08T14:40:14.9335998+08:00	0x05	0.0101	0.0094	0.4351	0.9003	51.60	1.47	0.57
2026-05-08T14:40:15.0964838+08:00	0x03	0.0101	-0.0465	0.2655	0.9629	30.72	355.16	2.53
2026-05-08T14:40:15.1602418+08:00	0x06	0.8170	-0.1129	-0.5587	-0.0875	185.17	248.02	344.39
2026-05-08T14:40:15.2771982+08:00	0x07	0.8744	-0.0476	-0.4798	-0.0540	181.82	237.38	351.95
2026-05-08T14:40:15.3167513+08:00	0x01	-0.0178	-0.0645	-0.2203	0.9731	334.70	353.23	356.39
2026-05-08T14:40:15.4000475+08:00	0x09	0.0523	-0.0675	-0.6405	0.7632	280.03	350.21	359.63
2026-05-08T14:40:15.5282704+08:00	0x04	-0.0145	-0.0191	-0.2015	0.9792	336.78	358.19	357.93
2026-05-08T14:40:15.6320906+08:00	0x03	0.0101	-0.0465	0.2655	0.9629	30.72	355.16	2.53
2026-05-08T14:40:15.6884193+08:00	0x06	0.8179	-0.1082	-0.5588	-0.0836	184.96	248.04	345.07
2026-05-08T14:40:15.8492954+08:00	0x07	0.8749	0.0437	-0.4823	-0.0039	175.39	237.65	2.02
2026-05-08T14:40:15.9306205+08:00	0x09	0.0523	-0.0675	-0.6405	0.7632	280.03	350.21	359.63
2026-05-08T14:40:16.0575234+08:00	0x04	-0.0145	-0.0191	-0.2015	0.9792	336.78	358.19	357.93
2026-05-08T14:40:16.1644385+08:00	0x03	0.0101	-0.0465	0.2655	0.9629	30.72	355.16	2.53
2026-05-08T14:40:16.2446287+08:00	0x06	0.8196	-0.1024	-0.5585	-0.0764	184.88	247.95	346.14
2026-05-08T14:40:16.3914247+08:00	0x07	0.8694	0.1081	-0.4812	0.0312	170.80	237.20	9.10
2026-05-08T14:40:16.4781812+08:00	0x09	0.0523	-0.0674	-0.6405	0.7632	280.03	350.21	359.63
2026-05-08T14:40:16.5604204+08:00	0x01	-0.0178	-0.0645	-0.2203	0.9731	334.70	353.22	356.39
2026-05-08T14:40:16.7072847+08:00	0x03	0.0101	-0.0465	0.2655	0.9629	30.72	355.16	2.53
2026-05-08T14:40:16.8095214+08:00	0x06	0.8209	-0.0985	-0.5579	-0.0722	184.78	247.84	346.79
2026-05-08T14:40:16.9237423+08:00	0x07	0.8644	0.1487	-0.4772	0.0550	167.84	236.33	13.71
2026-05-08T14:40:17.0042784+08:00	0x09	0.0524	-0.0674	-0.6405	0.7632	280.03	350.21	359.63
2026-05-08T14:40:17.1483807+08:00	0x04	-0.0145	-0.0191	-0.2015	0.9792	336.78	358.19	357.93
2026-05-08T14:40:17.3118951+08:00	0x03	0.0101	-0.0465	0.2655	0.9629	30.72	355.16	2.53
2026-05-08T14:40:17.4368117+08:00	0x02	0.0168	-0.0044	-0.9730	0.2302	206.62	358.01	359.95
2026-05-08T14:40:17.4675889+08:00	0x07	0.8581	0.1808	-0.4751	0.0727	165.37	235.71	17.25
2026-05-08T14:40:17.5478861+08:00	0x09	0.0524	-0.0674	-0.6405	0.7632	280.03	350.21	359.63
2026-05-08T14:40:17.5803067+08:00	0x01	-0.0178	-0.0645	-0.2203	0.9731	334.70	353.22	356.39
2026-05-08T14:40:17.7233539+08:00	0x04	-0.0145	-0.0192	-0.2015	0.9792	336.78	358.18	357.93
2026-05-08T14:40:17.8552371+08:00	0x03	0.0101	-0.0465	0.2655	0.9629	30.72	355.16	2.53
2026-05-08T14:40:17.8909521+08:00	0x02	0.0168	-0.0044	-0.9730	0.2302	206.62	358.01	359.95
2026-05-08T14:40:18.0654589+08:00	0x07	0.7933	0.3112	-0.4945	0.1710	156.53	236.29	35.39
2026-05-08T14:40:18.1120465+08:00	0x01	-0.0178	-0.0645	-0.2203	0.9731	334.70	353.22	356.39
2026-05-08T14:40:18.2422347+08:00	0x04	-0.0145	-0.0191	-0.2015	0.9792	336.78	358.19	357.93
2026-05-08T14:40:18.3421726+08:00	0x09	0.0524	-0.0675	-0.6405	0.7632	280.03	350.21	359.63
2026-05-08T14:40:18.4285451+08:00	0x06	0.6917	-0.1420	-0.6709	-0.2263	172.88	270.17	329.76
2026-05-08T14:40:18.5997620+08:00	0x07	0.6971	0.0266	-0.7155	-0.0370	174.84	271.53	359.22
2026-05-08T14:40:18.6655960+08:00	0x09	0.0524	-0.0675	-0.6405	0.7632	280.03	350.21	359.63
2026-05-08T14:40:18.8102245+08:00	0x04	-0.0144	-0.0192	-0.2015	0.9792	336.78	358.18	357.94
2026-05-08T14:40:18.9107128+08:00	0x03	0.0101	-0.0465	0.2655	0.9629	30.72	355.16	2.53
2026-05-08T14:40:19.0885111+08:00	0x02	0.0168	-0.0044	-0.9730	0.2302	206.62	358.01	359.95
2026-05-08T14:40:19.2260240+08:00	0x01	-0.0178	-0.0645	-0.2203	0.9731	334.70	353.22	356.39
2026-05-08T14:40:19.2651886+08:00	0x09	0.0524	-0.0675	-0.6405	0.7632	280.03	350.21	359.63
2026-05-08T14:40:19.2962742+08:00	0x04	-0.0144	-0.0192	-0.2015	0.9792	336.78	358.18	357.94
2026-05-08T14:40:19.4703234+08:00	0x03	0.0101	-0.0465	0.2655	0.9629	30.72	355.16	2.53
2026-05-08T14:40:19.6024739+08:00	0x02	0.0168	-0.0044	-0.9730	0.2302	206.62	358.01	359.95
2026-05-08T14:40:19.6480438+08:00	0x08	-0.0042	-0.0155	0.0535	0.9984	6.14	358.20	359.61
2026-05-08T14:40:19.7041247+08:00	0x07	0.6983	-0.1141	-0.6911	-0.1476	177.25	269.93	338.66
2026-05-08T14:40:19.7427884+08:00	0x01	-0.0178	-0.0645	-0.2203	0.9731	334.70	353.22	356.39
2026-05-08T14:40:19.8487676+08:00	0x09	0.0524	-0.0675	-0.6405	0.7632	280.03	350.21	359.63
2026-05-08T14:40:20.0259160+08:00	0x03	0.0101	-0.0465	0.2655	0.9629	30.72	355.16	2.53
2026-05-08T14:40:20.1708504+08:00	0x08	-0.0042	-0.0156	0.0535	0.9984	6.14	358.19	359.61
2026-05-08T14:40:20.2062158+08:00	0x02	0.0168	-0.0044	-0.9730	0.2302	206.62	358.01	359.95
2026-05-08T14:40:20.2598699+08:00	0x07	0.6986	-0.1099	-0.6922	-0.1444	177.16	269.99	339.28
2026-05-08T14:40:20.3370792+08:00	0x09	0.0523	-0.0675	-0.6405	0.7632	280.03	350.21	359.63
2026-05-08T14:40:20.5818376+08:00	0x03	0.0101	-0.0465	0.2655	0.9629	30.72	355.16	2.53
2026-05-08T14:40:20.6463823+08:00	0x02	0.0168	-0.0044	-0.9730	0.2302	206.62	358.01	359.95
2026-05-08T14:40:20.7485339+08:00	0x08	-0.0042	-0.0155	0.0535	0.9984	6.14	358.20	359.61
2026-05-08T14:40:20.8154337+08:00	0x07	0.5935	-0.3984	-0.6991	-0.0165	213.40	268.47	324.78
2026-05-08T14:40:20.8558854+08:00	0x01	-0.0178	-0.0645	-0.2203	0.9731	334.70	353.22	356.39
2026-05-08T14:40:20.8944876+08:00	0x09	0.0523	-0.0675	-0.6405	0.7632	280.03	350.21	359.63
2026-05-08T14:40:21.1041343+08:00	0x03	0.0101	-0.0465	0.2655	0.9629	30.72	355.16	2.53
2026-05-08T14:40:21.2821001+08:00	0x08	-0.0042	-0.0156	0.0535	0.9984	6.14	358.19	359.61
2026-05-08T14:40:21.3392264+08:00	0x07	0.4727	-0.5536	-0.6584	-0.1913	220.86	261.71	294.52
2026-05-08T14:40:21.3997389+08:00	0x02	0.0168	-0.0044	-0.9730	0.2302	206.62	358.01	359.95
2026-05-08T14:40:21.4596589+08:00	0x09	0.0524	-0.0675	-0.6405	0.7632	280.03	350.21	359.63
2026-05-08T14:40:21.5061862+08:00	0x04	-0.0145	-0.0191	-0.2015	0.9792	336.78	358.19	357.93
2026-05-08T14:40:21.6223484+08:00	0x03	0.0101	-0.0465	0.2655	0.9629	30.72	355.16	2.53
2026-05-08T14:40:21.8310506+08:00	0x08	-0.0042	-0.0156	0.0535	0.9984	6.14	358.19	359.61
2026-05-08T14:40:21.8703869+08:00	0x02	0.0168	-0.0044	-0.9730	0.2302	206.62	358.01	359.95
2026-05-08T14:40:21.8929683+08:00	0x01	-0.0177	-0.0646	-0.2203	0.9731	334.70	353.22	356.39
2026-05-08T14:40:21.9402851+08:00	0x09	0.0524	-0.0675	-0.6405	0.7632	280.03	350.21	359.63
2026-05-08T14:40:22.0901008+08:00	0x04	-0.0145	-0.0192	-0.2015	0.9792	336.78	358.18	357.93
2026-05-08T14:40:22.1541724+08:00	0x03	0.0101	-0.0465	0.2655	0.9629	30.72	355.16	2.53
2026-05-08T14:40:22.3130971+08:00	0x08	-0.0042	-0.0156	0.0535	0.9984	6.14	358.19	359.61
2026-05-08T14:40:22.4096962+08:00	0x07	0.3279	-0.6458	-0.5968	-0.3454	351.27	131.83	274.22
2026-05-08T14:40:22.5235746+08:00	0x09	0.0524	-0.0675	-0.6405	0.7632	280.03	350.20	359.63
2026-05-08T14:40:22.6994360+08:00	0x03	0.0101	-0.0465	0.2655	0.9629	30.72	355.16	2.53
2026-05-08T14:40:22.9239716+08:00	0x08	-0.0042	-0.0155	0.0535	0.9984	6.14	358.20	359.61
2026-05-08T14:40:22.9706892+08:00	0x02	0.0168	-0.0044	-0.9730	0.2302	206.62	358.01	359.95
2026-05-08T14:40:23.1131086+08:00	0x09	0.0524	-0.0675	-0.6405	0.7632	280.03	350.21	359.63
2026-05-08T14:40:23.2269261+08:00	0x03	0.0101	-0.0465	0.2655	0.9629	30.72	355.16	2.53
2026-05-08T14:40:23.2734069+08:00	0x04	-0.0145	-0.0191	-0.2015	0.9792	336.78	358.19	357.93
2026-05-08T14:40:23.4510932+08:00	0x02	0.0168	-0.0044	-0.9730	0.2302	206.62	358.01	359.95
2026-05-08T14:40:23.5361582+08:00	0x05	0.0102	0.0093	0.4352	0.9002	51.61	1.47	0.59
2026-05-08T14:40:23.5620885+08:00	0x07	0.0616	-0.7101	-0.4330	-0.5518	32.31	91.26	316.93
2026-05-08T14:40:23.6841274+08:00	0x04	-0.0145	-0.0192	-0.2015	0.9792	336.78	358.18	357.93
2026-05-08T14:40:23.7070658+08:00	0x01	-0.0177	-0.0646	-0.2203	0.9731	334.70	353.22	356.39
2026-05-08T14:40:23.7853378+08:00	0x03	0.0101	-0.0465	0.2655	0.9629	30.72	355.16	2.53
2026-05-08T14:40:24.0181036+08:00	0x08	-0.0042	-0.0156	0.0535	0.9984	6.14	358.19	359.61
2026-05-08T14:40:24.0545549+08:00	0x02	0.0168	-0.0044	-0.9730	0.2302	206.62	358.01	359.95
2026-05-08T14:40:24.1881058+08:00	0x09	0.0524	-0.0675	-0.6405	0.7632	280.03	350.21	359.63
2026-05-08T14:40:24.3571991+08:00	0x03	0.0101	-0.0465	0.2655	0.9629	30.72	355.16	2.53
2026-05-08T14:40:24.4973552+08:00	0x02	0.0168	-0.0044	-0.9730	0.2302	206.62	358.01	359.95
2026-05-08T14:40:24.5285146+08:00	0x06	0.5998	-0.2782	-0.7438	0.0981	210.14	277.56	342.77
2026-05-08T14:40:24.6403716+08:00	0x01	-0.0177	-0.0645	-0.2203	0.9731	334.70	353.22	356.39
2026-05-08T14:40:24.7067489+08:00	0x07	-0.1553	-0.6995	-0.2711	-0.6427	35.10	91.56	349.65
2026-05-08T14:40:24.7390263+08:00	0x09	0.0524	-0.0675	-0.6405	0.7632	280.03	350.21	359.63
2026-05-08T14:40:24.7818885+08:00	0x04	-0.0145	-0.0192	-0.2015	0.9792	336.78	358.18	357.93
2026-05-08T14:40:24.8343783+08:00	0x06	0.6541	-0.1729	-0.7352	0.0414	197.04	274.94	348.46
2026-05-08T14:40:24.9062499+08:00	0x03	0.0101	-0.0465	0.2655	0.9629	30.72	355.16	2.53
2026-05-08T14:40:25.1174827+08:00	0x02	0.0168	-0.0045	-0.9730	0.2302	206.62	358.01	359.95
2026-05-08T14:40:25.2627639+08:00	0x09	0.0524	-0.0675	-0.6405	0.7632	280.03	350.21	359.63
2026-05-08T14:40:25.3271395+08:00	0x04	-0.0145	-0.0192	-0.2015	0.9792	336.78	358.18	357.93
2026-05-08T14:40:25.3908120+08:00	0x03	0.0101	-0.0465	0.2655	0.9629	30.72	355.16	2.53
2026-05-08T14:40:25.5923142+08:00	0x02	0.0168	-0.0044	-0.9730	0.2302	206.62	358.01	359.95
2026-05-08T14:40:25.6288816+08:00	0x01	-0.0177	-0.0645	-0.2203	0.9731	334.70	353.22	356.39
2026-05-08T14:40:25.6801690+08:00	0x08	-0.0042	-0.0156	0.0535	0.9984	6.14	358.19	359.61
2026-05-08T14:40:25.7122230+08:00	0x07	-0.1903	-0.7081	-0.2069	-0.6478	32.56	94.31	357.33
2026-05-08T14:40:25.7545149+08:00	0x09	0.0524	-0.0675	-0.6405	0.7632	280.03	350.21	359.63
2026-05-08T14:40:25.8470968+08:00	0x04	-0.0145	-0.0192	-0.2015	0.9792	336.78	358.18	357.93
2026-05-08T14:40:25.9664334+08:00	0x03	0.0101	-0.0465	0.2655	0.9629	30.72	355.16	2.53
2026-05-08T14:40:26.1070525+08:00	0x02	0.0168	-0.0044	-0.9730	0.2302	206.62	358.01	359.95
2026-05-08T14:40:26.2362168+08:00	0x07	-0.1468	-0.7220	-0.0946	-0.6695	19.83	94.92	3.44
2026-05-08T14:40:26.2641406+08:00	0x01	-0.0177	-0.0645	-0.2203	0.9731	334.70	353.22	356.39
2026-05-08T14:40:26.3297709+08:00	0x09	0.0524	-0.0675	-0.6405	0.7632	280.03	350.21	359.63
2026-05-08T14:40:26.4101249+08:00	0x08	-0.0042	-0.0156	0.0535	0.9984	6.14	358.19	359.61
2026-05-08T14:40:26.4577904+08:00	0x03	0.0101	-0.0465	0.2655	0.9629	30.72	355.16	2.53
2026-05-08T14:40:26.4994920+08:00	0x06	0.6676	-0.1397	-0.6944	-0.2291	171.26	274.60	330.01
2026-05-08T14:40:26.5890604+08:00	0x04	-0.0145	-0.0192	-0.2015	0.9792	336.78	358.18	357.93
2026-05-08T14:40:26.7233390+08:00	0x01	-0.0177	-0.0645	-0.2203	0.9731	334.70	353.22	356.39
2026-05-08T14:40:26.8172010+08:00	0x07	-0.0209	-0.7665	-0.0871	-0.6359	8.26	100.20	353.86
2026-05-08T14:40:26.8505956+08:00	0x02	0.0168	-0.0044	-0.9730	0.2302	206.62	358.01	359.95
2026-05-08T14:40:26.8896938+08:00	0x08	-0.0042	-0.0156	0.0535	0.9984	6.14	358.19	359.61
2026-05-08T14:40:26.9928756+08:00	0x04	-0.0145	-0.0192	-0.2015	0.9792	336.78	358.18	357.93
2026-05-08T14:40:27.0189270+08:00	0x03	0.0101	-0.0465	0.2655	0.9629	30.72	355.16	2.53
2026-05-08T14:40:27.2191322+08:00	0x02	0.0168	-0.0044	-0.9730	0.2302	206.62	358.01	359.95
2026-05-08T14:40:27.3099514+08:00	0x07	0.0890	-0.7139	-0.0041	-0.6945	352.97	92.04	352.56
2026-05-08T14:40:27.4563068+08:00	0x09	0.0524	-0.0675	-0.6405	0.7632	280.03	350.21	359.63
2026-05-08T14:40:27.5894474+08:00	0x06	0.6680	-0.1408	-0.6965	-0.2212	172.09	274.47	330.55
2026-05-08T14:40:27.6229904+08:00	0x03	0.0101	-0.0465	0.2655	0.9629	30.72	355.16	2.53
2026-05-08T14:40:27.7826162+08:00	0x02	0.0168	-0.0044	-0.9730	0.2302	206.62	358.01	359.95
2026-05-08T14:40:27.8558896+08:00	0x07	-0.0729	-0.7602	0.1679	-0.6233	353.97	100.22	20.26
2026-05-08T14:40:27.9988644+08:00	0x09	0.0524	-0.0675	-0.6405	0.7632	280.03	350.21	359.63
2026-05-08T14:40:28.1249308+08:00	0x03	0.0101	-0.0465	0.2655	0.9629	30.72	355.16	2.53
2026-05-08T14:40:28.2823393+08:00	0x01	-0.0177	-0.0645	-0.2203	0.9731	334.70	353.22	356.39
2026-05-08T14:40:28.3270258+08:00	0x02	0.0168	-0.0044	-0.9730	0.2302	206.62	358.01	359.95
2026-05-08T14:40:28.3846693+08:00	0x07	0.1296	-0.7246	0.2297	-0.6367	330.84	94.88	9.66
2026-05-08T14:40:28.5226610+08:00	0x05	0.0103	0.0093	0.4352	0.9002	51.61	1.47	0.60
2026-05-08T14:40:28.5350239+08:00	0x09	0.0524	-0.0675	-0.6405	0.7632	280.03	350.21	359.63
2026-05-08T14:40:28.6663234+08:00	0x03	0.0101	-0.0465	0.2655	0.9629	30.72	355.16	2.53
2026-05-08T14:40:28.7028148+08:00	0x06	0.6043	-0.0612	-0.6918	-0.3905	145.86	288.39	326.18
2026-05-08T14:40:28.8011490+08:00	0x01	-0.0177	-0.0645	-0.2203	0.9731	334.70	353.22	356.39
2026-05-08T14:40:28.9213059+08:00	0x07	0.0133	-0.7200	0.3483	-0.6001	329.99	92.44	29.05
2026-05-08T14:40:29.1149945+08:00	0x09	0.0524	-0.0675	-0.6405	0.7632	280.03	350.21	359.63
2026-05-08T14:40:29.2161514+08:00	0x06	0.5987	-0.0651	-0.6928	-0.3967	145.12	289.44	325.58
2026-05-08T14:40:29.3750830+08:00	0x01	-0.0177	-0.0645	-0.2203	0.9731	334.70	353.22	356.39
2026-05-08T14:40:29.4612169+08:00	0x07	-0.1699	-0.6900	0.4966	-0.4984	329.87	91.09	58.72
2026-05-08T14:40:29.6067696+08:00	0x09	0.0524	-0.0675	-0.6405	0.7632	280.03	350.21	359.63
2026-05-08T14:40:29.6903938+08:00	0x04	-0.0145	-0.0192	-0.2015	0.9792	336.78	358.18	357.93
2026-05-08T14:40:29.7422070+08:00	0x03	0.0101	-0.0465	0.2655	0.9629	30.72	355.16	2.53
2026-05-08T14:40:29.8936495+08:00	0x01	-0.0177	-0.0645	-0.2203	0.9731	334.70	353.22	356.39
2026-05-08T14:40:30.0023908+08:00	0x07	-0.3349	-0.6217	0.6087	-0.3617	325.32	86.29	87.59
2026-05-08T14:40:30.1041355+08:00	0x08	-0.0042	-0.0155	0.0535	0.9984	6.14	358.20	359.61
2026-05-08T14:40:30.1753552+08:00	0x04	-0.0145	-0.0192	-0.2015	0.9792	336.78	358.18	357.93
2026-05-08T14:40:30.1950317+08:00	0x09	0.0524	-0.0675	-0.6405	0.7632	280.03	350.20	359.63
2026-05-08T14:40:30.2922506+08:00	0x03	0.0101	-0.0465	0.2655	0.9629	30.72	355.16	2.53
2026-05-08T14:40:30.3013064+08:00	0x06	0.5222	-0.1272	-0.7543	-0.3770	147.46	301.39	324.15
2026-05-08T14:40:30.4761234+08:00	0x01	-0.0177	-0.0645	-0.2203	0.9731	334.70	353.22	356.39
2026-05-08T14:40:30.5495408+08:00	0x07	-0.4426	-0.5293	0.6777	-0.2541	158.21	278.22	70.47
2026-05-08T14:40:30.6951835+08:00	0x08	-0.0042	-0.0155	0.0535	0.9984	6.14	358.20	359.61
2026-05-08T14:40:30.7404069+08:00	0x09	0.0524	-0.0675	-0.6405	0.7632	280.03	350.21	359.63
2026-05-08T14:40:30.8255930+08:00	0x03	0.0101	-0.0465	0.2655	0.9629	30.72	355.16	2.53
2026-05-08T14:40:31.0341724+08:00	0x01	-0.0178	-0.0646	-0.2203	0.9731	334.70	353.21	356.39
2026-05-08T14:40:31.0602133+08:00	0x02	0.0168	-0.0044	-0.9730	0.2302	206.62	358.01	359.95
2026-05-08T14:40:31.2216894+08:00	0x07	-0.4821	-0.4249	0.6130	-0.4596	215.40	310.96	74.60
2026-05-08T14:40:31.2716896+08:00	0x05	0.0102	0.0093	0.4352	0.9002	51.61	1.47	0.58
2026-05-08T14:40:31.2911908+08:00	0x09	0.0524	-0.0675	-0.6405	0.7632	280.03	350.21	359.63
2026-05-08T14:40:31.3689683+08:00	0x03	0.0101	-0.0465	0.2655	0.9629	30.72	355.16	2.53
2026-05-08T14:40:31.3960864+08:00	0x06	0.6801	-0.2192	-0.6279	-0.3085	172.87	268.32	315.98
2026-05-08T14:40:31.5539900+08:00	0x01	-0.0178	-0.0646	-0.2203	0.9731	334.70	353.22	356.38
2026-05-08T14:40:31.6217905+08:00	0x07	-0.5550	-0.3907	0.6469	-0.3478	182.06	280.01	63.06
2026-05-08T14:40:31.6731070+08:00	0x08	-0.0042	-0.0155	0.0535	0.9984	6.14	358.20	359.61
2026-05-08T14:40:31.8200717+08:00	0x04	-0.0145	-0.0192	-0.2015	0.9792	336.78	358.18	357.93
2026-05-08T14:40:31.8903089+08:00	0x03	0.0101	-0.0465	0.2655	0.9629	30.72	355.16	2.53
2026-05-08T14:40:32.1269332+08:00	0x01	-0.0178	-0.0646	-0.2203	0.9731	334.70	353.22	356.38
2026-05-08T14:40:32.1603086+08:00	0x02	0.0167	-0.0045	-0.9730	0.2302	206.62	358.02	359.94
2026-05-08T14:40:32.2954424+08:00	0x08	-0.0042	-0.0155	0.0535	0.9984	6.14	358.20	359.61
2026-05-08T14:40:32.3559514+08:00	0x04	-0.0145	-0.0192	-0.2015	0.9792	336.78	358.18	357.93
2026-05-08T14:40:32.3910139+08:00	0x03	0.0101	-0.0465	0.2655	0.9629	30.72	355.16	2.53
2026-05-08T14:40:32.4249618+08:00	0x09	0.0524	-0.0674	-0.6405	0.7632	280.03	350.21	359.63
2026-05-08T14:40:32.4404843+08:00	0x06	0.6851	-0.2087	-0.6341	-0.2915	173.57	268.02	318.39
2026-05-08T14:40:32.6353722+08:00	0x01	-0.0178	-0.0646	-0.2203	0.9731	334.70	353.22	356.39
2026-05-08T14:40:32.6846166+08:00	0x07	-0.6162	-0.3316	0.6748	-0.2345	172.16	271.74	47.43
2026-05-08T14:40:32.7623972+08:00	0x08	-0.0042	-0.0155	0.0535	0.9984	6.14	358.20	359.61
2026-05-08T14:40:32.9244076+08:00	0x04	-0.0145	-0.0192	-0.2015	0.9792	336.78	358.18	357.93
2026-05-08T14:40:32.9763889+08:00	0x09	0.0524	-0.0674	-0.6405	0.7632	280.03	350.21	359.63
2026-05-08T14:40:33.1509762+08:00	0x01	-0.0178	-0.0646	-0.2203	0.9731	334.70	353.22	356.39
2026-05-08T14:40:33.2275150+08:00	0x07	-0.6491	-0.2590	0.6898	-0.1890	174.57	271.66	37.06
2026-05-08T14:40:33.3311066+08:00	0x08	-0.0042	-0.0155	0.0535	0.9984	6.14	358.20	359.61
2026-05-08T14:40:33.4341631+08:00	0x04	-0.0145	-0.0192	-0.2015	0.9792	336.78	358.18	357.93
2026-05-08T14:40:33.5564019+08:00	0x03	0.0101	-0.0465	0.2655	0.9629	30.72	355.16	2.53
2026-05-08T14:40:33.7560429+08:00	0x01	-0.0177	-0.0645	-0.2203	0.9731	334.70	353.22	356.39
2026-05-08T14:40:33.8081854+08:00	0x02	0.0168	-0.0044	-0.9730	0.2302	206.62	358.01	359.95
2026-05-08T14:40:33.8342719+08:00	0x07	-0.6596	-0.2382	0.6902	-0.1781	175.25	271.13	34.32
2026-05-08T14:40:33.9017912+08:00	0x08	-0.0042	-0.0155	0.0535	0.9984	6.14	358.20	359.61
2026-05-08T14:40:34.0152901+08:00	0x04	-0.0145	-0.0192	-0.2015	0.9792	336.78	358.18	357.93
2026-05-08T14:40:34.0433232+08:00	0x06	0.6910	-0.1908	-0.6489	-0.2552	175.16	268.01	323.11
2026-05-08T14:40:34.0761773+08:00	0x09	0.0524	-0.0674	-0.6405	0.7632	280.03	350.21	359.63
2026-05-08T14:40:34.2294009+08:00	0x01	-0.0177	-0.0645	-0.2203	0.9731	334.70	353.22	356.39
2026-05-08T14:40:34.3066735+08:00	0x07	-0.6713	-0.2068	0.6922	-0.1656	176.78	270.88	30.58
2026-05-08T14:40:34.4323353+08:00	0x08	-0.0042	-0.0155	0.0535	0.9984	6.14	358.20	359.61
2026-05-08T14:40:34.5249914+08:00	0x04	-0.0145	-0.0192	-0.2015	0.9792	336.78	358.18	357.93
2026-05-08T14:40:34.5964775+08:00	0x03	0.0101	-0.0465	0.2655	0.9629	30.72	355.16	2.53
2026-05-08T14:40:34.6266164+08:00	0x06	0.6893	-0.1897	-0.6518	-0.2530	175.12	268.41	323.41
2026-05-08T14:40:34.8131730+08:00	0x01	-0.0177	-0.0645	-0.2203	0.9731	334.70	353.22	356.39
2026-05-08T14:40:34.8939390+08:00	0x07	-0.6727	-0.1957	0.6956	-0.1591	177.25	271.20	29.10
2026-05-08T14:40:34.9221688+08:00	0x02	0.0168	-0.0044	-0.9730	0.2302	206.62	358.01	359.95
2026-05-08T14:40:34.9721420+08:00	0x08	-0.0042	-0.0156	0.0535	0.9984	6.14	358.19	359.61
2026-05-08T14:40:35.1190653+08:00	0x04	-0.0145	-0.0192	-0.2015	0.9792	336.78	358.18	357.93
2026-05-08T14:40:35.1744542+08:00	0x09	0.0524	-0.0675	-0.6405	0.7632	280.03	350.21	359.63
2026-05-08T14:40:35.2105565+08:00	0x03	0.0101	-0.0465	0.2655	0.9629	30.72	355.16	2.53
2026-05-08T14:40:35.3095448+08:00	0x01	-0.0177	-0.0645	-0.2203	0.9731	334.70	353.22	356.39
2026-05-08T14:40:35.4334281+08:00	0x07	-0.6744	-0.1947	0.6938	-0.1611	177.44	270.95	29.17
2026-05-08T14:40:35.5243226+08:00	0x08	-0.0042	-0.0155	0.0535	0.9984	6.14	358.20	359.61
2026-05-08T14:40:35.5701653+08:00	0x04	-0.0145	-0.0192	-0.2015	0.9792	336.78	358.18	357.93
2026-05-08T14:40:35.6711762+08:00	0x03	0.0101	-0.0465	0.2655	0.9629	30.72	355.16	2.53
2026-05-08T14:40:35.7740593+08:00	0x09	0.0524	-0.0675	-0.6405	0.7632	280.03	350.21	359.63
