timestamp	device	q0	q1	q2	q3	yaw	pitch	roll
2026-07-01T16:41:21.8242514+08:00	0x07	-0.4439	-0.4170	0.5599	-0.5617	265.32	353.65	74.95
2026-07-01T16:41:21.8867044+08:00	0x03	0.6138	-0.2385	-0.6330	-0.4071	158.14	282.83	306.72
2026-07-01T16:41:22.0378820+08:00	0x04	-0.2162	-0.3757	0.1332	-0.8913	355.08	44.43	29.05
2026-07-01T16:41:22.1249262+08:00	0x08	-0.7178	-0.0416	0.6949	-0.0116	177.49	268.05	4.27
2026-07-01T16:41:22.1581108+08:00	0x06	-0.1810	0.6626	0.1929	0.7007	2.02	86.25	329.38
2026-07-01T16:41:22.4094814+08:00	0x07	-0.5150	-0.4213	0.5525	-0.5019	220.53	308.05	79.30
2026-07-01T16:41:22.4746057+08:00	0x03	0.3650	-0.3130	-0.5931	-0.6458	86.81	356.94	302.57
2026-07-01T16:41:22.5648170+08:00	0x04	-0.3250	-0.2243	0.7862	-0.4753	233.35	336.60	41.43
2026-07-01T16:41:22.6418918+08:00	0x08	-0.7291	0.0131	0.6835	0.0347	178.37	266.36	356.08
2026-07-01T16:41:22.6751625+08:00	0x09	0.4440	0.5902	-0.4850	0.4684	27.25	126.61	81.24
2026-07-01T16:41:22.9451637+08:00	0x01	0.4127	0.1627	-0.6974	0.5629	244.29	327.09	43.76
2026-07-01T16:41:23.0288005+08:00	0x03	0.3559	-0.3307	-0.5958	-0.6395	86.02	359.88	301.86
2026-07-01T16:41:23.1248095+08:00	0x04	-0.2915	-0.2696	0.6877	-0.6078	260.31	353.89	46.48
2026-07-01T16:41:23.1575616+08:00	0x09	0.4461	0.5902	-0.4845	0.4667	29.31	128.63	81.27
2026-07-01T16:41:23.2428621+08:00	0x06	-0.1999	0.6752	0.2008	0.6810	0.24	89.44	327.08
2026-07-01T16:41:23.4516293+08:00	0x01	0.4115	0.1611	-0.7016	0.5590	243.62	326.89	43.32
2026-07-01T16:41:23.4818285+08:00	0x07	-0.5254	-0.4093	0.5622	-0.4903	213.35	300.80	77.26
2026-07-01T16:41:23.5578444+08:00	0x03	0.3522	-0.3318	-0.5897	-0.6466	83.91	1.48	302.14
2026-07-01T16:41:23.6476190+08:00	0x04	-0.2631	-0.2891	0.6376	-0.6639	274.00	3.99	45.89
2026-07-01T16:41:23.6750970+08:00	0x09	0.4536	0.5843	-0.4901	0.4612	35.78	134.96	82.34
2026-07-01T16:41:23.7746341+08:00	0x02	0.4956	0.1913	-0.7621	0.3702	209.85	305.36	41.19
2026-07-01T16:41:24.0083472+08:00	0x01	0.4081	0.1624	-0.7050	0.5568	243.37	327.28	43.11
2026-07-01T16:41:24.0427564+08:00	0x07	-0.5294	-0.4030	0.5680	-0.4844	210.97	298.50	76.11
2026-07-01T16:41:24.1025141+08:00	0x03	0.3461	-0.3358	-0.5848	-0.6523	81.80	3.55	302.41
2026-07-01T16:41:24.2081777+08:00	0x09	0.4645	0.5757	-0.4984	0.4520	49.60	148.66	83.65
2026-07-01T16:41:24.2305498+08:00	0x04	-0.2390	-0.2973	0.5839	-0.7166	286.35	11.71	43.61
2026-07-01T16:41:24.4251581+08:00	0x06	-0.2068	0.6716	0.2092	0.6800	0.47	89.14	325.79
2026-07-01T16:41:24.5103719+08:00	0x01	0.4072	0.1636	-0.7031	0.5595	243.89	327.64	43.29
2026-07-01T16:41:24.6385351+08:00	0x07	-0.5327	-0.4000	0.5707	-0.4802	209.10	296.66	75.49
2026-07-01T16:41:24.6851189+08:00	0x03	0.3408	-0.3383	-0.5823	-0.6560	80.47	4.99	302.74
2026-07-01T16:41:24.7419200+08:00	0x09	0.4744	0.5684	-0.5059	0.4426	67.46	166.50	84.32
2026-07-01T16:41:24.8748868+08:00	0x08	-0.7108	0.1683	0.6603	0.1746	180.56	265.65	331.94
2026-07-01T16:41:25.0086617+08:00	0x06	-0.2083	0.6706	0.2105	0.6802	0.48	89.04	325.55
2026-07-01T16:41:25.0902086+08:00	0x01	0.4055	0.1570	-0.7062	0.5588	243.76	327.43	42.45
2026-07-01T16:41:25.1251141+08:00	0x07	-0.5339	-0.3998	0.5713	-0.4782	208.17	295.80	75.35
2026-07-01T16:41:25.2248501+08:00	0x03	0.3421	-0.3392	-0.5787	-0.6580	79.72	5.37	302.56
2026-07-01T16:41:25.2741722+08:00	0x09	0.4882	0.5562	-0.5169	0.4303	96.34	195.23	84.32
2026-07-01T16:41:25.3835007+08:00	0x08	-0.7069	0.1817	0.6577	0.1865	180.76	265.67	329.82
2026-07-01T16:41:25.4084270+08:00	0x02	0.4952	0.1856	-0.7614	0.3749	210.77	305.62	40.84
2026-07-01T16:41:25.6583079+08:00	0x07	-0.5369	-0.3974	0.5728	-0.4751	206.81	294.39	74.89
2026-07-01T16:41:25.6753078+08:00	0x06	-0.2067	0.6696	0.2104	0.6816	0.70	88.76	325.70
2026-07-01T16:41:25.7637195+08:00	0x03	0.3385	-0.3367	-0.5786	-0.6612	79.34	5.62	303.14
2026-07-01T16:41:25.7926411+08:00	0x04	-0.1993	-0.3161	0.5031	-0.7793	302.19	22.06	38.95
2026-07-01T16:41:25.8784926+08:00	0x08	-0.7018	0.1983	0.6538	0.2018	180.98	265.65	327.15
2026-07-01T16:41:26.0093626+08:00	0x02	0.4978	0.1827	-0.7599	0.3759	210.91	305.25	40.69
2026-07-01T16:41:26.0934682+08:00	0x06	-0.2077	0.6687	0.2111	0.6820	0.71	88.66	325.55
2026-07-01T16:41:26.2251481+08:00	0x07	-0.5379	-0.3957	0.5748	-0.4730	206.24	293.91	74.52
2026-07-01T16:41:26.3087168+08:00	0x03	0.3384	-0.3365	-0.5762	-0.6635	78.74	5.92	303.19
2026-07-01T16:41:26.4101559+08:00	0x08	-0.6993	0.2075	0.6507	0.2110	181.09	265.54	325.59
2026-07-01T16:41:26.6102129+08:00	0x06	-0.2082	0.6685	0.2113	0.6820	0.68	88.64	325.49
2026-07-01T16:41:26.7765473+08:00	0x07	-0.5388	-0.3936	0.5776	-0.4704	205.71	293.51	74.04
2026-07-01T16:41:26.8426727+08:00	0x03	0.3519	-0.3402	-0.5759	-0.6548	80.20	4.40	301.49
2026-07-01T16:41:26.9421225+08:00	0x09	0.5269	0.5186	-0.5480	0.3914	142.99	241.53	78.75
2026-07-01T16:41:26.9591182+08:00	0x02	0.5380	0.1504	-0.7591	0.3342	205.29	297.69	36.01
2026-07-01T16:41:26.9759913+08:00	0x08	-0.6946	0.1895	0.6633	0.2040	179.50	267.51	327.68
2026-07-01T16:41:27.1920285+08:00	0x06	-0.1833	0.6391	0.2100	0.7169	4.53	82.13	327.91
2026-07-01T16:41:27.2962083+08:00	0x07	-0.5100	-0.3660	0.6170	-0.4747	217.06	306.96	69.35
2026-07-01T16:41:27.3762908+08:00	0x03	0.5618	-0.2604	-0.6669	-0.4145	153.44	293.60	305.60
2026-07-01T16:41:27.4091353+08:00	0x04	-0.2005	-0.3156	0.5057	-0.7775	301.75	21.78	39.12
2026-07-01T16:41:27.4761569+08:00	0x02	0.6694	-0.0470	-0.6659	0.3259	212.40	276.14	21.94
2026-07-01T16:41:27.5316779+08:00	0x08	-0.6870	0.0747	0.7134	0.1158	176.28	272.67	344.59
2026-07-01T16:41:27.7655227+08:00	0x06	-0.1644	0.6222	0.2051	0.7374	6.48	78.59	330.15
2026-07-01T16:41:27.8428865+08:00	0x01	0.4055	0.1572	-0.7061	0.5588	243.77	327.44	42.47
2026-07-01T16:41:27.9096638+08:00	0x03	0.6165	-0.2201	-0.6393	-0.4034	157.06	283.18	308.85
2026-07-01T16:41:28.0254725+08:00	0x09	0.4857	0.4740	-0.5966	0.4284	195.47	294.49	79.01
2026-07-01T16:41:28.0449884+08:00	0x02	0.6918	-0.0819	-0.6337	0.3363	215.36	271.81	21.19
