timestamp	device	q0	q1	q2	q3	yaw	pitch	roll
2026-06-23T11:28:58.2746781+08:00	0x02	-0.4879	-0.3904	0.5410	0.5630	93.55	282.77	352.70
2026-06-23T11:28:58.3482295+08:00	0x06	0.0136	0.0318	-0.4307	0.9019	309.02	2.62	2.97
2026-06-23T11:28:58.5418527+08:00	0x03	-0.2566	0.3831	0.6945	0.5524	99.57	6.63	305.35
2026-06-23T11:28:58.5915897+08:00	0x07	0.0005	-0.0275	-0.0436	0.9987	355.00	356.85	359.93
2026-06-23T11:28:58.6742956+08:00	0x04	0.3382	0.0498	-0.7045	0.6220	255.28	331.59	29.40
2026-06-23T11:28:58.8080379+08:00	0x08	0.0071	-0.0037	0.6820	0.7313	86.01	0.24	0.88
2026-06-23T11:28:58.8247741+08:00	0x02	-0.2272	-0.4629	0.6897	-0.5084	263.66	18.56	60.40
2026-06-23T11:28:58.8747578+08:00	0x06	0.0136	0.0318	-0.4306	0.9019	309.02	2.62	2.97
2026-06-23T11:28:59.0800757+08:00	0x03	-0.2669	0.3759	0.5421	0.7026	64.32	22.56	308.50
2026-06-23T11:28:59.1246317+08:00	0x07	0.0005	-0.0274	-0.0436	0.9987	355.00	356.86	359.92
2026-06-23T11:28:59.2406999+08:00	0x04	0.2926	0.1860	-0.6706	0.6558	264.76	348.94	39.30
2026-06-23T11:28:59.2916918+08:00	0x09	0.0803	-0.0017	0.0025	0.9968	0.27	359.83	9.21
2026-06-23T11:28:59.3080880+08:00	0x08	0.0071	-0.0037	0.6820	0.7313	86.01	0.24	0.89
2026-06-23T11:28:59.3910875+08:00	0x01	-0.5026	-0.3396	0.5924	-0.5302	234.17	318.30	69.28
2026-06-23T11:28:59.6077663+08:00	0x03	-0.2332	0.3824	0.5269	0.7224	60.03	27.12	312.28
2026-06-23T11:28:59.6414564+08:00	0x07	0.0005	-0.0274	-0.0436	0.9987	355.00	356.86	359.92
2026-06-23T11:28:59.7745386+08:00	0x04	0.2628	0.2190	-0.5534	0.7594	288.98	3.13	39.91
2026-06-23T11:28:59.8291351+08:00	0x09	0.0803	-0.0017	0.0025	0.9968	0.27	359.83	9.21
2026-06-23T11:28:59.9120906+08:00	0x06	0.0135	0.0318	-0.4306	0.9019	309.02	2.63	2.97
2026-06-23T11:28:59.9412768+08:00	0x02	-0.1588	-0.4779	0.6069	-0.6148	289.70	38.72	50.84
2026-06-23T11:28:59.9582321+08:00	0x01	-0.1194	-0.4064	0.4374	-0.7932	314.61	40.12	33.02
2026-06-23T11:29:00.1583598+08:00	0x03	-0.2256	0.3900	0.5149	0.7293	57.39	29.53	313.06
2026-06-23T11:29:00.1924702+08:00	0x07	0.0005	-0.0274	-0.0436	0.9987	355.00	356.86	359.92
2026-06-23T11:29:00.2429207+08:00	0x04	0.2337	0.2491	-0.4529	0.8236	307.36	14.53	37.62
2026-06-23T11:29:00.3744714+08:00	0x08	0.0071	-0.0037	0.6820	0.7313	86.01	0.24	0.89
2026-06-23T11:29:00.4606030+08:00	0x01	-0.1038	-0.4092	0.4125	-0.8073	317.69	41.78	30.34
2026-06-23T11:29:00.7414411+08:00	0x03	-0.2226	0.3935	0.5052	0.7351	55.48	30.88	313.54
2026-06-23T11:29:00.7755240+08:00	0x07	0.0005	-0.0274	-0.0436	0.9987	355.00	356.86	359.92
2026-06-23T11:29:00.9553811+08:00	0x09	0.0803	-0.0017	0.0025	0.9968	0.27	359.83	9.21
2026-06-23T11:29:01.0094291+08:00	0x02	-0.0992	-0.4911	0.5195	-0.6921	305.32	49.20	40.37
2026-06-23T11:29:01.2256162+08:00	0x03	-0.2227	0.3951	0.4991	0.7384	54.33	31.54	313.67
2026-06-23T11:29:01.3251847+08:00	0x04	0.1814	0.2858	-0.3028	0.8909	329.86	27.38	29.76
2026-06-23T11:29:01.5092967+08:00	0x09	0.0803	-0.0017	0.0025	0.9968	0.27	359.83	9.21
2026-06-23T11:29:01.5620228+08:00	0x01	-0.1019	-0.4059	0.4039	-0.8135	318.66	41.66	29.58
2026-06-23T11:29:01.5806596+08:00	0x06	0.0135	0.0318	-0.4306	0.9019	309.02	2.63	2.97
2026-06-23T11:29:01.6259811+08:00	0x02	-0.0713	-0.4913	0.4684	-0.7309	311.89	52.11	34.36
2026-06-23T11:29:01.7923957+08:00	0x07	0.0005	-0.0274	-0.0436	0.9987	355.00	356.86	359.92
2026-06-23T11:29:01.9467443+08:00	0x04	0.1634	0.2963	-0.2526	0.9065	336.20	30.53	26.48
2026-06-23T11:29:02.0255373+08:00	0x08	0.0071	-0.0037	0.6820	0.7313	86.01	0.24	0.88
2026-06-23T11:29:02.1418996+08:00	0x01	-0.0984	-0.4038	0.3889	-0.8222	320.44	41.91	28.42
2026-06-23T11:29:02.1589277+08:00	0x02	-0.0634	-0.4910	0.4526	-0.7417	313.71	52.77	32.58
2026-06-23T11:29:02.3415052+08:00	0x07	0.0005	-0.0274	-0.0436	0.9987	355.00	356.86	359.92
2026-06-23T11:29:02.3793620+08:00	0x03	-0.1825	0.4151	0.4783	0.7521	50.04	37.38	317.81
2026-06-23T11:29:02.5260541+08:00	0x04	0.1639	0.2960	-0.2542	0.9060	336.02	30.44	26.59
2026-06-23T11:29:02.6597868+08:00	0x09	0.0803	-0.0016	0.0025	0.9968	0.27	359.83	9.21
2026-06-23T11:29:02.6923227+08:00	0x06	0.0135	0.0319	-0.4306	0.9019	309.03	2.63	2.97
2026-06-23T11:29:02.8268743+08:00	0x07	0.0005	-0.0274	-0.0436	0.9987	355.00	356.86	359.92
2026-06-23T11:29:02.8925104+08:00	0x03	-0.2078	0.4134	0.7143	0.5251	100.46	13.50	306.02
2026-06-23T11:29:03.0923440+08:00	0x04	0.3172	0.1747	0.2648	0.8937	41.58	33.06	28.32
2026-06-23T11:29:03.1265748+08:00	0x08	0.0071	-0.0037	0.6820	0.7313	86.01	0.24	0.88
2026-06-23T11:29:03.1924226+08:00	0x09	0.0803	-0.0016	0.0025	0.9968	0.27	359.83	9.21
2026-06-23T11:29:03.2323245+08:00	0x01	-0.0868	-0.4044	0.3673	-0.8331	322.86	42.84	26.21
2026-06-23T11:29:03.2512665+08:00	0x02	-0.0597	-0.4910	0.4439	-0.7472	314.71	53.12	31.67
2026-06-23T11:29:03.4105880+08:00	0x07	0.0005	-0.0274	-0.0436	0.9987	355.00	356.86	359.92
2026-06-23T11:29:03.6092315+08:00	0x04	0.2551	0.1484	-0.0116	0.9554	3.52	18.58	29.40
2026-06-23T11:29:03.6948590+08:00	0x08	0.0071	-0.0037	0.6820	0.7313	86.01	0.24	0.88
2026-06-23T11:29:03.7922679+08:00	0x01	-0.0889	-0.4076	0.3595	-0.8347	323.98	43.40	26.19
