timestamp	device	q0	q1	q2	q3	yaw	pitch	roll
2026-05-14T15:31:08.2502286+08:00	0x06	-0.7501	-0.0616	0.6576	0.0322	172.25	262.36	1.88
2026-05-14T15:31:08.4388101+08:00	0x07	-0.7088	0.1458	0.6683	0.1727	178.46	266.99	333.91
2026-05-14T15:31:08.8103806+08:00	0x06	-0.7496	-0.0631	0.6581	0.0323	172.12	262.42	1.98
2026-05-14T15:31:08.9632704+08:00	0x07	-0.7062	0.1543	0.6670	0.1805	178.52	267.08	332.56
2026-05-14T15:31:09.3877029+08:00	0x06	-0.7474	-0.0633	0.6607	0.0308	172.22	262.80	2.16
2026-05-14T15:31:09.5095079+08:00	0x07	-0.7044	0.1656	0.6639	0.1888	178.86	266.90	330.93
2026-05-14T15:31:09.9121986+08:00	0x06	-0.7466	-0.0648	0.6615	0.0287	172.25	262.92	2.45
2026-05-14T15:31:10.0867397+08:00	0x07	-0.7032	0.1709	0.6626	0.1930	178.98	266.86	330.14
2026-05-14T15:31:10.4808555+08:00	0x06	-0.7462	-0.0660	0.6619	0.0279	172.22	262.97	2.62
2026-05-14T15:31:10.6278007+08:00	0x07	-0.7019	0.1749	0.6618	0.1968	179.00	266.91	329.49
2026-05-14T15:31:11.0554132+08:00	0x06	-0.7459	-0.0658	0.6622	0.0281	172.21	263.02	2.59
2026-05-14T15:31:11.2277729+08:00	0x07	-0.7012	0.1788	0.6605	0.2002	179.09	266.82	328.87
2026-05-14T15:31:11.5737808+08:00	0x06	-0.7458	-0.0660	0.6623	0.0289	172.14	263.04	2.54
2026-05-14T15:31:11.7040694+08:00	0x07	-0.7004	0.1825	0.6593	0.2038	179.12	266.79	328.25
2026-05-14T15:31:12.0484751+08:00	0x06	-0.7457	-0.0660	0.6624	0.0285	172.16	263.05	2.57
2026-05-14T15:31:12.2897872+08:00	0x07	-0.6992	0.1864	0.6582	0.2077	179.12	266.80	327.60
2026-05-14T15:31:12.6673324+08:00	0x06	-0.7458	-0.0656	0.6623	0.0285	172.20	263.04	2.54
2026-05-14T15:31:12.8211900+08:00	0x07	-0.6987	0.1882	0.6577	0.2095	179.14	266.79	327.30
2026-05-14T15:31:13.2421856+08:00	0x06	-0.7455	-0.0657	0.6627	0.0285	172.19	263.10	2.56
2026-05-14T15:31:13.3189875+08:00	0x07	-0.6983	0.1891	0.6575	0.2104	179.15	266.80	327.15
2026-05-14T15:31:13.7119692+08:00	0x06	-0.7453	-0.0644	0.6630	0.0291	172.26	263.15	2.40
2026-05-14T15:31:13.8646792+08:00	0x07	-0.6976	0.1916	0.6570	0.2122	179.21	266.80	326.79
2026-05-14T15:31:14.2276542+08:00	0x06	-0.7454	-0.0611	0.6631	0.0313	172.38	263.18	1.97
2026-05-14T15:31:14.3932148+08:00	0x07	-0.6970	0.1933	0.6568	0.2131	179.28	266.81	326.56
2026-05-14T15:31:14.7995355+08:00	0x06	-0.7461	-0.0607	0.6623	0.0313	172.41	263.06	1.93
2026-05-14T15:31:14.9839799+08:00	0x07	-0.6968	0.1951	0.6559	0.2147	179.33	266.74	326.28
2026-05-14T15:31:15.3755924+08:00	0x06	-0.7465	-0.0601	0.6619	0.0315	172.45	263.00	1.86
2026-05-14T15:31:15.5284622+08:00	0x07	-0.6970	0.1961	0.6553	0.2153	179.38	266.65	326.14
2026-05-14T15:31:15.8953560+08:00	0x06	-0.7463	-0.0610	0.6621	0.0297	172.51	263.02	2.09
2026-05-14T15:31:16.0478551+08:00	0x07	-0.6967	0.1964	0.6561	0.2135	179.55	266.70	326.28
2026-05-14T15:31:16.4696997+08:00	0x06	-0.7470	-0.0686	0.6610	0.0187	172.68	262.78	3.60
2026-05-14T15:31:16.5981112+08:00	0x07	-0.6966	0.1982	0.6566	0.2107	179.97	266.63	326.37
2026-05-14T15:31:16.9875015+08:00	0x06	-0.7495	-0.0693	0.6581	0.0180	172.65	262.34	3.68
2026-05-14T15:31:17.1205658+08:00	0x07	-0.6980	0.2011	0.6533	0.2133	180.14	266.17	325.91
2026-05-14T15:31:17.5562009+08:00	0x06	-0.7494	-0.0727	0.6579	0.0148	172.60	262.29	4.21
2026-05-14T15:31:17.6625143+08:00	0x07	-0.6975	0.2012	0.6538	0.2136	180.10	266.26	325.87
2026-05-14T15:31:18.1348747+08:00	0x06	-0.7489	-0.0660	0.6590	0.0224	172.61	262.49	3.06
2026-05-14T15:31:18.1968873+08:00	0x07	-0.6956	0.2074	0.6513	0.2213	180.02	266.22	324.69
2026-05-14T15:31:18.6512960+08:00	0x06	-0.7457	-0.0673	0.6625	0.0200	172.70	263.02	3.41
2026-05-14T15:31:18.7906635+08:00	0x07	-0.6931	0.2092	0.6534	0.2214	180.05	266.61	324.53
2026-05-14T15:31:19.1286371+08:00	0x06	-0.7448	-0.0631	0.6639	0.0217	172.94	263.25	2.95
2026-05-14T15:31:19.3258548+08:00	0x07	-0.6916	0.2145	0.6524	0.2238	180.33	266.55	323.89
2026-05-14T15:31:19.6428076+08:00	0x06	-0.7446	-0.0625	0.6643	0.0214	173.01	263.30	2.94
2026-05-14T15:31:19.9196842+08:00	0x07	-0.6916	0.2160	0.6516	0.2247	180.43	266.45	323.68
2026-05-14T15:31:20.2131058+08:00	0x06	-0.7450	-0.0642	0.6637	0.0191	173.04	263.20	3.25
2026-05-14T15:31:20.4000461+08:00	0x07	-0.6919	0.2158	0.6514	0.2242	180.47	266.39	323.74
2026-05-14T15:31:20.7876918+08:00	0x06	-0.7448	-0.0636	0.6640	0.0199	173.03	263.25	3.15
2026-05-14T15:31:20.9366146+08:00	0x07	-0.6917	0.2162	0.6515	0.2246	180.46	266.42	323.67
2026-05-14T15:31:21.3091812+08:00	0x06	-0.7445	-0.0627	0.6644	0.0209	173.03	263.31	2.99
2026-05-14T15:31:21.4730525+08:00	0x07	-0.6909	0.2177	0.6512	0.2262	180.44	266.46	323.40
2026-05-14T15:31:21.8804584+08:00	0x06	-0.7442	-0.0613	0.6648	0.0226	173.03	263.38	2.75
2026-05-14T15:31:22.0863681+08:00	0x07	-0.6896	0.2214	0.6502	0.2295	180.50	266.46	322.81
2026-05-14T15:31:22.3555806+08:00	0x06	-0.7439	-0.0626	0.6651	0.0206	173.07	263.42	3.01
2026-05-14T15:31:22.6051886+08:00	0x07	-0.6891	0.2229	0.6499	0.2306	180.54	266.46	322.59
2026-05-14T15:31:22.8694057+08:00	0x06	-0.7442	-0.0627	0.6647	0.0210	173.03	263.36	2.99
2026-05-14T15:31:23.1417050+08:00	0x07	-0.6885	0.2250	0.6490	0.2327	180.56	266.42	322.23
2026-05-14T15:31:23.4437852+08:00	0x06	-0.7439	-0.0628	0.6650	0.0219	172.95	263.41	2.92
2026-05-14T15:31:23.6826869+08:00	0x07	-0.6866	0.2283	0.6484	0.2368	180.48	266.55	321.59
2026-05-14T15:31:24.0627324+08:00	0x06	-0.7429	-0.0619	0.6662	0.0231	172.95	263.60	2.76
2026-05-14T15:31:24.2127327+08:00	0x07	-0.6850	0.2316	0.6476	0.2404	180.43	266.63	321.00
2026-05-14T15:31:24.5355364+08:00	0x06	-0.7409	-0.0623	0.6683	0.0234	172.89	263.93	2.78
2026-05-14T15:31:24.7432714+08:00	0x07	-0.6836	0.2303	0.6496	0.2401	180.22	267.00	321.13
2026-05-14T15:31:25.1089188+08:00	0x06	-0.7394	-0.0614	0.6699	0.0261	172.77	264.19	2.50
2026-05-14T15:31:25.3368536+08:00	0x07	-0.6823	0.2323	0.6491	0.2432	180.11	267.10	320.70
2026-05-14T15:31:25.6276003+08:00	0x06	-0.7407	-0.0613	0.6685	0.0263	172.76	263.98	2.47
2026-05-14T15:31:25.8123678+08:00	0x07	-0.6814	0.2356	0.6477	0.2463	180.14	267.05	320.14
2026-05-14T15:31:26.1995551+08:00	0x06	-0.7423	-0.0609	0.6668	0.0270	172.72	263.71	2.36
2026-05-14T15:31:26.4055829+08:00	0x07	-0.6803	0.2402	0.6455	0.2505	180.26	266.90	319.38
2026-05-14T15:31:26.7739856+08:00	0x06	-0.7419	-0.0596	0.6674	0.0269	172.85	263.81	2.27
2026-05-14T15:31:27.0051939+08:00	0x07	-0.6781	0.2492	0.6423	0.2558	180.73	266.62	318.16
2026-05-14T15:31:27.2941181+08:00	0x06	-0.7152	-0.0361	0.6968	0.0416	173.71	268.53	359.47
2026-05-14T15:31:27.4774705+08:00	0x07	-0.6883	0.2898	0.6064	0.2730	185.68	260.31	313.34
2026-05-14T15:31:27.7845918+08:00	0x06	-0.6951	-0.0058	0.7178	0.0387	176.34	271.93	357.39
2026-05-14T15:31:28.0192663+08:00	0x07	-0.6836	0.3360	0.5826	0.2835	191.87	255.18	308.82
2026-05-14T15:31:28.3904037+08:00	0x06	-0.7213	0.0080	0.6908	0.0493	176.75	267.66	355.29
2026-05-14T15:31:28.5559277+08:00	0x07	-0.7049	0.3500	0.5439	0.2911	196.80	247.02	307.71
2026-05-14T15:31:28.8577189+08:00	0x06	-0.7289	0.0079	0.6822	0.0571	176.18	266.38	354.61
2026-05-14T15:31:29.1445563+08:00	0x07	-0.7943	0.3234	0.4515	0.2461	203.52	229.83	316.92
2026-05-14T15:31:29.4338738+08:00	0x06	-0.6979	0.0028	0.7131	0.0657	174.82	271.49	354.51
2026-05-14T15:31:29.6903317+08:00	0x07	-0.7919	0.3243	0.4544	0.2476	203.39	230.28	316.62
2026-05-14T15:31:29.9531489+08:00	0x06	-0.6602	0.0108	0.7463	0.0841	173.56	277.42	352.70
2026-05-14T15:31:30.2281297+08:00	0x07	-0.9284	0.1488	0.3163	0.1261	192.01	215.59	340.84
2026-05-14T15:31:30.5221840+08:00	0x06	-0.6428	0.0183	0.7586	0.1049	172.10	280.09	350.65
2026-05-14T15:31:30.7568542+08:00	0x07	-0.9707	0.0320	0.2086	0.1146	180.85	204.15	346.36
2026-05-14T15:31:31.0445353+08:00	0x06	-0.6425	0.0203	0.7585	0.1070	172.05	280.14	350.31
2026-05-14T15:31:31.3455390+08:00	0x07	-0.9689	-0.0776	0.2164	0.0919	168.92	205.98	351.70
2026-05-14T15:31:31.6188224+08:00	0x06	-0.6431	0.0198	0.7584	0.1044	172.26	280.05	350.55
2026-05-14T15:31:31.9319005+08:00	0x07	-0.9586	-0.1617	0.2220	0.0750	159.86	206.82	355.87
2026-05-14T15:31:32.1904873+08:00	0x06	-0.6398	0.0241	0.7604	0.1088	172.14	280.54	349.87
2026-05-14T15:31:32.4735189+08:00	0x07	-0.9470	-0.2196	0.2245	0.0671	153.50	207.05	358.36
2026-05-14T15:31:32.7106743+08:00	0x06	-0.6380	0.0269	0.7615	0.1111	172.12	280.81	349.47
2026-05-14T15:31:33.0131033+08:00	0x07	-0.9395	-0.2494	0.2265	0.0623	150.20	207.18	359.77
2026-05-14T15:31:33.2815876+08:00	0x06	-0.6369	0.0291	0.7619	0.1140	172.00	280.98	349.07
2026-05-14T15:31:33.5506245+08:00	0x07	-0.9274	-0.2908	0.2293	0.0537	145.65	207.18	1.94
2026-05-14T15:31:33.8543541+08:00	0x06	-0.6294	0.0320	0.7664	0.1246	171.14	282.13	348.12
2026-05-14T15:31:34.0831552+08:00	0x07	-0.9230	-0.2988	0.2336	0.0651	144.40	208.05	1.11
2026-05-14T15:31:34.4779483+08:00	0x06	-0.6334	0.0339	0.7634	0.1222	171.56	281.51	348.08
2026-05-14T15:31:34.6696712+08:00	0x07	-0.9175	-0.3155	0.2338	0.0636	142.49	207.99	1.77
2026-05-14T15:31:34.9512219+08:00	0x06	-0.6319	0.0319	0.7652	0.1194	171.65	281.75	348.48
2026-05-14T15:31:35.2121387+08:00	0x07	-0.9157	-0.3197	0.2355	0.0620	142.04	208.11	2.12
2026-05-14T15:31:35.4711043+08:00	0x06	-0.6313	0.0347	0.7650	0.1225	171.56	281.83	348.00
2026-05-14T15:31:35.7465868+08:00	0x07	-0.9142	-0.3241	0.2352	0.0621	141.52	208.07	2.23
2026-05-14T15:31:36.0367954+08:00	0x06	-0.6284	0.0334	0.7669	0.1259	171.11	282.28	347.91
2026-05-14T15:31:36.2846474+08:00	0x07	-0.9105	-0.3301	0.2401	0.0660	140.71	208.76	2.20
2026-05-14T15:31:36.6164965+08:00	0x06	-0.6242	0.0289	0.7701	0.1285	170.49	282.94	348.17
2026-05-14T15:31:36.8761114+08:00	0x07	-0.9092	-0.3328	0.2422	0.0631	140.47	208.87	2.66
2026-05-14T15:31:37.1477033+08:00	0x06	-0.6246	0.0263	0.7690	0.1332	169.87	282.89	348.06
2026-05-14T15:31:37.4077917+08:00	0x07	-0.9079	-0.3352	0.2423	0.0676	140.06	209.06	2.28
2026-05-14T15:31:37.6015977+08:00	0x06	-0.6268	0.0257	0.7676	0.1316	170.01	282.57	348.21
2026-05-14T15:31:37.9523626+08:00	0x07	-0.9070	-0.3391	0.2411	0.0653	139.67	208.83	2.59
2026-05-14T15:31:38.1779425+08:00	0x06	-0.6276	0.0262	0.7671	0.1307	170.14	282.44	348.21
2026-05-14T15:31:38.4815932+08:00	0x07	-0.9070	-0.3405	0.2408	0.0591	139.68	208.55	3.26
2026-05-14T15:31:38.6954330+08:00	0x06	-0.6293	0.0264	0.7660	0.1288	170.36	282.18	348.32
2026-05-14T15:31:39.0206936+08:00	0x07	-0.9082	-0.3425	0.2351	0.0505	139.65	207.56	3.97
2026-05-14T15:31:39.2658976+08:00	0x06	-0.6156	0.0311	0.7727	0.1519	168.34	284.31	346.40
2026-05-14T15:31:39.5663023+08:00	0x07	-0.9075	-0.3454	0.2330	0.0544	139.20	207.47	3.57
2026-05-14T15:31:39.7964616+08:00	0x06	-0.6099	0.0243	0.7787	0.1452	168.39	285.13	347.58
2026-05-14T15:31:40.1490039+08:00	0x07	-0.9038	-0.3552	0.2336	0.0485	138.18	207.27	4.49
2026-05-14T15:31:40.3676184+08:00	0x06	-0.6130	0.0264	0.7753	0.1495	168.19	284.68	347.05
2026-05-14T15:31:40.6962663+08:00	0x07	-0.9074	-0.3449	0.2328	0.0591	139.13	207.64	3.05
2026-05-14T15:31:40.9324231+08:00	0x06	-0.6173	0.0292	0.7703	0.1570	167.76	284.07	346.18
2026-05-14T15:31:41.2842885+08:00	0x07	-0.9112	-0.3367	0.2296	0.0609	140.04	207.38	2.50
2026-05-14T15:31:41.4608512+08:00	0x06	-0.6218	0.0311	0.7665	0.1578	167.90	283.41	345.88
2026-05-14T15:31:41.8628610+08:00	0x07	-0.9080	-0.3441	0.2312	0.0599	139.20	207.50	2.88
2026-05-14T15:31:42.0279063+08:00	0x06	-0.6220	0.0279	0.7671	0.1545	167.99	283.36	346.41
2026-05-14T15:31:42.4144776+08:00	0x07	-0.9079	-0.3444	0.2314	0.0594	139.17	207.49	2.95
2026-05-14T15:31:42.6014902+08:00	0x06	-0.6208	0.0255	0.7688	0.1513	168.09	283.54	346.88
2026-05-14T15:31:42.9555129+08:00	0x07	-0.9077	-0.3433	0.2341	0.0589	139.32	207.78	3.08
2026-05-14T15:31:43.1463590+08:00	0x06	-0.6194	0.0258	0.7701	0.1504	168.17	283.74	346.94
2026-05-14T15:31:43.4351008+08:00	0x07	-0.9079	-0.3418	0.2353	0.0585	139.52	207.90	3.14
2026-05-14T15:31:43.6923250+08:00	0x06	-0.6189	0.0241	0.7711	0.1475	168.31	283.80	347.31
2026-05-14T15:31:44.0415845+08:00	0x07	-0.9071	-0.3412	0.2388	0.0609	139.54	208.39	3.01
2026-05-14T15:31:44.2092061+08:00	0x06	-0.6172	0.0238	0.7719	0.1506	167.97	284.08	347.14
2026-05-14T15:31:44.5707650+08:00	0x07	-0.9072	-0.3409	0.2387	0.0619	139.54	208.42	2.89
2026-05-14T15:31:44.8083547+08:00	0x06	-0.6147	0.0251	0.7731	0.1542	167.68	284.45	346.80
2026-05-14T15:31:45.0982334+08:00	0x07	-0.9056	-0.3409	0.2440	0.0638	139.50	209.08	2.91
2026-05-14T15:31:45.1398468+08:00	0x07	-0.9061	-0.3408	0.2420	0.0654	139.46	208.93	2.66
2026-05-14T15:31:45.3562238+08:00	0x06	-0.6156	0.0216	0.7736	0.1486	167.98	284.30	347.51
2026-05-14T15:31:45.6867157+08:00	0x07	-0.9039	-0.3429	0.2481	0.0626	139.32	209.48	3.27
2026-05-14T15:31:45.8789831+08:00	0x06	-0.6166	0.0208	0.7731	0.1473	168.06	284.14	347.66
2026-05-14T15:31:46.2154294+08:00	0x07	-0.9035	-0.3417	0.2508	0.0638	139.42	209.84	3.22
2026-05-14T15:31:46.4480812+08:00	0x06	-0.6183	0.0216	0.7720	0.1458	168.29	283.89	347.67
2026-05-14T15:31:46.7528660+08:00	0x07	-0.8990	-0.3406	0.2698	0.0547	139.89	211.62	4.90
2026-05-14T15:36:03.1006160+08:00	0x06	-0.6257	0.0085	0.7715	0.1152	170.26	282.69	350.95
2026-05-14T15:36:03.1006160+08:00	0x07	-0.8991	-0.3406	0.2692	0.0550	139.87	211.56	4.85
2026-05-14T15:36:03.1006160+08:00	0x06	-0.5749	-0.0293	0.8151	0.0658	171.89	289.72	358.40
2026-05-14T15:36:03.1006160+08:00	0x06	-0.5129	-0.0677	0.8555	0.0220	173.82	297.82	5.35
2026-05-14T15:36:03.1006160+08:00	0x07	-0.7867	-0.2881	0.5457	-0.0168	152.43	244.55	19.93
2026-05-14T15:36:03.1006160+08:00	0x06	-0.5149	-0.0666	0.8544	0.0233	173.75	297.57	5.15
2026-05-14T15:36:03.1006160+08:00	0x07	-0.8107	-0.3021	0.5010	0.0240	147.82	238.99	15.29
2026-05-14T15:36:03.1006160+08:00	0x06	-0.1988	-0.1146	0.9727	-0.0353	181.36	337.06	13.71
2026-05-14T15:36:03.1006160+08:00	0x07	-0.8077	-0.3128	0.4988	0.0308	146.26	238.76	15.21
2026-05-14T15:36:03.1006160+08:00	0x06	-0.1991	-0.0794	0.9741	-0.0717	186.31	337.48	10.55
2026-05-14T15:36:03.1006160+08:00	0x07	-0.8052	-0.3194	0.4984	0.0361	145.25	238.77	15.08
2026-05-14T15:36:03.1006160+08:00	0x06	-0.1939	-0.0841	0.9714	-0.1080	190.44	338.50	11.85
2026-05-14T15:36:03.1006160+08:00	0x07	-0.8063	-0.3169	0.4980	0.0363	145.51	238.75	14.90
2026-05-14T15:36:03.1016118+08:00	0x07	-0.8060	-0.3169	0.4987	0.0361	145.53	238.84	14.95
2026-05-14T15:36:03.1016118+08:00	0x06	-0.1902	-0.0833	0.9710	-0.1188	191.74	339.06	11.95
2026-05-14T15:36:03.1016118+08:00	0x07	-0.8054	-0.3177	0.4991	0.0363	145.44	238.88	14.99
2026-05-14T15:36:03.1016118+08:00	0x07	-0.8056	-0.3178	0.4987	0.0365	145.41	238.83	14.96
2026-05-14T15:36:03.1016118+08:00	0x07	-0.8056	-0.3178	0.4987	0.0366	145.40	238.84	14.95
2026-05-14T15:36:03.1016118+08:00	0x06	-0.1879	-0.0820	0.9704	-0.1280	192.85	339.44	11.96
2026-05-14T15:36:03.1016118+08:00	0x07	-0.8056	-0.3179	0.4987	0.0367	145.40	238.84	14.95
2026-05-14T15:36:03.1016118+08:00	0x07	-0.8056	-0.3179	0.4986	0.0370	145.38	238.83	14.92
2026-05-14T15:36:03.1016118+08:00	0x06	-0.1866	-0.0825	0.9700	-0.1325	193.38	339.65	12.09
2026-05-14T15:36:03.1016118+08:00	0x06	-0.1866	-0.0824	0.9697	-0.1346	193.63	339.67	12.12
2026-05-14T15:36:03.1016118+08:00	0x07	-0.8055	-0.3183	0.4984	0.0374	145.31	238.82	14.89
2026-05-14T15:36:03.1016118+08:00	0x07	-0.8055	-0.3183	0.4984	0.0374	145.30	238.82	14.90
2026-05-14T15:36:03.1016118+08:00	0x07	-0.8055	-0.3183	0.4984	0.0378	145.28	238.82	14.86
2026-05-14T15:36:03.1016118+08:00	0x06	-0.1863	-0.0819	0.9696	-0.1363	193.83	339.72	12.09
2026-05-14T15:36:03.1016118+08:00	0x07	-0.8057	-0.3182	0.4981	0.0382	145.27	238.80	14.80
2026-05-14T15:36:03.1016118+08:00	0x06	-0.1860	-0.0818	0.9695	-0.1369	193.91	339.77	12.10
2026-05-14T15:36:03.1016118+08:00	0x07	-0.8056	-0.3182	0.4982	0.0383	145.26	238.81	14.80
2026-05-14T15:36:03.1016118+08:00	0x07	-0.8053	-0.3196	0.4978	0.0392	145.06	238.78	14.78
2026-05-14T15:36:03.1016118+08:00	0x06	-0.1868	-0.0822	0.9691	-0.1389	194.12	339.69	12.19
2026-05-14T15:36:03.1016118+08:00	0x06	-0.1900	-0.0849	0.9656	-0.1562	196.04	339.56	12.90
2026-05-14T15:36:03.1016118+08:00	0x07	-0.8014	-0.3310	0.4961	0.0444	143.51	238.58	14.91
2026-05-14T15:36:03.1016118+08:00	0x06	-0.1899	-0.0819	0.9656	-0.1573	196.23	339.54	12.58
2026-05-14T15:36:03.1016118+08:00	0x07	-0.8031	-0.3288	0.4951	0.0412	143.91	238.38	15.04
2026-05-14T15:36:03.1016118+08:00	0x06	-0.1178	-0.0735	0.9774	-0.1597	197.45	347.86	10.44
2026-05-14T15:36:03.1016118+08:00	0x07	-0.7459	-0.2964	0.5936	-0.0578	155.45	251.28	25.99
2026-05-14T15:36:03.1016118+08:00	0x06	-0.1165	-0.0771	0.9707	-0.1954	201.62	348.47	11.26
2026-05-14T15:36:03.1016118+08:00	0x07	-0.7469	-0.3088	0.5876	-0.0386	152.72	250.26	24.87
2026-05-14T15:36:03.1016118+08:00	0x06	-0.1169	-0.0847	0.9664	-0.2125	203.58	348.79	12.32
2026-05-14T15:36:03.1016118+08:00	0x07	-0.7453	-0.3064	0.5916	-0.0270	152.35	250.96	23.75
2026-05-14T15:36:03.1016118+08:00	0x06	-0.1167	-0.0870	0.9636	-0.2243	204.98	349.02	12.71
2026-05-14T15:36:03.1016118+08:00	0x07	-0.7469	-0.3014	0.5924	-0.0208	152.49	251.18	22.84
2026-05-14T15:36:03.1016118+08:00	0x06	-0.1157	-0.0898	0.9617	-0.2318	205.87	349.29	13.09
2026-05-14T15:36:03.1016118+08:00	0x07	-0.7478	-0.2971	0.5935	-0.0154	152.63	251.44	22.06
2026-05-14T15:36:03.1016118+08:00	0x06	-0.1150	-0.0900	0.9603	-0.2375	206.57	349.46	13.15
2026-05-14T15:36:03.1016118+08:00	0x07	-0.7491	-0.2932	0.5939	-0.0124	152.85	251.56	21.52
2026-05-14T15:36:03.1016118+08:00	0x06	-0.1144	-0.0900	0.9595	-0.2412	207.01	349.58	13.17
2026-05-14T15:36:03.1016118+08:00	0x07	-0.7502	-0.2899	0.5942	-0.0097	153.02	251.67	21.04
2026-05-14T15:36:03.1016118+08:00	0x06	-0.1141	-0.0903	0.9591	-0.2430	207.23	349.65	13.21
2026-05-14T15:36:03.1016118+08:00	0x07	-0.7506	-0.2879	0.5947	-0.0081	153.14	251.77	20.77
2026-05-14T15:36:03.1016118+08:00	0x06	-0.1138	-0.0904	0.9587	-0.2446	207.42	349.70	13.23
2026-05-14T15:36:03.1016118+08:00	0x07	-0.7510	-0.2864	0.5949	-0.0070	153.22	251.82	20.57
2026-05-14T15:36:03.1016118+08:00	0x06	-0.1137	-0.0901	0.9583	-0.2460	207.61	349.72	13.21
2026-05-14T15:36:03.1016118+08:00	0x07	-0.7518	-0.2852	0.5944	-0.0058	153.25	251.77	20.35
2026-05-14T15:36:03.1016118+08:00	0x06	-0.1130	-0.0890	0.9583	-0.2468	207.71	349.79	13.09
2026-05-14T15:36:03.1016118+08:00	0x07	-0.7522	-0.2832	0.5950	-0.0052	153.43	251.88	20.18
2026-05-14T15:36:03.1016118+08:00	0x06	-0.1128	-0.0888	0.9582	-0.2475	207.79	349.82	13.06
2026-05-14T15:36:03.1016118+08:00	0x07	-0.7523	-0.2825	0.5952	-0.0049	153.49	251.92	20.10
2026-05-14T15:36:03.1016118+08:00	0x06	-0.1130	-0.0889	0.9580	-0.2480	207.85	349.81	13.08
2026-05-14T15:36:03.1016118+08:00	0x07	-0.7525	-0.2819	0.5952	-0.0044	153.52	251.94	20.02
2026-05-14T15:36:03.1016118+08:00	0x06	-0.1130	-0.0890	0.9579	-0.2486	207.93	349.82	13.10
2026-05-14T15:36:03.1016118+08:00	0x07	-0.7526	-0.2815	0.5952	-0.0040	153.53	251.95	19.94
2026-05-14T15:36:03.1016118+08:00	0x06	-0.1128	-0.0891	0.9580	-0.2483	207.89	349.83	13.11
2026-05-14T15:36:03.1016118+08:00	0x07	-0.7527	-0.2812	0.5953	-0.0037	153.54	251.96	19.90
2026-05-14T15:36:03.1016118+08:00	0x06	-0.1127	-0.0893	0.9578	-0.2487	207.94	349.86	13.13
2026-05-14T15:36:03.1016118+08:00	0x07	-0.7527	-0.2809	0.5955	-0.0034	153.56	251.99	19.85
2026-05-14T15:36:03.1016118+08:00	0x06	-0.1128	-0.0895	0.9577	-0.2492	208.00	349.85	13.15
2026-05-14T15:36:03.1016118+08:00	0x07	-0.7527	-0.2806	0.5956	-0.0031	153.57	252.01	19.82
2026-05-14T15:36:03.1016118+08:00	0x06	-0.1127	-0.0898	0.9576	-0.2495	208.03	349.88	13.20
2026-05-14T15:36:03.1016118+08:00	0x07	-0.7527	-0.2804	0.5957	-0.0029	153.59	252.04	19.78
2026-05-14T15:36:03.1026088+08:00	0x06	-0.1127	-0.0898	0.9576	-0.2495	208.03	349.88	13.19
2026-05-14T15:36:03.1026088+08:00	0x07	-0.7527	-0.2802	0.5958	-0.0027	153.59	252.05	19.74
2026-05-14T15:36:03.1026088+08:00	0x06	-0.1126	-0.0898	0.9578	-0.2489	207.96	349.88	13.18
2026-05-14T15:36:03.1026088+08:00	0x07	-0.7528	-0.2800	0.5958	-0.0024	153.60	252.05	19.70
2026-05-14T15:36:03.1026088+08:00	0x06	-0.1126	-0.0894	0.9578	-0.2489	207.97	349.87	13.14
2026-05-14T15:36:03.1026088+08:00	0x07	-0.7529	-0.2798	0.5957	-0.0022	153.60	252.05	19.68
2026-05-14T15:36:03.1026088+08:00	0x06	-0.1126	-0.0891	0.9577	-0.2493	208.01	349.87	13.11
2026-05-14T15:36:03.1026088+08:00	0x07	-0.7530	-0.2795	0.5957	-0.0021	153.62	252.04	19.64
2026-05-14T15:36:03.1026088+08:00	0x06	-0.1126	-0.0894	0.9576	-0.2497	208.06	349.89	13.15
2026-05-14T15:36:03.1026088+08:00	0x07	-0.7530	-0.2794	0.5957	-0.0020	153.63	252.05	19.63
2026-05-14T15:36:03.1026088+08:00	0x06	-0.1125	-0.0897	0.9577	-0.2494	208.03	349.90	13.18
2026-05-14T15:36:03.1026088+08:00	0x06	-0.1125	-0.0895	0.9576	-0.2498	208.07	349.91	13.16
2026-05-14T15:36:03.1026088+08:00	0x07	-0.7532	-0.2788	0.5958	-0.0016	153.67	252.07	19.55
2026-05-14T15:36:03.1026088+08:00	0x06	-0.1126	-0.0895	0.9575	-0.2499	208.08	349.89	13.16
2026-05-14T15:36:03.1026088+08:00	0x07	-0.7532	-0.2787	0.5958	-0.0015	153.67	252.08	19.54
2026-05-14T15:36:03.1026088+08:00	0x06	-0.1126	-0.0895	0.9576	-0.2498	208.07	349.89	13.16
2026-05-14T15:36:03.1026088+08:00	0x07	-0.7532	-0.2786	0.5958	-0.0013	153.67	252.08	19.51
2026-05-14T15:36:03.1026088+08:00	0x06	-0.1125	-0.0894	0.9575	-0.2499	208.09	349.90	13.15
2026-05-14T15:36:03.1026088+08:00	0x07	-0.7534	-0.2785	0.5957	-0.0011	153.66	252.07	19.48
2026-05-14T15:36:03.1026088+08:00	0x06	-0.1125	-0.0893	0.9576	-0.2496	208.06	349.89	13.13
2026-05-14T15:36:03.1026088+08:00	0x07	-0.7534	-0.2784	0.5957	-0.0011	153.67	252.07	19.47
2026-05-14T15:36:03.1026088+08:00	0x06	-0.1123	-0.0894	0.9575	-0.2502	208.13	349.92	13.14
2026-05-14T15:36:03.1026088+08:00	0x07	-0.7535	-0.2782	0.5957	-0.0009	153.68	252.08	19.44
2026-05-14T15:36:03.1026088+08:00	0x06	-0.1124	-0.0893	0.9574	-0.2506	208.18	349.92	13.14
2026-05-14T15:36:03.1026088+08:00	0x07	-0.7534	-0.2782	0.5958	-0.0009	153.68	252.08	19.44
2026-05-14T15:36:03.1026088+08:00	0x06	-0.1126	-0.0896	0.9574	-0.2505	208.16	349.91	13.17
2026-05-14T15:36:03.1026088+08:00	0x07	-0.7535	-0.2780	0.5958	-0.0006	153.68	252.09	19.40
2026-05-14T15:36:03.1026088+08:00	0x06	-0.1125	-0.0896	0.9572	-0.2510	208.22	349.92	13.18
2026-05-14T15:36:03.1026088+08:00	0x07	-0.7535	-0.2779	0.5958	-0.0004	153.68	252.09	19.38
2026-05-14T15:36:03.1026088+08:00	0x06	-0.1125	-0.0895	0.9571	-0.2517	208.30	349.93	13.17
2026-05-14T15:36:03.1026088+08:00	0x07	-0.7536	-0.2779	0.5957	-0.0003	153.67	252.08	19.37
2026-05-14T15:36:03.1026088+08:00	0x06	-0.1120	-0.0904	0.9571	-0.2516	208.29	350.00	13.26
2026-05-14T15:36:03.1026088+08:00	0x07	-0.7548	-0.2750	0.5955	0.0003	153.91	252.08	19.09
2026-05-14T15:36:03.1026088+08:00	0x06	-0.1650	0.0012	0.9778	-0.1293	194.68	341.14	2.31
2026-05-14T15:36:03.1026088+08:00	0x07	-0.8131	-0.1403	0.5650	0.0027	166.47	248.54	8.86
2026-05-14T15:36:03.1026088+08:00	0x06	-0.2076	0.0063	0.9731	-0.0996	191.33	336.08	1.67
2026-05-14T15:36:03.1026088+08:00	0x07	-0.8440	-0.1460	0.5153	0.0297	163.83	241.99	5.75
2026-05-14T15:36:03.1026088+08:00	0x06	-0.2954	-0.0653	0.9469	-0.1092	189.86	326.28	10.84
2026-05-14T15:36:03.1026088+08:00	0x07	-0.7792	-0.1841	0.5986	-0.0238	164.49	253.02	14.92
2026-05-14T15:36:03.1026088+08:00	0x06	-0.0999	-0.0769	0.9882	-0.0873	189.18	349.23	9.75
2026-05-14T15:36:03.1026088+08:00	0x07	-0.7281	-0.1837	0.6590	-0.0435	167.25	262.30	17.78
2026-05-14T15:36:03.1026088+08:00	0x06	-0.0976	-0.0775	0.9849	-0.1198	192.97	349.83	10.14
2026-05-14T15:36:03.1026088+08:00	0x07	-0.7268	-0.2091	0.6531	-0.0385	164.42	261.23	19.21
2026-05-14T15:36:03.1026088+08:00	0x06	-0.2624	-0.0484	0.9579	-0.1065	190.40	330.14	8.55
2026-05-14T15:36:03.1026088+08:00	0x07	-0.7835	-0.2384	0.5723	-0.0428	159.82	248.72	19.87
2026-05-14T15:36:03.1026088+08:00	0x06	-0.1179	-0.0411	0.9845	-0.1229	193.51	347.09	6.31
2026-05-14T15:36:03.1026088+08:00	0x07	-0.8121	-0.1715	0.5572	-0.0250	165.07	247.15	13.40
2026-05-14T15:36:03.1026088+08:00	0x06	0.0584	-0.0902	0.9668	-0.2317	207.62	9.00	8.47
2026-05-14T15:36:03.1026088+08:00	0x07	-0.5657	-0.2203	0.7873	0.1077	154.54	285.65	13.00
2026-05-14T15:36:03.1026088+08:00	0x06	-0.0067	-0.0571	0.9568	-0.2849	213.23	1.13	6.49
2026-05-14T15:36:03.1026088+08:00	0x07	-0.4770	-0.2825	0.8314	-0.0384	166.20	296.54	30.43
2026-05-14T15:36:03.1026088+08:00	0x06	-0.0378	-0.0244	0.9617	-0.2702	211.27	356.58	3.86
2026-05-14T15:36:03.1026088+08:00	0x07	-0.4799	-0.2808	0.8304	-0.0340	165.77	296.13	29.94
2026-05-14T15:36:03.1026088+08:00	0x06	-0.0551	-0.0209	0.9745	-0.2166	204.88	354.35	3.70
2026-05-14T15:36:03.1026088+08:00	0x07	-0.4014	-0.2453	0.8797	-0.0698	175.14	309.69	29.18
2026-05-14T15:36:03.1026088+08:00	0x06	-0.0607	-0.0115	0.9814	-0.1817	200.83	353.39	2.56
2026-05-14T15:36:03.1026088+08:00	0x07	-0.4169	-0.2686	0.8662	-0.0606	172.02	306.38	31.06
2026-05-14T15:36:03.1026088+08:00	0x06	0.0489	-0.0890	0.9484	-0.3004	215.74	8.49	8.01
2026-05-14T15:36:03.1026088+08:00	0x07	-0.5569	-0.3641	0.7433	0.0692	144.97	277.43	27.65
2026-05-14T15:36:03.1026088+08:00	0x06	0.0330	-0.0923	0.9186	-0.3828	225.79	7.63	8.30
2026-05-14T15:36:03.1026088+08:00	0x07	-0.5525	-0.3922	0.7312	0.0789	141.09	275.37	29.11
2026-05-14T15:36:03.1026088+08:00	0x06	0.0168	-0.1063	0.8865	-0.4501	234.48	7.32	9.98
2026-05-14T15:36:03.1036059+08:00	0x07	-0.5804	-0.3886	0.7039	0.1289	136.42	271.52	23.41
2026-05-14T15:36:03.1036059+08:00	0x06	0.0226	-0.1601	0.8458	-0.5085	243.54	11.97	14.35
2026-05-14T15:36:03.1036059+08:00	0x07	-0.5856	-0.4012	0.6842	0.1674	131.67	269.53	20.67
2026-05-14T15:36:03.1036059+08:00	0x06	0.0268	-0.1539	0.8285	-0.5378	247.41	12.45	13.07
2026-05-14T15:36:03.1036059+08:00	0x07	-0.6032	-0.3682	0.6827	0.1854	133.42	270.06	16.21
2026-05-14T15:36:03.1036059+08:00	0x06	0.0349	-0.1396	0.8219	-0.5511	248.89	12.42	11.01
2026-05-14T15:36:03.1036059+08:00	0x07	-0.6071	-0.3627	0.6830	0.1829	134.15	269.99	15.86
2026-05-14T15:36:03.1036059+08:00	0x06	0.0412	-0.1401	0.8098	-0.5683	251.33	13.28	10.38
2026-05-14T15:36:03.1036059+08:00	0x07	-0.6084	-0.3636	0.6818	0.1810	134.19	269.72	15.99
2026-05-14T15:36:03.1036059+08:00	0x06	0.0505	-0.1445	0.7994	-0.5809	253.29	14.62	9.92
2026-05-14T15:36:03.1036059+08:00	0x07	-0.6100	-0.3501	0.6857	0.1876	135.00	270.63	14.56
2026-05-14T15:36:03.1036059+08:00	0x06	0.0525	-0.1428	0.7925	-0.5906	254.62	14.80	9.46
2026-05-14T15:36:03.1036059+08:00	0x07	-0.6097	-0.3523	0.6855	0.1853	134.98	270.50	14.90
2026-05-14T15:36:03.1036059+08:00	0x06	0.0548	-0.1427	0.7868	-0.5979	255.68	15.08	9.16
2026-05-14T15:36:03.1036059+08:00	0x07	-0.6096	-0.3537	0.6852	0.1837	134.97	270.39	15.12
2026-05-14T15:36:03.1036059+08:00	0x06	0.0561	-0.1429	0.7835	-0.6022	256.30	15.26	8.99
2026-05-14T15:36:03.1036059+08:00	0x07	-0.6093	-0.3543	0.6854	0.1831	134.96	270.39	15.22
2026-05-14T15:36:03.1036059+08:00	0x06	0.0569	-0.1427	0.7811	-0.6053	256.74	15.36	8.86
2026-05-14T15:36:03.1036059+08:00	0x07	-0.6089	-0.3548	0.6857	0.1824	134.98	270.40	15.33
2026-05-14T15:36:03.1036059+08:00	0x06	0.0578	-0.1423	0.7785	-0.6085	257.21	15.44	8.70
2026-05-14T15:36:03.1036059+08:00	0x07	-0.6086	-0.3553	0.6858	0.1817	135.00	270.40	15.44
2026-05-14T15:36:03.1036059+08:00	0x06	0.0584	-0.1422	0.7769	-0.6106	257.51	15.51	8.60
2026-05-14T15:36:03.1036059+08:00	0x07	-0.6085	-0.3554	0.6860	0.1814	135.01	270.41	15.47
2026-05-14T15:36:03.1036059+08:00	0x06	0.0588	-0.1423	0.7760	-0.6116	257.66	15.56	8.56
2026-05-14T15:36:03.1036059+08:00	0x07	-0.6084	-0.3556	0.6860	0.1809	135.03	270.40	15.53
2026-05-14T15:36:03.1036059+08:00	0x06	0.0589	-0.1422	0.7753	-0.6125	257.79	15.57	8.53
2026-05-14T15:36:03.1036059+08:00	0x07	-0.6082	-0.3555	0.6863	0.1809	135.05	270.44	15.54
2026-05-14T15:36:03.1036059+08:00	0x06	0.0590	-0.1421	0.7747	-0.6133	257.90	15.59	8.50
2026-05-14T15:36:03.1036059+08:00	0x07	-0.6081	-0.3557	0.6864	0.1806	135.06	270.45	15.59
2026-05-14T15:36:03.1036059+08:00	0x06	0.0591	-0.1424	0.7744	-0.6137	257.96	15.62	8.51
2026-05-14T15:36:03.1036059+08:00	0x07	-0.6080	-0.3559	0.6865	0.1803	135.06	270.45	15.62
2026-05-14T15:36:03.1036059+08:00	0x06	0.0593	-0.1426	0.7739	-0.6141	258.04	15.66	8.51
2026-05-14T15:36:03.1036059+08:00	0x07	-0.6079	-0.3560	0.6865	0.1801	135.07	270.44	15.65
2026-05-14T15:36:03.1036059+08:00	0x06	0.0595	-0.1423	0.7733	-0.6149	258.15	15.66	8.45
2026-05-14T15:36:03.1036059+08:00	0x07	-0.6078	-0.3562	0.6865	0.1799	135.07	270.44	15.68
2026-05-14T15:36:03.1036059+08:00	0x06	0.0599	-0.1425	0.7726	-0.6158	258.28	15.72	8.42
2026-05-14T15:36:03.1036059+08:00	0x07	-0.6080	-0.3558	0.6866	0.1799	135.10	270.45	15.65
2026-05-14T15:36:03.1036059+08:00	0x06	0.0600	-0.1423	0.7720	-0.6166	258.39	15.72	8.38
2026-05-14T15:36:03.1036059+08:00	0x07	-0.6081	-0.3557	0.6865	0.1800	135.11	270.44	15.63
2026-05-14T15:36:03.1036059+08:00	0x06	0.0601	-0.1422	0.7712	-0.6176	258.53	15.73	8.35
2026-05-14T15:36:03.1036059+08:00	0x07	-0.6081	-0.3557	0.6865	0.1799	135.10	270.43	15.64
2026-05-14T15:36:03.1036059+08:00	0x07	-0.6081	-0.3557	0.6865	0.1800	135.10	270.43	15.63
2026-05-14T15:36:03.1036059+08:00	0x06	0.0605	-0.1420	0.7698	-0.6194	258.79	15.77	8.26
2026-05-14T15:36:03.1036059+08:00	0x07	-0.6084	-0.3550	0.6865	0.1807	135.11	270.46	15.51
2026-05-14T15:36:03.1036059+08:00	0x06	0.0611	-0.1419	0.7681	-0.6214	259.08	15.84	8.17
2026-05-14T15:36:03.1036059+08:00	0x07	-0.6086	-0.3547	0.6864	0.1807	135.14	270.45	15.48
2026-05-14T15:36:03.1036059+08:00	0x06	0.0613	-0.1415	0.7666	-0.6234	259.36	15.85	8.07
2026-05-14T15:36:03.1036059+08:00	0x07	-0.6087	-0.3544	0.6864	0.1808	135.16	270.46	15.45
2026-05-14T15:36:03.1036059+08:00	0x06	0.0617	-0.1418	0.7658	-0.6243	259.50	15.91	8.05
2026-05-14T15:36:03.1036059+08:00	0x07	-0.6088	-0.3543	0.6864	0.1808	135.16	270.46	15.44
2026-05-14T15:36:03.1036059+08:00	0x06	0.0619	-0.1416	0.7648	-0.6254	259.67	15.93	8.00
2026-05-14T15:36:03.1036059+08:00	0x06	0.0620	-0.1416	0.7641	-0.6263	259.80	15.95	7.97
2026-05-14T15:36:03.1036059+08:00	0x07	-0.6088	-0.3542	0.6864	0.1810	135.16	270.47	15.41
2026-05-14T15:36:03.1036059+08:00	0x06	0.0622	-0.1415	0.7632	-0.6274	259.97	15.97	7.93
2026-05-14T15:36:03.1036059+08:00	0x06	0.0625	-0.1416	0.7625	-0.6282	260.09	16.01	7.90
2026-05-14T15:36:03.1036059+08:00	0x07	-0.6090	-0.3540	0.6863	0.1812	135.16	270.46	15.38
2026-05-14T15:36:03.1036059+08:00	0x06	0.0627	-0.1415	0.7615	-0.6294	260.26	16.04	7.84
2026-05-14T15:36:03.1036059+08:00	0x07	-0.6090	-0.3540	0.6863	0.1813	135.15	270.45	15.37
2026-05-14T15:36:03.1046037+08:00	0x06	0.0629	-0.1412	0.7608	-0.6303	260.38	16.04	7.78
2026-05-14T15:36:03.1046037+08:00	0x07	-0.6091	-0.3534	0.6864	0.1816	135.19	270.49	15.31
2026-05-14T15:36:03.1046037+08:00	0x06	0.0634	-0.1412	0.7589	-0.6325	260.71	16.10	7.70
2026-05-14T15:36:03.1046037+08:00	0x07	-0.6091	-0.3535	0.6863	0.1816	135.18	270.48	15.31
2026-05-14T15:36:03.1046037+08:00	0x06	0.0636	-0.1411	0.7582	-0.6334	260.84	16.12	7.67
2026-05-14T15:36:03.1046037+08:00	0x07	-0.6092	-0.3535	0.6863	0.1816	135.18	270.47	15.30
2026-05-14T15:36:03.1046037+08:00	0x06	0.0638	-0.1412	0.7572	-0.6345	261.00	16.15	7.63
2026-05-14T15:36:03.1046037+08:00	0x07	-0.6093	-0.3535	0.6862	0.1817	135.17	270.46	15.29
2026-05-14T15:36:03.1046037+08:00	0x06	0.0638	-0.1411	0.7565	-0.6354	261.14	16.16	7.60
2026-05-14T15:36:03.1046037+08:00	0x07	-0.6094	-0.3534	0.6861	0.1818	135.16	270.45	15.27
2026-05-14T15:36:03.1046037+08:00	0x06	0.0641	-0.1408	0.7557	-0.6363	261.27	16.17	7.54
2026-05-14T15:36:03.1046037+08:00	0x07	-0.6094	-0.3533	0.6860	0.1820	135.16	270.45	15.25
2026-05-14T15:36:03.1046037+08:00	0x06	0.0642	-0.1408	0.7547	-0.6375	261.44	16.19	7.51
2026-05-14T15:36:03.1046037+08:00	0x07	-0.6095	-0.3532	0.6860	0.1820	135.16	270.45	15.23
2026-05-14T15:36:03.1046037+08:00	0x06	0.0642	-0.1406	0.7539	-0.6385	261.59	16.19	7.47
2026-05-14T15:36:03.1046037+08:00	0x07	-0.6098	-0.3530	0.6858	0.1824	135.15	270.42	15.17
2026-05-14T15:36:03.1046037+08:00	0x06	0.0642	-0.1405	0.7531	-0.6395	261.73	16.19	7.44
2026-05-14T15:36:03.1046037+08:00	0x07	-0.6099	-0.3527	0.6857	0.1826	135.16	270.43	15.13
2026-05-14T15:36:03.1046037+08:00	0x06	0.0645	-0.1405	0.7524	-0.6404	261.86	16.22	7.40
2026-05-14T15:36:03.1046037+08:00	0x07	-0.6100	-0.3527	0.6857	0.1827	135.15	270.42	15.11
2026-05-14T15:36:03.1046037+08:00	0x06	0.0648	-0.1403	0.7514	-0.6415	262.03	16.24	7.34
2026-05-14T15:36:03.1046037+08:00	0x07	-0.6100	-0.3526	0.6857	0.1828	135.16	270.43	15.10
2026-05-14T15:36:03.1046037+08:00	0x06	0.0651	-0.1404	0.7504	-0.6426	262.20	16.28	7.30
2026-05-14T15:36:03.1046037+08:00	0x07	-0.6100	-0.3524	0.6857	0.1829	135.16	270.44	15.08
2026-05-14T15:36:03.1046037+08:00	0x06	0.0652	-0.1404	0.7496	-0.6435	262.33	16.30	7.27
2026-05-14T15:36:03.1046037+08:00	0x07	-0.6101	-0.3524	0.6857	0.1830	135.16	270.43	15.07
2026-05-14T15:36:03.1046037+08:00	0x06	0.0654	-0.1404	0.7487	-0.6446	262.50	16.33	7.24
2026-05-14T15:36:03.1046037+08:00	0x07	-0.6102	-0.3523	0.6856	0.1831	135.16	270.43	15.05
2026-05-14T15:36:03.1046037+08:00	0x06	0.0656	-0.1404	0.7479	-0.6454	262.62	16.35	7.20
2026-05-14T15:36:03.1046037+08:00	0x07	-0.6101	-0.3523	0.6856	0.1831	135.16	270.43	15.04
2026-05-14T15:36:03.1046037+08:00	0x06	0.0658	-0.1403	0.7470	-0.6465	262.78	16.37	7.15
2026-05-14T15:36:03.1046037+08:00	0x07	-0.6101	-0.3521	0.6858	0.1833	135.16	270.46	15.02
2026-05-14T15:36:03.1046037+08:00	0x06	0.0660	-0.1402	0.7461	-0.6475	262.93	16.39	7.11
2026-05-14T15:36:03.1046037+08:00	0x07	-0.6099	-0.3520	0.6859	0.1833	135.17	270.49	15.03
2026-05-14T15:36:03.1046037+08:00	0x06	0.0662	-0.1401	0.7452	-0.6486	263.09	16.42	7.06
2026-05-14T15:36:03.1046037+08:00	0x07	-0.6098	-0.3520	0.6860	0.1833	135.18	270.50	15.03
2026-05-14T15:36:03.1046037+08:00	0x06	0.0663	-0.1402	0.7444	-0.6494	263.22	16.44	7.05
2026-05-14T15:36:03.1046037+08:00	0x07	-0.6097	-0.3521	0.6861	0.1832	135.18	270.51	15.05
2026-05-14T15:36:03.1046037+08:00	0x07	-0.6096	-0.3522	0.6861	0.1831	135.17	270.51	15.07
2026-05-14T15:36:03.1046037+08:00	0x07	-0.6095	-0.3522	0.6862	0.1831	135.17	270.53	15.08
2026-05-14T15:36:03.1046037+08:00	0x06	0.0668	-0.1400	0.7417	-0.6526	263.69	16.49	6.92
2026-05-14T15:36:03.1046037+08:00	0x07	-0.6094	-0.3523	0.6863	0.1831	135.17	270.53	15.10
2026-05-14T15:36:03.1046037+08:00	0x06	0.0670	-0.1400	0.7408	-0.6536	263.85	16.52	6.88
2026-05-14T15:36:03.1046037+08:00	0x07	-0.6093	-0.3524	0.6863	0.1830	135.17	270.53	15.11
2026-05-14T15:36:03.1046037+08:00	0x06	0.0673	-0.1400	0.7398	-0.6546	264.00	16.55	6.84
2026-05-14T15:36:03.1046037+08:00	0x07	-0.6093	-0.3525	0.6863	0.1829	135.17	270.53	15.13
2026-05-14T15:36:03.1046037+08:00	0x06	0.0653	-0.1406	0.7479	-0.6454	262.63	16.35	7.24
2026-05-14T15:36:03.1046037+08:00	0x07	-0.6092	-0.3527	0.6864	0.1827	135.17	270.54	15.16
2026-05-14T15:36:03.1046037+08:00	0x07	-0.6092	-0.3527	0.6864	0.1826	135.17	270.53	15.17
2026-05-14T15:36:03.1046037+08:00	0x06	0.0626	-0.1421	0.7606	-0.6303	260.41	16.08	7.89
2026-05-14T15:36:03.1046037+08:00	0x07	-0.6091	-0.3529	0.6864	0.1825	135.16	270.53	15.20
2026-05-14T15:36:03.1046037+08:00	0x06	0.0616	-0.1425	0.7648	-0.6253	259.68	15.97	8.10
2026-05-14T15:36:03.1046037+08:00	0x07	-0.6091	-0.3527	0.6865	0.1827	135.17	270.55	15.18
2026-05-14T15:36:03.1046037+08:00	0x06	0.0609	-0.1427	0.7671	-0.6225	259.27	15.90	8.23
2026-05-14T15:36:03.1046037+08:00	0x07	-0.6089	-0.3528	0.6866	0.1826	135.16	270.56	15.20
2026-05-14T15:36:03.1046037+08:00	0x06	0.0604	-0.1429	0.7688	-0.6204	258.97	15.85	8.33
2026-05-14T15:36:03.1046037+08:00	0x07	-0.6089	-0.3529	0.6866	0.1825	135.17	270.56	15.21
2026-05-14T15:36:03.1056011+08:00	0x06	0.0602	-0.1429	0.7699	-0.6191	258.77	15.82	8.37
2026-05-14T15:36:03.1056011+08:00	0x07	-0.6088	-0.3530	0.6866	0.1824	135.16	270.56	15.23
2026-05-14T15:36:03.1056011+08:00	0x06	0.0601	-0.1430	0.7709	-0.6178	258.59	15.80	8.40
2026-05-14T15:36:03.1056011+08:00	0x07	-0.6087	-0.3533	0.6866	0.1822	135.16	270.55	15.26
2026-05-14T15:36:03.1056011+08:00	0x06	0.0598	-0.1431	0.7715	-0.6170	258.47	15.77	8.46
2026-05-14T15:36:03.1056011+08:00	0x07	-0.6087	-0.3533	0.6866	0.1822	135.15	270.55	15.27
2026-05-14T15:36:03.1056011+08:00	0x06	0.0597	-0.1431	0.7719	-0.6166	258.41	15.76	8.47
2026-05-14T15:36:03.1056011+08:00	0x07	-0.6086	-0.3534	0.6867	0.1821	135.15	270.55	15.29
2026-05-14T15:36:03.1056011+08:00	0x06	0.0597	-0.1431	0.7717	-0.6168	258.44	15.76	8.46
2026-05-14T15:36:03.1056011+08:00	0x07	-0.6085	-0.3535	0.6867	0.1819	135.16	270.56	15.32
2026-05-14T15:36:03.1056011+08:00	0x06	0.0598	-0.1431	0.7713	-0.6172	258.51	15.78	8.45
2026-05-14T15:36:03.1056011+08:00	0x07	-0.6085	-0.3536	0.6868	0.1819	135.15	270.56	15.33
2026-05-14T15:36:03.1056011+08:00	0x06	0.0599	-0.1430	0.7710	-0.6177	258.57	15.78	8.42
2026-05-14T15:36:03.1056011+08:00	0x07	-0.6084	-0.3538	0.6867	0.1817	135.15	270.55	15.35
2026-05-14T15:36:03.1056011+08:00	0x06	0.0601	-0.1429	0.7705	-0.6183	258.65	15.79	8.39
2026-05-14T15:36:03.1056011+08:00	0x07	-0.6083	-0.3536	0.6869	0.1819	135.15	270.58	15.34
2026-05-14T15:36:03.1056011+08:00	0x06	0.0601	-0.1428	0.7699	-0.6191	258.78	15.80	8.36
2026-05-14T15:36:03.1056011+08:00	0x07	-0.6083	-0.3537	0.6869	0.1817	135.16	270.58	15.36
2026-05-14T15:36:03.1056011+08:00	0x06	0.0602	-0.1426	0.7691	-0.6201	258.91	15.80	8.32
2026-05-14T15:36:03.1056011+08:00	0x07	-0.6082	-0.3538	0.6870	0.1817	135.16	270.59	15.37
2026-05-14T15:36:03.1056011+08:00	0x06	0.0602	-0.1427	0.7684	-0.6210	259.04	15.82	8.31
2026-05-14T15:36:03.1056011+08:00	0x07	-0.6081	-0.3539	0.6870	0.1815	135.16	270.59	15.40
2026-05-14T15:36:03.1056011+08:00	0x06	0.0605	-0.1427	0.7676	-0.6219	259.18	15.86	8.27
2026-05-14T15:36:03.1056011+08:00	0x07	-0.6081	-0.3539	0.6870	0.1815	135.16	270.59	15.40
2026-05-14T15:36:03.1056011+08:00	0x06	0.0608	-0.1426	0.7668	-0.6229	259.33	15.88	8.22
2026-05-14T15:36:03.1056011+08:00	0x07	-0.6080	-0.3542	0.6870	0.1813	135.15	270.58	15.44
2026-05-14T15:36:03.1056011+08:00	0x06	0.0609	-0.1427	0.7661	-0.6238	259.46	15.91	8.20
2026-05-14T15:36:03.1056011+08:00	0x07	-0.6080	-0.3543	0.6871	0.1812	135.15	270.58	15.46
2026-05-14T15:36:03.1056011+08:00	0x06	0.0610	-0.1425	0.7652	-0.6248	259.61	15.92	8.16
2026-05-14T15:36:03.1056011+08:00	0x07	-0.6079	-0.3544	0.6871	0.1811	135.15	270.58	15.47
2026-05-14T15:36:03.1056011+08:00	0x06	0.0612	-0.1425	0.7643	-0.6259	259.77	15.94	8.12
2026-05-14T15:36:03.1056011+08:00	0x07	-0.6078	-0.3545	0.6871	0.1809	135.15	270.58	15.50
2026-05-14T15:36:03.1056011+08:00	0x06	0.0614	-0.1425	0.7636	-0.6268	259.90	15.97	8.08
2026-05-14T15:36:03.1056011+08:00	0x07	-0.6078	-0.3546	0.6871	0.1808	135.15	270.58	15.52
2026-05-14T15:36:03.1056011+08:00	0x06	0.0616	-0.1423	0.7626	-0.6280	260.07	15.99	8.03
2026-05-14T15:36:03.1056011+08:00	0x07	-0.6077	-0.3547	0.6872	0.1807	135.15	270.58	15.54
2026-05-14T15:36:03.1056011+08:00	0x06	0.0618	-0.1423	0.7619	-0.6288	260.19	16.01	8.00
2026-05-14T15:36:03.1056011+08:00	0x07	-0.6077	-0.3549	0.6872	0.1806	135.14	270.57	15.56
2026-05-14T15:36:03.1056011+08:00	0x06	0.0619	-0.1422	0.7611	-0.6298	260.34	16.02	7.96
2026-05-14T15:36:03.1056011+08:00	0x07	-0.6076	-0.3550	0.6871	0.1804	135.14	270.56	15.58
2026-05-14T15:36:03.1056011+08:00	0x06	0.0620	-0.1420	0.7603	-0.6308	260.48	16.03	7.92
2026-05-14T15:36:03.1056011+08:00	0x07	-0.6076	-0.3551	0.6872	0.1803	135.14	270.57	15.60
2026-05-14T15:36:03.1056011+08:00	0x06	0.0623	-0.1421	0.7594	-0.6319	260.64	16.07	7.88
2026-05-14T15:36:03.1056011+08:00	0x07	-0.6075	-0.3552	0.6873	0.1802	135.15	270.57	15.62
2026-05-14T15:36:03.1056011+08:00	0x06	0.0625	-0.1420	0.7585	-0.6330	260.80	16.09	7.83
2026-05-14T15:36:03.1056011+08:00	0x07	-0.6075	-0.3553	0.6872	0.1801	135.14	270.56	15.64
2026-05-14T15:36:03.1056011+08:00	0x06	0.0627	-0.1417	0.7577	-0.6339	260.93	16.09	7.78
2026-05-14T15:36:03.1056011+08:00	0x07	-0.6075	-0.3556	0.6872	0.1799	135.13	270.54	15.67
2026-05-14T15:36:03.1056011+08:00	0x06	0.0629	-0.1417	0.7570	-0.6348	261.07	16.12	7.74
2026-05-14T15:36:03.1056011+08:00	0x07	-0.6074	-0.3556	0.6872	0.1799	135.14	270.55	15.68
2026-05-14T15:36:03.1056011+08:00	0x06	0.0630	-0.1416	0.7560	-0.6360	261.24	16.14	7.70
2026-05-14T15:36:03.1056011+08:00	0x07	-0.6073	-0.3557	0.6873	0.1798	135.14	270.56	15.70
2026-05-14T15:36:03.1056011+08:00	0x06	0.0631	-0.1416	0.7552	-0.6369	261.38	16.15	7.67
2026-05-14T15:36:03.1056011+08:00	0x07	-0.6073	-0.3558	0.6873	0.1796	135.14	270.55	15.72
2026-05-14T15:36:03.1056011+08:00	0x06	0.0634	-0.1415	0.7544	-0.6378	261.51	16.18	7.62
2026-05-14T15:36:03.1056011+08:00	0x07	-0.6072	-0.3559	0.6873	0.1795	135.13	270.55	15.74
2026-05-14T15:36:03.1056011+08:00	0x06	0.0636	-0.1415	0.7535	-0.6389	261.67	16.20	7.58
2026-05-14T15:36:03.1056011+08:00	0x07	-0.6072	-0.3560	0.6873	0.1795	135.13	270.54	15.75
2026-05-14T15:36:03.1056011+08:00	0x06	0.0638	-0.1414	0.7528	-0.6397	261.79	16.22	7.54
2026-05-14T15:36:03.1056011+08:00	0x07	-0.6071	-0.3560	0.6874	0.1794	135.13	270.56	15.76
2026-05-14T15:36:03.1065984+08:00	0x06	0.0640	-0.1412	0.7519	-0.6409	261.96	16.23	7.49
2026-05-14T15:36:03.1065984+08:00	0x07	-0.6071	-0.3562	0.6874	0.1793	135.13	270.55	15.78
2026-05-14T15:36:03.1065984+08:00	0x06	0.0641	-0.1412	0.7510	-0.6418	262.10	16.26	7.46
2026-05-14T15:36:03.1065984+08:00	0x07	-0.6069	-0.3563	0.6874	0.1791	135.13	270.56	15.81
2026-05-14T15:36:03.1065984+08:00	0x06	0.0642	-0.1412	0.7501	-0.6429	262.26	16.28	7.43
2026-05-14T15:36:03.1065984+08:00	0x07	-0.6069	-0.3565	0.6874	0.1790	135.13	270.55	15.83
2026-05-14T15:36:03.1065984+08:00	0x06	0.0645	-0.1411	0.7492	-0.6439	262.42	16.30	7.37
2026-05-14T15:36:03.1065984+08:00	0x07	-0.6069	-0.3566	0.6874	0.1789	135.12	270.54	15.85
2026-05-14T15:36:03.1065984+08:00	0x06	0.0647	-0.1409	0.7484	-0.6448	262.54	16.31	7.33
2026-05-14T15:36:03.1065984+08:00	0x07	-0.6069	-0.3567	0.6874	0.1788	135.12	270.53	15.86
2026-05-14T15:36:03.1065984+08:00	0x06	0.0649	-0.1409	0.7475	-0.6458	262.70	16.34	7.29
2026-05-14T15:36:03.1065984+08:00	0x07	-0.6068	-0.3568	0.6874	0.1788	135.11	270.53	15.87
2026-05-14T15:36:03.1065984+08:00	0x06	0.0650	-0.1410	0.7466	-0.6469	262.86	16.36	7.26
2026-05-14T15:36:03.1065984+08:00	0x07	-0.6067	-0.3568	0.6875	0.1787	135.12	270.54	15.89
2026-05-14T15:36:03.1065984+08:00	0x06	0.0651	-0.1407	0.7457	-0.6480	263.01	16.36	7.21
2026-05-14T15:36:03.1065984+08:00	0x07	-0.6066	-0.3569	0.6875	0.1786	135.12	270.55	15.91
2026-05-14T15:36:03.1065984+08:00	0x06	0.0654	-0.1406	0.7448	-0.6490	263.17	16.39	7.16
2026-05-14T15:36:03.1065984+08:00	0x07	-0.6066	-0.3571	0.6875	0.1784	135.12	270.54	15.93
2026-05-14T15:36:03.1065984+08:00	0x06	0.0655	-0.1406	0.7441	-0.6498	263.30	16.41	7.13
2026-05-14T15:36:03.1065984+08:00	0x07	-0.6065	-0.3571	0.6876	0.1784	135.12	270.54	15.94
2026-05-14T15:36:03.1065984+08:00	0x06	0.0657	-0.1404	0.7431	-0.6509	263.45	16.41	7.07
2026-05-14T15:36:03.1065984+08:00	0x07	-0.6065	-0.3573	0.6876	0.1783	135.11	270.54	15.96
2026-05-14T15:36:03.1065984+08:00	0x06	0.0659	-0.1403	0.7424	-0.6518	263.58	16.43	7.03
2026-05-14T15:36:03.1065984+08:00	0x07	-0.6064	-0.3574	0.6876	0.1781	135.11	270.53	15.99
2026-05-14T15:36:03.1065984+08:00	0x06	0.0661	-0.1402	0.7414	-0.6529	263.75	16.45	6.98
2026-05-14T15:36:03.1065984+08:00	0x07	-0.6064	-0.3575	0.6876	0.1780	135.11	270.54	16.01
2026-05-14T15:36:03.1065984+08:00	0x06	0.0663	-0.1402	0.7404	-0.6541	263.92	16.48	6.95
2026-05-14T15:36:03.1065984+08:00	0x07	-0.6063	-0.3576	0.6877	0.1778	135.12	270.54	16.04
2026-05-14T15:36:03.1065984+08:00	0x06	0.0665	-0.1402	0.7396	-0.6549	264.05	16.50	6.91
2026-05-14T15:36:03.1065984+08:00	0x07	-0.6062	-0.3577	0.6877	0.1777	135.11	270.54	16.05
2026-05-14T15:36:03.1065984+08:00	0x06	0.0668	-0.1402	0.7387	-0.6559	264.20	16.54	6.87
2026-05-14T15:36:03.1065984+08:00	0x07	-0.6062	-0.3579	0.6877	0.1776	135.11	270.54	16.08
2026-05-14T15:36:03.1065984+08:00	0x06	0.0661	-0.1403	0.7414	-0.6529	263.75	16.46	6.99
2026-05-14T15:36:03.1065984+08:00	0x07	-0.6061	-0.3580	0.6878	0.1774	135.12	270.54	16.10
2026-05-14T15:36:03.1065984+08:00	0x06	0.0641	-0.1415	0.7510	-0.6418	262.11	16.28	7.49
2026-05-14T15:36:03.1065984+08:00	0x07	-0.6060	-0.3581	0.6878	0.1773	135.11	270.55	16.12
2026-05-14T15:36:03.1065984+08:00	0x06	0.0627	-0.1425	0.7566	-0.6350	261.13	16.16	7.82
2026-05-14T15:36:03.1065984+08:00	0x07	-0.6059	-0.3584	0.6878	0.1771	135.10	270.53	16.17
2026-05-14T15:36:03.1065984+08:00	0x06	0.0616	-0.1427	0.7619	-0.6288	260.20	16.03	8.04
2026-05-14T15:36:03.1065984+08:00	0x07	-0.6058	-0.3585	0.6878	0.1771	135.10	270.53	16.17
2026-05-14T15:36:03.1065984+08:00	0x06	0.0609	-0.1431	0.7652	-0.6247	259.61	15.95	8.22
2026-05-14T15:36:03.1065984+08:00	0x06	0.0605	-0.1432	0.7669	-0.6227	259.31	15.90	8.30
2026-05-14T15:36:03.1065984+08:00	0x07	-0.6058	-0.3587	0.6878	0.1769	135.10	270.53	16.21
2026-05-14T15:36:03.1065984+08:00	0x06	0.0601	-0.1434	0.7684	-0.6208	259.04	15.87	8.38
2026-05-14T15:36:03.1075980+08:00	0x07	-0.6057	-0.3585	0.6880	0.1768	135.12	270.55	16.20
2026-05-14T15:36:03.1075980+08:00	0x06	0.0599	-0.1435	0.7696	-0.6192	258.81	15.83	8.44
2026-05-14T15:36:03.1075980+08:00	0x07	-0.6056	-0.3587	0.6880	0.1767	135.11	270.54	16.23
2026-05-14T15:36:03.1075980+08:00	0x06	0.0596	-0.1435	0.7707	-0.6179	258.62	15.80	8.48
2026-05-14T15:36:03.1075980+08:00	0x07	-0.6056	-0.3588	0.6880	0.1766	135.11	270.54	16.25
2026-05-14T15:36:03.1075980+08:00	0x06	0.0596	-0.1437	0.7711	-0.6174	258.55	15.80	8.52
2026-05-14T15:36:03.1075980+08:00	0x07	-0.6056	-0.3589	0.6880	0.1765	135.11	270.54	16.26
2026-05-14T15:36:03.1075980+08:00	0x06	0.0595	-0.1437	0.7716	-0.6168	258.46	15.79	8.54
2026-05-14T15:36:03.1075980+08:00	0x07	-0.6056	-0.3590	0.6880	0.1764	135.11	270.53	16.28
2026-05-14T15:36:03.1075980+08:00	0x06	0.0594	-0.1436	0.7716	-0.6168	258.46	15.77	8.53
2026-05-14T15:36:03.1075980+08:00	0x07	-0.6054	-0.3590	0.6881	0.1763	135.11	270.54	16.29
2026-05-14T15:36:03.1075980+08:00	0x06	0.0594	-0.1437	0.7716	-0.6168	258.46	15.78	8.54
2026-05-14T15:36:03.1075980+08:00	0x07	-0.6054	-0.3591	0.6881	0.1762	135.11	270.53	16.31
2026-05-14T15:36:03.1075980+08:00	0x06	0.0594	-0.1437	0.7716	-0.6168	258.46	15.78	8.53
2026-05-14T15:36:03.1075980+08:00	0x07	-0.6055	-0.3592	0.6880	0.1761	135.11	270.52	16.32
2026-05-14T15:36:03.1075980+08:00	0x06	0.0605	-0.1438	0.7722	-0.6159	258.34	15.87	8.48
2026-05-14T15:36:03.1075980+08:00	0x07	-0.6055	-0.3594	0.6879	0.1760	135.10	270.50	16.34
2026-05-14T15:36:03.1075980+08:00	0x06	0.0614	-0.1440	0.7729	-0.6149	258.20	15.96	8.45
2026-05-14T15:36:03.1075980+08:00	0x07	-0.6055	-0.3596	0.6879	0.1758	135.09	270.49	16.37
2026-05-14T15:36:03.1075980+08:00	0x06	0.0804	-0.1249	0.7926	-0.5914	254.30	16.06	5.90
2026-05-14T15:36:03.1075980+08:00	0x07	-0.6104	-0.3067	0.7111	0.1666	141.06	273.93	13.46
2026-05-14T15:36:03.1075980+08:00	0x06	0.0802	-0.1080	0.7914	-0.5963	254.56	14.86	4.32
2026-05-14T15:36:03.1075980+08:00	0x07	-0.6121	-0.3104	0.7049	0.1792	139.59	273.41	12.60
2026-05-14T15:36:03.1075980+08:00	0x06	0.0645	-0.1247	0.7887	-0.5985	255.27	14.64	6.86
2026-05-14T15:36:03.1075980+08:00	0x07	-0.6134	-0.3147	0.7004	0.1847	138.68	272.89	12.37
2026-05-14T15:36:03.1075980+08:00	0x06	0.0587	-0.1185	0.7951	-0.5918	254.14	13.62	6.83
2026-05-14T15:36:03.1075980+08:00	0x07	-0.6155	-0.3133	0.6999	0.1823	139.00	272.71	12.36
2026-05-14T15:36:03.1075980+08:00	0x06	0.0584	-0.1183	0.7992	-0.5864	253.36	13.52	6.93
2026-05-14T15:36:03.1075980+08:00	0x07	-0.6129	-0.3182	0.7016	0.1756	139.14	272.73	13.37
2026-05-14T15:36:03.1075980+08:00	0x06	0.0578	-0.1191	0.8017	-0.5829	252.88	13.49	7.11
2026-05-14T15:36:03.1075980+08:00	0x07	-0.6110	-0.3222	0.7026	0.1707	139.21	272.70	14.14
2026-05-14T15:36:03.1075980+08:00	0x06	0.0566	-0.1190	0.8039	-0.5801	252.47	13.35	7.21
2026-05-14T15:36:03.1075980+08:00	0x07	-0.6104	-0.3246	0.7028	0.1679	139.22	272.62	14.56
2026-05-14T15:36:03.1075980+08:00	0x06	0.0562	-0.1196	0.8054	-0.5778	252.16	13.33	7.34
2026-05-14T15:36:03.1075980+08:00	0x07	-0.6093	-0.3267	0.7033	0.1654	139.24	272.61	14.94
2026-05-14T15:36:03.1075980+08:00	0x06	0.0559	-0.1198	0.8067	-0.5759	251.91	13.30	7.40
2026-05-14T15:36:03.1075980+08:00	0x07	-0.6087	-0.3278	0.7037	0.1640	139.26	272.62	15.17
2026-05-14T15:36:03.1075980+08:00	0x06	0.0557	-0.1199	0.8075	-0.5748	251.75	13.28	7.45
2026-05-14T15:36:03.1075980+08:00	0x07	-0.6081	-0.3288	0.7041	0.1625	139.30	272.63	15.39
2026-05-14T15:36:03.1075980+08:00	0x06	0.0597	-0.1168	0.8074	-0.5752	251.75	13.44	6.89
2026-05-14T15:36:03.1075980+08:00	0x07	-0.6060	-0.3261	0.7072	0.1622	139.62	273.14	15.34
2026-05-14T15:36:03.1075980+08:00	0x06	0.0567	-0.1103	0.8074	-0.5768	251.81	12.73	6.47
2026-05-14T15:36:03.1075980+08:00	0x07	-0.6083	-0.3248	0.7057	0.1628	139.67	272.90	15.09
2026-05-14T15:36:03.1085933+08:00	0x06	0.0582	-0.1089	0.8074	-0.5769	251.79	12.77	6.24
2026-05-14T15:36:03.1085933+08:00	0x07	-0.6072	-0.3256	0.7068	0.1606	139.79	273.01	15.38
2026-05-14T15:36:03.1085933+08:00	0x06	0.0577	-0.1086	0.8064	-0.5785	252.00	12.70	6.22
2026-05-14T15:36:03.1085933+08:00	0x07	-0.6058	-0.3275	0.7076	0.1582	139.83	273.06	15.77
2026-05-14T15:36:03.1085933+08:00	0x06	0.0575	-0.1085	0.8057	-0.5794	252.14	12.69	6.21
2026-05-14T15:36:03.1085933+08:00	0x07	-0.6055	-0.3281	0.7077	0.1577	139.83	273.07	15.87
2026-05-14T15:36:03.1085933+08:00	0x06	0.0576	-0.1083	0.8051	-0.5803	252.26	12.69	6.18
2026-05-14T15:36:03.1085933+08:00	0x07	-0.6055	-0.3281	0.7077	0.1574	139.85	273.06	15.89
2026-05-14T15:36:03.1085933+08:00	0x06	0.0578	-0.1082	0.8045	-0.5811	252.37	12.71	6.14
2026-05-14T15:36:03.1085933+08:00	0x07	-0.6055	-0.3277	0.7079	0.1576	139.88	273.10	15.85
2026-05-14T15:36:03.1085933+08:00	0x06	0.0574	-0.1080	0.8046	-0.5810	252.35	12.66	6.15
2026-05-14T15:36:03.1085933+08:00	0x07	-0.6055	-0.3282	0.7077	0.1574	139.84	273.06	15.90
2026-05-14T15:36:03.1085933+08:00	0x06	0.0571	-0.1086	0.8048	-0.5807	252.32	12.66	6.23
2026-05-14T15:36:03.1085933+08:00	0x07	-0.6055	-0.3284	0.7076	0.1574	139.82	273.04	15.91
2026-05-14T15:36:03.1085933+08:00	0x06	0.0569	-0.1085	0.8047	-0.5809	252.35	12.65	6.22
2026-05-14T15:36:03.1085933+08:00	0x07	-0.6056	-0.3287	0.7075	0.1574	139.80	273.01	15.93
2026-05-14T15:36:03.1085933+08:00	0x06	0.0568	-0.1086	0.8047	-0.5808	252.33	12.64	6.24
2026-05-14T15:36:03.1085933+08:00	0x07	-0.6055	-0.3287	0.7075	0.1573	139.80	273.01	15.94
2026-05-14T15:36:03.1085933+08:00	0x06	0.0567	-0.1087	0.8049	-0.5806	252.31	12.64	6.26
2026-05-14T15:36:03.1085933+08:00	0x07	-0.6057	-0.3287	0.7074	0.1573	139.80	272.99	15.93
2026-05-14T15:36:03.1085933+08:00	0x06	0.0564	-0.1090	0.8050	-0.5804	252.28	12.63	6.31
2026-05-14T15:36:03.1085933+08:00	0x07	-0.6057	-0.3289	0.7073	0.1574	139.77	272.98	15.94
2026-05-14T15:36:03.1085933+08:00	0x06	0.0559	-0.1098	0.8052	-0.5800	252.25	12.64	6.43
2026-05-14T15:36:03.1085933+08:00	0x07	-0.6053	-0.3305	0.7070	0.1567	139.68	272.91	16.11
2026-05-14T15:36:03.1085933+08:00	0x06	0.0573	-0.1114	0.8063	-0.5782	252.02	12.86	6.51
2026-05-14T15:36:03.1085933+08:00	0x07	-0.6055	-0.3295	0.7072	0.1572	139.73	272.96	16.01
2026-05-14T15:36:03.1085933+08:00	0x06	0.0573	-0.1058	0.8067	-0.5786	251.95	12.48	5.98
2026-05-14T15:36:03.1085933+08:00	0x07	-0.6117	-0.3203	0.7054	0.1602	140.27	272.75	14.82
2026-05-14T15:36:03.1085933+08:00	0x06	0.0548	-0.1057	0.8077	-0.5774	251.78	12.23	6.17
2026-05-14T15:36:03.1085933+08:00	0x07	-0.6095	-0.3195	0.7078	0.1595	140.44	273.13	14.94
2026-05-14T15:36:03.1085933+08:00	0x06	0.0557	-0.1036	0.8114	-0.5725	251.05	12.13	5.98
2026-05-14T15:36:03.1085933+08:00	0x07	-0.6095	-0.3178	0.7089	0.1581	140.73	273.26	14.94
2026-05-14T15:36:03.1085933+08:00	0x06	0.0549	-0.1017	0.8124	-0.5715	250.86	11.92	5.88
2026-05-14T15:36:03.1085933+08:00	0x07	-0.6065	-0.3252	0.7089	0.1546	140.36	273.15	15.87
2026-05-14T15:36:03.1085933+08:00	0x06	0.0533	-0.1025	0.8103	-0.5746	251.31	11.85	6.01
2026-05-14T15:36:03.1085933+08:00	0x07	-0.5998	-0.3347	0.7118	0.1467	140.22	273.39	17.49
2026-05-14T15:36:03.1085933+08:00	0x06	0.0513	-0.1047	0.8093	-0.5757	251.51	11.81	6.34
2026-05-14T15:36:03.1085933+08:00	0x07	-0.6054	-0.3328	0.7070	0.1516	139.89	272.73	16.68
2026-05-14T15:36:03.1085933+08:00	0x06	0.0472	-0.1028	0.8138	-0.5700	250.66	11.26	6.53
2026-05-14T15:36:03.1085933+08:00	0x07	-0.6067	-0.3304	0.7065	0.1536	139.93	272.72	16.29
2026-05-14T15:36:03.1085933+08:00	0x07	-0.6074	-0.3299	0.7060	0.1544	139.89	272.65	16.16
2026-05-14T15:36:03.1085933+08:00	0x07	-0.6078	-0.3298	0.7056	0.1546	139.87	272.59	16.11
2026-05-14T15:36:03.1085933+08:00	0x06	0.0459	-0.1035	0.8199	-0.5612	249.44	11.11	6.79
2026-05-14T15:36:03.1095923+08:00	0x07	-0.6087	-0.3297	0.7048	0.1546	139.87	272.47	16.06
2026-05-14T15:36:03.1095923+08:00	0x06	0.0454	-0.1031	0.8210	-0.5597	249.22	11.03	6.81
2026-05-14T15:36:03.1095923+08:00	0x07	-0.6087	-0.3299	0.7047	0.1549	139.82	272.46	16.04
2026-05-14T15:36:03.1095923+08:00	0x06	0.0455	-0.1033	0.8218	-0.5585	249.06	11.04	6.84
2026-05-14T15:36:03.1095923+08:00	0x07	-0.6091	-0.3292	0.7047	0.1553	139.86	272.46	15.95
2026-05-14T15:36:03.1095923+08:00	0x06	0.0455	-0.1036	0.8219	-0.5582	249.03	11.06	6.86
2026-05-14T15:36:03.1095923+08:00	0x07	-0.6103	-0.3275	0.7043	0.1561	139.94	272.42	15.71
2026-05-14T15:36:03.1095923+08:00	0x06	0.0436	-0.1019	0.8227	-0.5575	248.89	10.76	6.84
2026-05-14T15:36:03.1095923+08:00	0x06	0.0437	-0.1019	0.8240	-0.5556	248.63	10.76	6.85
2026-05-14T15:36:03.1095923+08:00	0x07	-0.6106	-0.3284	0.7037	0.1550	139.93	272.30	15.83
2026-05-14T15:36:03.1095923+08:00	0x07	-0.6108	-0.3280	0.7038	0.1550	139.97	272.31	15.80
2026-05-14T15:36:03.1095923+08:00	0x06	0.0438	-0.1019	0.8247	-0.5547	248.49	10.76	6.86
2026-05-14T15:36:03.1095923+08:00	0x07	-0.6109	-0.3280	0.7037	0.1552	139.96	272.29	15.78
2026-05-14T15:36:03.1095923+08:00	0x06	0.0438	-0.1020	0.8245	-0.5548	248.52	10.76	6.87
2026-05-14T15:36:03.1095923+08:00	0x06	0.0433	-0.1019	0.8247	-0.5546	248.48	10.71	6.90
2026-05-14T15:36:03.1095923+08:00	0x07	-0.6116	-0.3270	0.7035	0.1553	140.04	272.27	15.67
2026-05-14T15:36:03.1095923+08:00	0x06	0.0431	-0.1005	0.8259	-0.5531	248.25	10.58	6.79
2026-05-14T15:36:03.1095923+08:00	0x07	-0.6082	-0.3281	0.7063	0.1534	140.14	272.68	16.07
2026-05-14T15:36:03.1095923+08:00	0x06	0.0488	-0.1056	0.8240	-0.5545	248.57	11.47	6.88
2026-05-14T15:36:03.1095923+08:00	0x07	-0.6049	-0.3292	0.7092	0.1509	140.31	273.07	16.53
2026-05-14T15:36:03.1095923+08:00	0x06	0.0547	-0.1084	0.8206	-0.5584	249.19	12.26	6.72
2026-05-14T15:36:03.1095923+08:00	0x07	-0.6047	-0.3250	0.7115	0.1499	140.81	273.42	16.33
2026-05-14T15:36:03.1095923+08:00	0x06	0.0575	-0.1005	0.8175	-0.5642	249.83	12.03	5.71
2026-05-14T15:36:03.1095923+08:00	0x07	-0.6028	-0.3235	0.7144	0.1470	141.24	273.82	16.56
2026-05-14T15:36:03.1095923+08:00	0x06	0.0622	-0.1049	0.8020	-0.5848	252.81	12.92	5.48
2026-05-14T15:36:03.1095923+08:00	0x07	-0.6030	-0.3368	0.7084	0.1454	140.05	272.76	17.57
2026-05-14T15:36:03.1095923+08:00	0x06	0.0673	-0.1216	0.7842	-0.6047	256.08	14.73	6.28
2026-05-14T15:36:03.1095923+08:00	0x07	-0.6067	-0.3531	0.6982	0.1404	138.72	270.87	18.83
2026-05-14T15:36:03.1095923+08:00	0x06	0.0782	-0.1338	0.7694	-0.6197	258.61	16.73	6.25
2026-05-14T15:36:03.1095923+08:00	0x07	-0.6099	-0.3486	0.6966	0.1459	138.67	270.78	17.92
2026-05-14T15:36:03.1095923+08:00	0x06	0.0811	-0.1333	0.7619	-0.6287	259.92	17.01	5.81
2026-05-14T15:36:03.1095923+08:00	0x07	-0.6122	-0.3454	0.6953	0.1496	138.63	270.71	17.28
2026-05-14T15:36:03.1095923+08:00	0x07	-0.6136	-0.3433	0.6946	0.1521	138.62	270.67	16.87
2026-05-14T15:36:03.1095923+08:00	0x06	0.0838	-0.1322	0.7532	-0.6389	261.41	17.24	5.28
2026-05-14T15:36:03.1095923+08:00	0x07	-0.6149	-0.3415	0.6939	0.1542	138.60	270.63	16.51
2026-05-14T15:36:03.1095923+08:00	0x06	0.0845	-0.1318	0.7509	-0.6416	261.81	17.29	5.14
2026-05-14T15:36:03.1095923+08:00	0x07	-0.6156	-0.3404	0.6935	0.1556	138.59	270.61	16.29
2026-05-14T15:36:03.1095923+08:00	0x06	0.0850	-0.1318	0.7491	-0.6437	262.11	17.35	5.05
2026-05-14T15:36:03.1095923+08:00	0x07	-0.6162	-0.3395	0.6932	0.1567	138.58	270.61	16.12
2026-05-14T15:36:03.1095923+08:00	0x06	0.0853	-0.1317	0.7479	-0.6450	262.31	17.37	4.99
2026-05-14T15:36:03.1095923+08:00	0x07	-0.6167	-0.3388	0.6929	0.1576	138.57	270.59	15.97
2026-05-14T15:36:03.1095923+08:00	0x06	0.0855	-0.1317	0.7473	-0.6457	262.42	17.39	4.95
2026-05-14T15:36:03.1095923+08:00	0x07	-0.6171	-0.3382	0.6927	0.1582	138.57	270.58	15.86
2026-05-14T15:36:03.1095923+08:00	0x06	0.0861	-0.1320	0.7468	-0.6462	262.49	17.47	4.93
2026-05-14T15:36:03.1095923+08:00	0x07	-0.6173	-0.3380	0.6925	0.1585	138.55	270.55	15.81
2026-05-14T15:36:03.1095923+08:00	0x06	0.0861	-0.1319	0.7467	-0.6462	262.50	17.47	4.92
2026-05-14T15:36:03.1095923+08:00	0x07	-0.6176	-0.3379	0.6922	0.1589	138.53	270.52	15.75
2026-05-14T15:36:03.1095923+08:00	0x06	0.0863	-0.1320	0.7461	-0.6469	262.61	17.50	4.90
2026-05-14T15:36:03.1095923+08:00	0x07	-0.6178	-0.3377	0.6920	0.1592	138.52	270.51	15.70
2026-05-14T15:36:03.1095923+08:00	0x06	0.0865	-0.1321	0.7456	-0.6474	262.69	17.52	4.88
2026-05-14T15:36:03.1095923+08:00	0x07	-0.6179	-0.3374	0.6920	0.1596	138.51	270.51	15.65
2026-05-14T15:36:03.1095923+08:00	0x06	0.0867	-0.1322	0.7452	-0.6478	262.75	17.56	4.86
2026-05-14T15:36:03.1095923+08:00	0x07	-0.6180	-0.3374	0.6919	0.1597	138.51	270.50	15.63
2026-05-14T15:36:03.1095923+08:00	0x06	0.0868	-0.1323	0.7450	-0.6480	262.79	17.57	4.86
2026-05-14T15:36:03.1095923+08:00	0x07	-0.6181	-0.3372	0.6918	0.1598	138.51	270.50	15.61
2026-05-14T15:36:03.1095923+08:00	0x06	0.0867	-0.1321	0.7452	-0.6479	262.76	17.54	4.85
2026-05-14T15:36:03.1095923+08:00	0x07	-0.6182	-0.3372	0.6918	0.1599	138.51	270.49	15.60
2026-05-14T15:36:03.1095923+08:00	0x06	0.0868	-0.1322	0.7451	-0.6479	262.77	17.56	4.85
2026-05-14T15:36:03.1095923+08:00	0x07	-0.6183	-0.3373	0.6917	0.1599	138.50	270.48	15.60
2026-05-14T15:36:03.1095923+08:00	0x06	0.0867	-0.1321	0.7453	-0.6478	262.74	17.55	4.85
2026-05-14T15:36:03.1095923+08:00	0x07	-0.6183	-0.3372	0.6917	0.1599	138.51	270.48	15.59
2026-05-14T15:36:03.1105890+08:00	0x06	0.0868	-0.1325	0.7453	-0.6477	262.74	17.59	4.88
2026-05-14T15:36:03.1105890+08:00	0x07	-0.6183	-0.3371	0.6917	0.1600	138.51	270.49	15.58
2026-05-14T15:36:03.1105890+08:00	0x06	0.0866	-0.1326	0.7454	-0.6475	262.72	17.58	4.90
2026-05-14T15:36:03.1105890+08:00	0x07	-0.6183	-0.3370	0.6918	0.1601	138.51	270.49	15.56
2026-05-14T15:36:03.1105890+08:00	0x06	0.0866	-0.1325	0.7455	-0.6475	262.71	17.56	4.90
2026-05-14T15:36:03.1105890+08:00	0x07	-0.6183	-0.3371	0.6917	0.1600	138.50	270.48	15.57
2026-05-14T15:36:03.1105890+08:00	0x06	0.0866	-0.1325	0.7453	-0.6476	262.73	17.57	4.89
2026-05-14T15:36:03.1105890+08:00	0x07	-0.6184	-0.3371	0.6916	0.1601	138.50	270.47	15.56
2026-05-14T15:36:03.1105890+08:00	0x06	0.0867	-0.1326	0.7454	-0.6475	262.71	17.58	4.90
2026-05-14T15:36:03.1105890+08:00	0x07	-0.6184	-0.3370	0.6916	0.1601	138.51	270.47	15.56
2026-05-14T15:36:03.1105890+08:00	0x06	0.0866	-0.1324	0.7452	-0.6477	262.75	17.56	4.88
2026-05-14T15:36:03.1105890+08:00	0x07	-0.6184	-0.3368	0.6917	0.1602	138.52	270.48	15.54
2026-05-14T15:36:03.1105890+08:00	0x06	0.0870	-0.1326	0.7451	-0.6478	262.77	17.61	4.87
2026-05-14T15:36:03.1105890+08:00	0x07	-0.6184	-0.3369	0.6917	0.1601	138.51	270.49	15.55
2026-05-14T15:36:03.1105890+08:00	0x06	0.0869	-0.1325	0.7449	-0.6480	262.79	17.60	4.86
2026-05-14T15:36:03.1105890+08:00	0x07	-0.6184	-0.3370	0.6916	0.1602	138.50	270.47	15.54
2026-05-14T15:36:03.1105890+08:00	0x06	0.0868	-0.1325	0.7451	-0.6479	262.77	17.59	4.88
2026-05-14T15:36:03.1105890+08:00	0x07	-0.6185	-0.3369	0.6916	0.1603	138.49	270.47	15.52
2026-05-14T15:36:03.1105890+08:00	0x06	0.0868	-0.1326	0.7452	-0.6478	262.76	17.59	4.88
2026-05-14T15:36:03.1105890+08:00	0x07	-0.6184	-0.3369	0.6916	0.1604	138.49	270.48	15.52
2026-05-14T15:36:03.1105890+08:00	0x06	0.0869	-0.1325	0.7449	-0.6481	262.81	17.60	4.87
2026-05-14T15:36:03.1105890+08:00	0x07	-0.6185	-0.3371	0.6915	0.1604	138.48	270.46	15.53
2026-05-14T15:36:03.1105890+08:00	0x06	0.0865	-0.1323	0.7451	-0.6479	262.77	17.54	4.88
2026-05-14T15:36:03.1105890+08:00	0x07	-0.6182	-0.3370	0.6917	0.1605	138.47	270.51	15.53
2026-05-14T15:36:03.1105890+08:00	0x06	0.0866	-0.1325	0.7452	-0.6478	262.76	17.57	4.90
2026-05-14T15:36:03.1105890+08:00	0x07	-0.6181	-0.3373	0.6917	0.1603	138.46	270.50	15.57
2026-05-14T15:36:03.1105890+08:00	0x06	0.0866	-0.1325	0.7454	-0.6476	262.73	17.56	4.90
2026-05-14T15:36:03.1105890+08:00	0x07	-0.6181	-0.3375	0.6917	0.1602	138.46	270.49	15.59
2026-05-14T15:36:03.1105890+08:00	0x06	0.0866	-0.1326	0.7456	-0.6472	262.68	17.57	4.92
2026-05-14T15:36:03.1105890+08:00	0x07	-0.6180	-0.3376	0.6917	0.1601	138.45	270.48	15.61
2026-05-14T15:36:03.1105890+08:00	0x06	0.0865	-0.1325	0.7456	-0.6473	262.69	17.56	4.91
2026-05-14T15:36:03.1105890+08:00	0x07	-0.6180	-0.3377	0.6917	0.1600	138.45	270.48	15.62
2026-05-14T15:36:03.1105890+08:00	0x06	0.0865	-0.1326	0.7454	-0.6475	262.72	17.56	4.92
2026-05-14T15:36:03.1105890+08:00	0x07	-0.6180	-0.3376	0.6917	0.1600	138.45	270.49	15.62
2026-05-14T15:36:03.1105890+08:00	0x06	0.0866	-0.1327	0.7454	-0.6475	262.72	17.58	4.91
2026-05-14T15:36:03.1105890+08:00	0x07	-0.6175	-0.3372	0.6922	0.1608	138.44	270.59	15.56
2026-05-14T15:36:03.1105890+08:00	0x06	0.0861	-0.1325	0.7459	-0.6471	262.65	17.52	4.95
2026-05-14T15:36:03.1105890+08:00	0x07	-0.6176	-0.3376	0.6920	0.1604	138.43	270.55	15.61
2026-05-14T15:36:03.1105890+08:00	0x06	0.0860	-0.1323	0.7458	-0.6472	262.66	17.50	4.93
2026-05-14T15:36:03.1105890+08:00	0x07	-0.6175	-0.3376	0.6921	0.1604	138.44	270.56	15.62
2026-05-14T15:36:03.1105890+08:00	0x06	0.0860	-0.1323	0.7460	-0.6470	262.64	17.50	4.94
2026-05-14T15:36:03.1105890+08:00	0x07	-0.6175	-0.3376	0.6921	0.1603	138.44	270.56	15.63
2026-05-14T15:36:03.1105890+08:00	0x06	0.0860	-0.1323	0.7457	-0.6474	262.69	17.50	4.94
2026-05-14T15:36:03.1105890+08:00	0x07	-0.6175	-0.3377	0.6921	0.1603	138.44	270.56	15.63
2026-05-14T15:36:03.1105890+08:00	0x06	0.0860	-0.1323	0.7458	-0.6472	262.66	17.50	4.94
2026-05-14T15:36:03.1105890+08:00	0x07	-0.6174	-0.3376	0.6922	0.1602	138.45	270.57	15.64
2026-05-14T15:36:03.1105890+08:00	0x06	0.0862	-0.1325	0.7456	-0.6474	262.70	17.53	4.93
2026-05-14T15:36:03.1105890+08:00	0x07	-0.6170	-0.3377	0.6926	0.1597	138.50	270.63	15.71
2026-05-14T15:36:03.1105890+08:00	0x06	0.0933	-0.1246	0.7487	-0.6443	262.01	17.52	3.81
2026-05-14T15:36:03.1105890+08:00	0x07	-0.6094	-0.3258	0.7062	0.1543	140.27	272.68	15.79
2026-05-14T15:36:03.1105890+08:00	0x06	0.0953	-0.1164	0.7471	-0.6475	262.26	17.07	2.90
2026-05-14T15:36:03.1105890+08:00	0x07	-0.6107	-0.3220	0.7052	0.1614	140.02	272.78	14.89
2026-05-14T15:36:03.1105890+08:00	0x06	0.0928	-0.1218	0.7450	-0.6492	262.67	17.28	3.50
2026-05-14T15:36:03.1105890+08:00	0x07	-0.6114	-0.3211	0.7048	0.1622	140.02	272.73	14.73
2026-05-14T15:36:03.1105890+08:00	0x06	0.0920	-0.1141	0.7460	-0.6496	262.52	16.61	2.90
2026-05-14T15:36:03.1105890+08:00	0x07	-0.6116	-0.3168	0.7073	0.1591	140.71	273.03	14.69
2026-05-14T15:36:03.1105890+08:00	0x06	0.0905	-0.1073	0.7451	-0.6520	262.71	15.96	2.41
2026-05-14T15:36:03.1105890+08:00	0x07	-0.6117	-0.3172	0.7077	0.1562	140.91	272.99	14.95
2026-05-14T15:36:03.1105890+08:00	0x06	0.0906	-0.1076	0.7429	-0.6545	263.10	16.01	2.36
2026-05-14T15:36:03.1105890+08:00	0x07	-0.6115	-0.3178	0.7077	0.1554	140.93	272.97	15.06
2026-05-14T15:36:03.1105890+08:00	0x06	0.0904	-0.1070	0.7420	-0.6556	263.24	15.94	2.31
2026-05-14T15:36:03.1105890+08:00	0x07	-0.6107	-0.3192	0.7081	0.1539	140.93	272.98	15.32
2026-05-14T15:36:03.1105890+08:00	0x06	0.0883	-0.1066	0.7410	-0.6570	263.46	15.73	2.40
2026-05-14T15:36:03.1105890+08:00	0x07	-0.6098	-0.3230	0.7073	0.1534	140.62	272.83	15.66
2026-05-14T15:36:03.1115861+08:00	0x06	0.0888	-0.1099	0.7400	-0.6576	263.62	16.04	2.62
2026-05-14T15:36:03.1115861+08:00	0x07	-0.6094	-0.3238	0.7073	0.1531	140.57	272.83	15.75
2026-05-14T15:36:03.1115861+08:00	0x06	0.0896	-0.1078	0.7407	-0.6571	263.49	15.94	2.40
2026-05-14T15:36:03.1115861+08:00	0x07	-0.6101	-0.3211	0.7081	0.1523	140.90	272.94	15.60
2026-05-14T15:36:03.1115861+08:00	0x06	0.0888	-0.1067	0.7407	-0.6574	263.51	15.79	2.37
2026-05-14T15:36:03.1115861+08:00	0x07	-0.6101	-0.3211	0.7081	0.1525	140.87	272.93	15.59
2026-05-14T15:36:03.1115861+08:00	0x06	0.0882	-0.1070	0.7410	-0.6571	263.47	15.76	2.45
2026-05-14T15:36:03.1115861+08:00	0x07	-0.6097	-0.3222	0.7080	0.1524	140.78	272.91	15.68
2026-05-14T15:36:03.1115861+08:00	0x06	0.0886	-0.1075	0.7406	-0.6574	263.53	15.83	2.46
2026-05-14T15:36:03.1115861+08:00	0x07	-0.6097	-0.3222	0.7080	0.1522	140.80	272.91	15.70
2026-05-14T15:36:03.1115861+08:00	0x06	0.0885	-0.1076	0.7405	-0.6574	263.54	15.83	2.47
2026-05-14T15:36:03.1115861+08:00	0x06	0.0888	-0.1079	0.7397	-0.6582	263.67	15.89	2.45
2026-05-14T15:36:03.1115861+08:00	0x07	-0.6097	-0.3227	0.7079	0.1516	140.80	272.87	15.78
2026-05-14T15:36:03.1115861+08:00	0x06	0.0888	-0.1078	0.7395	-0.6585	263.71	15.87	2.44
2026-05-14T15:36:03.1115861+08:00	0x07	-0.6098	-0.3227	0.7078	0.1516	140.80	272.86	15.78
2026-05-14T15:36:03.1115861+08:00	0x06	0.0887	-0.1078	0.7392	-0.6588	263.76	15.87	2.43
2026-05-14T15:36:03.1115861+08:00	0x06	0.0887	-0.1077	0.7390	-0.6591	263.80	15.86	2.42
2026-05-14T15:36:03.1115861+08:00	0x07	-0.6098	-0.3228	0.7078	0.1516	140.80	272.85	15.79
2026-05-14T15:36:03.1115861+08:00	0x07	-0.6098	-0.3227	0.7078	0.1516	140.80	272.85	15.78
2026-05-14T15:36:03.1115861+08:00	0x06	0.0887	-0.1077	0.7389	-0.6592	263.81	15.86	2.43
2026-05-14T15:36:03.1115861+08:00	0x06	0.0886	-0.1078	0.7388	-0.6593	263.83	15.87	2.43
2026-05-14T15:36:03.1115861+08:00	0x07	-0.6099	-0.3226	0.7078	0.1517	140.80	272.85	15.76
2026-05-14T15:36:03.1115861+08:00	0x07	-0.6099	-0.3226	0.7078	0.1517	140.80	272.85	15.76
2026-05-14T15:36:03.1115861+08:00	0x06	0.0887	-0.1080	0.7387	-0.6594	263.85	15.89	2.44
2026-05-14T15:36:03.1115861+08:00	0x07	-0.6099	-0.3226	0.7078	0.1517	140.80	272.85	15.76
2026-05-14T15:36:03.1115861+08:00	0x07	-0.6100	-0.3227	0.7076	0.1518	140.78	272.83	15.75
2026-05-14T15:36:03.1115861+08:00	0x06	0.0893	-0.1085	0.7382	-0.6597	263.91	15.98	2.43
2026-05-14T15:36:03.1115861+08:00	0x07	-0.6099	-0.3226	0.7078	0.1517	140.80	272.85	15.76
2026-05-14T15:36:03.1115861+08:00	0x06	0.0901	-0.1088	0.7380	-0.6599	263.94	16.07	2.39
2026-05-14T15:36:03.1115861+08:00	0x07	-0.6107	-0.3239	0.7067	0.1508	140.74	272.64	15.88
2026-05-14T15:36:03.1115861+08:00	0x07	-0.6099	-0.3226	0.7078	0.1517	140.80	272.85	15.76
2026-05-14T15:36:03.1115861+08:00	0x07	-0.6113	-0.3246	0.7059	0.1503	140.70	272.50	15.94
2026-05-14T15:36:03.1115861+08:00	0x06	0.0893	-0.1084	0.7376	-0.6605	264.02	15.98	2.40
2026-05-14T15:36:03.1115861+08:00	0x07	-0.6099	-0.3226	0.7078	0.1517	140.80	272.85	15.76
2026-05-14T15:36:03.1115861+08:00	0x07	-0.6100	-0.3254	0.7066	0.1509	140.60	272.63	16.01
2026-05-14T15:36:03.1115861+08:00	0x06	0.0904	-0.1121	0.7344	-0.6632	264.54	16.36	2.57
2026-05-14T15:36:03.1115861+08:00	0x07	-0.6099	-0.3226	0.7078	0.1517	140.80	272.85	15.76
2026-05-14T15:36:03.1115861+08:00	0x07	-0.6086	-0.3312	0.7046	0.1527	139.88	272.37	16.31
2026-05-14T15:36:03.1115861+08:00	0x06	0.0904	-0.1154	0.7324	-0.6649	264.88	16.63	2.80
2026-05-14T15:36:03.1115861+08:00	0x07	-0.6101	-0.3263	0.7054	0.1541	140.23	272.54	15.80
2026-05-14T15:36:03.1115861+08:00	0x06	0.0930	-0.1130	0.7344	-0.6627	264.48	16.65	2.45
2026-05-14T15:36:03.1115861+08:00	0x07	-0.6101	-0.3262	0.7055	0.1539	140.26	272.55	15.80
2026-05-14T15:36:03.1115861+08:00	0x06	0.0896	-0.1121	0.7343	-0.6635	264.58	16.30	2.61
2026-05-14T15:36:03.1115861+08:00	0x07	-0.6105	-0.3246	0.7059	0.1538	140.42	272.61	15.69
2026-05-14T15:36:03.1115861+08:00	0x06	0.0909	-0.1114	0.7351	-0.6626	264.42	16.35	2.48
2026-05-14T15:36:03.1115861+08:00	0x07	-0.6112	-0.3235	0.7059	0.1535	140.54	272.59	15.61
2026-05-14T15:36:03.1115861+08:00	0x06	0.0911	-0.1099	0.7354	-0.6624	264.35	16.25	2.35
2026-05-14T15:36:03.1115861+08:00	0x06	0.0907	-0.1092	0.7355	-0.6625	264.36	16.16	2.32
2026-05-14T15:36:03.1115861+08:00	0x07	-0.6111	-0.3236	0.7060	0.1528	140.59	272.60	15.67
2026-05-14T15:36:03.1115861+08:00	0x06	0.0902	-0.1095	0.7352	-0.6628	264.41	16.14	2.38
2026-05-14T15:36:03.1115861+08:00	0x07	-0.6112	-0.3237	0.7060	0.1525	140.60	272.58	15.71
2026-05-14T15:36:03.1115861+08:00	0x07	-0.6111	-0.3237	0.7061	0.1525	140.60	272.60	15.71
2026-05-14T15:36:03.1115861+08:00	0x06	0.0901	-0.1093	0.7354	-0.6627	264.38	16.12	2.38
2026-05-14T15:36:03.1115861+08:00	0x07	-0.6108	-0.3240	0.7062	0.1525	140.58	272.61	15.74
2026-05-14T15:36:03.1115861+08:00	0x06	0.0902	-0.1096	0.7351	-0.6630	264.43	16.15	2.38
2026-05-14T15:36:03.1115861+08:00	0x07	-0.6109	-0.3241	0.7061	0.1525	140.57	272.59	15.74
2026-05-14T15:36:03.1115861+08:00	0x06	0.0900	-0.1097	0.7349	-0.6631	264.46	16.14	2.40
2026-05-14T15:36:03.1115861+08:00	0x07	-0.6109	-0.3243	0.7060	0.1523	140.56	272.57	15.77
2026-05-14T15:36:03.1115861+08:00	0x06	0.0898	-0.1094	0.7351	-0.6631	264.44	16.11	2.39
2026-05-14T15:36:03.1115861+08:00	0x07	-0.6110	-0.3239	0.7060	0.1526	140.58	272.59	15.72
2026-05-14T15:36:03.1115861+08:00	0x06	0.0906	-0.1078	0.7349	-0.6633	264.45	16.05	2.19
2026-05-14T15:36:03.1125836+08:00	0x07	-0.6109	-0.3233	0.7065	0.1521	140.68	272.65	15.73
2026-05-14T15:36:03.1125836+08:00	0x06	0.0895	-0.1104	0.7334	-0.6648	264.74	16.16	2.46
2026-05-14T15:36:03.1125836+08:00	0x07	-0.6087	-0.3282	0.7059	0.1534	140.12	272.60	16.06
2026-05-14T15:36:03.1125836+08:00	0x06	0.0924	-0.1267	0.7295	-0.6657	265.31	17.70	3.55
2026-05-14T15:36:03.1125836+08:00	0x07	-0.6061	-0.3357	0.7040	0.1561	139.20	272.38	16.46
2026-05-14T15:36:03.1125836+08:00	0x06	0.0928	-0.1254	0.7318	-0.6634	264.93	17.62	3.46
2026-05-14T15:36:03.1125836+08:00	0x07	-0.6066	-0.3325	0.7048	0.1572	139.41	272.57	16.14
2026-05-14T15:36:03.1125836+08:00	0x06	0.0911	-0.1130	0.7382	-0.6588	263.89	16.48	2.68
2026-05-14T15:36:03.1125836+08:00	0x07	-0.6100	-0.3230	0.7065	0.1562	140.38	272.80	15.42
2026-05-14T15:36:03.1125836+08:00	0x06	0.0900	-0.1126	0.7391	-0.6579	263.74	16.35	2.75
2026-05-14T15:36:03.1125836+08:00	0x07	-0.6125	-0.3195	0.7055	0.1580	140.52	272.70	14.91
2026-05-14T15:36:03.1125836+08:00	0x06	0.0877	-0.1107	0.7420	-0.6553	263.30	15.99	2.83
2026-05-14T15:36:03.1125836+08:00	0x07	-0.6110	-0.3211	0.7066	0.1557	140.59	272.80	15.28
2026-05-14T15:36:03.1125836+08:00	0x06	0.0902	-0.1136	0.7407	-0.6560	263.48	16.44	2.86
2026-05-14T15:36:03.1125836+08:00	0x07	-0.6102	-0.3204	0.7079	0.1546	140.77	272.97	15.36
2026-05-14T15:36:03.1125836+08:00	0x06	0.0828	-0.0789	0.7561	-0.6444	260.96	13.12	0.72
2026-05-14T15:36:03.1125836+08:00	0x06	0.0778	-0.0822	0.7576	-0.6428	260.79	12.92	1.41
2026-05-14T15:36:03.1125836+08:00	0x07	-0.6132	-0.3011	0.7144	0.1517	142.82	273.94	14.13
2026-05-14T15:36:03.1125836+08:00	0x06	0.0761	-0.0857	0.7598	-0.6399	260.42	13.04	1.88
2026-05-14T15:36:03.1125836+08:00	0x06	0.0754	-0.0658	0.7755	-0.6234	257.63	11.47	0.46
2026-05-14T15:36:03.1125836+08:00	0x07	-0.6161	-0.2878	0.7187	0.1453	144.57	274.44	13.58
2026-05-14T15:36:03.1125836+08:00	0x06	0.0735	-0.0823	0.7741	-0.6234	257.91	12.51	2.06
2026-05-14T15:36:03.1125836+08:00	0x07	-0.6129	-0.3018	0.7155	0.1462	143.24	273.94	14.63
2026-05-14T15:36:03.1125836+08:00	0x06	0.0689	-0.0745	0.7793	-0.6184	257.04	11.51	1.77
2026-05-14T15:36:03.1125836+08:00	0x07	-0.6143	-0.2988	0.7157	0.1451	143.59	273.94	14.45
2026-05-14T15:36:03.1125836+08:00	0x06	0.0645	-0.0788	0.7859	-0.6099	255.88	11.40	2.59
2026-05-14T15:36:03.1125836+08:00	0x07	-0.6107	-0.2786	0.7225	0.1657	143.72	275.80	11.55
2026-05-14T15:36:03.1125836+08:00	0x06	0.0588	-0.0657	0.7945	-0.6008	254.36	9.93	1.94
2026-05-14T15:36:03.1125836+08:00	0x07	-0.6082	-0.2921	0.7226	0.1503	143.86	275.29	13.85
2026-05-14T15:36:03.1125836+08:00	0x06	0.0617	-0.0757	0.7981	-0.5946	253.63	10.88	2.72
2026-05-14T15:36:03.1125836+08:00	0x07	-0.6031	-0.3010	0.7243	0.1448	143.60	275.43	15.16
2026-05-14T15:36:03.1125836+08:00	0x06	0.0613	-0.0779	0.8015	-0.5897	252.97	10.97	3.02
2026-05-14T15:36:03.1125836+08:00	0x07	-0.6031	-0.3023	0.7240	0.1439	143.55	275.34	15.32
2026-05-14T15:36:03.1125836+08:00	0x06	0.0603	-0.0794	0.8026	-0.5881	252.78	10.99	3.24
2026-05-14T15:36:03.1125836+08:00	0x07	-0.6030	-0.3042	0.7235	0.1430	143.45	275.22	15.53
2026-05-14T15:36:03.1125836+08:00	0x06	0.0595	-0.0816	0.8041	-0.5859	252.50	11.05	3.53
2026-05-14T15:36:03.1125836+08:00	0x07	-0.6025	-0.3061	0.7230	0.1435	143.24	275.16	15.64
2026-05-14T15:36:03.1125836+08:00	0x06	0.0596	-0.0818	0.8064	-0.5827	252.05	11.06	3.58
2026-05-14T15:36:03.1125836+08:00	0x06	0.0595	-0.0847	0.8067	-0.5818	251.97	11.25	3.86
2026-05-14T15:36:03.1125836+08:00	0x07	-0.6020	-0.3068	0.7231	0.1437	143.16	275.18	15.70
2026-05-14T15:36:03.1125836+08:00	0x06	0.0596	-0.0852	0.8076	-0.5804	251.80	11.28	3.92
2026-05-14T15:36:03.1125836+08:00	0x07	-0.6018	-0.3076	0.7229	0.1437	143.09	275.15	15.77
2026-05-14T15:36:03.1125836+08:00	0x06	0.0600	-0.0854	0.8089	-0.5786	251.54	11.33	3.94
2026-05-14T15:36:03.1125836+08:00	0x07	-0.6019	-0.3075	0.7229	0.1434	143.12	275.14	15.79
2026-05-14T15:36:03.1125836+08:00	0x06	0.0592	-0.0861	0.8092	-0.5782	251.50	11.30	4.06
2026-05-14T15:36:03.1125836+08:00	0x07	-0.6019	-0.3083	0.7226	0.1434	143.04	275.09	15.84
2026-05-14T15:36:03.1125836+08:00	0x06	0.0604	-0.0863	0.8094	-0.5778	251.45	11.42	4.01
2026-05-14T15:36:03.1125836+08:00	0x07	-0.6022	-0.3075	0.7226	0.1440	143.07	275.11	15.72
2026-05-14T15:36:03.1125836+08:00	0x06	0.0600	-0.0856	0.8092	-0.5781	251.48	11.34	3.97
2026-05-14T15:36:03.1125836+08:00	0x07	-0.6023	-0.3074	0.7226	0.1437	143.09	275.10	15.73
2026-05-14T15:36:03.1125836+08:00	0x06	0.0600	-0.0861	0.8085	-0.5790	251.61	11.37	4.00
2026-05-14T15:36:03.1125836+08:00	0x07	-0.6021	-0.3078	0.7226	0.1437	143.07	275.10	15.77
2026-05-14T15:36:03.1125836+08:00	0x06	0.0592	-0.0857	0.8088	-0.5788	251.57	11.27	4.02
2026-05-14T15:36:03.1125836+08:00	0x07	-0.6022	-0.3077	0.7225	0.1439	143.06	275.09	15.74
2026-05-14T15:36:03.1125836+08:00	0x06	0.0609	-0.0862	0.8088	-0.5786	251.56	11.47	3.95
2026-05-14T15:36:03.1125836+08:00	0x07	-0.6019	-0.3076	0.7228	0.1439	143.07	275.14	15.75
2026-05-14T15:36:03.1125836+08:00	0x06	0.0603	-0.0850	0.8088	-0.5788	251.56	11.32	3.88
2026-05-14T15:36:03.1125836+08:00	0x07	-0.6021	-0.3072	0.7227	0.1441	143.08	275.13	15.69
2026-05-14T15:36:03.1125836+08:00	0x06	0.0610	-0.0869	0.8084	-0.5790	251.63	11.52	4.00
2026-05-14T15:36:03.1125836+08:00	0x07	-0.6016	-0.3082	0.7228	0.1439	143.02	275.14	15.81
2026-05-14T15:36:03.1125836+08:00	0x07	-0.6112	-0.3074	0.7145	0.1468	142.68	273.80	15.06
2026-05-14T15:36:03.1125836+08:00	0x06	0.0552	-0.0798	0.8121	-0.5754	250.99	10.48	3.79
2026-05-14T15:36:03.1125836+08:00	0x06	0.0320	-0.0852	0.8183	-0.5675	249.93	8.62	5.93
2026-05-14T15:36:03.1125836+08:00	0x07	-0.6144	-0.3298	0.7013	0.1484	140.29	271.65	16.27
2026-05-14T15:36:03.1135807+08:00	0x06	0.0255	-0.0869	0.8325	-0.5465	247.03	7.95	6.70
2026-05-14T15:36:03.1135807+08:00	0x07	-0.6173	-0.3250	0.7010	0.1481	140.73	271.59	15.83
2026-05-14T15:36:03.1135807+08:00	0x06	0.0554	-0.0897	0.8377	-0.5359	245.71	10.93	5.21
2026-05-14T15:36:03.1135807+08:00	0x07	-0.6112	-0.3042	0.7160	0.1455	143.10	274.02	14.94
2026-05-14T15:36:03.1135807+08:00	0x06	0.0548	0.0146	0.9058	-0.4198	229.55	5.00	355.84
2026-05-14T15:36:03.1135807+08:00	0x07	-0.6503	-0.1929	0.7286	0.0950	156.78	274.64	9.06
2026-05-14T15:36:03.1135807+08:00	0x06	0.0727	0.0487	0.9663	-0.2421	207.70	6.77	352.57
2026-05-14T15:36:03.1135807+08:00	0x07	-0.6341	-0.1817	0.7497	0.0535	161.50	277.62	11.80
2026-05-14T15:36:03.1135807+08:00	0x06	0.0722	0.0477	0.9650	-0.2476	208.35	6.70	352.66
2026-05-14T15:36:03.1135807+08:00	0x07	-0.6931	-0.1484	0.7053	0.0107	167.00	269.72	11.21
2026-05-14T15:36:03.1135807+08:00	0x06	0.0946	0.0407	0.9864	-0.1281	194.26	10.20	354.00
2026-05-14T15:36:03.1135807+08:00	0x07	-0.7061	-0.1632	0.6890	-0.0089	167.02	267.03	13.73
2026-05-14T15:36:03.1135807+08:00	0x06	0.1145	-0.0050	0.9837	-0.1384	195.88	13.11	358.74
2026-05-14T15:36:03.1135807+08:00	0x07	-0.6917	-0.1773	0.7001	0.0051	164.93	268.83	13.95
2026-05-14T15:36:03.1135807+08:00	0x07	-0.7191	-0.0714	0.6864	-0.0820	180.58	267.40	12.47
2026-05-14T15:36:03.1135807+08:00	0x06	0.1225	0.0781	0.9807	-0.1312	194.02	12.92	349.32
2026-05-14T15:36:03.1135807+08:00	0x06	0.1223	0.0756	0.9808	-0.1314	194.08	12.92	349.60
2026-05-14T15:36:03.1135807+08:00	0x07	-0.6854	-0.1532	0.6902	-0.1741	181.94	270.86	26.75
2026-05-14T15:36:03.1135807+08:00	0x06	0.1350	0.0501	0.9869	0.0728	170.92	15.94	355.45
2026-05-14T15:36:03.1135807+08:00	0x07	-0.6279	-0.2525	0.6604	-0.3254	189.68	277.21	47.91
2026-05-14T15:36:03.1135807+08:00	0x06	0.1240	0.0496	0.9833	0.1237	165.16	14.87	356.17
2026-05-14T15:36:03.1135807+08:00	0x07	-0.6299	-0.2496	0.6617	-0.3210	189.36	276.92	47.29
2026-05-14T15:36:03.1135807+08:00	0x06	0.1226	0.0431	0.9793	0.1555	161.62	14.70	357.34
2026-05-14T15:36:03.1135807+08:00	0x07	-0.6342	-0.3820	0.5614	-0.3698	170.94	257.38	63.88
2026-05-14T15:36:03.1135807+08:00	0x06	0.1147	0.0471	0.9738	0.1908	157.49	13.98	357.26
2026-05-14T15:36:03.1135807+08:00	0x07	-0.4970	-0.5529	0.4297	-0.5125	38.61	127.05	79.92
2026-05-14T15:36:03.1135807+08:00	0x06	0.1131	0.0519	0.9676	0.2196	154.07	14.01	357.09
2026-05-14T15:36:03.1135807+08:00	0x07	-0.3724	-0.6495	0.3042	-0.5890	13.13	102.67	56.49
2026-05-14T15:36:03.1135807+08:00	0x06	0.1136	0.0503	0.9645	0.2330	152.53	14.06	357.47
2026-05-14T15:36:03.1135807+08:00	0x07	-0.2779	-0.6973	0.2154	-0.6247	8.95	99.58	40.35
2026-05-14T15:36:03.1135807+08:00	0x06	0.1141	0.0489	0.9617	0.2443	151.22	14.10	357.81
2026-05-14T15:36:03.1135807+08:00	0x07	-0.1890	-0.7257	0.1356	-0.6474	6.32	98.00	26.21
2026-05-14T15:36:03.1135807+08:00	0x06	0.1153	0.0456	0.9610	0.2472	150.93	14.14	358.25
2026-05-14T15:36:03.1135807+08:00	0x07	-0.1220	-0.7389	0.0770	-0.6582	4.71	97.28	15.93
2026-05-14T15:36:03.1135807+08:00	0x06	0.1151	0.0429	0.9602	0.2510	150.53	14.04	358.59
2026-05-14T15:36:03.1135807+08:00	0x07	-0.0698	-0.7453	0.0360	-0.6621	3.27	97.00	8.40
2026-05-14T15:36:03.1135807+08:00	0x06	0.1153	0.0427	0.9596	0.2532	150.27	14.06	358.66
2026-05-14T15:36:03.1135807+08:00	0x07	-0.0427	-0.7489	0.0106	-0.6613	2.87	97.21	4.15
2026-05-14T15:36:03.1135807+08:00	0x06	0.1155	0.0429	0.9589	0.2556	149.99	14.09	358.67
2026-05-14T15:36:03.1135807+08:00	0x07	-0.0222	-0.7497	-0.0077	-0.6614	2.50	97.18	1.02
2026-05-14T15:36:03.1135807+08:00	0x06	0.1151	0.0425	0.9578	0.2597	149.50	14.05	358.76
2026-05-14T15:36:03.1135807+08:00	0x07	0.0108	-0.7509	-0.0352	-0.6594	1.74	97.36	356.15
2026-05-14T15:36:03.1135807+08:00	0x06	0.1171	0.0259	0.9621	0.2451	151.47	13.77	0.44
2026-05-14T15:36:03.1135807+08:00	0x07	0.0251	-0.7476	-0.0351	-0.6628	0.52	96.86	355.08
2026-05-14T15:36:03.1135807+08:00	0x06	0.1174	0.0300	0.9621	0.2443	151.50	13.92	359.98
2026-05-14T15:36:03.1135807+08:00	0x07	0.0304	-0.7476	-0.0390	-0.6624	0.36	96.90	354.34
2026-05-14T15:36:03.1135807+08:00	0x06	0.1173	0.0307	0.9624	0.2431	151.63	13.93	359.88
2026-05-14T15:36:03.1135807+08:00	0x07	0.0314	-0.7480	-0.0413	-0.6617	0.44	96.98	354.07
2026-05-14T15:36:03.1135807+08:00	0x06	0.1174	0.0313	0.9624	0.2428	151.66	13.95	359.81
2026-05-14T15:36:03.1135807+08:00	0x07	0.0334	-0.7478	-0.0427	-0.6617	0.38	96.97	353.80
2026-05-14T15:36:03.1135807+08:00	0x07	0.0346	-0.7478	-0.0439	-0.6615	0.37	96.99	353.60
2026-05-14T15:36:03.1135807+08:00	0x06	0.1176	0.0312	0.9628	0.2412	151.85	13.98	359.81
2026-05-14T15:36:03.1135807+08:00	0x07	0.0357	-0.7477	-0.0449	-0.6615	0.35	96.98	353.43
2026-05-14T15:36:03.1135807+08:00	0x06	0.1176	0.0311	0.9628	0.2414	151.83	13.98	359.82
2026-05-14T15:36:03.1135807+08:00	0x07	0.0379	-0.7474	-0.0460	-0.6617	0.24	96.95	353.17
2026-05-14T15:36:03.1135807+08:00	0x06	0.1179	0.0304	0.9634	0.2388	152.14	13.99	359.87
2026-05-14T15:36:03.1135807+08:00	0x07	0.0399	-0.7468	-0.0464	-0.6622	0.10	96.87	352.99
2026-05-14T15:36:03.1135807+08:00	0x06	0.1177	0.0297	0.9639	0.2370	152.36	13.94	359.92
2026-05-14T15:36:03.1135807+08:00	0x07	0.0406	-0.7466	-0.0463	-0.6625	0.04	96.83	352.95
2026-05-14T15:36:03.1135807+08:00	0x07	0.0422	-0.7462	-0.0475	-0.6627	0.00	96.78	352.72
2026-05-14T15:36:03.1135807+08:00	0x06	0.1180	0.0298	0.9641	0.2361	152.47	13.99	359.90
2026-05-14T15:36:03.1135807+08:00	0x06	0.1181	0.0312	0.9639	0.2368	152.36	14.03	359.76
2026-05-14T15:36:03.1135807+08:00	0x07	0.0390	-0.7474	-0.0469	-0.6615	0.22	96.96	353.01
2026-05-14T15:36:03.1135807+08:00	0x06	0.1179	0.0316	0.9637	0.2376	152.27	14.02	359.72
2026-05-14T15:36:03.1145784+08:00	0x07	0.0386	-0.7480	-0.0470	-0.6609	0.25	97.07	353.04
2026-05-14T15:36:03.1145784+08:00	0x06	0.1179	0.0320	0.9637	0.2375	152.27	14.03	359.67
2026-05-14T15:36:03.1145784+08:00	0x07	0.0396	-0.7479	-0.0475	-0.6609	0.20	97.05	352.91
2026-05-14T15:36:03.1145784+08:00	0x06	0.1178	0.0327	0.9636	0.2377	152.24	14.04	359.59
2026-05-14T15:36:03.1145784+08:00	0x07	0.0388	-0.7483	-0.0475	-0.6606	0.28	97.11	352.97
2026-05-14T15:36:03.1145784+08:00	0x06	0.1178	0.0330	0.9634	0.2384	152.15	14.05	359.58
2026-05-14T15:36:03.1145784+08:00	0x07	0.0381	-0.7486	-0.0478	-0.6602	0.36	97.17	353.00
2026-05-14T15:36:03.1145784+08:00	0x06	0.1179	0.0318	0.9637	0.2376	152.27	14.02	359.70
2026-05-14T15:36:03.1145784+08:00	0x07	0.0398	-0.7487	-0.0492	-0.6599	0.31	97.19	352.75
2026-05-14T15:36:03.1145784+08:00	0x06	0.1180	0.0333	0.9634	0.2384	152.14	14.08	359.55
2026-05-14T15:36:03.1145784+08:00	0x07	0.0408	-0.7483	-0.0491	-0.6603	0.22	97.14	352.69
2026-05-14T15:36:03.1145784+08:00	0x06	0.1180	0.0327	0.9631	0.2399	151.98	14.06	359.63
2026-05-14T15:36:03.1145784+08:00	0x07	0.0398	-0.7488	-0.0493	-0.6598	0.31	97.21	352.75
2026-05-14T15:36:03.1145784+08:00	0x06	0.1177	0.0329	0.9628	0.2409	151.86	14.04	359.62
2026-05-14T15:36:03.1145784+08:00	0x07	0.0407	-0.7488	-0.0497	-0.6597	0.27	97.23	352.64
2026-05-14T15:36:03.1145784+08:00	0x06	0.1179	0.0330	0.9627	0.2412	151.82	14.06	359.62
2026-05-14T15:36:03.1145784+08:00	0x07	0.0404	-0.7488	-0.0501	-0.6596	0.32	97.23	352.62
2026-05-14T15:36:03.1145784+08:00	0x06	0.1179	0.0340	0.9624	0.2424	151.66	14.09	359.53
2026-05-14T15:36:03.1145784+08:00	0x07	0.0412	-0.7489	-0.0511	-0.6595	0.33	97.24	352.48
2026-05-14T15:36:03.1145784+08:00	0x06	0.1181	0.0332	0.9626	0.2415	151.78	14.09	359.61
2026-05-14T15:36:03.1145784+08:00	0x07	0.0425	-0.7485	-0.0516	-0.6597	0.26	97.20	352.34
2026-05-14T15:36:03.1145784+08:00	0x07	0.0434	-0.7485	-0.0523	-0.6596	0.23	97.21	352.21
2026-05-14T15:36:03.1145784+08:00	0x07	0.0439	-0.7485	-0.0527	-0.6596	0.22	97.22	352.13
2026-05-14T15:36:03.1145784+08:00	0x06	0.1180	0.0337	0.9625	0.2418	151.74	14.09	359.55
2026-05-14T15:36:03.1145784+08:00	0x07	0.0437	-0.7488	-0.0532	-0.6592	0.27	97.26	352.11
2026-05-14T15:36:03.1145784+08:00	0x06	0.1180	0.0335	0.9625	0.2418	151.74	14.08	359.57
2026-05-14T15:36:03.1145784+08:00	0x07	0.0441	-0.7487	-0.0535	-0.6592	0.26	97.25	352.06
2026-05-14T15:36:03.1145784+08:00	0x06	0.1179	0.0333	0.9627	0.2414	151.79	14.07	359.59
2026-05-14T15:36:03.1145784+08:00	0x07	0.0441	-0.7487	-0.0535	-0.6593	0.26	97.24	352.06
2026-05-14T15:36:03.1145784+08:00	0x06	0.1180	0.0339	0.9626	0.2415	151.78	14.10	359.53
2026-05-14T15:36:03.1145784+08:00	0x07	0.0444	-0.7488	-0.0541	-0.6591	0.27	97.27	351.98
2026-05-14T15:36:03.1145784+08:00	0x06	0.1180	0.0340	0.9623	0.2425	151.65	14.10	359.53
2026-05-14T15:36:03.1145784+08:00	0x07	0.0452	-0.7487	-0.0547	-0.6591	0.26	97.26	351.87
2026-05-14T15:36:03.1145784+08:00	0x06	0.1181	0.0341	0.9621	0.2432	151.57	14.12	359.54
2026-05-14T15:36:03.1145784+08:00	0x07	0.0455	-0.7488	-0.0553	-0.6589	0.27	97.28	351.79
2026-05-14T15:36:03.1145784+08:00	0x06	0.1181	0.0340	0.9620	0.2436	151.52	14.11	359.55
2026-05-14T15:36:03.1145784+08:00	0x07	0.0466	-0.7486	-0.0562	-0.6589	0.25	97.27	351.63
2026-05-14T15:36:03.1145784+08:00	0x06	0.1183	0.0337	0.9623	0.2424	151.67	14.12	359.57
2026-05-14T15:36:03.1145784+08:00	0x07	0.0504	-0.7475	-0.0571	-0.6599	0.00	97.12	351.26
2026-05-14T15:36:03.1145784+08:00	0x06	0.1182	0.0325	0.9626	0.2414	151.80	14.08	359.68
2026-05-14T15:36:03.1145784+08:00	0x07	0.0495	-0.7472	-0.0573	-0.6602	0.09	97.07	351.32
2026-05-14T15:36:03.1145784+08:00	0x06	0.1181	0.0320	0.9627	0.2412	151.84	14.06	359.73
2026-05-14T15:36:03.1145784+08:00	0x07	0.0482	-0.7481	-0.0571	-0.6593	0.19	97.20	351.44
2026-05-14T15:36:03.1145784+08:00	0x06	0.1180	0.0318	0.9630	0.2402	151.96	14.03	359.74
2026-05-14T15:36:03.1145784+08:00	0x07	0.0509	-0.7468	-0.0574	-0.6606	359.99	97.01	351.19
2026-05-14T15:36:03.1145784+08:00	0x06	0.1180	0.0332	0.9626	0.2416	151.77	14.08	359.60
2026-05-14T15:36:03.1145784+08:00	0x07	0.0481	-0.7479	-0.0578	-0.6595	0.25	97.17	351.38
2026-05-14T15:36:03.1145784+08:00	0x06	0.1179	0.0343	0.9623	0.2425	151.65	14.10	359.49
2026-05-14T15:36:03.1145784+08:00	0x07	0.0496	-0.7476	-0.0589	-0.6597	0.20	97.13	351.17
2026-05-14T15:36:03.1145784+08:00	0x07	0.0429	-0.7499	-0.0585	-0.6575	0.73	97.46	351.71
2026-05-14T15:36:03.1145784+08:00	0x06	0.1177	0.0369	0.9618	0.2445	151.38	14.15	359.24
2026-05-14T15:36:03.1145784+08:00	0x07	0.0450	-0.7490	-0.0577	-0.6585	0.50	97.33	351.62
2026-05-14T15:36:03.1145784+08:00	0x06	0.1178	0.0377	0.9614	0.2458	151.22	14.18	359.16
2026-05-14T15:36:03.1145784+08:00	0x07	0.0436	-0.7493	-0.0574	-0.6583	0.59	97.36	351.76
2026-05-14T15:36:03.1145784+08:00	0x06	0.1178	0.0381	0.9612	0.2465	151.12	14.20	359.13
2026-05-14T15:36:03.1145784+08:00	0x07	0.0424	-0.7495	-0.0573	-0.6581	0.69	97.38	351.85
2026-05-14T15:36:03.1145784+08:00	0x06	0.1177	0.0387	0.9608	0.2478	150.96	14.21	359.09
2026-05-14T15:36:03.1155758+08:00	0x07	0.0414	-0.7499	-0.0575	-0.6577	0.78	97.44	351.91
2026-05-14T15:36:03.1155758+08:00	0x06	0.1177	0.0389	0.9607	0.2482	150.91	14.21	359.07
2026-05-14T15:36:03.1155758+08:00	0x06	0.1177	0.0381	0.9611	0.2470	151.07	14.19	359.13
2026-05-14T15:36:03.1155758+08:00	0x07	0.0429	-0.7496	-0.0582	-0.6579	0.71	97.40	351.73
2026-05-14T15:36:03.1155758+08:00	0x06	0.1178	0.0389	0.9609	0.2477	150.97	14.22	359.07
2026-05-14T15:36:03.1155758+08:00	0x07	0.0437	-0.7496	-0.0592	-0.6578	0.71	97.41	351.59
2026-05-14T15:36:03.1155758+08:00	0x06	0.1178	0.0390	0.9605	0.2492	150.80	14.23	359.07
2026-05-14T15:36:03.1155758+08:00	0x07	0.0444	-0.7496	-0.0601	-0.6577	0.73	97.42	351.46
2026-05-14T15:36:03.1155758+08:00	0x06	0.1166	0.0411	0.9594	0.2535	150.26	14.16	358.87
2026-05-14T15:36:03.1155758+08:00	0x07	0.0412	-0.7510	-0.0603	-0.6562	1.00	97.63	351.69
2026-05-14T15:36:03.1155758+08:00	0x06	0.1183	0.0356	0.9607	0.2487	150.90	14.18	359.45
2026-05-14T15:36:03.1155758+08:00	0x07	0.0458	-0.7490	-0.0592	-0.6583	0.54	97.34	351.43
2026-05-14T15:36:03.1155758+08:00	0x06	0.1183	0.0363	0.9610	0.2473	151.06	14.21	359.35
2026-05-14T15:36:03.1155758+08:00	0x07	0.0491	-0.7476	-0.0597	-0.6596	0.30	97.13	351.14
2026-05-14T15:36:03.1155758+08:00	0x07	0.0385	-0.7510	-0.0581	-0.6566	1.07	97.60	352.08
2026-05-14T15:36:03.1155758+08:00	0x06	0.1179	0.0404	0.9595	0.2525	150.38	14.28	358.97
2026-05-14T15:36:03.1155758+08:00	0x07	0.0359	-0.7507	-0.0554	-0.6573	1.09	97.52	352.51
2026-05-14T15:36:03.1155758+08:00	0x06	0.1181	0.0396	0.9597	0.2520	150.46	14.28	359.06
2026-05-14T15:36:03.1155758+08:00	0x07	0.0365	-0.7503	-0.0548	-0.6578	1.00	97.45	352.52
2026-05-14T15:36:03.1155758+08:00	0x06	0.1189	0.0397	0.9596	0.2518	150.48	14.37	359.06
2026-05-14T15:36:03.1155758+08:00	0x07	0.0344	-0.7509	-0.0535	-0.6573	1.08	97.54	352.78
2026-05-14T15:36:03.1155758+08:00	0x06	0.1196	0.0408	0.9591	0.2531	150.31	14.49	358.98
2026-05-14T15:36:03.1155758+08:00	0x07	0.0329	-0.7535	-0.0528	-0.6544	1.13	97.98	352.96
2026-05-14T15:36:03.1155758+08:00	0x06	0.1192	0.0406	0.9590	0.2540	150.21	14.43	359.01
2026-05-14T15:36:03.1155758+08:00	0x07	0.0360	-0.7549	-0.0556	-0.6525	1.05	98.25	352.47
2026-05-14T15:36:03.1155758+08:00	0x07	0.0381	-0.7551	-0.0571	-0.6520	0.98	98.32	352.19
2026-05-14T15:36:03.1155758+08:00	0x06	0.1184	0.0410	0.9587	0.2554	150.03	14.36	358.96
2026-05-14T15:36:03.1155758+08:00	0x07	0.0385	-0.7546	-0.0580	-0.6524	1.02	98.24	352.08
2026-05-14T15:36:03.1155758+08:00	0x06	0.1180	0.0412	0.9588	0.2553	150.04	14.32	358.93
2026-05-14T15:36:03.1155758+08:00	0x06	0.1180	0.0414	0.9586	0.2557	149.99	14.32	358.91
2026-05-14T15:36:03.1155758+08:00	0x06	0.1179	0.0417	0.9587	0.2556	150.00	14.32	358.88
2026-05-14T15:36:03.1155758+08:00	0x07	0.0415	-0.7544	-0.0612	-0.6523	0.99	98.23	351.58
2026-05-14T15:36:03.1155758+08:00	0x06	0.1178	0.0419	0.9587	0.2554	150.02	14.32	358.85
2026-05-14T15:36:03.1155758+08:00	0x06	0.1177	0.0418	0.9588	0.2553	150.03	14.31	358.85
2026-05-14T15:36:03.1155758+08:00	0x07	0.0433	-0.7544	-0.0632	-0.6520	0.99	98.26	351.27
2026-05-14T15:36:03.1155758+08:00	0x06	0.1169	0.0421	0.9585	0.2565	149.88	14.23	358.81
2026-05-14T15:36:03.1155758+08:00	0x07	0.0428	-0.7543	-0.0622	-0.6522	0.96	98.24	351.40
2026-05-14T15:36:03.1155758+08:00	0x06	0.0862	0.0434	0.9593	0.2652	148.88	10.86	357.84
2026-05-14T15:36:03.1155758+08:00	0x06	0.0523	-0.0086	0.9679	0.2458	151.62	5.57	2.43
2026-05-14T15:36:03.1155758+08:00	0x07	0.0428	-0.7543	-0.0622	-0.6522	0.96	98.24	351.39
2026-05-14T15:36:03.1155758+08:00	0x06	0.0666	-0.0360	0.9805	0.1813	159.37	6.78	5.44
2026-05-14T15:36:03.1155758+08:00	0x07	-0.1553	-0.6924	0.2973	-0.6388	348.00	90.52	37.59
2026-05-14T15:36:03.1155758+08:00	0x06	-0.1209	0.0035	0.9778	0.1713	160.46	346.38	357.24
2026-05-14T15:36:03.1155758+08:00	0x07	-0.2941	-0.7491	0.3846	-0.4521	9.91	123.20	57.37
2026-05-14T15:36:03.1155758+08:00	0x06	-0.1394	-0.0061	0.9782	0.1538	162.38	344.05	358.22
2026-05-14T15:36:03.1155758+08:00	0x07	-0.5295	-0.7132	0.3594	-0.2860	71.78	177.30	54.64
2026-05-14T15:36:03.1155758+08:00	0x06	-0.1424	-0.0059	0.9815	0.1277	165.38	343.67	358.57
2026-05-14T15:36:03.1155758+08:00	0x07	-0.6455	-0.6222	0.3896	-0.2106	102.09	201.62	49.19
2026-05-14T15:36:03.1155758+08:00	0x06	-0.1463	-0.0080	0.9831	0.1097	167.41	343.17	359.07
2026-05-14T15:36:03.1155758+08:00	0x07	-0.7260	-0.5272	0.4103	-0.1632	121.75	214.77	42.04
2026-05-14T15:36:03.1155758+08:00	0x06	-0.1510	-0.0134	0.9841	0.0930	169.22	342.56	359.90
2026-05-14T15:36:03.1155758+08:00	0x07	-0.7509	-0.4935	0.4147	-0.1434	127.17	218.05	38.66
2026-05-14T15:36:03.1155758+08:00	0x06	-0.1517	-0.0169	0.9850	0.0800	170.64	342.45	0.52
2026-05-14T15:36:03.1155758+08:00	0x07	-0.7846	-0.4399	0.4217	-0.1142	134.65	222.23	33.38
2026-05-14T15:36:03.1155758+08:00	0x06	-0.1523	-0.0190	0.9855	0.0723	171.48	342.37	0.88
2026-05-14T15:36:03.1155758+08:00	0x07	-0.8074	-0.3980	0.4257	-0.0920	139.73	224.70	29.17
2026-05-14T15:36:03.1155758+08:00	0x06	-0.1533	-0.0212	0.9856	0.0674	171.98	342.23	1.21
2026-05-14T15:36:03.1155758+08:00	0x07	-0.8200	-0.3721	0.4277	-0.0786	142.61	225.96	26.56
2026-05-14T15:36:03.1155758+08:00	0x06	-0.1589	-0.0188	0.9849	0.0664	172.14	341.61	0.91
2026-05-14T15:36:03.1155758+08:00	0x06	-0.1633	-0.0164	0.9842	0.0661	172.22	341.11	0.61
2026-05-14T15:36:03.1155758+08:00	0x07	-0.8439	-0.3212	0.4270	-0.0475	147.57	227.58	20.77
2026-05-14T15:36:03.1155758+08:00	0x06	-0.1637	-0.0169	0.9842	0.0655	172.27	341.06	0.68
2026-05-14T15:36:03.1155758+08:00	0x07	-0.8467	-0.3148	0.4266	-0.0447	148.19	227.69	20.14
2026-05-14T15:36:03.1155758+08:00	0x06	-0.1636	-0.0176	0.9842	0.0648	172.34	341.08	0.77
2026-05-14T15:36:03.1165727+08:00	0x07	-0.8489	-0.3098	0.4261	-0.0424	148.66	227.75	19.63
2026-05-14T15:36:03.1165727+08:00	0x06	-0.1647	-0.0177	0.9841	0.0649	172.33	340.95	0.77
2026-05-14T15:36:03.1165727+08:00	0x07	-0.8503	-0.3068	0.4257	-0.0406	148.92	227.79	19.29
2026-05-14T15:36:03.1165727+08:00	0x06	-0.1645	-0.0176	0.9841	0.0652	172.29	340.97	0.76
2026-05-14T15:36:03.1165727+08:00	0x07	-0.8506	-0.3048	0.4267	-0.0403	149.17	227.94	19.19
2026-05-14T15:36:03.1165727+08:00	0x06	-0.1630	-0.0178	0.9843	0.0651	172.30	341.15	0.79
2026-05-14T15:36:03.1165727+08:00	0x07	-0.8512	-0.3032	0.4266	-0.0390	149.30	227.99	18.97
2026-05-14T15:36:03.1165727+08:00	0x06	-0.1651	-0.0163	0.9840	0.0643	172.42	340.91	0.62
2026-05-14T15:36:03.1165727+08:00	0x07	-0.8529	-0.3031	0.4235	-0.0367	149.16	227.64	18.62
2026-05-14T15:36:03.1165727+08:00	0x06	-0.1696	-0.0147	0.9833	0.0642	172.46	340.40	0.41
2026-05-14T15:36:03.1165727+08:00	0x07	-0.8525	-0.3045	0.4234	-0.0365	148.98	227.60	18.66
2026-05-14T15:36:03.1165727+08:00	0x06	-0.1706	-0.0154	0.9832	0.0638	172.49	340.28	0.48
2026-05-14T15:36:03.1165727+08:00	0x07	-0.8527	-0.3038	0.4236	-0.0359	149.04	227.65	18.57
2026-05-14T15:36:03.1165727+08:00	0x06	-0.1714	-0.0156	0.9831	0.0623	172.66	340.19	0.53
2026-05-14T15:36:03.1165727+08:00	0x07	-0.8531	-0.3026	0.4235	-0.0352	149.15	227.67	18.44
2026-05-14T15:36:03.1165727+08:00	0x06	-0.1712	-0.0158	0.9832	0.0613	172.76	340.21	0.58
2026-05-14T15:36:03.1165727+08:00	0x07	-0.8533	-0.3021	0.4236	-0.0349	149.19	227.69	18.39
2026-05-14T15:36:03.1165727+08:00	0x06	-0.1712	-0.0167	0.9833	0.0601	172.89	340.21	0.70
2026-05-14T15:36:03.5651325+08:00	0x07	-0.8534	-0.3018	0.4236	-0.0343	149.20	227.72	18.32
2026-05-14T15:36:03.5651325+08:00	0x06	-0.1717	-0.0170	0.9832	0.0594	172.96	340.14	0.75
2026-05-14T15:36:03.8101775+08:00	0x07	-0.8536	-0.3014	0.4235	-0.0338	149.23	227.71	18.24
