timestamp	device	q0	q1	q2	q3	yaw	pitch	roll
2026-05-08T16:59:48.2526064+08:00	0x05	0.0045	-0.0307	0.5380	0.8424	65.07	357.31	2.33
2026-05-08T16:59:48.7015296+08:00	0x05	0.0045	-0.0307	0.5380	0.8424	65.07	357.31	2.33
2026-05-08T16:59:49.1631792+08:00	0x05	0.0045	-0.0307	0.5380	0.8424	65.07	357.31	2.33
2026-05-08T16:59:50.0651689+08:00	0x05	0.0045	-0.0307	0.5380	0.8424	65.07	357.31	2.33
2026-05-08T16:59:50.5199316+08:00	0x05	0.0045	-0.0307	0.5380	0.8424	65.07	357.31	2.33
2026-05-08T16:59:50.9665985+08:00	0x05	0.0045	-0.0307	0.5380	0.8424	65.07	357.31	2.33
2026-05-08T16:59:51.4206294+08:00	0x05	0.0045	-0.0307	0.5380	0.8424	65.07	357.31	2.33
2026-05-08T16:59:51.8907552+08:00	0x05	0.0045	-0.0307	0.5380	0.8424	65.07	357.32	2.33
2026-05-08T16:59:52.7880680+08:00	0x05	0.0045	-0.0306	0.5380	0.8424	65.07	357.32	2.33
2026-05-08T16:59:53.2533085+08:00	0x05	0.0045	-0.0306	0.5380	0.8424	65.07	357.32	2.33
2026-05-08T16:59:53.6915921+08:00	0x05	0.0045	-0.0306	0.5380	0.8424	65.07	357.32	2.31
2026-05-08T16:59:54.1519690+08:00	0x05	0.0045	-0.0306	0.5380	0.8424	65.07	357.32	2.31
2026-05-08T16:59:55.0524496+08:00	0x05	0.0045	-0.0306	0.5380	0.8424	65.07	357.32	2.31
2026-05-08T16:59:55.5056097+08:00	0x05	0.0045	-0.0306	0.5380	0.8424	65.07	357.32	2.32
2026-05-08T16:59:55.9596276+08:00	0x05	0.0044	-0.0306	0.5380	0.8424	65.07	357.31	2.31
2026-05-08T16:59:56.4150174+08:00	0x05	0.0044	-0.0306	0.5380	0.8424	65.07	357.31	2.32
2026-05-08T16:59:56.6786111+08:00	0x06	0.5880	-0.2594	-0.7083	-0.2921	171.10	284.32	314.69
2026-05-08T16:59:56.8788197+08:00	0x05	0.0045	-0.0306	0.5380	0.8424	65.07	357.32	2.33
2026-05-08T16:59:57.2380089+08:00	0x06	0.5956	-0.2438	-0.7162	-0.2701	172.53	283.38	317.87
2026-05-08T16:59:57.7085626+08:00	0x06	0.6012	-0.2389	-0.7168	-0.2601	173.49	282.46	319.06
2026-05-08T16:59:58.2265690+08:00	0x05	0.0045	-0.0306	0.5380	0.8424	65.07	357.32	2.32
2026-05-08T16:59:58.3304190+08:00	0x06	0.6079	-0.2381	-0.7147	-0.2511	174.77	281.15	319.79
2026-05-08T16:59:58.9188067+08:00	0x06	0.6133	-0.2403	-0.7107	-0.2471	175.77	279.96	319.86
2026-05-08T16:59:59.4263699+08:00	0x06	0.6164	-0.2388	-0.7097	-0.2436	176.17	279.43	320.26
2026-05-08T17:00:00.0019353+08:00	0x06	0.6183	-0.2375	-0.7096	-0.2403	176.49	279.12	320.63
2026-05-08T17:00:00.5204852+08:00	0x06	0.6194	-0.2391	-0.7080	-0.2406	176.70	278.83	320.46
2026-05-08T17:00:00.9895943+08:00	0x06	0.6206	-0.2395	-0.7068	-0.2407	176.81	278.59	320.41
2026-05-08T17:00:01.5706482+08:00	0x06	0.6230	-0.2426	-0.7039	-0.2398	177.37	277.93	320.18
2026-05-08T17:00:02.0793599+08:00	0x06	0.6446	-0.1853	-0.7219	-0.1703	179.54	276.59	330.85
2026-05-08T17:00:02.6555190+08:00	0x06	0.7391	-0.1071	-0.6646	0.0241	191.04	263.33	353.87
2026-05-08T17:00:03.1675029+08:00	0x06	0.6510	-0.1524	-0.7122	-0.2138	172.99	277.00	330.30
2026-05-08T17:00:03.7425869+08:00	0x06	0.5572	-0.1616	-0.7701	-0.2651	164.21	292.93	327.02
2026-05-08T17:00:04.3794569+08:00	0x06	0.7232	-0.1593	-0.6677	-0.0754	187.88	264.13	341.23
2026-05-08T17:00:04.8427595+08:00	0x06	0.7002	-0.0662	-0.7044	-0.0960	177.50	270.63	346.83
2026-05-08T17:00:05.1853067+08:00	0x09	0.0412	-0.0827	-0.6657	0.7405	276.35	349.77	357.18
2026-05-08T17:00:05.4646016+08:00	0x06	0.6955	-0.0803	-0.7069	-0.1006	178.19	271.17	345.32
2026-05-08T17:00:05.7187618+08:00	0x09	0.0411	-0.0827	-0.6656	0.7405	276.35	349.78	357.18
2026-05-08T17:00:05.8167322+08:00	0x04	-0.0143	-0.0272	-0.2117	0.9769	335.60	357.30	357.74
2026-05-08T17:00:05.9346105+08:00	0x06	0.7239	-0.0667	-0.6798	-0.0969	177.93	266.64	346.65
2026-05-08T17:00:06.0451240+08:00	0x07	-0.0143	-0.0388	-0.2976	0.9538	325.44	356.25	357.11
2026-05-08T17:00:06.1397762+08:00	0x01	-0.0242	-0.0421	-0.1264	0.9908	345.59	355.55	356.64
2026-05-08T17:00:06.2689030+08:00	0x09	0.0411	-0.0827	-0.6656	0.7405	276.35	349.78	357.17
2026-05-08T17:00:06.3398528+08:00	0x03	0.0097	-0.0737	0.2811	0.9568	32.51	352.20	3.44
2026-05-08T17:00:06.4902439+08:00	0x07	-0.0143	-0.0388	-0.2976	0.9538	325.44	356.25	357.11
2026-05-08T17:00:06.5143700+08:00	0x06	0.7297	-0.0646	-0.6761	-0.0790	179.27	265.71	348.30
2026-05-08T17:00:06.6009513+08:00	0x07	-0.0143	-0.0387	-0.2976	0.9538	325.44	356.25	357.12
2026-05-08T17:00:06.6976096+08:00	0x01	-0.0243	-0.0425	-0.1258	0.9909	345.66	355.51	356.63
2026-05-08T17:00:06.7445783+08:00	0x09	0.0411	-0.0827	-0.6656	0.7405	276.35	349.78	357.17
2026-05-08T17:00:06.8802117+08:00	0x03	0.0097	-0.0736	0.2825	0.9564	32.68	352.22	3.45
2026-05-08T17:00:06.9038660+08:00	0x08	-0.0025	-0.0195	0.0480	0.9987	5.51	357.75	359.82
2026-05-08T17:00:07.1193958+08:00	0x07	-0.0143	-0.0387	-0.2976	0.9538	325.44	356.25	357.12
2026-05-08T17:00:07.1745734+08:00	0x01	-0.0243	-0.0426	-0.1256	0.9909	345.69	355.50	356.63
2026-05-08T17:00:07.2695809+08:00	0x06	0.7369	-0.0488	-0.6714	-0.0617	179.36	264.73	350.99
2026-05-08T17:00:07.3089314+08:00	0x02	0.0224	-0.0049	-0.9657	0.2588	210.01	357.37	0.12
2026-05-08T17:00:07.3964309+08:00	0x03	0.0097	-0.0735	0.2833	0.9561	32.78	352.23	3.45
2026-05-08T17:00:07.4440441+08:00	0x08	-0.0025	-0.0195	0.0487	0.9986	5.59	357.75	359.83
2026-05-08T17:00:07.5952911+08:00	0x06	0.7372	-0.0423	-0.6728	-0.0467	179.97	264.77	352.78
2026-05-08T17:00:07.7154286+08:00	0x07	-0.0143	-0.0387	-0.2975	0.9538	325.45	356.25	357.12
2026-05-08T17:00:07.7952487+08:00	0x01	-0.0243	-0.0427	-0.1255	0.9909	345.69	355.49	356.63
2026-05-08T17:00:07.8828774+08:00	0x09	0.0410	-0.0827	-0.6656	0.7405	276.35	349.78	357.17
2026-05-08T17:00:07.9537373+08:00	0x03	0.0097	-0.0734	0.2842	0.9559	32.88	352.24	3.46
2026-05-08T17:00:08.1295324+08:00	0x06	0.7364	-0.0332	-0.6747	-0.0371	179.94	265.00	354.29
2026-05-08T17:00:08.1698345+08:00	0x04	-0.0143	-0.0271	-0.2125	0.9767	335.50	357.31	357.74
2026-05-08T17:00:08.2555920+08:00	0x07	-0.0143	-0.0387	-0.2975	0.9538	325.45	356.25	357.12
2026-05-08T17:00:08.2972849+08:00	0x01	-0.0243	-0.0427	-0.1256	0.9909	345.69	355.49	356.62
2026-05-08T17:00:08.4062398+08:00	0x09	0.0410	-0.0827	-0.6656	0.7405	276.35	349.78	357.17
2026-05-08T17:00:08.4921349+08:00	0x03	0.0098	-0.0734	0.2847	0.9558	32.94	352.25	3.47
2026-05-08T17:00:08.5749400+08:00	0x04	-0.0143	-0.0271	-0.2126	0.9767	335.50	357.32	357.74
2026-05-08T17:00:08.6939373+08:00	0x06	0.7357	-0.0308	-0.6757	-0.0346	179.91	265.14	354.69
2026-05-08T17:00:08.8086702+08:00	0x01	-0.0243	-0.0428	-0.1256	0.9909	345.68	355.48	356.62
2026-05-08T17:00:08.9386703+08:00	0x09	0.0410	-0.0827	-0.6656	0.7406	276.36	349.78	357.17
2026-05-08T17:00:08.9758619+08:00	0x02	0.0224	-0.0049	-0.9656	0.2589	210.01	357.38	0.12
2026-05-08T17:00:09.0866954+08:00	0x03	0.0098	-0.0733	0.2852	0.9556	33.00	352.25	3.47
2026-05-08T17:00:09.2129754+08:00	0x06	0.7326	-0.0296	-0.6791	-0.0349	179.76	265.67	354.76
2026-05-08T17:00:09.3406498+08:00	0x07	-0.0143	-0.0387	-0.2975	0.9538	325.44	356.25	357.12
2026-05-08T17:00:09.3680164+08:00	0x01	-0.0243	-0.0428	-0.1257	0.9908	345.68	355.48	356.62
2026-05-08T17:00:09.4835215+08:00	0x09	0.0410	-0.0827	-0.6656	0.7406	276.36	349.78	357.17
2026-05-08T17:00:09.5767619+08:00	0x02	0.0224	-0.0049	-0.9656	0.2589	210.01	357.38	0.12
2026-05-08T17:00:09.6094867+08:00	0x03	0.0098	-0.0733	0.2855	0.9555	33.03	352.25	3.47
2026-05-08T17:00:09.6738843+08:00	0x04	-0.0143	-0.0270	-0.2126	0.9767	335.49	357.32	357.74
2026-05-08T17:00:09.7899214+08:00	0x06	0.7023	-0.0274	-0.7107	-0.0310	179.68	270.69	355.27
2026-05-08T17:00:09.8824035+08:00	0x07	-0.0143	-0.0387	-0.2975	0.9538	325.45	356.25	357.12
2026-05-08T17:00:09.9277379+08:00	0x01	-0.0243	-0.0428	-0.1257	0.9908	345.67	355.48	356.62
2026-05-08T17:00:10.0096275+08:00	0x09	0.0410	-0.0827	-0.6656	0.7406	276.36	349.78	357.17
2026-05-08T17:00:10.0977309+08:00	0x08	-0.0024	-0.0195	0.0504	0.9985	5.79	357.75	359.83
2026-05-08T17:00:10.1504185+08:00	0x03	0.0097	-0.0733	0.2857	0.9555	33.06	352.25	3.47
2026-05-08T17:00:10.2525374+08:00	0x04	-0.0143	-0.0270	-0.2126	0.9767	335.49	357.32	357.74
2026-05-08T17:00:10.3024438+08:00	0x06	0.7092	-0.0311	-0.7037	-0.0281	180.26	269.55	355.20
2026-05-08T17:00:10.4036325+08:00	0x07	-0.0143	-0.0386	-0.2975	0.9538	325.45	356.26	357.12
2026-05-08T17:00:10.5277907+08:00	0x05	0.0083	-0.0330	0.5366	0.8431	64.89	357.32	2.83
2026-05-08T17:00:10.6043296+08:00	0x09	0.0410	-0.0827	-0.6656	0.7406	276.36	349.78	357.17
2026-05-08T17:00:10.6766371+08:00	0x08	-0.0024	-0.0195	0.0506	0.9985	5.80	357.75	359.83
2026-05-08T17:00:10.7399370+08:00	0x03	0.0098	-0.0733	0.2858	0.9554	33.07	352.26	3.47
2026-05-08T17:00:10.7801473+08:00	0x04	-0.0143	-0.0270	-0.2126	0.9767	335.49	357.32	357.74
2026-05-08T17:00:10.8819401+08:00	0x06	0.7112	-0.0291	-0.7018	-0.0270	180.20	269.23	355.46
2026-05-08T17:00:10.9971050+08:00	0x07	-0.0143	-0.0387	-0.2975	0.9538	325.45	356.25	357.12
2026-05-08T17:00:11.1407931+08:00	0x09	0.0410	-0.0827	-0.6656	0.7406	276.36	349.78	357.17
2026-05-08T17:00:11.1907269+08:00	0x08	-0.0024	-0.0195	0.0507	0.9985	5.81	357.76	359.83
2026-05-08T17:00:11.2805748+08:00	0x03	0.0098	-0.0733	0.2859	0.9554	33.09	352.26	3.47
