timestamp	device	q0	q1	q2	q3	yaw	pitch	roll
2026-05-07T16:13:39.6275677+08:00	0x08	-0.0089	-0.0285	0.0410	0.9987	4.73	356.70	359.12
2026-05-07T16:13:39.7566846+08:00	0x06	0.7303	-0.0667	-0.6599	-0.1636	172.79	265.41	340.91
2026-05-07T16:13:39.7716447+08:00	0x07	-0.6518	0.2736	0.6559	0.2648	180.75	270.05	315.24
2026-05-07T16:13:39.9419289+08:00	0x01	-0.0187	-0.0415	-0.2521	0.9666	330.88	355.93	356.73
2026-05-07T16:13:40.0988271+08:00	0x03	-0.0030	-0.0170	0.2781	0.9604	32.30	358.03	0.21
2026-05-07T16:13:40.1746663+08:00	0x08	-0.0089	-0.0285	0.0410	0.9987	4.73	356.70	359.12
2026-05-07T16:13:40.2827911+08:00	0x06	0.7327	-0.1295	-0.6296	-0.2234	173.96	262.93	330.63
2026-05-07T16:13:40.3296925+08:00	0x07	-0.6325	0.3297	0.6203	0.3261	181.26	268.22	304.75
2026-05-07T16:13:40.4933962+08:00	0x04	-0.0062	-0.0247	-0.1829	0.9828	338.94	357.35	358.78
2026-05-07T16:13:40.6316594+08:00	0x03	-0.0030	-0.0170	0.2781	0.9604	32.30	358.03	0.21
2026-05-07T16:13:40.6931807+08:00	0x08	-0.0089	-0.0285	0.0410	0.9987	4.73	356.70	359.12
2026-05-07T16:13:40.7246545+08:00	0x01	-0.0187	-0.0415	-0.2521	0.9666	330.88	355.93	356.73
2026-05-07T16:13:40.8410809+08:00	0x07	-0.5240	0.5122	0.4869	0.4753	252.41	197.58	274.45
2026-05-07T16:13:40.9958010+08:00	0x06	0.7550	-0.1374	-0.6089	-0.2011	177.57	258.38	331.90
2026-05-07T16:13:41.1027616+08:00	0x03	-0.0030	-0.0170	0.2781	0.9604	32.30	358.03	0.21
2026-05-07T16:13:41.2804729+08:00	0x08	-0.0089	-0.0285	0.0410	0.9987	4.73	356.70	359.12
2026-05-07T16:13:41.3646572+08:00	0x07	-0.5280	0.5073	0.4916	0.4714	240.54	209.43	274.76
2026-05-07T16:13:41.4880147+08:00	0x06	0.7564	-0.1260	-0.6137	-0.1883	177.42	258.70	333.92
2026-05-07T16:13:41.5924007+08:00	0x01	-0.0187	-0.0415	-0.2521	0.9666	330.88	355.93	356.73
2026-05-07T16:13:41.7010507+08:00	0x03	-0.0030	-0.0170	0.2781	0.9604	32.30	358.03	0.21
2026-05-07T16:13:41.7855797+08:00	0x08	-0.0088	-0.0285	0.0410	0.9987	4.73	356.70	359.12
2026-05-07T16:13:41.8094536+08:00	0x05	-0.0025	0.0184	0.4270	0.9041	50.54	1.78	358.84
2026-05-07T16:13:41.9009407+08:00	0x07	-0.3820	0.6224	0.3657	0.5770	353.08	98.63	296.36
2026-05-07T16:13:42.0673275+08:00	0x01	-0.0187	-0.0415	-0.2521	0.9666	330.88	355.93	356.73
2026-05-07T16:13:42.1522674+08:00	0x04	-0.0062	-0.0247	-0.1829	0.9828	338.94	357.35	358.78
2026-05-07T16:13:42.1870637+08:00	0x03	-0.0030	-0.0170	0.2781	0.9604	32.30	358.03	0.21
2026-05-07T16:13:42.3595906+08:00	0x08	-0.0088	-0.0285	0.0410	0.9987	4.73	356.70	359.12
2026-05-07T16:13:42.4668334+08:00	0x06	0.7564	-0.1165	-0.6193	-0.1755	177.42	259.17	335.81
2026-05-07T16:13:42.6553880+08:00	0x02	0.0135	0.0016	-0.9588	0.2839	212.98	358.57	0.61
2026-05-07T16:13:42.7771270+08:00	0x03	-0.0030	-0.0170	0.2781	0.9604	32.30	358.03	0.21
2026-05-07T16:13:42.8266110+08:00	0x08	-0.0088	-0.0285	0.0410	0.9987	4.73	356.70	359.12
2026-05-07T16:13:42.9379587+08:00	0x06	0.7519	-0.1043	-0.6308	-0.1609	177.15	260.54	338.06
2026-05-07T16:13:43.0235361+08:00	0x07	-0.2669	0.6790	0.2613	0.6320	357.45	95.13	316.19
2026-05-07T16:13:43.1694608+08:00	0x01	-0.0187	-0.0415	-0.2521	0.9666	330.88	355.93	356.73
2026-05-07T16:13:43.2665026+08:00	0x04	-0.0062	-0.0247	-0.1829	0.9828	338.94	357.35	358.78
2026-05-07T16:13:43.3138801+08:00	0x03	-0.0030	-0.0170	0.2781	0.9604	32.30	358.03	0.21
2026-05-07T16:13:43.4689391+08:00	0x08	-0.0088	-0.0285	0.0410	0.9987	4.73	356.70	359.12
2026-05-07T16:13:43.5161139+08:00	0x06	0.7045	-0.0880	-0.6914	-0.1334	176.35	269.50	341.96
2026-05-07T16:13:43.5708280+08:00	0x07	-0.0771	0.7267	0.0993	0.6754	1.30	94.03	345.61
2026-05-07T16:13:43.7369424+08:00	0x04	-0.0062	-0.0247	-0.1829	0.9828	338.94	357.35	358.78
2026-05-07T16:13:43.7733997+08:00	0x02	0.0135	0.0016	-0.9588	0.2839	212.98	358.57	0.61
2026-05-07T16:13:43.8544656+08:00	0x03	-0.0030	-0.0170	0.2781	0.9604	32.30	358.03	0.21
2026-05-07T16:13:44.0405926+08:00	0x08	-0.0088	-0.0285	0.0410	0.9987	4.73	356.70	359.12
2026-05-07T16:13:44.1141814+08:00	0x07	-0.0195	0.7433	0.0746	0.6645	4.06	96.12	352.14
2026-05-07T16:13:44.2594715+08:00	0x01	-0.0187	-0.0415	-0.2521	0.9666	330.88	355.93	356.73
2026-05-07T16:13:44.3773744+08:00	0x02	0.0135	0.0016	-0.9588	0.2839	212.98	358.57	0.61
2026-05-07T16:13:44.5015664+08:00	0x03	-0.0030	-0.0170	0.2781	0.9604	32.30	358.03	0.21
2026-05-07T16:13:44.6439488+08:00	0x07	0.0264	0.4705	0.0850	0.8779	10.03	56.20	358.07
2026-05-07T16:13:44.8300555+08:00	0x01	-0.0187	-0.0415	-0.2521	0.9666	330.88	355.93	356.73
2026-05-07T16:13:44.9197030+08:00	0x03	-0.0030	-0.0170	0.2781	0.9604	32.30	358.03	0.21
2026-05-07T16:13:45.0225231+08:00	0x08	-0.0088	-0.0285	0.0410	0.9987	4.73	356.70	359.12
2026-05-07T16:13:45.1729593+08:00	0x07	0.0454	0.2960	0.1185	0.9467	14.55	34.84	0.91
2026-05-07T16:13:45.3360171+08:00	0x01	-0.0187	-0.0415	-0.2521	0.9666	330.88	355.93	356.73
2026-05-07T16:13:45.3955758+08:00	0x04	-0.0062	-0.0247	-0.1829	0.9828	338.94	357.35	358.78
2026-05-07T16:13:45.5119064+08:00	0x03	-0.0030	-0.0170	0.2781	0.9604	32.30	358.03	0.21
2026-05-07T16:13:45.5963505+08:00	0x08	-0.0089	-0.0285	0.0410	0.9987	4.73	356.70	359.12
2026-05-07T16:13:45.7275844+08:00	0x07	0.0564	0.2551	0.1370	0.9555	16.90	30.22	2.17
2026-05-07T16:13:45.9123476+08:00	0x04	-0.0062	-0.0247	-0.1829	0.9828	338.94	357.35	358.78
2026-05-07T16:13:45.9283061+08:00	0x01	-0.0187	-0.0415	-0.2521	0.9666	330.88	355.94	356.73
2026-05-07T16:13:46.0672359+08:00	0x03	-0.0030	-0.0170	0.2781	0.9604	32.30	358.03	0.21
2026-05-07T16:13:46.3226627+08:00	0x07	0.0613	0.2688	0.1199	0.9537	15.19	31.88	3.01
2026-05-07T16:13:46.3619380+08:00	0x05	-0.0026	0.0184	0.4263	0.9044	50.46	1.78	358.83
2026-05-07T16:13:46.4915470+08:00	0x04	-0.0062	-0.0247	-0.1829	0.9828	338.94	357.35	358.78
2026-05-07T16:13:46.5900209+08:00	0x03	-0.0030	-0.0170	0.2781	0.9604	32.30	358.03	0.21
2026-05-07T16:13:46.6470344+08:00	0x01	-0.0187	-0.0415	-0.2521	0.9666	330.88	355.94	356.73
2026-05-07T16:13:46.7939691+08:00	0x05	-0.0026	0.0184	0.4263	0.9044	50.46	1.78	358.84
2026-05-07T16:13:46.8874338+08:00	0x06	0.7060	-0.0885	-0.6897	-0.1343	176.37	269.24	341.84
2026-05-07T16:13:47.0263475+08:00	0x01	-0.0187	-0.0415	-0.2521	0.9666	330.88	355.94	356.73
2026-05-07T16:13:47.0749583+08:00	0x03	-0.0030	-0.0170	0.2781	0.9604	32.30	358.03	0.21
2026-05-07T16:13:47.2275197+08:00	0x08	-0.0088	-0.0285	0.0410	0.9987	4.73	356.70	359.12
2026-05-07T16:13:47.2634272+08:00	0x05	-0.0026	0.0184	0.4263	0.9044	50.46	1.78	358.84
2026-05-07T16:13:47.4191752+08:00	0x06	0.2550	-0.1032	-0.9092	-0.3126	146.64	334.80	339.69
2026-05-07T16:13:47.5355158+08:00	0x07	0.0033	0.2958	0.1526	0.9430	16.91	34.12	355.17
2026-05-07T16:13:47.5706106+08:00	0x04	-0.0062	-0.0247	-0.1829	0.9828	338.94	357.35	358.78
2026-05-07T16:13:47.6294046+08:00	0x03	-0.0030	-0.0170	0.2781	0.9604	32.30	358.03	0.21
2026-05-07T16:13:47.8001771+08:00	0x08	-0.0088	-0.0285	0.0410	0.9987	4.73	356.69	359.12
2026-05-07T16:13:47.9088714+08:00	0x07	-0.0086	0.3167	0.1711	0.9329	18.44	36.34	352.85
2026-05-07T16:13:47.9757220+08:00	0x06	0.2690	-0.0753	-0.9195	-0.2765	150.75	331.77	343.31
2026-05-07T16:13:48.0471186+08:00	0x01	-0.0187	-0.0415	-0.2521	0.9666	330.88	355.94	356.73
2026-05-07T16:13:48.1661148+08:00	0x03	-0.0030	-0.0170	0.2781	0.9604	32.30	358.03	0.21
2026-05-07T16:13:48.3336968+08:00	0x08	-0.0088	-0.0285	0.0410	0.9987	4.73	356.70	359.12
2026-05-07T16:13:48.4584696+08:00	0x07	0.0027	0.3319	0.1559	0.9303	17.06	38.42	354.35
2026-05-07T16:13:48.5625137+08:00	0x06	0.3112	-0.1097	-0.8991	-0.2877	151.01	327.59	337.89
2026-05-07T16:13:48.6745697+08:00	0x01	-0.0187	-0.0415	-0.2521	0.9666	330.88	355.94	356.73
2026-05-07T16:13:48.7059829+08:00	0x03	-0.0030	-0.0170	0.2781	0.9604	32.30	358.03	0.21
2026-05-07T16:13:48.8769844+08:00	0x08	-0.0088	-0.0285	0.0410	0.9987	4.73	356.70	359.12
2026-05-07T16:13:48.9784040+08:00	0x07	-0.0012	0.3577	0.1487	0.9219	15.96	41.53	353.77
2026-05-07T16:13:49.0688151+08:00	0x06	0.3270	-0.1188	-0.8893	-0.2969	150.48	326.01	336.08
2026-05-07T16:13:49.1465172+08:00	0x01	-0.0187	-0.0415	-0.2521	0.9666	330.88	355.94	356.73
2026-05-07T16:13:49.2085437+08:00	0x02	0.0136	0.0016	-0.9588	0.2839	212.98	358.56	0.62
2026-05-07T16:13:49.2314815+08:00	0x03	-0.0030	-0.0170	0.2781	0.9604	32.30	358.03	0.21
2026-05-07T16:13:49.2773178+08:00	0x04	-0.0062	-0.0247	-0.1829	0.9828	338.94	357.35	358.79
2026-05-07T16:13:49.4410788+08:00	0x08	-0.0089	-0.0284	0.0410	0.9987	4.73	356.70	359.12
2026-05-07T16:13:49.5177820+08:00	0x07	0.0052	0.3635	0.1290	0.9226	14.04	42.41	355.17
2026-05-07T16:13:49.6619192+08:00	0x06	0.3422	-0.1194	-0.8780	-0.3126	148.95	324.48	334.94
2026-05-07T16:13:49.7148192+08:00	0x01	-0.0187	-0.0415	-0.2521	0.9666	330.88	355.94	356.73
2026-05-07T16:13:49.7703096+08:00	0x03	-0.0030	-0.0170	0.2781	0.9604	32.30	358.03	0.21
2026-05-07T16:13:49.8877418+08:00	0x04	-0.0062	-0.0247	-0.1829	0.9828	338.94	357.35	358.79
2026-05-07T16:13:49.9779850+08:00	0x08	-0.0088	-0.0284	0.0410	0.9987	4.73	356.70	359.12
2026-05-07T16:13:50.1654099+08:00	0x06	0.3425	-0.1184	-0.8781	-0.3126	148.94	324.42	335.04
2026-05-07T16:13:50.2345180+08:00	0x07	0.0037	0.3660	0.1238	0.9223	13.41	42.73	355.19
2026-05-07T16:13:50.2504410+08:00	0x01	-0.0187	-0.0415	-0.2521	0.9666	330.88	355.93	356.73
2026-05-07T16:13:50.2726809+08:00	0x02	0.0136	0.0016	-0.9588	0.2839	212.98	358.56	0.62
2026-05-07T16:13:50.3119845+08:00	0x03	-0.0030	-0.0170	0.2781	0.9604	32.30	358.03	0.21
2026-05-07T16:13:50.3495597+08:00	0x04	-0.0062	-0.0247	-0.1829	0.9828	338.94	357.35	358.79
2026-05-07T16:13:50.5468172+08:00	0x08	-0.0088	-0.0284	0.0410	0.9987	4.73	356.70	359.12
2026-05-07T16:13:50.6041744+08:00	0x07	-0.0012	0.3790	0.1220	0.9173	12.94	44.28	354.57
2026-05-07T16:13:50.6420345+08:00	0x06	0.3588	-0.1220	-0.8690	-0.3182	148.77	322.56	333.87
2026-05-07T16:13:50.8165204+08:00	0x01	-0.0187	-0.0415	-0.2521	0.9666	330.88	355.93	356.73
2026-05-07T16:13:50.8996791+08:00	0x03	-0.0031	-0.0170	0.2781	0.9604	32.30	358.03	0.21
2026-05-07T16:13:50.9257557+08:00	0x04	-0.0062	-0.0247	-0.1829	0.9828	338.94	357.35	358.78
2026-05-07T16:13:51.1360758+08:00	0x07	-0.0080	0.3779	0.1067	0.9196	11.01	44.15	354.53
2026-05-07T16:13:51.2665855+08:00	0x08	-0.0088	-0.0284	0.0410	0.9987	4.73	356.70	359.12
2026-05-07T16:13:51.2828095+08:00	0x06	0.3669	-0.1241	-0.8586	-0.3359	146.84	322.01	332.64
2026-05-07T16:13:51.3446239+08:00	0x02	0.0135	0.0016	-0.9588	0.2839	212.98	358.57	0.61
2026-05-07T16:13:51.5639108+08:00	0x04	-0.0062	-0.0247	-0.1829	0.9828	338.94	357.35	358.78
2026-05-07T16:13:51.6389244+08:00	0x03	-0.0031	-0.0170	0.2781	0.9604	32.30	358.03	0.21
2026-05-07T16:13:51.7353842+08:00	0x07	-0.0086	0.3771	0.1060	0.9201	10.92	44.05	354.51
2026-05-07T16:13:51.8314881+08:00	0x06	0.3351	-0.1162	-0.8733	-0.3339	146.02	325.85	334.74
2026-05-07T16:13:51.9740154+08:00	0x02	0.0136	0.0016	-0.9588	0.2839	212.98	358.56	0.62
2026-05-07T16:13:52.2163817+08:00	0x08	-0.0088	-0.0284	0.0410	0.9987	4.73	356.70	359.12
2026-05-07T16:13:52.2463035+08:00	0x05	-0.0026	0.0184	0.4263	0.9044	50.46	1.78	358.84
2026-05-07T16:13:52.3062338+08:00	0x06	0.2809	-0.1500	-0.8785	-0.3561	142.34	334.12	332.38
2026-05-07T16:13:52.3906765+08:00	0x01	-0.0187	-0.0415	-0.2521	0.9666	330.88	355.94	356.73
2026-05-07T16:13:52.5221083+08:00	0x04	-0.0062	-0.0247	-0.1829	0.9828	338.94	357.35	358.78
2026-05-07T16:13:52.6851984+08:00	0x05	-0.0026	0.0184	0.4263	0.9044	50.46	1.78	358.84
2026-05-07T16:13:52.7857562+08:00	0x07	0.0238	0.3671	0.0869	0.9258	10.27	43.15	358.87
2026-05-07T16:13:52.8262443+08:00	0x06	0.3033	-0.1399	-0.8736	-0.3540	143.08	330.99	332.66
2026-05-07T16:13:52.9966694+08:00	0x01	-0.0187	-0.0415	-0.2521	0.9666	330.88	355.94	356.73
2026-05-07T16:13:53.0880747+08:00	0x04	-0.0062	-0.0247	-0.1829	0.9828	338.94	357.35	358.79
2026-05-07T16:13:53.2284633+08:00	0x03	-0.0030	-0.0170	0.2781	0.9604	32.30	358.03	0.21
2026-05-07T16:13:53.3199422+08:00	0x07	0.0181	0.3825	0.0917	0.9192	10.52	44.99	357.89
2026-05-07T16:13:53.4064740+08:00	0x06	0.3126	-0.1394	-0.8731	-0.3471	144.22	329.61	332.58
2026-05-07T16:13:53.4663760+08:00	0x01	-0.0187	-0.0415	-0.2521	0.9666	330.88	355.94	356.73
2026-05-07T16:13:53.6069829+08:00	0x04	-0.0062	-0.0246	-0.1829	0.9828	338.94	357.36	358.78
2026-05-07T16:13:53.6464603+08:00	0x03	-0.0030	-0.0170	0.2781	0.9604	32.30	358.03	0.21
2026-05-07T16:13:53.8004110+08:00	0x07	0.0170	0.3945	0.0820	0.9151	9.42	46.49	358.07
2026-05-07T16:13:53.8263426+08:00	0x08	-0.0088	-0.0284	0.0410	0.9987	4.73	356.70	359.12
2026-05-07T16:13:53.9240607+08:00	0x06	0.3168	-0.1488	-0.8660	-0.3573	143.17	329.64	331.05
2026-05-07T16:13:54.0864963+08:00	0x01	-0.0187	-0.0415	-0.2521	0.9666	330.88	355.94	356.73
2026-05-07T16:13:54.1812749+08:00	0x03	-0.0030	-0.0170	0.2781	0.9604	32.30	358.03	0.21
2026-05-07T16:13:54.2028541+08:00	0x04	-0.0062	-0.0246	-0.1829	0.9828	338.94	357.36	358.78
2026-05-07T16:13:54.3879556+08:00	0x08	-0.0088	-0.0284	0.0410	0.9987	4.73	356.70	359.12
2026-05-07T16:13:54.4675112+08:00	0x07	0.0205	0.3890	0.0693	0.9184	8.24	45.85	359.06
2026-05-07T16:13:54.4967354+08:00	0x06	0.3255	-0.1487	-0.8566	-0.3717	141.52	329.00	330.21
2026-05-07T16:13:54.6588901+08:00	0x01	-0.0187	-0.0415	-0.2521	0.9666	330.88	355.94	356.73
2026-05-07T16:13:54.7280532+08:00	0x02	0.0136	0.0016	-0.9588	0.2839	212.98	358.56	0.61
2026-05-07T16:13:54.8754552+08:00	0x07	0.0262	0.3877	0.0627	0.9193	7.79	45.74	359.97
2026-05-07T16:13:55.0231588+08:00	0x06	0.2868	-0.1394	-0.8730	-0.3691	140.66	333.46	332.93
2026-05-07T16:13:55.1236847+08:00	0x01	-0.0187	-0.0415	-0.2521	0.9666	330.88	355.94	356.73
2026-05-07T16:13:55.2860835+08:00	0x04	-0.0062	-0.0246	-0.1829	0.9828	338.94	357.35	358.79
2026-05-07T16:13:55.3180277+08:00	0x03	-0.0030	-0.0170	0.2781	0.9604	32.30	358.03	0.21
2026-05-07T16:13:55.4132062+08:00	0x07	0.0014	0.2808	0.1031	0.9542	11.41	32.48	356.84
2026-05-07T16:13:55.5798984+08:00	0x06	0.2724	-0.1225	-0.8791	-0.3715	139.80	334.73	335.30
2026-05-07T16:13:55.6662600+08:00	0x01	-0.0187	-0.0415	-0.2521	0.9666	330.88	355.94	356.73
2026-05-07T16:13:55.7735884+08:00	0x02	0.0136	0.0016	-0.9588	0.2839	212.98	358.56	0.62
2026-05-07T16:13:55.8977500+08:00	0x03	-0.0031	-0.0170	0.2781	0.9604	32.30	358.03	0.21
2026-05-07T16:13:55.9986546+08:00	0x07	0.0271	0.2691	0.1013	0.9574	12.04	31.38	359.85
2026-05-07T16:13:56.0992300+08:00	0x06	0.2682	-0.1300	-0.8829	-0.3629	140.91	335.25	334.90
2026-05-07T16:13:56.2189362+08:00	0x01	-0.0187	-0.0414	-0.2521	0.9666	330.88	355.94	356.73
2026-05-07T16:13:56.3708253+08:00	0x04	-0.0062	-0.0246	-0.1829	0.9828	338.94	357.35	358.79
2026-05-07T16:13:56.4094473+08:00	0x02	0.0136	0.0016	-0.9588	0.2839	212.98	358.56	0.62
2026-05-07T16:13:56.5013880+08:00	0x03	-0.0031	-0.0170	0.2781	0.9604	32.30	358.03	0.21
2026-05-07T16:13:56.5476691+08:00	0x08	-0.0088	-0.0284	0.0410	0.9987	4.73	356.70	359.13
2026-05-07T16:13:56.6878484+08:00	0x06	0.5211	-0.1878	-0.7612	-0.3372	155.66	300.09	320.40
2026-05-07T16:13:56.8029372+08:00	0x01	-0.0187	-0.0415	-0.2521	0.9666	330.88	355.94	356.73
2026-05-07T16:13:56.9506894+08:00	0x04	-0.0062	-0.0246	-0.1829	0.9828	338.94	357.35	358.79
2026-05-07T16:13:56.9822809+08:00	0x02	0.0136	0.0016	-0.9588	0.2839	212.98	358.56	0.62
2026-05-07T16:13:57.0394217+08:00	0x07	0.0263	0.2694	0.1013	0.9573	12.02	31.41	359.76
2026-05-07T16:13:57.1508728+08:00	0x08	-0.0088	-0.0284	0.0410	0.9987	4.73	356.70	359.13
2026-05-07T16:13:57.3293113+08:00	0x01	-0.0187	-0.0415	-0.2521	0.9666	330.88	355.94	356.73
2026-05-07T16:13:57.4111485+08:00	0x04	-0.0062	-0.0246	-0.1829	0.9828	338.94	357.35	358.79
2026-05-07T16:13:57.4914447+08:00	0x02	0.0136	0.0016	-0.9588	0.2839	212.98	358.56	0.62
2026-05-07T16:13:57.5573666+08:00	0x07	-0.0369	0.7108	0.0201	0.7022	358.61	90.75	355.38
2026-05-07T16:13:57.5883711+08:00	0x03	-0.0031	-0.0170	0.2781	0.9604	32.30	358.03	0.21
2026-05-07T16:13:57.7580330+08:00	0x08	-0.0088	-0.0284	0.0410	0.9987	4.73	356.71	359.13
2026-05-07T16:13:57.7872192+08:00	0x06	0.5141	-0.1863	-0.7658	-0.3384	155.03	301.29	320.70
2026-05-07T16:13:57.8793709+08:00	0x01	-0.0187	-0.0415	-0.2521	0.9666	330.88	355.94	356.73
2026-05-07T16:13:57.9547779+08:00	0x04	-0.0062	-0.0246	-0.1829	0.9828	338.94	357.36	358.79
2026-05-07T16:13:58.0764790+08:00	0x02	0.0136	0.0016	-0.9588	0.2839	212.98	358.56	0.61
2026-05-07T16:13:58.1140378+08:00	0x03	-0.0030	-0.0170	0.2781	0.9604	32.30	358.03	0.21
2026-05-07T16:13:58.3402018+08:00	0x06	0.7428	-0.1429	-0.6108	-0.2340	175.05	260.26	328.52
2026-05-07T16:13:58.3996585+08:00	0x01	-0.0187	-0.0414	-0.2521	0.9666	330.88	355.94	356.73
2026-05-07T16:13:58.5271177+08:00	0x04	-0.0062	-0.0246	-0.1829	0.9828	338.94	357.35	358.79
2026-05-07T16:13:58.6315286+08:00	0x07	0.0917	0.7140	-0.1508	0.6775	355.53	92.22	19.85
2026-05-07T16:13:58.6844114+08:00	0x03	-0.0030	-0.0170	0.2781	0.9604	32.30	358.03	0.21
2026-05-07T16:13:58.8597652+08:00	0x06	0.7522	-0.1271	-0.6061	-0.2251	174.62	259.14	330.48
2026-05-07T16:13:59.0047789+08:00	0x01	-0.0187	-0.0414	-0.2521	0.9666	330.88	355.94	356.73
2026-05-07T16:13:59.1377630+08:00	0x04	-0.0062	-0.0246	-0.1829	0.9828	338.94	357.35	358.79
2026-05-07T16:13:59.1813093+08:00	0x07	0.2393	0.6776	-0.2828	0.6353	357.23	92.58	43.42
2026-05-07T16:13:59.3334030+08:00	0x06	0.7605	-0.1052	-0.6052	-0.2105	173.91	258.47	333.41
2026-05-07T16:13:59.6235269+08:00	0x02	0.0136	0.0016	-0.9588	0.2839	212.98	358.56	0.61
2026-05-07T16:13:59.7238026+08:00	0x07	0.2860	0.6580	-0.3224	0.6175	358.03	92.70	51.03
2026-05-07T16:13:59.9470884+08:00	0x06	0.7620	-0.1006	-0.6052	-0.2075	173.75	258.36	334.03
2026-05-07T16:14:00.0864170+08:00	0x01	-0.0187	-0.0415	-0.2521	0.9666	330.88	355.94	356.73
2026-05-07T16:14:00.1753353+08:00	0x04	-0.0062	-0.0246	-0.1829	0.9828	338.94	357.35	358.79
2026-05-07T16:14:00.1993363+08:00	0x03	-0.0030	-0.0170	0.2781	0.9604	32.30	358.03	0.21
2026-05-07T16:14:00.2848435+08:00	0x08	-0.0088	-0.0284	0.0410	0.9987	4.73	356.71	359.12
2026-05-07T16:14:00.3223409+08:00	0x07	0.3152	0.6447	-0.3468	0.6040	358.72	93.05	55.88
2026-05-07T16:14:00.5238326+08:00	0x06	0.7631	-0.0955	-0.6057	-0.2042	173.55	258.32	334.70
2026-05-07T16:14:00.6398677+08:00	0x01	-0.0187	-0.0415	-0.2521	0.9666	330.88	355.94	356.73
2026-05-07T16:14:00.8089596+08:00	0x04	-0.0062	-0.0246	-0.1829	0.9828	338.94	357.35	358.79
2026-05-07T16:14:00.8488542+08:00	0x07	0.3396	0.6322	-0.3660	0.5925	359.52	93.44	59.90
2026-05-07T16:14:00.9408174+08:00	0x03	-0.0030	-0.0170	0.2781	0.9604	32.30	358.03	0.21
2026-05-07T16:14:01.0413657+08:00	0x06	0.7648	-0.0919	-0.6052	-0.2011	173.50	258.14	335.24
2026-05-07T16:14:01.1173853+08:00	0x01	-0.0187	-0.0415	-0.2521	0.9666	330.88	355.94	356.73
2026-05-07T16:14:01.2617093+08:00	0x04	-0.0062	-0.0246	-0.1829	0.9828	338.94	357.35	358.79
2026-05-07T16:14:01.3403287+08:00	0x03	-0.0030	-0.0170	0.2781	0.9604	32.30	358.03	0.21
2026-05-07T16:14:01.3643405+08:00	0x02	0.0135	0.0015	-0.9588	0.2839	212.98	358.56	0.61
2026-05-07T16:14:01.3957409+08:00	0x08	-0.0088	-0.0284	0.0410	0.9987	4.73	356.71	359.12
2026-05-07T16:14:01.4254479+08:00	0x07	0.3754	0.6139	-0.3919	0.5732	1.62	94.98	65.73
2026-05-07T16:14:01.6366916+08:00	0x06	0.7019	-0.1077	-0.6628	-0.2374	169.28	269.44	331.57
2026-05-07T16:14:01.8560986+08:00	0x03	-0.0030	-0.0170	0.2781	0.9604	32.30	358.03	0.21
2026-05-07T16:14:01.8908271+08:00	0x08	-0.0088	-0.0284	0.0410	0.9987	4.73	356.71	359.12
2026-05-07T16:14:01.9170754+08:00	0x02	0.0136	0.0016	-0.9588	0.2839	212.98	358.56	0.61
2026-05-07T16:14:02.0103837+08:00	0x07	0.3748	0.6142	-0.3915	0.5735	1.57	94.93	65.63
2026-05-07T16:14:02.1485191+08:00	0x06	0.7039	-0.1072	-0.6612	-0.2363	169.42	269.09	331.67
2026-05-07T16:14:02.2117419+08:00	0x01	-0.0187	-0.0415	-0.2521	0.9666	330.88	355.94	356.73
2026-05-07T16:14:02.3741842+08:00	0x04	-0.0062	-0.0246	-0.1829	0.9828	338.94	357.36	358.79
2026-05-07T16:14:02.4514275+08:00	0x08	-0.0088	-0.0284	0.0410	0.9987	4.73	356.70	359.12
2026-05-07T16:14:02.5463839+08:00	0x07	0.3780	0.3342	-0.6232	0.5975	262.76	351.68	60.26
2026-05-07T16:14:02.6084930+08:00	0x06	0.3328	-0.0707	-0.8828	-0.3239	146.07	324.81	340.10
2026-05-07T16:14:02.7300205+08:00	0x01	-0.0187	-0.0415	-0.2521	0.9666	330.88	355.94	356.73
2026-05-07T16:14:02.8940428+08:00	0x04	-0.0062	-0.0246	-0.1829	0.9828	338.94	357.36	358.79
2026-05-07T16:14:03.0088163+08:00	0x02	0.0136	0.0016	-0.9588	0.2839	212.98	358.56	0.61
2026-05-07T16:14:03.1461614+08:00	0x06	0.1729	-0.1144	-0.9286	-0.3077	145.86	344.67	341.41
2026-05-07T16:14:03.3183092+08:00	0x01	-0.0187	-0.0415	-0.2521	0.9666	330.88	355.94	356.73
2026-05-07T16:14:03.4116366+08:00	0x03	-0.0030	-0.0170	0.2781	0.9604	32.30	358.03	0.21
2026-05-07T16:14:03.5085461+08:00	0x04	-0.0062	-0.0246	-0.1829	0.9828	338.94	357.36	358.78
2026-05-07T16:14:03.5905603+08:00	0x08	-0.0088	-0.0284	0.0410	0.9987	4.73	356.71	359.12
2026-05-07T16:14:03.6766593+08:00	0x07	0.2343	0.1016	-0.6760	0.6912	268.47	348.54	27.47
2026-05-07T16:14:03.8912617+08:00	0x01	-0.0187	-0.0415	-0.2521	0.9666	330.88	355.94	356.73
2026-05-07T16:14:03.9522657+08:00	0x03	-0.0030	-0.0170	0.2781	0.9604	32.30	358.03	0.21
2026-05-07T16:14:04.0163069+08:00	0x04	-0.0062	-0.0246	-0.1829	0.9828	338.94	357.36	358.78
2026-05-07T16:14:04.1195501+08:00	0x08	-0.0088	-0.0284	0.0410	0.9987	4.73	356.71	359.12
2026-05-07T16:14:04.2549944+08:00	0x07	0.5466	0.4932	-0.5131	0.4413	145.14	236.20	81.31
2026-05-07T16:14:04.2861731+08:00	0x06	0.5875	-0.1572	-0.7453	-0.2734	164.46	288.25	326.25
2026-05-07T16:14:04.4090741+08:00	0x01	-0.0187	-0.0415	-0.2521	0.9666	330.88	355.94	356.73
2026-05-07T16:14:04.5020666+08:00	0x03	-0.0030	-0.0170	0.2781	0.9604	32.30	358.03	0.21
2026-05-07T16:14:04.5409632+08:00	0x04	-0.0062	-0.0246	-0.1829	0.9828	338.94	357.36	358.78
2026-05-07T16:14:04.6572364+08:00	0x08	-0.0088	-0.0284	0.0410	0.9987	4.73	356.71	359.12
2026-05-07T16:14:04.7476085+08:00	0x07	0.4621	0.5588	-0.4493	0.5218	15.73	107.13	79.88
2026-05-07T16:14:04.9757878+08:00	0x01	-0.0187	-0.0415	-0.2521	0.9666	330.88	355.94	356.73
2026-05-07T16:14:05.0280151+08:00	0x03	-0.0030	-0.0170	0.2781	0.9604	32.30	358.04	0.21
2026-05-07T16:14:05.1574162+08:00	0x02	0.0136	0.0016	-0.9588	0.2839	212.98	358.56	0.62
2026-05-07T16:14:05.2844851+08:00	0x07	0.4488	0.5793	-0.4448	0.5150	17.05	110.52	77.83
2026-05-07T16:14:05.5002941+08:00	0x01	-0.0187	-0.0415	-0.2521	0.9666	330.88	355.94	356.73
2026-05-07T16:14:05.6349575+08:00	0x04	-0.0062	-0.0246	-0.1829	0.9828	338.94	357.36	358.79
2026-05-07T16:14:05.6718001+08:00	0x02	0.0135	0.0016	-0.9588	0.2839	212.98	358.57	0.61
2026-05-07T16:14:05.6936906+08:00	0x08	-0.0088	-0.0284	0.0410	0.9987	4.73	356.71	359.12
2026-05-07T16:14:05.7700862+08:00	0x03	-0.0030	-0.0170	0.2781	0.9604	32.30	358.04	0.21
2026-05-07T16:14:05.8136372+08:00	0x07	0.4134	0.6093	-0.4142	0.5350	10.89	105.24	71.29
2026-05-07T16:14:06.0564900+08:00	0x01	-0.0187	-0.0415	-0.2521	0.9666	330.88	355.94	356.73
2026-05-07T16:14:06.1052825+08:00	0x04	-0.0062	-0.0246	-0.1829	0.9828	338.94	357.36	358.79
2026-05-07T16:14:06.1410254+08:00	0x03	-0.0030	-0.0170	0.2781	0.9604	32.30	358.04	0.21
2026-05-07T16:14:06.2385642+08:00	0x02	0.0135	0.0016	-0.9588	0.2839	212.98	358.57	0.61
2026-05-07T16:14:06.2993775+08:00	0x05	-0.0026	0.0184	0.4263	0.9044	50.46	1.78	358.84
2026-05-07T16:14:06.3527270+08:00	0x06	0.6696	-0.1064	-0.6970	-0.2334	168.12	275.21	332.56
2026-05-07T16:14:06.6258647+08:00	0x01	-0.0187	-0.0415	-0.2521	0.9666	330.88	355.94	356.73
2026-05-07T16:14:06.7093804+08:00	0x03	-0.0030	-0.0170	0.2781	0.9604	32.30	358.04	0.21
2026-05-07T16:14:06.7505595+08:00	0x02	0.0136	0.0016	-0.9588	0.2839	212.98	358.56	0.61
2026-05-07T16:14:06.8284190+08:00	0x07	0.3643	0.6464	-0.3650	0.5624	7.36	102.37	61.83
2026-05-07T16:14:06.8714316+08:00	0x06	0.6677	-0.0932	-0.7037	-0.2241	167.79	275.78	334.50
2026-05-07T16:14:07.1440876+08:00	0x01	-0.0187	-0.0415	-0.2521	0.9666	330.88	355.94	356.73
2026-05-07T16:14:07.2335004+08:00	0x03	-0.0030	-0.0170	0.2781	0.9604	32.30	358.04	0.21
2026-05-07T16:14:07.3251427+08:00	0x02	0.0136	0.0016	-0.9588	0.2839	212.98	358.56	0.61
2026-05-07T16:14:07.4221800+08:00	0x07	0.3468	0.6568	-0.3488	0.5715	6.28	101.47	58.72
2026-05-07T16:14:07.6204648+08:00	0x01	-0.0187	-0.0415	-0.2521	0.9666	330.88	355.94	356.73
2026-05-07T16:14:07.7680573+08:00	0x03	-0.0030	-0.0170	0.2781	0.9604	32.30	358.04	0.21
2026-05-07T16:14:07.7986151+08:00	0x04	-0.0062	-0.0246	-0.1829	0.9828	338.94	357.36	358.79
2026-05-07T16:14:07.8693716+08:00	0x08	-0.0088	-0.0284	0.0410	0.9987	4.73	356.71	359.12
2026-05-07T16:14:07.9724570+08:00	0x06	0.6690	-0.0737	-0.7099	-0.2077	167.73	275.85	337.51
2026-05-07T16:14:08.2035540+08:00	0x01	-0.0187	-0.0415	-0.2521	0.9666	330.88	355.94	356.73
2026-05-07T16:14:08.2855760+08:00	0x04	-0.0062	-0.0246	-0.1829	0.9828	338.94	357.36	358.79
2026-05-07T16:14:08.3383486+08:00	0x03	-0.0031	-0.0170	0.2781	0.9604	32.30	358.03	0.21
2026-05-07T16:14:08.4065790+08:00	0x08	-0.0088	-0.0284	0.0410	0.9987	4.73	356.71	359.12
2026-05-07T16:14:08.4258478+08:00	0x02	0.0136	0.0016	-0.9588	0.2839	212.98	358.56	0.61
2026-05-07T16:14:08.5484820+08:00	0x07	0.3326	0.6675	-0.3281	0.5798	6.44	101.44	55.46
2026-05-07T16:14:08.6187673+08:00	0x05	-0.0025	0.0185	0.4263	0.9044	50.46	1.79	358.84
2026-05-07T16:14:08.7166246+08:00	0x01	-0.0187	-0.0415	-0.2521	0.9666	330.88	355.93	356.73
2026-05-07T16:14:08.8611111+08:00	0x04	-0.0062	-0.0246	-0.1829	0.9828	338.94	357.36	358.79
2026-05-07T16:14:08.9593282+08:00	0x08	-0.0088	-0.0284	0.0410	0.9987	4.73	356.71	359.12
2026-05-07T16:14:09.0138620+08:00	0x05	-0.0025	0.0184	0.4263	0.9044	50.46	1.79	358.84
2026-05-07T16:14:09.0577686+08:00	0x06	0.6730	-0.0668	-0.7101	-0.1960	168.35	275.24	338.98
2026-05-07T16:14:09.0967394+08:00	0x07	0.3296	0.6728	-0.3213	0.5792	7.05	102.18	54.50
2026-05-07T16:14:09.2825220+08:00	0x01	-0.0187	-0.0415	-0.2521	0.9666	330.88	355.94	356.73
2026-05-07T16:14:09.3733864+08:00	0x04	-0.0062	-0.0246	-0.1829	0.9828	338.94	357.36	358.79
2026-05-07T16:14:09.5104857+08:00	0x02	0.0136	0.0016	-0.9588	0.2839	212.98	358.56	0.61
2026-05-07T16:14:09.5465043+08:00	0x03	-0.0030	-0.0170	0.2781	0.9604	32.30	358.04	0.21
2026-05-07T16:14:09.6161504+08:00	0x07	0.3295	0.6746	-0.3202	0.5777	7.35	102.63	54.37
2026-05-07T16:14:09.6456905+08:00	0x06	0.6728	-0.0727	-0.7087	-0.1995	168.50	275.20	338.19
2026-05-07T16:14:09.8177301+08:00	0x01	-0.0187	-0.0415	-0.2521	0.9666	330.88	355.94	356.73
2026-05-07T16:14:09.9296037+08:00	0x03	-0.0030	-0.0170	0.2781	0.9604	32.30	358.04	0.21
2026-05-07T16:14:10.0638730+08:00	0x08	-0.0088	-0.0284	0.0410	0.9987	4.73	356.71	359.12
2026-05-07T16:14:10.2267255+08:00	0x07	0.3273	0.6753	-0.3158	0.5807	7.31	102.32	53.77
2026-05-07T16:14:10.3829332+08:00	0x01	-0.0187	-0.0415	-0.2521	0.9666	330.88	355.94	356.73
2026-05-07T16:14:10.4667540+08:00	0x03	-0.0030	-0.0170	0.2781	0.9604	32.30	358.04	0.21
2026-05-07T16:14:10.6113563+08:00	0x02	0.0136	0.0016	-0.9588	0.2839	212.98	358.56	0.61
2026-05-07T16:14:10.7206162+08:00	0x06	0.6743	-0.0702	-0.7084	-0.1967	168.60	274.98	338.61
2026-05-07T16:14:10.7572984+08:00	0x07	0.3243	0.6776	-0.3140	0.5805	7.21	102.45	53.33
2026-05-07T16:14:10.9449394+08:00	0x01	-0.0187	-0.0415	-0.2521	0.9666	330.88	355.94	356.73
2026-05-07T16:14:11.0472995+08:00	0x04	-0.0062	-0.0246	-0.1829	0.9828	338.94	357.36	358.79
2026-05-07T16:14:11.0800944+08:00	0x03	-0.0030	-0.0170	0.2781	0.9604	32.30	358.04	0.21
2026-05-07T16:14:11.1044911+08:00	0x02	0.0136	0.0016	-0.9588	0.2839	212.98	358.56	0.61
2026-05-07T16:14:11.1498356+08:00	0x08	-0.0088	-0.0284	0.0410	0.9987	4.73	356.71	359.13
2026-05-07T16:14:11.2805770+08:00	0x05	-0.0026	0.0184	0.4263	0.9044	50.46	1.78	358.84
2026-05-07T16:14:11.3264539+08:00	0x06	0.6763	-0.0732	-0.7054	-0.1990	168.71	274.60	338.13
2026-05-07T16:14:11.4873949+08:00	0x01	-0.0187	-0.0415	-0.2521	0.9666	330.88	355.94	356.73
2026-05-07T16:14:11.6238789+08:00	0x03	-0.0030	-0.0170	0.2781	0.9604	32.30	358.04	0.21
2026-05-07T16:14:11.7302222+08:00	0x08	-0.0088	-0.0284	0.0410	0.9987	4.73	356.70	359.12
2026-05-07T16:14:11.8001349+08:00	0x04	-0.0062	-0.0246	-0.1829	0.9828	338.94	357.36	358.79
2026-05-07T16:14:11.8344213+08:00	0x07	0.3249	0.6808	-0.3125	0.5773	7.82	103.34	53.19
2026-05-07T16:14:11.9567926+08:00	0x06	0.6789	-0.0715	-0.7038	-0.1967	168.85	274.19	338.43
2026-05-07T16:14:12.0584409+08:00	0x01	-0.0187	-0.0415	-0.2521	0.9666	330.88	355.94	356.73
2026-05-07T16:14:12.1460870+08:00	0x03	-0.0030	-0.0170	0.2781	0.9604	32.30	358.04	0.21
2026-05-07T16:14:12.1597385+08:00	0x04	-0.0062	-0.0246	-0.1829	0.9828	338.94	357.36	358.79
2026-05-07T16:14:12.3044131+08:00	0x08	-0.0088	-0.0284	0.0410	0.9987	4.73	356.70	359.12
2026-05-07T16:14:12.4008994+08:00	0x06	0.6797	-0.0673	-0.7044	-0.1932	168.85	274.11	339.06
2026-05-07T16:14:12.4162189+08:00	0x07	0.3229	0.6817	-0.3108	0.5783	7.70	103.22	52.86
2026-05-07T16:14:12.6047498+08:00	0x03	-0.0030	-0.0170	0.2781	0.9604	32.30	358.04	0.21
2026-05-07T16:14:12.7221498+08:00	0x04	-0.0062	-0.0246	-0.1829	0.9828	338.94	357.36	358.78
2026-05-07T16:14:12.7662392+08:00	0x01	-0.0187	-0.0414	-0.2521	0.9666	330.88	355.94	356.73
2026-05-07T16:14:13.0045094+08:00	0x02	0.0136	0.0015	-0.9588	0.2839	212.98	358.56	0.61
2026-05-07T16:14:13.1367738+08:00	0x01	-0.0187	-0.0414	-0.2521	0.9666	330.88	355.94	356.73
2026-05-07T16:14:13.1688498+08:00	0x03	-0.0030	-0.0170	0.2781	0.9604	32.30	358.04	0.21
2026-05-07T16:14:13.2615717+08:00	0x02	0.0136	0.0016	-0.9588	0.2839	212.98	358.56	0.61
2026-05-07T16:14:13.4084491+08:00	0x08	-0.0088	-0.0284	0.0410	0.9987	4.73	356.70	359.12
2026-05-07T16:14:13.5026467+08:00	0x06	0.6861	-0.0663	-0.6980	-0.1940	168.89	273.05	338.97
2026-05-07T16:14:13.6805059+08:00	0x03	-0.0030	-0.0170	0.2781	0.9604	32.30	358.04	0.21
2026-05-07T16:14:13.8057281+08:00	0x04	-0.0062	-0.0246	-0.1829	0.9828	338.94	357.36	358.79
2026-05-07T16:14:13.9133911+08:00	0x08	-0.0088	-0.0284	0.0410	0.9987	4.73	356.70	359.12
2026-05-07T16:14:14.0029418+08:00	0x05	-0.0026	0.0184	0.4263	0.9044	50.46	1.78	358.83
2026-05-07T16:14:14.0339038+08:00	0x07	0.3655	0.6043	-0.3827	0.5956	358.17	89.69	63.89
2026-05-07T16:14:14.0610569+08:00	0x06	0.7393	-0.0632	-0.6454	-0.1813	171.38	263.80	339.54
2026-05-07T16:14:14.2433533+08:00	0x03	-0.0031	-0.0170	0.2781	0.9604	32.30	358.03	0.20
2026-05-07T16:14:14.2623473+08:00	0x01	-0.0187	-0.0414	-0.2521	0.9666	330.88	355.94	356.73
2026-05-07T16:14:14.3513278+08:00	0x02	0.0136	0.0016	-0.9588	0.2839	212.98	358.56	0.61
2026-05-07T16:14:14.4175032+08:00	0x04	-0.0062	-0.0246	-0.1829	0.9828	338.94	357.36	358.79
2026-05-07T16:14:14.4662683+08:00	0x05	-0.0026	0.0184	0.4263	0.9044	50.46	1.78	358.83
2026-05-07T16:14:14.5654923+08:00	0x07	0.4590	0.5384	-0.4856	0.5135	357.56	90.52	83.85
2026-05-07T16:14:14.6784723+08:00	0x06	0.7489	-0.0806	-0.6266	-0.2002	171.83	261.55	336.37
2026-05-07T16:14:14.8083648+08:00	0x01	-0.0187	-0.0414	-0.2521	0.9666	330.88	355.94	356.73
2026-05-07T16:14:14.8476009+08:00	0x03	-0.0031	-0.0170	0.2781	0.9604	32.30	358.03	0.20
2026-05-07T16:14:14.9449016+08:00	0x08	-0.0088	-0.0284	0.0410	0.9987	4.73	356.71	359.12
2026-05-07T16:14:15.1574467+08:00	0x07	0.5177	0.4834	-0.5412	0.4533	175.34	268.42	82.99
2026-05-07T16:14:15.2581958+08:00	0x06	0.7526	-0.0770	-0.6237	-0.1967	171.91	260.95	336.91
2026-05-07T16:14:15.3553187+08:00	0x03	-0.0031	-0.0170	0.2781	0.9604	32.30	358.03	0.20
2026-05-07T16:14:15.3819749+08:00	0x04	-0.0062	-0.0246	-0.1829	0.9828	338.94	357.36	358.79
2026-05-07T16:14:15.5120569+08:00	0x02	0.0136	0.0016	-0.9588	0.2839	212.98	358.56	0.61
2026-05-07T16:14:15.6804189+08:00	0x07	0.5602	0.4361	-0.5773	0.4034	175.58	268.46	72.84
2026-05-07T16:14:15.7713677+08:00	0x06	0.7539	-0.0750	-0.6230	-0.1947	171.93	260.76	337.23
2026-05-07T16:14:15.9283911+08:00	0x03	-0.0031	-0.0170	0.2781	0.9604	32.30	358.03	0.20
2026-05-07T16:14:16.0175760+08:00	0x02	0.0136	0.0016	-0.9588	0.2839	212.98	358.56	0.61
2026-05-07T16:14:16.2113036+08:00	0x07	0.5590	0.4375	-0.5763	0.4050	175.58	268.46	73.14
2026-05-07T16:14:16.3494423+08:00	0x06	0.7530	-0.0757	-0.6233	-0.1971	171.78	260.91	336.97
2026-05-07T16:14:16.4584242+08:00	0x04	-0.0062	-0.0246	-0.1829	0.9828	338.94	357.36	358.78
2026-05-07T16:14:16.4925903+08:00	0x01	-0.0187	-0.0414	-0.2521	0.9666	330.88	355.94	356.73
2026-05-07T16:14:16.5621895+08:00	0x08	-0.0088	-0.0284	0.0410	0.9987	4.73	356.71	359.12
2026-05-07T16:14:16.7258212+08:00	0x05	-0.0026	0.0184	0.4263	0.9044	50.46	1.79	358.83
2026-05-07T16:14:16.7575873+08:00	0x07	0.5829	0.4052	-0.5982	0.3717	176.00	268.85	66.66
2026-05-07T16:14:16.8690786+08:00	0x06	0.7556	-0.0743	-0.6198	-0.1986	171.63	260.44	336.90
2026-05-07T16:14:16.9600954+08:00	0x03	-0.0030	-0.0169	0.2781	0.9604	32.30	358.04	0.21
2026-05-07T16:14:17.0540730+08:00	0x01	-0.0187	-0.0414	-0.2521	0.9666	330.88	355.94	356.73
2026-05-07T16:14:17.1305673+08:00	0x08	-0.0088	-0.0284	0.0410	0.9987	4.73	356.71	359.12
2026-05-07T16:14:17.3408495+08:00	0x07	0.6216	0.3516	-0.6296	0.3059	174.76	267.98	55.39
2026-05-07T16:14:17.4660847+08:00	0x06	0.7573	-0.0823	-0.6147	-0.2049	171.97	259.86	335.70
2026-05-07T16:14:17.5496827+08:00	0x04	-0.0062	-0.0246	-0.1829	0.9828	338.94	357.36	358.78
2026-05-07T16:14:17.6116216+08:00	0x02	0.0136	0.0016	-0.9588	0.2839	212.98	358.56	0.62
2026-05-07T16:14:17.7304353+08:00	0x08	-0.0088	-0.0284	0.0410	0.9987	4.73	356.70	359.12
2026-05-07T16:14:17.8477643+08:00	0x06	0.7565	-0.0815	-0.6166	-0.2023	172.07	260.05	336.01
2026-05-07T16:14:17.9133206+08:00	0x07	0.6277	0.3403	-0.6332	0.2988	175.28	268.11	53.71
2026-05-07T16:14:18.1186995+08:00	0x03	-0.0030	-0.0169	0.2781	0.9604	32.30	358.04	0.21
2026-05-07T16:14:18.1326635+08:00	0x01	-0.0187	-0.0414	-0.2521	0.9666	330.88	355.94	356.73
2026-05-07T16:14:18.1616311+08:00	0x02	0.0136	0.0016	-0.9588	0.2839	212.98	358.56	0.62
2026-05-07T16:14:18.2219793+08:00	0x08	-0.0088	-0.0284	0.0410	0.9987	4.73	356.70	359.12
2026-05-07T16:14:18.4114446+08:00	0x07	0.6327	0.3289	-0.6390	0.2885	175.61	268.44	51.75
2026-05-07T16:14:18.4410085+08:00	0x06	0.7562	-0.0810	-0.6171	-0.2022	172.01	260.13	336.06
2026-05-07T16:14:18.6334575+08:00	0x03	-0.0031	-0.0169	0.2781	0.9604	32.30	358.04	0.20
2026-05-07T16:14:18.6644050+08:00	0x04	-0.0062	-0.0246	-0.1829	0.9828	338.94	357.36	358.78
2026-05-07T16:14:18.8104750+08:00	0x08	-0.0088	-0.0284	0.0410	0.9987	4.73	356.71	359.12
2026-05-07T16:14:18.8728179+08:00	0x02	0.0136	0.0016	-0.9588	0.2839	212.98	358.56	0.62
2026-05-07T16:14:19.0104918+08:00	0x07	0.6372	0.3224	-0.6422	0.2786	175.24	268.21	50.28
2026-05-07T16:14:19.1103703+08:00	0x04	-0.0062	-0.0246	-0.1829	0.9828	338.94	357.36	358.78
2026-05-07T16:14:19.1799331+08:00	0x03	-0.0031	-0.0169	0.2781	0.9604	32.30	358.04	0.20
2026-05-07T16:14:19.4250885+08:00	0x06	0.7590	-0.0789	-0.6142	-0.2014	171.99	259.65	336.26
2026-05-07T16:14:19.4571630+08:00	0x05	-0.0026	0.0184	0.4263	0.9044	50.46	1.79	358.83
2026-05-07T16:14:19.6814499+08:00	0x04	-0.0062	-0.0246	-0.1829	0.9828	338.94	357.36	358.78
2026-05-07T16:14:19.7555942+08:00	0x03	-0.0031	-0.0169	0.2781	0.9604	32.30	358.04	0.20
2026-05-07T16:14:19.8940049+08:00	0x08	-0.0088	-0.0284	0.0410	0.9987	4.73	356.70	359.12
2026-05-07T16:14:19.9445349+08:00	0x05	-0.0026	0.0184	0.4263	0.9044	50.46	1.79	358.83
2026-05-07T16:14:19.9924499+08:00	0x06	0.7583	-0.0794	-0.6149	-0.2015	172.00	259.77	336.21
2026-05-07T16:14:20.0437578+08:00	0x07	0.6424	0.3133	-0.6459	0.2683	175.15	268.12	48.54
2026-05-07T16:14:20.2139462+08:00	0x04	-0.0062	-0.0246	-0.1829	0.9828	338.94	357.36	358.78
2026-05-07T16:14:20.2447236+08:00	0x03	-0.0031	-0.0169	0.2781	0.9604	32.30	358.04	0.20
2026-05-07T16:14:20.4755526+08:00	0x08	-0.0088	-0.0284	0.0410	0.9987	4.73	356.70	359.12
2026-05-07T16:14:20.5065757+08:00	0x06	0.7587	-0.0796	-0.6144	-0.2012	172.06	259.68	336.22
2026-05-07T16:14:20.6064706+08:00	0x07	0.6452	0.3089	-0.6473	0.2633	175.08	268.00	47.70
2026-05-07T16:14:20.8003409+08:00	0x03	-0.0031	-0.0169	0.2781	0.9604	32.30	358.04	0.20
2026-05-07T16:14:20.8198341+08:00	0x01	-0.0187	-0.0415	-0.2521	0.9666	330.88	355.94	356.73
2026-05-07T16:14:20.9886173+08:00	0x08	-0.0088	-0.0284	0.0410	0.9987	4.73	356.71	359.13
2026-05-07T16:14:21.0823431+08:00	0x06	0.7581	-0.0798	-0.6151	-0.2014	172.04	259.79	336.20
2026-05-07T16:14:21.1424376+08:00	0x07	0.6464	0.3058	-0.6487	0.2604	175.15	268.08	47.17
2026-05-07T16:14:21.3307771+08:00	0x04	-0.0062	-0.0245	-0.1829	0.9828	338.94	357.36	358.79
2026-05-07T16:14:21.3654554+08:00	0x01	-0.0187	-0.0415	-0.2521	0.9666	330.88	355.94	356.73
2026-05-07T16:14:21.5664182+08:00	0x08	-0.0088	-0.0284	0.0410	0.9987	4.73	356.70	359.12
2026-05-07T16:14:21.6007156+08:00	0x06	0.7578	-0.0794	-0.6157	-0.2009	172.02	259.86	336.29
2026-05-07T16:14:21.6796974+08:00	0x07	0.6466	0.3047	-0.6492	0.2601	175.26	268.16	47.06
2026-05-07T16:14:21.8731785+08:00	0x04	-0.0062	-0.0246	-0.1829	0.9828	338.94	357.36	358.78
2026-05-07T16:14:21.9210491+08:00	0x01	-0.0187	-0.0415	-0.2521	0.9666	330.88	355.94	356.73
2026-05-07T16:14:22.1623316+08:00	0x05	-0.0026	0.0184	0.4263	0.9044	50.46	1.78	358.84
2026-05-07T16:14:22.2088194+08:00	0x06	0.7568	-0.0793	-0.6169	-0.2010	171.96	260.06	336.29
2026-05-07T16:14:22.2668767+08:00	0x07	0.6466	0.3024	-0.6506	0.2593	175.50	268.41	46.78
2026-05-07T16:14:22.3941452+08:00	0x04	-0.0062	-0.0245	-0.1829	0.9828	338.94	357.36	358.79
2026-05-07T16:14:22.5191469+08:00	0x02	0.0136	0.0016	-0.9588	0.2839	212.98	358.56	0.61
2026-05-07T16:14:22.6193079+08:00	0x05	-0.0026	0.0184	0.4263	0.9044	50.46	1.78	358.84
2026-05-07T16:14:22.6959181+08:00	0x06	0.7564	-0.0791	-0.6172	-0.2015	171.90	260.13	336.27
2026-05-07T16:14:22.8037128+08:00	0x07	0.6467	0.3004	-0.6518	0.2582	175.67	268.60	46.52
2026-05-07T16:14:23.0273118+08:00	0x04	-0.0062	-0.0246	-0.1829	0.9828	338.94	357.36	358.78
2026-05-07T16:14:23.0402791+08:00	0x03	-0.0030	-0.0170	0.2781	0.9604	32.30	358.04	0.21
2026-05-07T16:14:23.2214008+08:00	0x08	-0.0088	-0.0284	0.0410	0.9987	4.73	356.70	359.12
2026-05-07T16:14:23.4185189+08:00	0x07	0.6494	0.2971	-0.6525	0.2536	175.48	268.37	45.81
2026-05-07T16:14:23.5253530+08:00	0x03	-0.0030	-0.0169	0.2781	0.9604	32.30	358.04	0.21
2026-05-07T16:14:23.5483927+08:00	0x04	-0.0062	-0.0246	-0.1829	0.9828	338.94	357.36	358.78
2026-05-07T16:14:23.5974187+08:00	0x01	-0.0187	-0.0415	-0.2521	0.9666	330.88	355.94	356.73
2026-05-07T16:14:23.7992752+08:00	0x06	0.7569	-0.0792	-0.6170	-0.2002	172.02	260.04	336.37
2026-05-07T16:14:23.9365826+08:00	0x07	0.6513	0.2931	-0.6533	0.2513	175.64	268.35	45.26
2026-05-07T16:14:24.0214357+08:00	0x01	-0.0187	-0.0415	-0.2521	0.9666	330.88	355.94	356.73
2026-05-07T16:14:24.0583818+08:00	0x03	-0.0030	-0.0169	0.2781	0.9604	32.30	358.04	0.21
2026-05-07T16:14:24.1793906+08:00	0x02	0.0136	0.0016	-0.9588	0.2839	212.98	358.56	0.61
2026-05-07T16:14:24.2631063+08:00	0x06	0.7556	-0.0790	-0.6188	-0.1998	171.97	260.30	336.44
2026-05-07T16:14:24.4196366+08:00	0x08	-0.0088	-0.0284	0.0410	0.9987	4.73	356.71	359.13
2026-05-07T16:14:24.5196979+08:00	0x07	0.6503	0.2925	-0.6539	0.2528	175.94	268.62	45.34
2026-05-07T16:14:24.6280337+08:00	0x03	-0.0030	-0.0169	0.2781	0.9604	32.30	358.04	0.21
2026-05-07T16:14:24.7756959+08:00	0x02	0.0136	0.0016	-0.9588	0.2839	212.98	358.56	0.61
2026-05-07T16:14:24.8088140+08:00	0x06	0.7538	-0.0765	-0.6222	-0.1969	171.90	260.73	336.92
2026-05-07T16:14:24.9403229+08:00	0x08	-0.0088	-0.0284	0.0410	0.9987	4.73	356.70	359.13
2026-05-07T16:14:25.0499348+08:00	0x07	0.6515	0.2869	-0.6555	0.2522	176.50	268.91	44.80
2026-05-07T16:14:25.1538944+08:00	0x03	-0.0030	-0.0169	0.2781	0.9604	32.30	358.04	0.21
2026-05-07T16:14:25.1853936+08:00	0x04	-0.0062	-0.0246	-0.1829	0.9828	338.94	357.36	358.78
2026-05-07T16:14:25.2756239+08:00	0x02	0.0136	0.0016	-0.9588	0.2839	212.98	358.56	0.61
2026-05-07T16:14:25.3534668+08:00	0x06	0.7516	-0.0847	-0.6222	-0.2022	172.17	260.92	335.84
2026-05-07T16:14:25.5387935+08:00	0x08	-0.0088	-0.0284	0.0410	0.9987	4.73	356.70	359.12
2026-05-07T16:14:25.6009983+08:00	0x07	0.6549	0.2800	-0.6564	0.2487	176.79	268.84	43.89
2026-05-07T16:14:25.6919494+08:00	0x01	-0.0187	-0.0414	-0.2521	0.9666	330.88	355.94	356.73
2026-05-07T16:14:25.7634734+08:00	0x03	-0.0030	-0.0169	0.2781	0.9604	32.30	358.04	0.21
2026-05-07T16:14:25.8500625+08:00	0x02	0.0136	0.0016	-0.9588	0.2839	212.98	358.56	0.61
2026-05-07T16:14:25.8789849+08:00	0x06	0.7511	-0.0831	-0.6245	-0.1975	172.36	261.08	336.39
2026-05-07T16:14:25.9984326+08:00	0x08	-0.0088	-0.0284	0.0410	0.9987	4.73	356.70	359.12
2026-05-07T16:14:26.1301032+08:00	0x07	0.6664	0.2656	-0.6566	0.2328	176.33	267.77	41.23
2026-05-07T16:14:26.2287288+08:00	0x01	-0.0187	-0.0415	-0.2521	0.9666	330.88	355.94	356.73
2026-05-07T16:14:26.2697907+08:00	0x03	-0.0030	-0.0169	0.2781	0.9604	32.30	358.04	0.21
2026-05-07T16:14:26.3733814+08:00	0x02	0.0136	0.0016	-0.9588	0.2839	212.98	358.56	0.61
2026-05-07T16:14:26.4544409+08:00	0x06	0.6273	-0.0085	-0.7665	-0.1375	168.25	282.51	349.30
2026-05-07T16:14:26.6028162+08:00	0x08	-0.0088	-0.0284	0.0410	0.9987	4.73	356.70	359.12
2026-05-07T16:14:26.7891981+08:00	0x01	-0.0187	-0.0415	-0.2521	0.9666	330.88	355.94	356.73
2026-05-07T16:14:26.8599457+08:00	0x03	-0.0030	-0.0169	0.2781	0.9604	32.30	358.04	0.21
2026-05-07T16:14:27.0209319+08:00	0x06	0.6829	-0.0005	-0.7210	-0.1173	170.17	273.91	350.74
2026-05-07T16:14:27.1918584+08:00	0x08	-0.0088	-0.0284	0.0410	0.9987	4.73	356.70	359.12
2026-05-07T16:14:27.2927235+08:00	0x04	-0.0062	-0.0245	-0.1829	0.9828	338.94	357.37	358.78
2026-05-07T16:14:27.3621143+08:00	0x03	-0.0030	-0.0169	0.2781	0.9604	32.30	358.04	0.21
2026-05-07T16:14:27.4167541+08:00	0x02	0.0136	0.0016	-0.9588	0.2839	212.98	358.56	0.61
2026-05-07T16:14:27.5595920+08:00	0x06	0.7014	0.0073	-0.7010	-0.1289	168.82	270.94	350.17
2026-05-07T16:14:27.7134379+08:00	0x08	-0.0088	-0.0284	0.0410	0.9987	4.73	356.71	359.12
2026-05-07T16:14:27.8615265+08:00	0x07	0.7129	0.0769	-0.6969	0.0120	174.63	268.37	7.14
2026-05-07T16:14:27.9255435+08:00	0x03	-0.0030	-0.0169	0.2781	0.9604	32.30	358.04	0.21
2026-05-07T16:14:28.0494027+08:00	0x02	0.0135	0.0015	-0.9588	0.2839	212.98	358.56	0.60
2026-05-07T16:14:28.1231361+08:00	0x06	0.7081	0.0030	-0.6922	-0.1391	168.42	269.83	348.88
2026-05-07T16:14:28.1769741+08:00	0x08	-0.0088	-0.0284	0.0410	0.9987	4.73	356.71	359.12
2026-05-07T16:14:28.3293109+08:00	0x07	0.7124	0.0827	-0.6966	0.0187	174.68	268.34	8.16
2026-05-07T16:14:28.3871779+08:00	0x04	-0.0062	-0.0245	-0.1829	0.9828	338.94	357.36	358.79
2026-05-07T16:14:28.4183157+08:00	0x03	-0.0031	-0.0169	0.2781	0.9604	32.30	358.04	0.20
2026-05-07T16:14:28.6089874+08:00	0x02	0.0135	0.0015	-0.9588	0.2839	212.98	358.57	0.60
2026-05-07T16:14:28.7482482+08:00	0x06	0.7076	-0.0042	-0.6912	-0.1465	168.39	269.91	347.70
2026-05-07T16:14:28.7647139+08:00	0x08	-0.0088	-0.0284	0.0410	0.9987	4.73	356.71	359.12
2026-05-07T16:14:28.8654280+08:00	0x07	0.7197	-0.0174	-0.6893	-0.0809	174.99	267.88	351.93
2026-05-07T16:14:28.9554597+08:00	0x04	-0.0062	-0.0246	-0.1829	0.9828	338.94	357.36	358.79
2026-05-07T16:14:29.0786002+08:00	0x01	-0.0187	-0.0414	-0.2521	0.9666	330.88	355.94	356.73
2026-05-07T16:14:29.1344983+08:00	0x02	0.0135	0.0015	-0.9588	0.2839	212.98	358.56	0.60
2026-05-07T16:14:29.2741688+08:00	0x08	-0.0088	-0.0284	0.0410	0.9987	4.73	356.71	359.13
2026-05-07T16:14:29.4084316+08:00	0x07	0.7137	-0.1418	-0.6573	-0.1961	176.41	266.18	332.20
2026-05-07T16:14:29.5037152+08:00	0x04	-0.0062	-0.0246	-0.1829	0.9828	338.94	357.36	358.78
2026-05-07T16:14:29.5176866+08:00	0x03	-0.0031	-0.0169	0.2781	0.9604	32.30	358.04	0.20
2026-05-07T16:14:29.5471283+08:00	0x01	-0.0186	-0.0414	-0.2521	0.9666	330.88	355.94	356.74
2026-05-07T16:14:29.7027828+08:00	0x02	0.0136	0.0015	-0.9588	0.2839	212.98	358.56	0.61
2026-05-07T16:14:29.8323373+08:00	0x06	0.7314	-0.0063	-0.6669	-0.1422	169.35	265.89	347.51
2026-05-07T16:14:29.8572781+08:00	0x08	-0.0088	-0.0284	0.0410	0.9987	4.73	356.71	359.13
2026-05-07T16:14:30.0126590+08:00	0x07	0.6913	-0.2069	-0.6441	-0.2539	177.01	266.98	321.86
2026-05-07T16:14:30.1117352+08:00	0x03	-0.0030	-0.0169	0.2781	0.9604	32.30	358.04	0.21
2026-05-07T16:14:30.2274417+08:00	0x02	0.0136	0.0015	-0.9588	0.2839	212.98	358.56	0.61
2026-05-07T16:14:30.3671546+08:00	0x08	-0.0088	-0.0284	0.0410	0.9987	4.73	356.71	359.13
2026-05-07T16:14:30.5314976+08:00	0x07	0.6594	-0.2733	-0.6291	-0.3076	177.69	268.35	311.44
2026-05-07T16:14:30.6262944+08:00	0x03	-0.0030	-0.0169	0.2781	0.9604	32.30	358.04	0.21
2026-05-07T16:14:30.6912546+08:00	0x02	0.0136	0.0015	-0.9588	0.2839	212.98	358.56	0.61
2026-05-07T16:14:30.7863345+08:00	0x05	-0.0025	0.0184	0.4263	0.9044	50.46	1.78	358.84
2026-05-07T16:14:30.9424909+08:00	0x08	-0.0088	-0.0284	0.0410	0.9987	4.73	356.71	359.12
2026-05-07T16:14:31.1478367+08:00	0x07	0.6263	-0.3437	-0.5926	-0.3720	178.78	267.55	299.14
2026-05-07T16:14:31.1664358+08:00	0x04	-0.0062	-0.0245	-0.1829	0.9828	338.94	357.36	358.79
2026-05-07T16:14:31.2053374+08:00	0x01	-0.0187	-0.0415	-0.2521	0.9666	330.88	355.94	356.73
2026-05-07T16:14:31.4309606+08:00	0x08	-0.0088	-0.0284	0.0410	0.9987	4.73	356.71	359.12
2026-05-07T16:14:31.5029958+08:00	0x06	0.7306	0.0103	-0.6720	-0.1207	169.65	266.06	350.65
2026-05-07T16:14:31.6175976+08:00	0x07	0.6049	-0.3833	-0.5685	-0.4050	180.48	266.13	292.22
2026-05-07T16:14:31.6796977+08:00	0x04	-0.0062	-0.0245	-0.1829	0.9828	338.94	357.37	358.78
2026-05-07T16:14:31.7924061+08:00	0x01	-0.0187	-0.0415	-0.2521	0.9666	330.88	355.94	356.73
2026-05-07T16:14:31.8098269+08:00	0x02	0.0136	0.0016	-0.9588	0.2839	212.98	358.56	0.61
2026-05-07T16:14:31.9254204+08:00	0x08	-0.0088	-0.0284	0.0410	0.9987	4.73	356.71	359.12
2026-05-07T16:14:32.0726664+08:00	0x06	0.7297	0.0147	-0.6735	-0.1172	169.55	266.21	351.30
2026-05-07T16:14:32.1661044+08:00	0x07	0.5903	-0.4056	-0.5539	-0.4246	181.56	265.23	288.09
2026-05-07T16:14:32.2389187+08:00	0x04	-0.0062	-0.0245	-0.1829	0.9828	338.94	357.37	358.78
2026-05-07T16:14:32.2609005+08:00	0x03	-0.0030	-0.0169	0.2781	0.9604	32.30	358.04	0.21
2026-05-07T16:14:32.3375415+08:00	0x01	-0.0187	-0.0414	-0.2521	0.9666	330.88	355.94	356.73
2026-05-07T16:14:32.4754305+08:00	0x06	0.7300	0.0170	-0.6733	-0.1162	169.44	266.15	351.56
2026-05-07T16:14:32.5382982+08:00	0x08	-0.0088	-0.0284	0.0410	0.9987	4.73	356.70	359.12
2026-05-07T16:14:32.7726281+08:00	0x07	0.5681	-0.4360	-0.5312	-0.4528	183.91	263.00	282.14
2026-05-07T16:14:32.7950895+08:00	0x03	-0.0031	-0.0169	0.2781	0.9604	32.30	358.04	0.20
2026-05-07T16:14:32.8847209+08:00	0x01	-0.0187	-0.0414	-0.2521	0.9666	330.88	355.94	356.73
2026-05-07T16:14:32.9040492+08:00	0x02	0.0136	0.0016	-0.9588	0.2839	212.98	358.56	0.61
2026-05-07T16:14:33.0632578+08:00	0x06	0.7303	0.0187	-0.6732	-0.1143	169.45	266.09	351.85
2026-05-07T16:14:33.1500692+08:00	0x08	-0.0088	-0.0284	0.0410	0.9987	4.73	356.71	359.12
2026-05-07T16:14:33.2832629+08:00	0x07	0.5578	-0.4475	-0.5236	-0.4630	184.84	262.31	279.87
2026-05-07T16:14:33.3331296+08:00	0x03	-0.0031	-0.0169	0.2781	0.9604	32.30	358.04	0.20
2026-05-07T16:14:33.3331296+08:00	0x04	-0.0062	-0.0245	-0.1829	0.9828	338.94	357.37	358.78
2026-05-07T16:14:33.4596911+08:00	0x02	0.0136	0.0016	-0.9588	0.2839	212.98	358.56	0.62
2026-05-07T16:14:33.6090751+08:00	0x08	-0.0088	-0.0284	0.0410	0.9987	4.73	356.71	359.12
2026-05-07T16:14:33.8060202+08:00	0x07	0.5528	-0.4515	-0.5209	-0.4682	184.24	262.96	278.88
2026-05-07T16:14:33.8924805+08:00	0x04	-0.0062	-0.0245	-0.1829	0.9828	338.94	357.37	358.78
2026-05-07T16:14:34.1708333+08:00	0x06	0.7283	0.0215	-0.6757	-0.1120	169.38	266.42	352.29
2026-05-07T16:14:34.1808464+08:00	0x08	-0.0088	-0.0284	0.0410	0.9987	4.73	356.71	359.12
2026-05-07T16:14:34.3425245+08:00	0x07	0.5473	-0.4550	-0.5188	-0.4736	182.79	264.51	277.90
2026-05-07T16:14:34.3862299+08:00	0x03	-0.0031	-0.0169	0.2781	0.9604	32.30	358.04	0.20
2026-05-07T16:14:34.4467318+08:00	0x01	-0.0187	-0.0415	-0.2521	0.9666	330.88	355.94	356.73
2026-05-07T16:14:34.5442062+08:00	0x02	0.0136	0.0016	-0.9588	0.2839	212.98	358.56	0.62
2026-05-07T16:14:34.6653786+08:00	0x06	0.7263	0.0350	-0.6793	-0.0992	169.25	266.69	354.46
2026-05-07T16:14:34.7090768+08:00	0x08	-0.0088	-0.0284	0.0410	0.9987	4.73	356.71	359.12
2026-05-07T16:14:34.9308989+08:00	0x07	0.5435	-0.4489	-0.5250	-0.4770	174.83	272.49	278.20
2026-05-07T16:14:34.9673395+08:00	0x01	-0.0187	-0.0415	-0.2521	0.9666	330.88	355.94	356.73
2026-05-07T16:14:35.1121501+08:00	0x02	0.0136	0.0016	-0.9588	0.2839	212.98	358.56	0.61
2026-05-07T16:14:35.2532863+08:00	0x08	-0.0088	-0.0284	0.0410	0.9987	4.73	356.71	359.13
2026-05-07T16:14:35.3714507+08:00	0x06	0.7249	0.0227	-0.6789	-0.1143	169.05	266.99	352.25
2026-05-07T16:14:35.4202661+08:00	0x07	0.5391	-0.4536	-0.5206	-0.4824	173.87	273.41	277.11
2026-05-07T16:14:35.5852396+08:00	0x03	-0.0031	-0.0169	0.2781	0.9604	32.30	358.04	0.20
2026-05-07T16:14:35.6364024+08:00	0x02	0.0136	0.0016	-0.9588	0.2839	212.98	358.56	0.61
2026-05-07T16:14:35.8141014+08:00	0x08	-0.0088	-0.0284	0.0410	0.9987	4.73	356.71	359.12
2026-05-07T16:14:35.8330609+08:00	0x06	0.7251	0.0216	-0.6785	-0.1158	169.03	266.97	352.03
2026-05-07T16:14:35.9909710+08:00	0x07	0.5335	-0.4602	-0.5135	-0.4898	172.89	274.26	275.58
2026-05-07T16:14:36.0878942+08:00	0x04	-0.0062	-0.0245	-0.1829	0.9828	338.94	357.37	358.78
2026-05-07T16:14:36.2049151+08:00	0x02	0.0136	0.0016	-0.9588	0.2839	212.98	358.56	0.61
2026-05-07T16:14:36.3617498+08:00	0x08	-0.0088	-0.0284	0.0410	0.9987	4.73	356.71	359.13
2026-05-07T16:14:36.4936762+08:00	0x07	0.5291	-0.4652	-0.5088	-0.4948	171.85	275.29	274.50
2026-05-07T16:14:36.5592662+08:00	0x03	-0.0031	-0.0169	0.2781	0.9604	32.30	358.04	0.20
2026-05-07T16:14:36.5812460+08:00	0x04	-0.0062	-0.0245	-0.1829	0.9828	338.94	357.37	358.78
2026-05-07T16:14:36.7350562+08:00	0x02	0.0136	0.0016	-0.9588	0.2839	212.98	358.56	0.61
2026-05-07T16:14:36.8117677+08:00	0x06	0.7259	0.0201	-0.6773	-0.1181	168.98	266.83	351.70
2026-05-07T16:14:37.0723348+08:00	0x07	0.5289	-0.4648	-0.5104	-0.4937	171.22	276.06	274.67
2026-05-07T16:14:37.0962353+08:00	0x01	-0.0187	-0.0415	-0.2521	0.9666	330.88	355.94	356.73
2026-05-07T16:14:37.1770098+08:00	0x04	-0.0062	-0.0245	-0.1829	0.9828	338.94	357.37	358.78
2026-05-07T16:14:37.2968429+08:00	0x02	0.0136	0.0016	-0.9588	0.2839	212.98	358.56	0.61
2026-05-07T16:14:37.3455998+08:00	0x08	-0.0088	-0.0284	0.0410	0.9987	4.73	356.71	359.12
2026-05-07T16:14:37.5835013+08:00	0x05	-0.0025	0.0184	0.4263	0.9044	50.46	1.79	358.84
2026-05-07T16:14:37.6052791+08:00	0x01	-0.0187	-0.0415	-0.2521	0.9666	330.88	355.94	356.73
2026-05-07T16:14:37.6307078+08:00	0x07	0.5239	-0.4711	-0.5037	-0.5000	169.80	277.38	273.27
2026-05-07T16:14:37.6901806+08:00	0x03	-0.0031	-0.0169	0.2781	0.9604	32.30	358.04	0.20
2026-05-07T16:14:37.8704384+08:00	0x02	0.0136	0.0016	-0.9588	0.2839	212.98	358.55	0.61
2026-05-07T16:14:37.9293925+08:00	0x08	-0.0088	-0.0284	0.0410	0.9987	4.73	356.71	359.12
2026-05-07T16:14:38.0573539+08:00	0x05	-0.0025	0.0184	0.4263	0.9044	50.46	1.79	358.84
2026-05-07T16:14:38.1510729+08:00	0x07	0.5242	-0.4697	-0.5046	-0.5000	168.35	278.78	273.44
2026-05-07T16:14:38.1964761+08:00	0x03	-0.0031	-0.0169	0.2781	0.9604	32.30	358.04	0.20
2026-05-07T16:14:38.2410716+08:00	0x04	-0.0062	-0.0245	-0.1829	0.9828	338.94	357.37	358.78
2026-05-07T16:14:38.3967776+08:00	0x02	0.0136	0.0016	-0.9588	0.2839	212.98	358.56	0.61
2026-05-07T16:14:38.5460665+08:00	0x06	0.7248	0.0236	-0.6789	-0.1149	168.94	267.01	352.27
2026-05-07T16:14:38.7263803+08:00	0x07	0.5225	-0.4725	-0.5027	-0.5010	169.04	278.19	273.01
2026-05-07T16:14:38.7902558+08:00	0x03	-0.0031	-0.0169	0.2781	0.9604	32.30	358.04	0.20
2026-05-07T16:14:38.9644637+08:00	0x02	0.0136	0.0016	-0.9588	0.2839	212.98	358.56	0.61
2026-05-07T16:14:39.0458463+08:00	0x06	0.7243	0.0279	-0.6800	-0.1104	168.93	267.07	352.99
2026-05-07T16:14:39.2648579+08:00	0x07	0.5205	-0.4753	-0.4997	-0.5034	168.47	278.72	272.42
2026-05-07T16:14:39.3285290+08:00	0x04	-0.0062	-0.0245	-0.1829	0.9828	338.94	357.37	358.78
2026-05-07T16:14:39.3856342+08:00	0x03	-0.0031	-0.0169	0.2781	0.9604	32.30	358.04	0.20
2026-05-07T16:14:39.4838327+08:00	0x02	0.0136	0.0016	-0.9588	0.2839	212.98	358.56	0.61
2026-05-07T16:14:39.6250042+08:00	0x06	0.7252	0.0260	-0.6789	-0.1119	168.97	266.93	352.71
2026-05-07T16:14:39.7682301+08:00	0x07	0.5177	-0.4803	-0.4957	-0.5056	171.60	275.68	271.58
2026-05-07T16:14:39.8489595+08:00	0x01	-0.0187	-0.0414	-0.2521	0.9666	330.88	355.94	356.73
2026-05-07T16:14:39.8786288+08:00	0x03	-0.0031	-0.0169	0.2781	0.9604	32.30	358.04	0.20
2026-05-07T16:14:39.9554673+08:00	0x02	0.0136	0.0016	-0.9588	0.2839	212.98	358.56	0.61
2026-05-07T16:14:40.0802662+08:00	0x06	0.7250	0.0272	-0.6793	-0.1099	169.03	266.95	352.97
2026-05-07T16:14:40.1016502+08:00	0x08	-0.0088	-0.0284	0.0410	0.9987	4.73	356.71	359.13
2026-05-07T16:14:40.2768579+08:00	0x07	0.5170	-0.4809	-0.4956	-0.5058	171.00	276.35	271.51
2026-05-07T16:14:40.3116348+08:00	0x05	-0.0025	0.0184	0.4263	0.9044	50.46	1.79	358.84
2026-05-07T16:14:40.4904308+08:00	0x03	-0.0031	-0.0169	0.2781	0.9604	32.30	358.04	0.20
2026-05-07T16:14:40.5063876+08:00	0x01	-0.0187	-0.0415	-0.2521	0.9666	330.88	355.94	356.73
2026-05-07T16:14:40.5270495+08:00	0x02	0.0136	0.0015	-0.9588	0.2839	212.98	358.56	0.61
2026-05-07T16:14:40.6083876+08:00	0x06	0.7243	0.0260	-0.6800	-0.1111	169.03	267.08	352.79
2026-05-07T16:14:40.7596926+08:00	0x05	-0.0026	0.0185	0.4263	0.9044	50.46	1.79	358.83
2026-05-07T16:14:40.8165579+08:00	0x07	0.5145	-0.4828	-0.4937	-0.5083	163.56	283.79	271.01
2026-05-07T16:14:40.9867201+08:00	0x04	-0.0062	-0.0245	-0.1829	0.9828	338.94	357.37	358.79
2026-05-07T16:14:41.0103164+08:00	0x03	-0.0031	-0.0169	0.2781	0.9604	32.30	358.04	0.20
