timestamp	device	q0	q1	q2	q3	yaw	pitch	roll
2026-05-26T21:13:28.9511656+08:00	0x04	0.1463	0.3350	-0.3180	0.8748	328.74	33.94	27.97
2026-05-26T21:13:29.2498409+08:00	0x03	-0.1873	0.3963	0.4648	0.7693	48.70	35.28	318.96
2026-05-26T21:13:29.3480670+08:00	0x02	-0.5329	0.0000	0.4015	0.7449	79.61	315.28	307.45
2026-05-26T21:13:29.3994363+08:00	0x01	-0.3693	-0.4750	0.7986	0.0162	145.51	294.52	48.30
2026-05-26T21:13:29.5465055+08:00	0x04	0.1036	0.3444	-0.2068	0.9099	341.14	38.23	19.33
2026-05-26T21:13:29.8321351+08:00	0x03	-0.1852	0.3961	0.4651	0.7697	48.77	35.32	319.19
2026-05-26T21:13:29.9284018+08:00	0x02	-0.5346	-0.0052	0.3995	0.7447	79.70	314.56	307.62
2026-05-26T21:13:29.9794331+08:00	0x01	-0.3695	-0.4751	0.7985	0.0142	145.71	294.53	48.44
2026-05-26T21:13:30.0217269+08:00	0x04	0.0824	0.3452	-0.1419	0.9241	347.76	39.41	14.49
2026-05-26T21:13:30.3634418+08:00	0x03	-0.1825	0.3960	0.4663	0.7697	48.99	35.34	319.43
2026-05-26T21:13:30.4955955+08:00	0x02	-0.5342	-0.0035	0.4002	0.7446	79.71	314.76	307.55
2026-05-26T21:13:30.5492720+08:00	0x04	0.0662	0.3478	-0.0962	0.9303	352.22	40.25	10.96
2026-05-26T21:13:30.8481941+08:00	0x03	-0.1828	0.3979	0.4673	0.7681	49.06	35.53	319.25
2026-05-26T21:13:31.0133783+08:00	0x02	-0.5353	-0.0031	0.4001	0.7439	79.88	314.60	307.45
2026-05-26T21:13:31.1135652+08:00	0x04	0.0534	0.3484	-0.0595	0.9339	355.72	40.61	8.12
2026-05-26T21:13:31.3978534+08:00	0x03	-0.1819	0.3966	0.4672	0.7690	49.11	35.40	319.43
2026-05-26T21:13:31.5965652+08:00	0x02	-0.5352	-0.0008	0.3989	0.7446	79.64	314.92	307.21
2026-05-26T21:13:31.9140490+08:00	0x03	-0.1812	0.3935	0.4673	0.7706	49.27	34.99	319.67
2026-05-26T21:13:32.1300113+08:00	0x01	-0.3671	-0.4742	0.8000	0.0214	145.17	294.81	47.98
2026-05-26T21:13:32.2000726+08:00	0x04	0.0345	0.3494	-0.0114	0.9363	0.16	40.94	4.17
2026-05-26T21:13:32.5132005+08:00	0x03	-0.1801	0.3949	0.4689	0.7693	49.46	35.14	319.66
2026-05-26T21:13:32.6801193+08:00	0x04	0.0323	0.3466	-0.0023	0.9375	1.03	40.61	3.57
2026-05-26T21:13:32.6970722+08:00	0x02	-0.5318	0.0046	0.4052	0.7436	79.95	315.68	307.38
2026-05-26T21:13:33.0004137+08:00	0x03	-0.1642	0.3761	0.4666	0.7835	49.97	33.32	322.54
2026-05-26T21:13:33.1980847+08:00	0x01	-0.3665	-0.4710	0.8019	0.0277	144.92	295.11	47.31
2026-05-26T21:13:33.5461526+08:00	0x03	-0.1275	0.3124	0.4480	0.8279	49.48	27.55	330.59
2026-05-26T21:13:33.7637420+08:00	0x04	0.0324	0.3467	-0.0026	0.9374	1.01	40.62	3.59
2026-05-26T21:13:33.7858544+08:00	0x02	-0.5315	0.0078	0.4147	0.7386	81.43	315.37	307.67
2026-05-26T21:13:33.8003536+08:00	0x01	-0.3666	-0.4688	0.8029	0.0350	144.36	295.14	46.65
2026-05-26T21:13:34.0805670+08:00	0x03	-0.0894	0.2029	0.4848	0.8461	56.75	15.89	339.63
2026-05-26T21:13:34.3024567+08:00	0x01	-0.3677	-0.4654	0.8041	0.0397	144.23	295.25	45.99
2026-05-26T21:13:34.3476435+08:00	0x04	0.0329	0.0489	0.3771	0.9243	44.47	6.62	1.38
2026-05-26T21:13:34.6149484+08:00	0x03	-0.0822	0.2101	0.5019	0.8350	59.00	16.63	339.62
2026-05-26T21:13:34.8806111+08:00	0x01	-0.3667	-0.4720	0.8016	0.0125	146.54	295.46	48.38
2026-05-26T21:13:34.9671169+08:00	0x04	-0.0098	-0.0100	0.0497	0.9987	5.71	358.80	358.94
2026-05-26T21:13:35.1500957+08:00	0x03	-0.0836	0.2171	0.5030	0.8324	59.07	17.28	339.05
2026-05-26T21:13:35.3465946+08:00	0x02	-0.5315	0.0077	0.4144	0.7387	81.38	315.38	307.66
2026-05-26T21:13:35.3801364+08:00	0x01	-0.1828	-0.5715	0.7853	-0.1527	185.86	338.09	72.44
2026-05-26T21:13:35.5385528+08:00	0x04	-0.0063	-0.0208	-0.0924	0.9955	349.41	357.70	359.06
2026-05-26T21:13:35.6801035+08:00	0x03	-0.0809	0.2215	0.5080	0.8285	59.71	17.77	338.96
2026-05-26T21:13:35.9168037+08:00	0x02	-0.3432	-0.3752	-0.1688	0.8443	357.78	313.00	315.07
2026-05-26T21:13:36.0007905+08:00	0x04	-0.0120	-0.0193	-0.1717	0.9849	340.25	358.05	358.26
2026-05-26T21:13:36.2339163+08:00	0x03	-0.0804	0.2156	0.5155	0.8254	60.84	16.98	339.21
2026-05-26T21:13:36.4519501+08:00	0x01	-0.1819	-0.5879	0.7646	-0.1915	198.54	347.68	75.62
2026-05-26T21:13:36.5212028+08:00	0x04	-0.0210	-0.0189	-0.2328	0.9721	333.10	358.46	357.15
2026-05-26T21:13:36.8200861+08:00	0x03	-0.0857	0.2114	0.5081	0.8305	59.86	16.43	339.07
2026-05-26T21:13:36.9523384+08:00	0x01	-0.3360	-0.5290	0.7743	-0.0878	152.68	296.66	61.42
2026-05-26T21:13:37.0980764+08:00	0x04	-0.0128	-0.0099	-0.3327	0.9429	321.14	359.42	358.25
2026-05-26T21:13:37.2980484+08:00	0x03	-0.0945	0.2167	0.4837	0.8427	56.41	17.13	338.34
2026-05-26T21:13:37.5497546+08:00	0x01	-0.3613	-0.4975	0.7886	0.0020	144.31	293.09	51.56
2026-05-26T21:13:37.6140375+08:00	0x04	-0.0280	-0.0187	-0.3816	0.9237	315.13	359.24	356.22
2026-05-26T21:13:37.8996685+08:00	0x03	-0.0723	0.2144	0.4966	0.8380	58.22	17.76	340.49
2026-05-26T21:13:38.0475912+08:00	0x01	-0.3697	-0.4914	0.7878	0.0339	141.00	291.58	48.52
2026-05-26T21:13:38.1982923+08:00	0x04	-0.0508	0.0051	-0.3941	0.9177	313.39	2.84	354.88
2026-05-26T21:13:38.4310518+08:00	0x03	-0.0714	0.1984	0.5039	0.8376	59.42	15.95	341.36
2026-05-26T21:13:38.5680130+08:00	0x02	-0.5383	-0.0091	0.4232	0.7288	84.32	311.88	309.03
2026-05-26T21:13:38.6325615+08:00	0x01	-0.3719	-0.4818	0.7919	0.0485	140.66	292.17	46.64
2026-05-26T21:13:38.7186366+08:00	0x04	-0.0427	-0.0043	-0.3895	0.9200	314.05	1.46	355.30
2026-05-26T21:13:38.9833097+08:00	0x03	-0.0721	0.2047	0.5005	0.8381	58.88	16.65	340.98
2026-05-26T21:13:39.0844798+08:00	0x02	-0.5494	-0.0181	0.4110	0.7273	84.59	309.62	308.36
2026-05-26T21:13:39.1839112+08:00	0x01	-0.3688	-0.5018	0.7822	0.0180	141.22	290.66	50.51
2026-05-26T21:13:39.2816063+08:00	0x04	-0.0355	0.0009	-0.3920	0.9193	313.76	1.70	356.30
2026-05-26T21:13:39.4660591+08:00	0x03	-0.0777	0.2058	0.4904	0.8433	57.47	16.69	340.56
2026-05-26T21:13:39.6685646+08:00	0x02	-0.5550	-0.0132	0.3981	0.7303	83.59	309.76	306.86
2026-05-26T21:13:39.7145208+08:00	0x01	-0.3782	-0.5027	0.7769	0.0272	139.42	288.73	49.50
2026-05-26T21:13:39.8662217+08:00	0x04	-0.0309	0.0040	-0.3866	0.9217	314.45	1.79	356.91
2026-05-26T21:13:40.0031819+08:00	0x03	-0.0855	0.2052	0.4865	0.8449	56.95	16.31	339.87
2026-05-26T21:13:40.1946539+08:00	0x02	-0.5440	-0.0102	0.4172	0.7280	84.45	311.03	308.43
2026-05-26T21:13:40.2842325+08:00	0x01	-0.3747	-0.5035	0.7781	0.0257	139.67	289.20	49.84
2026-05-26T21:13:40.3831081+08:00	0x04	-0.0262	0.0045	-0.3815	0.9240	315.09	1.62	357.42
2026-05-26T21:13:40.5396277+08:00	0x03	-0.0887	0.2096	0.4834	0.8453	56.47	16.68	339.35
2026-05-26T21:13:40.7492309+08:00	0x02	-0.5342	-0.0009	0.4147	0.7367	82.05	314.01	308.16
2026-05-26T21:13:40.8573621+08:00	0x01	-0.3751	-0.5018	0.7793	0.0157	141.05	289.71	50.38
2026-05-26T21:13:41.0684053+08:00	0x03	-0.0895	0.2141	0.4854	0.8429	56.68	17.07	338.98
2026-05-26T21:13:41.3363481+08:00	0x02	-0.5389	-0.0033	0.4108	0.7355	82.33	313.13	307.82
2026-05-26T21:13:41.4662075+08:00	0x04	-0.0191	0.0015	-0.3780	0.9256	315.55	0.98	358.03
2026-05-26T21:13:41.4830380+08:00	0x01	-0.3749	-0.5015	0.7795	0.0154	141.14	289.78	50.39
2026-05-26T21:13:41.6180126+08:00	0x03	-0.0895	0.2144	0.4851	0.8430	56.63	17.12	338.96
2026-05-26T21:13:41.8502472+08:00	0x02	-0.5399	-0.0031	0.4087	0.7358	82.20	313.08	307.62
2026-05-26T21:13:41.9321403+08:00	0x04	-0.0196	-0.0012	-0.3777	0.9257	315.59	0.72	357.87
2026-05-26T21:13:41.9658428+08:00	0x01	-0.3754	-0.5022	0.7789	0.0159	140.95	289.60	50.39
2026-05-26T21:13:42.1492686+08:00	0x03	-0.0876	0.2158	0.4834	0.8438	56.38	17.41	339.12
2026-05-26T21:13:42.3158252+08:00	0x02	-0.5409	-0.0034	0.4083	0.7353	82.32	312.87	307.56
2026-05-26T21:13:42.5159881+08:00	0x04	-0.0178	-0.0042	-0.3740	0.9273	316.07	0.32	357.93
2026-05-26T21:13:42.7485019+08:00	0x03	-0.0891	0.2166	0.4867	0.8416	56.82	17.33	338.85
2026-05-26T21:13:42.9468608+08:00	0x02	-0.5407	-0.0013	0.4073	0.7361	82.07	313.20	307.36
2026-05-26T21:13:43.0421678+08:00	0x04	-0.0189	-0.0027	-0.3731	0.9276	316.16	0.52	357.87
2026-05-26T21:13:43.1499482+08:00	0x01	-0.3756	-0.5002	0.7799	0.0218	140.59	289.69	49.81
2026-05-26T21:13:43.2417524+08:00	0x03	-0.0882	0.2160	0.4862	0.8421	56.77	17.33	338.99
2026-05-26T21:13:43.5150023+08:00	0x02	-0.5352	0.0016	0.4062	0.7406	80.81	314.65	307.43
2026-05-26T21:13:43.6323502+08:00	0x04	-0.0186	-0.0029	-0.3685	0.9294	316.73	0.47	357.89
2026-05-26T21:13:43.7167289+08:00	0x01	-0.3651	-0.5192	0.7719	-0.0362	144.80	290.27	55.88
2026-05-26T21:13:43.7673271+08:00	0x03	-0.0879	0.2177	0.4916	0.8386	57.48	17.40	338.81
2026-05-26T21:13:43.9829170+08:00	0x02	-0.5131	-0.0555	0.4361	0.7372	82.42	311.44	314.91
2026-05-26T21:13:44.1346690+08:00	0x04	-0.0121	-0.0145	-0.3628	0.9317	317.46	358.96	358.10
2026-05-26T21:13:44.2411020+08:00	0x01	-0.2869	-0.5275	0.7853	-0.1512	170.69	313.79	66.22
2026-05-26T21:13:44.3674151+08:00	0x03	-0.0863	0.2240	0.4972	0.8338	58.17	18.01	338.49
2026-05-26T21:13:44.4939837+08:00	0x02	-0.4967	-0.0481	0.4434	0.7446	80.91	314.43	315.82
2026-05-26T21:13:44.7025822+08:00	0x04	-0.0126	-0.0179	-0.3663	0.9303	317.04	358.61	357.91
2026-05-26T21:13:44.8206649+08:00	0x01	-0.2912	-0.5219	0.7868	-0.1546	171.54	313.92	65.67
2026-05-26T21:13:44.9000198+08:00	0x03	-0.0852	0.2257	0.4971	0.8335	58.13	18.26	338.50
2026-05-26T21:13:45.0818316+08:00	0x02	-0.5133	-0.0285	0.3962	0.7607	75.88	316.32	310.68
2026-05-26T21:13:45.2664510+08:00	0x04	-0.0113	-0.0128	-0.3698	0.9290	316.60	359.11	358.25
2026-05-26T21:13:45.4014006+08:00	0x01	-0.3287	-0.5248	0.7757	-0.1217	159.57	301.37	63.41
2026-05-26T21:13:45.6016088+08:00	0x02	-0.5437	-0.0226	0.3301	0.7713	70.33	315.99	304.54
2026-05-26T21:13:45.8031965+08:00	0x04	-0.0071	-0.0124	-0.3732	0.9276	316.18	358.99	358.71
2026-05-26T21:13:45.9015443+08:00	0x01	-0.2685	-0.5249	0.7828	-0.1990	184.57	325.23	68.23
2026-05-26T21:13:45.9340430+08:00	0x03	-0.0888	0.2289	0.4948	0.8336	57.76	18.47	338.00
2026-05-26T21:13:46.1662813+08:00	0x02	-0.4793	-0.0766	0.4560	0.7459	80.61	313.79	319.82
2026-05-26T21:13:46.3537110+08:00	0x04	-0.0067	-0.0131	-0.3655	0.9307	317.13	358.88	358.73
2026-05-26T21:13:46.4709007+08:00	0x03	-0.0911	0.2278	0.5002	0.8304	58.54	18.08	337.71
2026-05-26T21:13:46.4834632+08:00	0x01	-0.2475	-0.5244	0.7914	-0.1933	187.06	330.02	67.79
2026-05-26T21:13:46.6327946+08:00	0x02	-0.4770	-0.0649	0.4441	0.7557	78.39	315.80	318.45
2026-05-26T21:13:46.8825983+08:00	0x04	-0.0054	-0.0134	-0.3713	0.9284	316.42	358.81	358.85
2026-05-26T21:13:46.9658590+08:00	0x01	-0.2513	-0.5303	0.7878	-0.1873	184.45	327.64	68.37
2026-05-26T21:13:47.1522031+08:00	0x02	-0.4781	-0.0480	0.4479	0.7540	78.89	317.07	317.31
2026-05-26T21:13:47.4542747+08:00	0x04	-0.0015	-0.0139	-0.3782	0.9256	315.56	358.59	359.24
2026-05-26T21:13:47.5363409+08:00	0x03	-0.0906	0.2324	0.4885	0.8362	56.84	18.92	337.76
2026-05-26T21:13:47.7361736+08:00	0x02	-0.4650	-0.0333	0.4094	0.7843	70.96	322.55	315.41
2026-05-26T21:13:48.0361448+08:00	0x04	-0.0010	-0.0203	-0.3696	0.9290	316.63	357.88	359.04
2026-05-26T21:13:48.0491055+08:00	0x01	-0.2349	-0.5326	0.7887	-0.1977	189.86	333.60	68.92
2026-05-26T21:13:48.2503808+08:00	0x02	-0.4627	-0.0398	0.4224	0.7784	72.81	321.46	316.63
2026-05-26T21:13:48.5522295+08:00	0x04	0.0001	-0.0184	-0.3668	0.9301	316.97	358.03	359.24
2026-05-26T21:13:48.6160709+08:00	0x03	-0.0884	0.2360	0.4974	0.8301	58.02	19.20	337.57
2026-05-26T21:13:48.8166285+08:00	0x02	-0.4715	-0.0322	0.4271	0.7709	74.53	320.73	315.62
2026-05-26T21:13:49.0170697+08:00	0x04	-0.0005	-0.0154	-0.3652	0.9308	317.16	358.38	359.31
2026-05-26T21:13:49.2047381+08:00	0x03	-0.0883	0.2343	0.5009	0.8285	58.53	18.92	337.61
2026-05-26T21:13:49.2851795+08:00	0x02	-0.4768	-0.0362	0.4257	0.7682	75.12	319.62	315.44
2026-05-26T21:13:49.6352154+08:00	0x04	0.0009	-0.0155	-0.3665	0.9303	317.00	358.31	359.45
2026-05-26T21:13:49.7038243+08:00	0x01	-0.2243	-0.5383	0.7821	-0.2196	197.50	340.34	70.14
2026-05-26T21:13:49.9173195+08:00	0x02	-0.4599	-0.0642	0.4456	0.7654	76.35	318.23	319.70
2026-05-26T21:13:50.2169843+08:00	0x04	0.0017	-0.0193	-0.3683	0.9295	316.78	357.87	359.36
2026-05-26T21:13:50.2839817+08:00	0x03	-0.0883	0.2375	0.5000	0.8281	58.36	19.29	337.43
2026-05-26T21:13:50.4838953+08:00	0x02	-0.4613	-0.0526	0.4450	0.7658	76.28	319.19	318.73
2026-05-26T21:13:50.6873704+08:00	0x04	0.0034	-0.0190	-0.3683	0.9295	316.77	357.83	359.56
2026-05-26T21:13:50.8044079+08:00	0x01	-0.2191	-0.5315	0.7882	-0.2197	198.53	341.75	69.09
2026-05-26T21:13:50.8173591+08:00	0x03	-0.0899	0.2384	0.4998	0.8278	58.32	19.31	337.22
2026-05-26T21:13:51.0044320+08:00	0x02	-0.4680	-0.0488	0.4272	0.7720	74.41	319.53	317.08
2026-05-26T21:13:51.3031101+08:00	0x04	0.0067	-0.0176	-0.3704	0.9287	316.51	357.84	359.96
2026-05-26T21:13:51.3676789+08:00	0x01	-0.2308	-0.5327	0.7855	-0.2144	194.94	337.62	69.36
2026-05-26T21:13:51.4712638+08:00	0x02	-0.4627	-0.0419	0.4319	0.7731	74.28	320.75	317.22
2026-05-26T21:13:51.7768073+08:00	0x04	0.0076	-0.0185	-0.3683	0.9295	316.77	357.71	0.03
2026-05-26T21:13:51.8838137+08:00	0x01	-0.2366	-0.5259	0.7879	-0.2160	194.53	336.51	68.57
2026-05-26T21:13:51.9508978+08:00	0x03	-0.0920	0.2410	0.4988	0.8274	58.14	19.50	336.87
2026-05-26T21:13:52.0454279+08:00	0x02	-0.4767	-0.0347	0.4238	0.7694	74.80	319.89	315.24
2026-05-26T21:13:52.3038240+08:00	0x04	0.0051	-0.0170	-0.3670	0.9300	316.93	357.97	359.82
2026-05-26T21:13:52.4665897+08:00	0x01	-0.2382	-0.5307	0.7828	-0.2211	195.41	336.86	69.41
2026-05-26T21:13:52.6858608+08:00	0x02	-0.4774	-0.0356	0.4245	0.7685	75.01	319.66	315.29
2026-05-26T21:13:52.8666710+08:00	0x04	0.0028	-0.0180	-0.3684	0.9295	316.77	357.97	359.54
2026-05-26T21:13:52.9842369+08:00	0x01	-0.2341	-0.5308	0.7807	-0.2324	199.20	340.03	69.65
2026-05-26T21:13:53.0840989+08:00	0x03	-0.0888	0.2393	0.4991	0.8281	58.21	19.48	337.30
2026-05-26T21:13:53.1343968+08:00	0x02	-0.4640	-0.0531	0.4386	0.7678	75.67	319.08	318.24
2026-05-26T21:13:53.3850652+08:00	0x04	0.0058	-0.0209	-0.3671	0.9299	316.93	357.53	359.74
2026-05-26T21:13:53.5510321+08:00	0x01	-0.2237	-0.5286	0.7872	-0.2257	199.29	341.58	68.93
2026-05-26T21:13:53.6173528+08:00	0x03	-0.0895	0.2410	0.4995	0.8273	58.24	19.63	337.12
2026-05-26T21:13:53.7668841+08:00	0x02	-0.4608	-0.0483	0.4240	0.7782	72.97	320.77	317.45
2026-05-26T21:13:53.9551086+08:00	0x04	0.0068	-0.0220	-0.3701	0.9287	316.54	357.37	359.80
2026-05-26T21:13:54.1278791+08:00	0x01	-0.2357	-0.5233	0.7854	-0.2316	198.74	339.44	68.64
2026-05-26T21:13:54.1677725+08:00	0x03	-0.0898	0.2416	0.4993	0.8272	58.20	19.68	337.06
2026-05-26T21:13:54.3348467+08:00	0x02	-0.4670	-0.0417	0.4264	0.7736	74.00	320.45	316.61
2026-05-26T21:13:54.4366503+08:00	0x04	0.0065	-0.0225	-0.3681	0.9295	316.80	357.32	359.75
2026-05-26T21:13:54.6512816+08:00	0x01	-0.2348	-0.5271	0.7831	-0.2320	198.99	339.77	69.14
2026-05-26T21:13:54.7595219+08:00	0x03	-0.0897	0.2424	0.5002	0.8264	58.32	19.74	337.00
2026-05-26T21:13:54.9084893+08:00	0x02	-0.4557	-0.0650	0.4455	0.7679	75.83	318.72	320.07
2026-05-26T21:13:55.0517566+08:00	0x04	0.0056	-0.0249	-0.3653	0.9306	317.15	357.11	359.56
2026-05-26T21:13:55.1171757+08:00	0x01	-0.2191	-0.5343	0.7838	-0.2285	200.91	343.40	69.66
2026-05-26T21:13:55.2831724+08:00	0x03	-0.0873	0.2407	0.5012	0.8266	58.49	19.66	337.32
2026-05-26T21:13:55.4221980+08:00	0x02	-0.4644	-0.0650	0.4419	0.7647	76.40	317.70	319.25
2026-05-26T21:13:55.5185723+08:00	0x04	0.0034	-0.0256	-0.3666	0.9300	316.99	357.13	359.28
2026-05-26T21:13:55.7349876+08:00	0x01	-0.2185	-0.5343	0.7808	-0.2391	203.96	345.58	69.85
2026-05-26T21:13:55.8372859+08:00	0x03	-0.0851	0.2413	0.5000	0.8274	58.31	19.87	337.53
2026-05-26T21:13:56.0032713+08:00	0x02	-0.4737	-0.0650	0.4328	0.7643	76.27	316.82	318.11
2026-05-26T21:13:56.1515719+08:00	0x04	0.0036	-0.0229	-0.3661	0.9303	317.05	357.40	359.42
2026-05-26T21:13:56.2032938+08:00	0x01	-0.2285	-0.5393	0.7805	-0.2185	196.33	338.91	70.34
2026-05-26T21:13:56.3781643+08:00	0x03	-0.0884	0.2395	0.4981	0.8286	58.07	19.56	337.34
2026-05-26T21:13:56.5679764+08:00	0x02	-0.4658	-0.0514	0.4193	0.7775	72.98	319.99	317.06
2026-05-26T21:13:56.6269337+08:00	0x04	0.0046	-0.0239	-0.3667	0.9300	316.98	357.26	359.49
2026-05-26T21:13:56.7912453+08:00	0x01	-0.2308	-0.5321	0.7822	-0.2277	198.53	340.07	69.63
2026-05-26T21:13:56.9679436+08:00	0x03	-0.0880	0.2412	0.4997	0.8273	58.27	19.71	337.25
2026-05-26T21:13:57.1021459+08:00	0x02	-0.4695	-0.0593	0.4295	0.7692	75.13	318.15	317.83
2026-05-26T21:13:57.1890536+08:00	0x04	0.0054	-0.0249	-0.3673	0.9297	316.90	357.12	359.52
2026-05-26T21:13:57.3051745+08:00	0x01	-0.2253	-0.5371	0.7793	-0.2311	200.49	342.25	70.27
2026-05-26T21:13:57.4525288+08:00	0x03	-0.0878	0.2418	0.5001	0.8269	58.31	19.78	337.23
2026-05-26T21:13:57.6692083+08:00	0x02	-0.4556	-0.0434	0.4254	0.7808	72.43	321.91	317.59
2026-05-26T21:13:57.8709351+08:00	0x01	-0.2425	-0.5379	0.7840	-0.1926	186.74	330.31	69.54
2026-05-26T21:13:58.0354369+08:00	0x03	-0.0870	0.2393	0.4981	0.8289	58.07	19.60	337.50
2026-05-26T21:13:58.1842352+08:00	0x02	-0.5073	0.0021	0.3473	0.7886	65.92	324.27	306.71
2026-05-26T21:13:58.4020891+08:00	0x01	-0.3313	-0.5367	0.7747	-0.0465	145.95	293.81	59.57
2026-05-26T21:13:58.5714535+08:00	0x03	-0.0871	0.2427	0.4834	0.8366	55.98	20.37	337.64
2026-05-26T21:13:58.7531924+08:00	0x02	-0.5502	0.0043	0.3613	0.7528	76.11	315.24	303.75
2026-05-26T21:13:58.9730435+08:00	0x01	-0.3392	-0.5312	0.7742	-0.0583	147.80	293.93	59.54
2026-05-26T21:13:59.1227095+08:00	0x03	-0.0901	0.2404	0.4788	0.8396	55.38	20.08	337.58
2026-05-26T21:13:59.2359326+08:00	0x02	-0.5388	0.0007	0.3672	0.7582	74.93	316.75	305.16
2026-05-26T21:13:59.2703802+08:00	0x04	0.0083	-0.0165	-0.3709	0.9285	316.45	357.89	0.19
2026-05-26T21:13:59.5369553+08:00	0x01	-0.3394	-0.5269	0.7773	-0.0538	148.02	294.47	58.84
2026-05-26T21:13:59.6527950+08:00	0x03	-0.0895	0.2406	0.4799	0.8389	55.52	20.11	337.60
2026-05-26T21:13:59.7519138+08:00	0x02	-0.5435	-0.0039	0.3599	0.7583	74.73	315.86	304.77
2026-05-26T21:13:59.8521349+08:00	0x04	0.0114	-0.0221	-0.3626	0.9316	317.46	357.17	0.30
2026-05-26T21:14:00.0700284+08:00	0x01	-0.2556	-0.5150	0.7969	-0.1854	184.59	327.43	66.30
2026-05-26T21:14:00.2187206+08:00	0x03	-0.0865	0.2501	0.4931	0.8287	57.21	20.95	337.04
2026-05-26T21:14:00.3189443+08:00	0x02	-0.4628	-0.0670	0.4499	0.7609	77.40	317.35	319.91
2026-05-26T21:14:00.4742226+08:00	0x04	0.0103	-0.0322	-0.3442	0.9383	319.72	356.13	359.84
2026-05-26T21:14:00.6320353+08:00	0x01	-0.2252	-0.5319	0.7884	-0.2118	195.33	338.70	69.07
2026-05-26T21:14:00.7253851+08:00	0x03	-0.0819	0.2454	0.5009	0.8260	58.37	20.47	337.60
2026-05-26T21:14:00.8359305+08:00	0x02	-0.4655	-0.0605	0.4404	0.7653	76.25	318.06	318.76
2026-05-26T21:14:01.0530434+08:00	0x04	0.0089	-0.0286	-0.3526	0.9353	318.70	356.58	359.79
2026-05-26T21:14:01.2074441+08:00	0x01	-0.2350	-0.5235	0.7913	-0.2109	193.59	336.12	68.08
2026-05-26T21:14:01.2708379+08:00	0x03	-0.0837	0.2476	0.4993	0.8261	58.11	20.66	337.32
2026-05-26T21:14:01.4054473+08:00	0x02	-0.4628	-0.0356	0.4222	0.7787	72.69	321.91	316.32
2026-05-26T21:14:01.5681974+08:00	0x04	0.0097	-0.0312	-0.3489	0.9366	319.15	356.26	359.79
2026-05-26T21:14:01.7363343+08:00	0x01	-0.2369	-0.5198	0.7873	-0.2319	198.66	339.20	68.19
2026-05-26T21:14:01.8023703+08:00	0x03	-0.0827	0.2463	0.4996	0.8264	58.18	20.56	337.50
2026-05-26T21:14:01.9869418+08:00	0x02	-0.4700	-0.0487	0.4211	0.7742	73.75	319.58	316.63
2026-05-26T21:14:02.0360642+08:00	0x04	0.0081	-0.0319	-0.3533	0.9349	318.61	356.25	359.58
2026-05-26T21:14:02.2027864+08:00	0x01	-0.2341	-0.5236	0.7858	-0.2313	198.95	339.81	68.63
2026-05-26T21:14:02.4035477+08:00	0x03	-0.0824	0.2489	0.4978	0.8267	57.89	20.90	337.42
2026-05-26T21:14:02.5044410+08:00	0x02	-0.4625	-0.0679	0.4481	0.7620	77.11	317.38	319.90
2026-05-26T21:14:02.6034353+08:00	0x04	0.0120	-0.0336	-0.3557	0.9339	318.30	355.92	359.91
2026-05-26T21:14:02.7203776+08:00	0x01	-0.2145	-0.5263	0.7886	-0.2348	203.31	345.58	68.56
2026-05-26T21:14:02.8781886+08:00	0x03	-0.0823	0.2495	0.4990	0.8258	58.05	20.95	337.36
2026-05-26T21:14:03.0866670+08:00	0x02	-0.4518	-0.0629	0.4503	0.7675	76.03	319.23	320.44
2026-05-26T21:14:03.2857233+08:00	0x01	-0.2150	-0.5257	0.7873	-0.2400	204.59	346.36	68.59
2026-05-26T21:14:03.4703233+08:00	0x03	-0.0839	0.2498	0.5000	0.8250	58.18	20.87	337.16
2026-05-26T21:14:03.6047044+08:00	0x02	-0.4671	-0.0543	0.4351	0.7678	75.57	318.71	317.93
2026-05-26T21:14:03.7026526+08:00	0x04	0.0133	-0.0315	-0.3551	0.9342	318.37	356.09	0.14
2026-05-26T21:14:03.8696166+08:00	0x01	-0.2184	-0.5277	0.7851	-0.2397	203.96	345.50	68.95
2026-05-26T21:14:03.9732861+08:00	0x03	-0.0856	0.2501	0.4983	0.8257	57.93	20.86	337.01
2026-05-26T21:14:04.0738524+08:00	0x02	-0.4616	-0.0511	0.4313	0.7735	74.23	319.99	317.93
2026-05-26T21:14:04.2198567+08:00	0x04	0.0152	-0.0305	-0.3620	0.9316	317.52	356.11	0.36
2026-05-26T21:14:04.3858406+08:00	0x01	-0.2251	-0.5135	0.7903	-0.2470	204.43	344.62	67.35
2026-05-26T21:14:04.5530420+08:00	0x03	-0.0878	0.2512	0.4989	0.8248	57.99	20.85	336.71
2026-05-26T21:14:04.6375434+08:00	0x02	-0.4199	0.0057	0.4278	0.8004	67.52	331.60	317.39
2026-05-26T21:14:04.7855081+08:00	0x04	0.0122	-0.0318	-0.3543	0.9345	318.48	356.09	0.02
2026-05-26T21:14:04.9536126+08:00	0x01	-0.2173	-0.5166	0.7915	-0.2439	204.94	346.10	67.48
2026-05-26T21:14:05.0911313+08:00	0x03	-0.0856	0.2484	0.5014	0.8244	58.40	20.58	337.03
2026-05-26T21:14:05.1541933+08:00	0x02	-0.4490	-0.0273	0.4428	0.7756	73.96	323.53	317.75
2026-05-26T21:14:05.3034897+08:00	0x04	0.0122	-0.0321	-0.3557	0.9340	318.30	356.06	359.99
2026-05-26T21:14:05.5268921+08:00	0x01	-0.2118	-0.5252	0.7894	-0.2371	204.33	346.62	68.37
2026-05-26T21:14:05.6230948+08:00	0x03	-0.0862	0.2505	0.5003	0.8243	58.21	20.81	336.88
2026-05-26T21:14:05.7445025+08:00	0x02	-0.4494	-0.0513	0.4583	0.7651	76.75	320.30	320.16
2026-05-26T21:14:05.8904390+08:00	0x04	0.0150	-0.0338	-0.3573	0.9332	318.09	355.77	0.22
2026-05-26T21:14:06.0535988+08:00	0x01	-0.2113	-0.5233	0.7912	-0.2356	203.96	346.40	68.07
2026-05-26T21:14:06.2215301+08:00	0x03	-0.0865	0.2523	0.4989	0.8246	57.98	21.03	336.78
2026-05-26T21:14:06.2594805+08:00	0x02	-0.4506	-0.0579	0.4537	0.7667	76.30	319.73	320.33
2026-05-26T21:14:06.4536351+08:00	0x04	0.0173	-0.0341	-0.3586	0.9327	317.92	355.64	0.45
2026-05-26T21:14:06.6207627+08:00	0x01	-0.2100	-0.5287	0.7982	-0.1980	194.55	340.36	68.00
2026-05-26T21:14:06.7788646+08:00	0x03	-0.0862	0.2545	0.4980	0.8245	57.81	21.31	336.70
2026-05-26T21:14:06.8204039+08:00	0x02	-0.4565	-0.0317	0.4589	0.7616	77.44	321.20	318.22
2026-05-26T21:14:06.9711783+08:00	0x04	0.0271	-0.0361	-0.3695	0.9281	316.53	355.01	1.36
2026-05-26T21:14:07.1373191+08:00	0x01	-0.2189	-0.4880	0.8029	-0.2633	208.51	347.54	64.02
2026-05-26T21:14:07.3206179+08:00	0x03	-0.0848	0.2680	0.4960	0.8216	57.32	22.93	336.10
2026-05-26T21:14:07.3922920+08:00	0x02	-0.3623	0.0557	0.4304	0.8249	61.27	343.26	319.79
2026-05-26T21:14:07.5538712+08:00	0x04	0.0217	-0.0450	-0.3527	0.9344	318.61	354.30	0.51
2026-05-26T21:14:07.6203963+08:00	0x01	-0.2132	-0.4886	0.8091	-0.2472	205.59	346.52	63.65
2026-05-26T21:14:07.8432032+08:00	0x03	-0.0824	0.2617	0.4979	0.8227	57.71	22.30	336.66
2026-05-26T21:14:07.9238159+08:00	0x02	-0.4277	0.0055	0.4369	0.7913	69.83	330.07	317.02
2026-05-26T21:14:08.0730434+08:00	0x04	0.0225	-0.0430	-0.3486	0.9360	319.12	354.48	0.70
2026-05-26T21:14:08.1873978+08:00	0x01	-0.2241	-0.4902	0.8041	-0.2510	205.04	344.73	64.26
2026-05-26T21:14:08.3820874+08:00	0x03	-0.0835	0.2612	0.4989	0.8222	57.84	22.17	336.55
2026-05-26T21:14:08.4866967+08:00	0x02	-0.4460	-0.0240	0.4494	0.7737	74.54	323.92	318.04
2026-05-26T21:14:08.6428815+08:00	0x04	0.0241	-0.0400	-0.3501	0.9356	318.92	354.74	0.98
2026-05-26T21:14:08.7041979+08:00	0x01	-0.2173	-0.5182	0.7979	-0.2183	198.52	341.89	67.19
2026-05-26T21:14:08.9800607+08:00	0x03	-0.0842	0.2619	0.5020	0.8200	58.26	22.13	336.36
2026-05-26T21:14:09.0541649+08:00	0x02	-0.4463	-0.0142	0.4522	0.7721	74.84	324.71	317.45
2026-05-26T21:14:09.2244314+08:00	0x04	0.0246	-0.0439	-0.3446	0.9374	319.59	354.31	0.91
2026-05-26T21:14:09.2709714+08:00	0x01	-0.2170	-0.4930	0.8014	-0.2600	208.16	347.71	64.56
2026-05-26T21:14:09.5291256+08:00	0x03	-0.0847	0.2621	0.5046	0.8182	58.62	22.04	336.23
2026-05-26T21:14:09.5920934+08:00	0x02	-0.4354	-0.0049	0.4496	0.7799	72.94	327.26	317.57
2026-05-26T21:14:09.7390649+08:00	0x04	0.0237	-0.0421	-0.3462	0.9369	319.40	354.53	0.87
2026-05-26T21:14:09.8043468+08:00	0x01	-0.2210	-0.4982	0.8013	-0.2469	204.70	345.10	65.16
2026-05-26T21:14:09.9873796+08:00	0x03	-0.0854	0.2608	0.5007	0.8210	58.10	21.98	336.34
2026-05-26T21:14:10.1562384+08:00	0x02	-0.5228	0.0039	0.3508	0.7769	69.04	321.49	305.40
2026-05-26T21:14:10.1965323+08:00	0x04	0.0220	-0.0400	-0.3616	0.9312	317.53	354.81	0.69
2026-05-26T21:14:10.3730010+08:00	0x01	-0.3243	-0.5179	0.7854	-0.0984	157.79	301.85	61.33
2026-05-26T21:14:10.5238863+08:00	0x03	-0.0846	0.2631	0.4886	0.8276	56.37	22.61	336.60
2026-05-26T21:14:10.6710289+08:00	0x02	-0.5233	0.0086	0.3663	0.7693	71.66	320.69	305.75
2026-05-26T21:14:10.7732421+08:00	0x04	0.0277	-0.0385	-0.3495	0.9357	318.97	354.75	1.43
2026-05-26T21:14:10.9402515+08:00	0x01	-0.3294	-0.5139	0.7857	-0.1003	158.17	301.57	60.89
2026-05-26T21:14:11.1219098+08:00	0x03	-0.0879	0.2629	0.4898	0.8266	56.54	22.38	336.24
2026-05-26T21:14:11.2546771+08:00	0x02	-0.5307	0.0009	0.3686	0.7632	73.62	318.25	305.83
2026-05-26T21:14:11.4569038+08:00	0x01	-0.3365	-0.5117	0.7850	-0.0931	156.64	299.98	60.00
2026-05-26T21:14:11.6540654+08:00	0x03	-0.0858	0.2618	0.4951	0.8240	57.30	22.22	336.38
2026-05-26T21:14:11.7777432+08:00	0x02	-0.5295	-0.0029	0.3810	0.7579	75.62	317.12	306.83
2026-05-26T21:14:11.8755624+08:00	0x04	0.0223	-0.0450	-0.3100	0.9494	323.80	354.31	0.83
2026-05-26T21:14:12.0391141+08:00	0x01	-0.3388	-0.5100	0.7865	-0.0809	154.93	299.05	58.99
2026-05-26T21:14:12.2064359+08:00	0x03	-0.0837	0.2592	0.4987	0.8229	57.85	21.95	336.65
2026-05-26T21:14:12.3377376+08:00	0x02	-0.5374	-0.0096	0.3817	0.7519	77.36	314.84	306.78
2026-05-26T21:14:12.3928042+08:00	0x04	0.0236	-0.0447	-0.3320	0.9419	321.13	354.27	0.85
2026-05-26T21:14:12.5055021+08:00	0x01	-0.3394	-0.5083	0.7870	-0.0835	155.52	299.36	58.96
2026-05-26T21:14:12.6871902+08:00	0x03	-0.0854	0.2605	0.4987	0.8223	57.83	21.99	336.40
2026-05-26T21:14:12.9214885+08:00	0x02	-0.5393	-0.0127	0.3793	0.7517	77.41	314.29	306.76
2026-05-26T21:14:13.0222545+08:00	0x01	-0.3410	-0.5083	0.7864	-0.0828	155.26	299.00	58.87
2026-05-26T21:14:13.2222313+08:00	0x03	-0.0865	0.2611	0.4975	0.8227	57.64	22.04	336.30
2026-05-26T21:14:13.4398338+08:00	0x02	-0.5420	-0.0145	0.3783	0.7503	77.79	313.66	306.65
2026-05-26T21:14:13.6095345+08:00	0x01	-0.3426	-0.5079	0.7861	-0.0815	154.97	298.68	58.70
2026-05-26T21:14:13.8162555+08:00	0x03	-0.0862	0.2612	0.4963	0.8234	57.47	22.10	336.34
2026-05-26T21:14:13.9555418+08:00	0x04	0.0244	-0.0451	-0.3550	0.9335	318.32	354.18	0.77
2026-05-26T21:14:14.1381499+08:00	0x01	-0.3469	-0.5049	0.7864	-0.0789	154.66	298.17	58.10
2026-05-26T21:14:14.3488053+08:00	0x03	-0.0861	0.2615	0.4943	0.8245	57.19	22.19	336.39
2026-05-26T21:14:14.5390550+08:00	0x04	0.0257	-0.0463	-0.3574	0.9324	318.01	353.99	0.85
2026-05-26T21:14:14.6859683+08:00	0x01	-0.3470	-0.5050	0.7863	-0.0794	154.70	298.16	58.14
2026-05-26T21:14:14.8993450+08:00	0x03	-0.0855	0.2643	0.4933	0.8243	57.01	22.56	336.31
2026-05-26T21:14:15.0622888+08:00	0x04	0.0277	-0.0504	-0.3574	0.9322	318.00	353.46	0.89
2026-05-26T21:14:15.2560438+08:00	0x01	-0.3461	-0.5070	0.7847	-0.0860	155.36	298.37	58.78
2026-05-26T21:14:15.4830568+08:00	0x03	-0.0842	0.2663	0.4964	0.8219	57.41	22.76	336.24
2026-05-26T21:14:15.6232020+08:00	0x04	0.0277	-0.0508	-0.3570	0.9323	318.05	353.43	0.88
2026-05-26T21:14:15.7799756+08:00	0x01	-0.3485	-0.5061	0.7840	-0.0881	155.56	298.16	58.76
2026-05-26T21:14:16.0320437+08:00	0x03	-0.0841	0.2673	0.4968	0.8214	57.46	22.86	336.18
2026-05-26T21:14:16.1422301+08:00	0x04	0.0282	-0.0510	-0.3577	0.9320	317.95	353.38	0.92
2026-05-26T21:14:16.2648803+08:00	0x01	-0.3491	-0.5060	0.7837	-0.0885	155.56	298.07	58.75
2026-05-26T21:14:16.5663821+08:00	0x03	-0.0853	0.2671	0.4971	0.8211	57.49	22.78	336.07
2026-05-26T21:14:16.7129349+08:00	0x04	0.0298	-0.0493	-0.3590	0.9316	317.79	353.49	1.15
2026-05-26T21:14:16.8725676+08:00	0x01	-0.3498	-0.5060	0.7835	-0.0878	155.39	297.90	58.69
2026-05-26T21:14:17.0988874+08:00	0x03	-0.0865	0.2673	0.4950	0.8222	57.18	22.80	335.99
2026-05-26T21:14:17.1940057+08:00	0x04	0.0291	-0.0494	-0.3604	0.9310	317.62	353.51	1.07
2026-05-26T21:14:17.2311446+08:00	0x02	-0.5323	-0.0144	0.3766	0.7581	75.67	315.69	307.23
2026-05-26T21:14:17.4589170+08:00	0x01	-0.3509	-0.5047	0.7840	-0.0867	155.34	297.83	58.45
2026-05-26T21:14:17.6622532+08:00	0x03	-0.0861	0.2681	0.4948	0.8221	57.16	22.91	335.99
2026-05-26T21:14:17.7926441+08:00	0x04	0.0298	-0.0495	-0.3593	0.9314	317.75	353.48	1.14
2026-05-26T21:14:17.9148706+08:00	0x01	-0.3512	-0.5042	0.7842	-0.0868	155.41	297.86	58.39
2026-05-26T21:14:18.1912162+08:00	0x03	-0.0869	0.2681	0.4952	0.8217	57.21	22.86	335.89
2026-05-26T21:14:18.2760609+08:00	0x04	0.0303	-0.0494	-0.3594	0.9314	317.73	353.47	1.20
2026-05-26T21:14:18.3233417+08:00	0x02	-0.5335	-0.0156	0.3757	0.7576	75.79	315.38	307.18
2026-05-26T21:14:18.5393662+08:00	0x01	-0.3513	-0.5053	0.7832	-0.0889	155.51	297.78	58.65
2026-05-26T21:14:18.7240598+08:00	0x03	-0.0866	0.2684	0.4955	0.8216	57.24	22.90	335.91
2026-05-26T21:14:18.7925296+08:00	0x04	0.0307	-0.0490	-0.3578	0.9320	317.92	353.50	1.28
2026-05-26T21:14:18.9575107+08:00	0x02	-0.5360	-0.0182	0.3729	0.7571	75.86	314.82	307.05
2026-05-26T21:14:19.2072936+08:00	0x03	-0.0866	0.2675	0.4961	0.8215	57.33	22.78	335.94
2026-05-26T21:14:19.3581906+08:00	0x04	0.0301	-0.0484	-0.3596	0.9314	317.71	353.58	1.22
2026-05-26T21:14:19.5234946+08:00	0x02	-0.5326	-0.0154	0.3744	0.7589	75.40	315.67	307.17
2026-05-26T21:14:19.7602828+08:00	0x03	-0.0867	0.2676	0.4940	0.8227	57.05	22.85	335.98
2026-05-26T21:14:19.9404940+08:00	0x04	0.0307	-0.0500	-0.3596	0.9312	317.70	353.38	1.22
2026-05-26T21:14:20.1048586+08:00	0x01	-0.3529	-0.5041	0.7836	-0.0855	155.07	297.46	58.25
2026-05-26T21:14:20.3430517+08:00	0x03	-0.0869	0.2692	0.4952	0.8214	57.18	22.98	335.83
2026-05-26T21:14:20.4604948+08:00	0x04	0.0323	-0.0516	-0.3578	0.9318	317.91	353.14	1.33
2026-05-26T21:14:20.5081184+08:00	0x02	-0.5171	-0.0058	0.3653	0.7740	70.86	320.25	307.22
2026-05-26T21:14:20.6733544+08:00	0x01	-0.3108	-0.4841	0.7989	-0.1755	177.49	315.98	61.96
2026-05-26T21:14:20.8739375+08:00	0x03	-0.0872	0.2700	0.5098	0.8122	59.23	22.63	335.36
2026-05-26T21:14:21.0237098+08:00	0x04	0.0285	-0.0537	-0.3447	0.9367	319.54	353.09	0.94
2026-05-26T21:14:21.0905567+08:00	0x02	-0.4272	0.0155	0.4142	0.8036	65.89	332.60	315.62
2026-05-26T21:14:21.1930041+08:00	0x01	-0.2874	-0.4912	0.8024	-0.1798	180.79	321.07	63.07
2026-05-26T21:14:21.4100488+08:00	0x03	-0.0834	0.2652	0.5092	0.8145	59.22	22.33	336.05
2026-05-26T21:14:21.5580034+08:00	0x04	0.0273	-0.0497	-0.3511	0.9346	318.77	353.56	0.93
2026-05-26T21:14:21.7099832+08:00	0x02	-0.5324	-0.0246	0.3877	0.7521	77.74	313.83	308.58
2026-05-26T21:14:21.9557895+08:00	0x03	-0.0887	0.2633	0.5045	0.8175	58.59	21.96	335.75
2026-05-26T21:14:22.1254248+08:00	0x04	0.0283	-0.0460	-0.3616	0.9308	317.48	353.91	1.12
2026-05-26T21:14:22.2832663+08:00	0x02	-0.5396	-0.0253	0.3795	0.7511	77.76	312.93	307.68
2026-05-26T21:14:22.5410392+08:00	0x03	-0.0902	0.2644	0.5019	0.8186	58.20	22.08	335.60
2026-05-26T21:14:22.6564331+08:00	0x04	0.0295	-0.0456	-0.3648	0.9295	317.08	353.90	1.23
2026-05-26T21:14:22.7419922+08:00	0x02	-0.5405	-0.0249	0.3753	0.7526	77.24	313.08	307.36
2026-05-26T21:14:22.8610530+08:00	0x01	-0.3363	-0.5116	0.7842	-0.1010	157.86	300.56	60.49
2026-05-26T21:14:23.0238426+08:00	0x03	-0.0912	0.2638	0.5007	0.8194	58.04	22.00	335.57
2026-05-26T21:14:23.2082153+08:00	0x04	0.0301	-0.0441	-0.3654	0.9293	317.00	354.03	1.36
2026-05-26T21:14:23.3441916+08:00	0x01	-0.3374	-0.5115	0.7838	-0.1015	157.82	300.38	60.48
2026-05-26T21:14:23.5731561+08:00	0x03	-0.0916	0.2642	0.4985	0.8206	57.72	22.08	335.57
2026-05-26T21:14:23.7904122+08:00	0x04	0.0296	-0.0436	-0.3664	0.9290	316.88	354.10	1.32
2026-05-26T21:14:23.8482583+08:00	0x01	-0.3383	-0.5108	0.7839	-0.1004	157.67	300.23	60.32
2026-05-26T21:14:24.0960324+08:00	0x03	-0.0905	0.2634	0.4986	0.8209	57.75	22.05	335.72
2026-05-26T21:14:24.3111773+08:00	0x04	0.0290	-0.0425	-0.3667	0.9289	316.85	354.25	1.30
2026-05-26T21:14:24.4241116+08:00	0x01	-0.3393	-0.5109	0.7834	-0.1009	157.61	300.03	60.33
2026-05-26T21:14:24.6416242+08:00	0x03	-0.0896	0.2630	0.5001	0.8202	57.97	22.01	335.79
2026-05-26T21:14:24.8745104+08:00	0x04	0.0274	-0.0428	-0.3657	0.9293	316.98	354.29	1.12
2026-05-26T21:14:24.9110125+08:00	0x01	-0.3391	-0.5106	0.7835	-0.1023	157.89	300.22	60.40
2026-05-26T21:14:25.0434824+08:00	0x02	-0.5345	-0.0212	0.3721	0.7585	75.52	314.84	307.34
2026-05-26T21:14:25.1761719+08:00	0x03	-0.0907	0.2616	0.5003	0.8204	58.02	21.79	335.76
2026-05-26T21:14:25.4112267+08:00	0x04	0.0260	-0.0416	-0.3670	0.9289	316.84	354.47	1.02
2026-05-26T21:14:25.4326580+08:00	0x01	-0.3393	-0.5105	0.7835	-0.1020	157.83	300.17	60.36
2026-05-26T21:14:25.6086143+08:00	0x02	-0.5302	-0.0205	0.3740	0.7607	75.02	315.61	307.69
2026-05-26T21:14:25.7246102+08:00	0x03	-0.0902	0.2606	0.4990	0.8216	57.85	21.75	335.91
2026-05-26T21:14:25.9653682+08:00	0x04	0.0284	-0.0421	-0.3660	0.9292	316.94	354.32	1.26
2026-05-26T21:14:26.0001291+08:00	0x01	-0.3414	-0.5078	0.7846	-0.1003	157.80	300.07	59.91
2026-05-26T21:14:26.1453181+08:00	0x02	-0.5260	-0.0183	0.3769	0.7622	74.69	316.42	308.00
2026-05-26T21:14:26.2746737+08:00	0x03	-0.0906	0.2628	0.4994	0.8206	57.87	21.96	335.72
2026-05-26T21:14:26.4663163+08:00	0x04	0.0287	-0.0418	-0.3665	0.9290	316.87	354.33	1.30
2026-05-26T21:14:26.5580612+08:00	0x01	-0.3426	-0.5068	0.7847	-0.1002	157.83	299.97	59.77
2026-05-26T21:14:26.6979638+08:00	0x02	-0.5198	-0.0138	0.3781	0.7659	73.69	317.94	308.20
2026-05-26T21:14:26.7850515+08:00	0x03	-0.0901	0.2637	0.4994	0.8203	57.86	22.08	335.72
2026-05-26T21:14:26.9613376+08:00	0x04	0.0290	-0.0416	-0.3690	0.9281	316.57	354.34	1.33
2026-05-26T21:14:27.0837918+08:00	0x01	-0.3429	-0.5063	0.7848	-0.1012	158.02	300.06	59.77
2026-05-26T21:14:27.1906932+08:00	0x02	-0.5190	-0.0132	0.3791	0.7660	73.71	318.08	308.27
2026-05-26T21:14:27.3377431+08:00	0x03	-0.0904	0.2639	0.4988	0.8206	57.77	22.10	335.70
2026-05-26T21:14:27.5484623+08:00	0x04	0.0302	-0.0407	-0.3708	0.9273	316.34	354.38	1.49
2026-05-26T21:14:27.6651360+08:00	0x01	-0.3422	-0.5091	0.7832	-0.1017	157.70	299.77	60.11
2026-05-26T21:14:27.8639348+08:00	0x03	-0.0920	0.2634	0.4962	0.8222	57.41	22.03	335.63
2026-05-26T21:14:28.0735491+08:00	0x04	0.0306	-0.0405	-0.3718	0.9269	316.21	354.39	1.53
2026-05-26T21:14:28.1708386+08:00	0x01	-0.3385	-0.5113	0.7839	-0.0979	157.20	299.95	60.21
2026-05-26T21:14:28.2705740+08:00	0x02	-0.5215	-0.0156	0.3800	0.7638	74.35	317.31	308.30
2026-05-26T21:14:28.4073369+08:00	0x03	-0.0932	0.2641	0.4942	0.8230	57.12	22.11	335.52
2026-05-26T21:14:28.6344671+08:00	0x04	0.0333	-0.0380	-0.3694	0.9279	316.49	354.54	1.93
2026-05-26T21:14:28.7521879+08:00	0x01	-0.3316	-0.5138	0.7846	-0.1023	158.23	301.27	60.94
2026-05-26T21:14:28.8859764+08:00	0x02	-0.5175	-0.0173	0.3784	0.7673	73.43	317.96	308.64
2026-05-26T21:14:28.9613559+08:00	0x03	-0.0942	0.2641	0.4943	0.8229	57.12	22.06	335.41
2026-05-26T21:14:29.1157302+08:00	0x04	0.0317	-0.0378	-0.3690	0.9281	316.55	354.62	1.78
2026-05-26T21:14:29.3243082+08:00	0x01	-0.3346	-0.5163	0.7820	-0.0997	157.01	300.01	60.96
2026-05-26T21:14:29.5393792+08:00	0x03	-0.0937	0.2624	0.4964	0.8222	57.45	21.84	335.51
2026-05-26T21:14:29.6286856+08:00	0x04	0.0314	-0.0366	-0.3670	0.9290	316.81	354.77	1.81
2026-05-26T21:14:29.8481192+08:00	0x01	-0.3353	-0.5173	0.7810	-0.0999	156.78	299.72	61.05
2026-05-26T21:14:29.9280601+08:00	0x02	-0.5293	-0.0259	0.3777	0.7593	75.59	314.94	308.35
2026-05-26T21:14:30.0737667+08:00	0x03	-0.0945	0.2625	0.4962	0.8221	57.43	21.80	335.42
2026-05-26T21:14:30.1859956+08:00	0x04	0.0323	-0.0362	-0.3693	0.9280	316.51	354.77	1.90
2026-05-26T21:14:30.4169022+08:00	0x01	-0.3347	-0.5181	0.7808	-0.0995	156.63	299.67	61.12
2026-05-26T21:14:30.6257690+08:00	0x03	-0.0953	0.2633	0.4943	0.8229	57.14	21.91	335.34
2026-05-26T21:14:30.7123474+08:00	0x04	0.0343	-0.0351	-0.3704	0.9276	316.37	354.80	2.15
2026-05-26T21:14:30.9691330+08:00	0x01	-0.3308	-0.5189	0.7817	-0.1008	157.16	300.45	61.41
2026-05-26T21:14:31.0266893+08:00	0x02	-0.5223	-0.0257	0.3767	0.7647	74.19	316.32	308.80
2026-05-26T21:14:31.2219661+08:00	0x03	-0.0949	0.2632	0.4936	0.8235	57.04	21.94	335.41
2026-05-26T21:14:31.2932056+08:00	0x04	0.0338	-0.0351	-0.3706	0.9275	316.35	354.83	2.10
2026-05-26T21:14:31.5190406+08:00	0x01	-0.3322	-0.5189	0.7815	-0.0987	156.68	300.02	61.23
2026-05-26T21:14:31.5479659+08:00	0x02	-0.5261	-0.0241	0.3762	0.7623	74.75	315.82	308.38
2026-05-26T21:14:31.6956011+08:00	0x03	-0.0960	0.2632	0.4928	0.8238	56.92	21.90	335.32
2026-05-26T21:14:31.8310558+08:00	0x04	0.0341	-0.0360	-0.3707	0.9274	316.33	354.71	2.10
2026-05-26T21:14:32.0823631+08:00	0x01	-0.3331	-0.5184	0.7818	-0.0956	156.22	299.73	60.95
2026-05-26T21:14:32.2973028+08:00	0x03	-0.0964	0.2650	0.4931	0.8230	56.94	22.08	335.16
2026-05-26T21:14:32.3771830+08:00	0x04	0.0358	-0.0364	-0.3704	0.9275	316.35	354.59	2.26
2026-05-26T21:14:32.6003733+08:00	0x01	-0.3382	-0.5140	0.7822	-0.0982	156.79	299.58	60.52
2026-05-26T21:14:32.6899734+08:00	0x02	-0.5304	-0.0195	0.3760	0.7595	75.37	315.53	307.72
2026-05-26T21:14:32.8283398+08:00	0x03	-0.0963	0.2683	0.4934	0.8218	56.92	22.44	334.98
2026-05-26T21:14:32.9483286+08:00	0x04	0.0391	-0.0379	-0.3702	0.9274	316.35	354.30	2.55
2026-05-26T21:14:33.1796473+08:00	0x01	-0.3410	-0.5117	0.7821	-0.1007	157.23	299.53	60.36
2026-05-26T21:14:33.3737427+08:00	0x03	-0.0969	0.2683	0.4940	0.8213	57.01	22.39	334.90
2026-05-26T21:14:33.4741273+08:00	0x04	0.0381	-0.0372	-0.3682	0.9282	316.60	354.42	2.48
2026-05-26T21:14:33.7529950+08:00	0x01	-0.3417	-0.5118	0.7817	-0.1010	157.18	299.38	60.37
2026-05-26T21:14:33.8982900+08:00	0x03	-0.0976	0.2684	0.4958	0.8201	57.26	22.31	334.78
2026-05-26T21:14:34.0541704+08:00	0x04	0.0388	-0.0363	-0.3678	0.9284	316.65	354.49	2.60
2026-05-26T21:14:34.2592536+08:00	0x01	-0.3426	-0.5113	0.7816	-0.1012	157.18	299.29	60.31
2026-05-26T21:14:34.4462608+08:00	0x03	-0.0959	0.2679	0.4954	0.8208	57.20	22.36	334.98
2026-05-26T21:14:34.5763123+08:00	0x04	0.0371	-0.0370	-0.3678	0.9284	316.66	354.48	2.38
2026-05-26T21:14:34.8491243+08:00	0x01	-0.3433	-0.5117	0.7811	-0.1015	157.08	299.11	60.34
2026-05-26T21:14:35.0500169+08:00	0x04	0.0358	-0.0375	-0.3692	0.9279	316.50	354.49	2.22
2026-05-26T21:14:35.2120730+08:00	0x03	-0.0949	0.2663	0.4967	0.8206	57.42	22.19	335.14
2026-05-26T21:14:35.3463546+08:00	0x02	-0.5236	-0.0165	0.3775	0.7636	74.31	317.02	308.08
2026-05-26T21:14:35.3679264+08:00	0x01	-0.3428	-0.5117	0.7812	-0.1017	157.16	299.21	60.37
2026-05-26T21:14:35.5783834+08:00	0x03	-0.0952	0.2672	0.4962	0.8206	57.34	22.29	335.08
2026-05-26T21:14:35.6122037+08:00	0x04	0.0367	-0.0376	-0.3700	0.9276	316.40	354.43	2.31
2026-05-26T21:14:35.9522338+08:00	0x01	-0.3428	-0.5119	0.7810	-0.1022	157.20	299.22	60.42
2026-05-26T21:14:36.1096525+08:00	0x03	-0.0958	0.2663	0.4963	0.8207	57.37	22.16	335.06
2026-05-26T21:14:36.2274086+08:00	0x04	0.0359	-0.0367	-0.3701	0.9276	316.39	354.56	2.25
2026-05-26T21:14:36.3972259+08:00	0x01	-0.3427	-0.5129	0.7805	-0.1018	156.96	299.03	60.50
2026-05-26T21:14:36.5434150+08:00	0x02	-0.5253	-0.0203	0.3772	0.7625	74.67	316.32	308.22
2026-05-26T21:14:36.6937131+08:00	0x04	0.0354	-0.0374	-0.3707	0.9273	316.32	354.51	2.18
2026-05-26T21:14:36.7115458+08:00	0x03	-0.0954	0.2659	0.4958	0.8212	57.30	22.16	335.15
2026-05-26T21:14:36.9321437+08:00	0x01	-0.3433	-0.5135	0.7800	-0.1005	156.60	298.72	60.47
2026-05-26T21:14:37.1108218+08:00	0x02	-0.5276	-0.0199	0.3775	0.7607	75.12	315.91	308.03
2026-05-26T21:14:37.2168350+08:00	0x04	0.0334	-0.0385	-0.3705	0.9274	316.35	354.47	1.91
2026-05-26T21:14:37.4933906+08:00	0x01	-0.3433	-0.5143	0.7791	-0.1032	156.85	298.76	60.72
2026-05-26T21:14:37.6263922+08:00	0x02	-0.5206	-0.0154	0.3759	0.7664	73.51	317.78	308.14
2026-05-26T21:14:37.7774041+08:00	0x03	-0.0929	0.2654	0.4971	0.8209	57.50	22.18	335.39
2026-05-26T21:14:37.7953553+08:00	0x04	0.0337	-0.0381	-0.3696	0.9278	316.46	354.52	1.97
2026-05-26T21:14:38.0652670+08:00	0x01	-0.3441	-0.5137	0.7792	-0.1025	156.76	298.65	60.59
2026-05-26T21:14:38.2625542+08:00	0x04	0.0332	-0.0389	-0.3710	0.9272	316.30	354.45	1.88
2026-05-26T21:14:38.3108502+08:00	0x03	-0.0923	0.2657	0.4966	0.8211	57.43	22.27	335.45
2026-05-26T21:14:38.5787402+08:00	0x01	-0.3444	-0.5129	0.7797	-0.1021	156.81	298.70	60.47
2026-05-26T21:14:38.7265318+08:00	0x02	-0.5129	-0.0124	0.3840	0.7677	73.46	318.91	308.92
2026-05-26T21:14:38.8781212+08:00	0x03	-0.0914	0.2661	0.4961	0.8214	57.35	22.37	335.53
2026-05-26T21:14:39.1537606+08:00	0x01	-0.3443	-0.5133	0.7795	-0.1020	156.74	298.65	60.51
2026-05-26T21:14:39.2039681+08:00	0x02	-0.5125	-0.0135	0.3851	0.7673	73.60	318.78	309.09
2026-05-26T21:14:39.3488610+08:00	0x04	0.0324	-0.0401	-0.3691	0.9280	316.54	354.36	1.76
2026-05-26T21:14:39.4038024+08:00	0x03	-0.0905	0.2661	0.4968	0.8211	57.45	22.40	335.60
2026-05-26T21:14:39.6711067+08:00	0x01	-0.3444	-0.5145	0.7785	-0.1030	156.64	298.47	60.70
2026-05-26T21:14:39.7627988+08:00	0x02	-0.5150	-0.0151	0.3860	0.7652	74.20	318.11	309.06
2026-05-26T21:14:39.9813095+08:00	0x04	0.0320	-0.0381	-0.3680	0.9285	316.68	354.58	1.80
2026-05-26T21:14:40.0039984+08:00	0x03	-0.0914	0.2639	0.4978	0.8211	57.63	22.07	335.61
2026-05-26T21:14:40.2616871+08:00	0x01	-0.3450	-0.5157	0.7779	-0.0993	155.81	297.90	60.56
2026-05-26T21:14:40.4461242+08:00	0x04	0.0332	-0.0374	-0.3694	0.9279	316.50	354.61	1.95
2026-05-26T21:14:40.4730788+08:00	0x03	-0.0929	0.2644	0.4971	0.8212	57.51	22.08	335.45
2026-05-26T21:14:40.7182600+08:00	0x01	-0.3441	-0.5168	0.7781	-0.0954	155.16	297.67	60.44
2026-05-26T21:14:40.8603364+08:00	0x02	-0.5269	-0.0261	0.3842	0.7577	76.22	314.93	308.89
2026-05-26T21:14:41.0147033+08:00	0x03	-0.0936	0.2649	0.4961	0.8216	57.36	22.13	335.38
2026-05-26T21:14:41.0359925+08:00	0x04	0.0339	-0.0372	-0.3702	0.9276	316.39	354.60	2.02
2026-05-26T21:14:41.3409059+08:00	0x01	-0.3448	-0.5150	0.7785	-0.0992	155.96	298.07	60.49
2026-05-26T21:14:41.3807984+08:00	0x02	-0.5170	-0.0175	0.3818	0.7659	73.92	317.79	308.87
2026-05-26T21:14:41.5307530+08:00	0x04	0.0357	-0.0377	-0.3702	0.9275	316.37	354.47	2.20
2026-05-26T21:14:41.6072719+08:00	0x03	-0.0943	0.2668	0.4960	0.8209	57.32	22.30	335.20
2026-05-26T21:14:41.8162863+08:00	0x01	-0.3456	-0.5139	0.7789	-0.0993	156.08	298.11	60.35
2026-05-26T21:14:41.9547155+08:00	0x02	-0.5099	-0.0120	0.3840	0.7697	72.94	319.49	309.13
2026-05-26T21:14:42.0284112+08:00	0x04	0.0351	-0.0378	-0.3697	0.9277	316.44	354.48	2.13
2026-05-26T21:14:42.0880665+08:00	0x03	-0.0927	0.2665	0.4965	0.8209	57.40	22.34	335.36
2026-05-26T21:14:42.3810963+08:00	0x01	-0.3462	-0.5139	0.7785	-0.1002	156.14	298.03	60.40
2026-05-26T21:14:42.5378875+08:00	0x02	-0.5104	-0.0128	0.3856	0.7685	73.31	319.19	309.22
2026-05-26T21:14:42.6426061+08:00	0x04	0.0342	-0.0376	-0.3703	0.9275	316.37	354.54	2.04
2026-05-26T21:14:42.9004797+08:00	0x01	-0.3465	-0.5150	0.7780	-0.0975	155.52	297.62	60.32
2026-05-26T21:14:43.0555229+08:00	0x02	-0.5133	-0.0154	0.3889	0.7648	74.41	318.17	309.35
2026-05-26T21:14:43.2209736+08:00	0x04	0.0345	-0.0374	-0.3711	0.9272	316.27	354.54	2.07
2026-05-26T21:14:43.2593213+08:00	0x03	-0.0933	0.2659	0.4967	0.8209	57.43	22.23	335.33
2026-05-26T21:14:43.3813329+08:00	0x01	-0.3463	-0.5150	0.7781	-0.0968	155.44	297.60	60.28
2026-05-26T21:14:43.5228214+08:00	0x02	-0.5115	-0.0146	0.3901	0.7655	74.27	318.50	309.49
2026-05-26T21:14:43.7614899+08:00	0x03	-0.0926	0.2659	0.4954	0.8218	57.26	22.31	335.45
2026-05-26T21:14:43.9945268+08:00	0x01	-0.3463	-0.5139	0.7789	-0.0963	155.57	297.78	60.14
2026-05-26T21:14:44.1539100+08:00	0x02	-0.5076	-0.0132	0.3911	0.7676	73.77	319.25	309.74
2026-05-26T21:14:44.2662290+08:00	0x03	-0.0931	0.2665	0.4955	0.8214	57.26	22.34	335.35
2026-05-26T21:14:44.4624083+08:00	0x01	-0.3469	-0.5135	0.7789	-0.0968	155.66	297.76	60.11
2026-05-26T21:14:44.7152526+08:00	0x02	-0.5065	-0.0130	0.3912	0.7682	73.61	319.44	309.82
2026-05-26T21:14:44.7811844+08:00	0x04	0.0348	-0.0374	-0.3694	0.9279	316.49	354.54	2.11
2026-05-26T21:14:44.7821434+08:00	0x03	-0.0937	0.2662	0.4970	0.8206	57.47	22.24	335.27
2026-05-26T21:14:44.9811236+08:00	0x01	-0.3472	-0.5139	0.7784	-0.0972	155.60	297.64	60.17
2026-05-26T21:14:45.1819086+08:00	0x02	-0.5089	-0.0134	0.3900	0.7673	73.80	319.09	309.60
2026-05-26T21:14:45.3123049+08:00	0x03	-0.0927	0.2659	0.4976	0.8204	57.56	22.23	335.37
2026-05-26T21:14:45.5609590+08:00	0x01	-0.3467	-0.5147	0.7781	-0.0974	155.53	297.61	60.28
2026-05-26T21:14:45.7041890+08:00	0x02	-0.5119	-0.0156	0.3907	0.7649	74.47	318.27	309.57
2026-05-26T21:14:45.8551110+08:00	0x04	0.0344	-0.0378	-0.3716	0.9270	316.22	354.51	2.05
2026-05-26T21:14:45.9179736+08:00	0x03	-0.0933	0.2657	0.4967	0.8209	57.44	22.21	335.34
2026-05-26T21:14:46.0258532+08:00	0x01	-0.3464	-0.5152	0.7780	-0.0960	155.26	297.49	60.25
2026-05-26T21:14:46.2681918+08:00	0x02	-0.5107	-0.0159	0.3910	0.7656	74.31	318.45	309.69
2026-05-26T21:14:46.3810503+08:00	0x04	0.0346	-0.0383	-0.3730	0.9264	316.04	354.44	2.03
2026-05-26T21:14:46.4642382+08:00	0x03	-0.0934	0.2664	0.4947	0.8219	57.15	22.34	335.35
2026-05-26T21:14:46.6480455+08:00	0x01	-0.3465	-0.5157	0.7777	-0.0957	155.12	297.38	60.28
2026-05-26T21:14:46.7947425+08:00	0x02	-0.5108	-0.0160	0.3901	0.7659	74.19	318.47	309.65
2026-05-26T21:14:46.9624901+08:00	0x04	0.0350	-0.0385	-0.3721	0.9267	316.15	354.41	2.08
2026-05-26T21:14:47.0528759+08:00	0x03	-0.0930	0.2670	0.4937	0.8224	56.99	22.46	335.38
2026-05-26T21:14:47.2285907+08:00	0x01	-0.3471	-0.5153	0.7777	-0.0956	155.11	297.31	60.21
2026-05-26T21:14:47.3619257+08:00	0x02	-0.5145	-0.0171	0.3877	0.7646	74.45	317.87	309.32
2026-05-26T21:14:47.5314795+08:00	0x04	0.0345	-0.0377	-0.3695	0.9278	316.47	354.52	2.07
2026-05-26T21:14:47.6959034+08:00	0x01	-0.3472	-0.5157	0.7773	-0.0967	155.19	297.30	60.33
2026-05-26T21:14:47.8314249+08:00	0x02	-0.5162	-0.0174	0.3858	0.7645	74.42	317.68	309.12
2026-05-26T21:14:48.0463272+08:00	0x04	0.0355	-0.0367	-0.3698	0.9277	316.43	354.58	2.22
2026-05-26T21:14:48.1130346+08:00	0x03	-0.0934	0.2666	0.4940	0.8222	57.05	22.39	335.35
2026-05-26T21:14:48.3152740+08:00	0x01	-0.3466	-0.5156	0.7775	-0.0970	155.30	297.44	60.35
2026-05-26T21:14:48.4522177+08:00	0x02	-0.5169	-0.0191	0.3846	0.7645	74.40	317.44	309.13
2026-05-26T21:14:48.5126548+08:00	0x04	0.0358	-0.0368	-0.3713	0.9271	316.24	354.56	2.24
2026-05-26T21:14:48.6616474+08:00	0x03	-0.0943	0.2665	0.4929	0.8229	56.88	22.36	335.30
2026-05-26T21:14:48.7852622+08:00	0x01	-0.3467	-0.5152	0.7780	-0.0958	155.22	297.44	60.23
2026-05-26T21:14:49.0339092+08:00	0x02	-0.5142	-0.0177	0.3852	0.7662	73.99	318.04	309.26
2026-05-26T21:14:49.2268367+08:00	0x03	-0.0947	0.2669	0.4929	0.8227	56.87	22.39	335.23
2026-05-26T21:14:49.3177882+08:00	0x01	-0.3471	-0.5146	0.7782	-0.0958	155.27	297.45	60.15
2026-05-26T21:14:49.5488174+08:00	0x02	-0.5138	-0.0172	0.3845	0.7667	73.81	318.21	309.23
2026-05-26T21:14:49.5981168+08:00	0x04	0.0365	-0.0367	-0.3687	0.9281	316.56	354.54	2.33
2026-05-26T21:14:49.7830833+08:00	0x03	-0.0946	0.2669	0.4936	0.8223	56.97	22.37	335.23
2026-05-26T21:14:49.8965805+08:00	0x01	-0.3480	-0.5155	0.7770	-0.0974	155.23	297.20	60.33
2026-05-26T21:14:50.1462691+08:00	0x02	-0.5180	-0.0193	0.3796	0.7663	73.76	317.58	308.81
2026-05-26T21:14:50.3361772+08:00	0x03	-0.0953	0.2662	0.4956	0.8212	57.27	22.20	335.14
2026-05-26T21:14:50.7085330+08:00	0x02	-0.5158	-0.0197	0.3810	0.7671	73.63	317.83	309.08
2026-05-26T21:14:50.8543187+08:00	0x03	-0.0964	0.2649	0.4959	0.8213	57.33	21.98	335.09
2026-05-26T21:14:50.8752616+08:00	0x01	-0.3484	-0.5150	0.7772	-0.0969	155.21	297.18	60.23
2026-05-26T21:14:51.2877709+08:00	0x04	0.0360	-0.0343	-0.3701	0.9276	316.39	354.81	2.37
2026-05-26T21:14:51.4117291+08:00	0x03	-0.0968	0.2652	0.4951	0.8216	57.22	22.02	335.05
2026-05-26T21:14:51.8017497+08:00	0x02	-0.5082	-0.0163	0.3830	0.7712	72.62	319.37	309.53
2026-05-26T21:14:51.9494030+08:00	0x03	-0.0967	0.2649	0.4955	0.8215	57.28	21.98	335.08
2026-05-26T21:14:51.9879656+08:00	0x01	-0.3494	-0.5156	0.7764	-0.0965	154.93	296.85	60.23
2026-05-26T21:14:52.2819900+08:00	0x04	0.0349	-0.0322	-0.3733	0.9265	316.01	355.08	2.33
2026-05-26T21:14:52.3650940+08:00	0x02	-0.5144	-0.0197	0.3773	0.7698	72.80	318.32	309.00
2026-05-26T21:14:52.4592189+08:00	0x03	-0.0958	0.2628	0.4921	0.8244	56.84	21.90	335.38
2026-05-26T21:14:52.5399655+08:00	0x01	-0.3499	-0.5210	0.7724	-0.0980	154.04	295.85	60.85
2026-05-26T21:14:52.8399346+08:00	0x04	0.0332	-0.0278	-0.3710	0.9276	316.31	355.63	2.35
2026-05-26T21:14:52.9633009+08:00	0x03	-0.0989	0.2594	0.4951	0.8233	57.32	21.26	335.18
2026-05-26T21:14:53.1039501+08:00	0x01	-0.3496	-0.5205	0.7726	-0.0997	154.42	296.10	60.93
2026-05-26T21:14:53.3590692+08:00	0x04	0.0316	-0.0275	-0.3735	0.9267	316.01	355.72	2.18
2026-05-26T21:14:53.4691976+08:00	0x02	-0.5206	-0.0303	0.3745	0.7667	73.67	316.27	309.15
2026-05-26T21:14:53.5055780+08:00	0x03	-0.0990	0.2576	0.4945	0.8242	57.25	21.08	335.30
2026-05-26T21:14:53.6317708+08:00	0x01	-0.3490	-0.5213	0.7725	-0.0990	154.23	296.04	60.97
2026-05-26T21:14:53.9402762+08:00	0x04	0.0360	-0.0264	-0.3780	0.9247	315.43	355.64	2.67
2026-05-26T21:14:54.0552484+08:00	0x03	-0.1015	0.2612	0.4894	0.8258	56.48	21.50	334.96
2026-05-26T21:14:54.1992608+08:00	0x01	-0.3480	-0.5206	0.7734	-0.0982	154.36	296.31	60.89
2026-05-26T21:14:54.4429517+08:00	0x04	0.0347	-0.0275	-0.3759	0.9256	315.69	355.58	2.50
2026-05-26T21:14:54.5414528+08:00	0x02	-0.5195	-0.0273	0.3766	0.7665	73.74	316.65	309.12
2026-05-26T21:14:54.5830098+08:00	0x03	-0.0992	0.2603	0.4911	0.8254	56.73	21.46	335.20
2026-05-26T21:14:54.7203779+08:00	0x01	-0.3485	-0.5230	0.7718	-0.0964	153.59	295.66	60.99
2026-05-26T21:14:55.0331108+08:00	0x04	0.0343	-0.0266	-0.3745	0.9262	315.87	355.70	2.50
2026-05-26T21:14:55.1334978+08:00	0x03	-0.0996	0.2598	0.4918	0.8251	56.83	21.37	335.17
2026-05-26T21:14:55.3053024+08:00	0x01	-0.3474	-0.5235	0.7718	-0.0976	153.79	295.87	61.16
2026-05-26T21:14:55.5305653+08:00	0x04	0.0349	-0.0261	-0.3754	0.9258	315.76	355.72	2.58
2026-05-26T21:14:55.6463202+08:00	0x02	-0.5187	-0.0282	0.3735	0.7685	73.15	316.89	309.08
2026-05-26T21:14:55.6670191+08:00	0x03	-0.1003	0.2603	0.4914	0.8251	56.77	21.40	335.08
2026-05-26T21:14:55.7673409+08:00	0x01	-0.3470	-0.5241	0.7716	-0.0977	153.74	295.85	61.23
2026-05-26T21:14:56.1123857+08:00	0x04	0.0353	-0.0258	-0.3755	0.9258	315.74	355.73	2.63
2026-05-26T21:14:56.1880657+08:00	0x03	-0.1010	0.2604	0.4918	0.8247	56.83	21.36	334.99
2026-05-26T21:14:56.2280010+08:00	0x02	-0.5179	-0.0290	0.3737	0.7689	73.06	316.93	309.22
2026-05-26T21:14:56.2822609+08:00	0x01	-0.3467	-0.5242	0.7717	-0.0977	153.75	295.89	61.25
2026-05-26T21:14:56.5838807+08:00	0x04	0.0357	-0.0262	-0.3758	0.9256	315.71	355.67	2.66
2026-05-26T21:14:56.6840628+08:00	0x03	-0.1012	0.2610	0.4914	0.8247	56.76	21.43	334.95
2026-05-26T21:14:56.8510736+08:00	0x01	-0.3471	-0.5234	0.7720	-0.0982	153.94	296.00	61.19
2026-05-26T21:14:57.1960283+08:00	0x04	0.0351	-0.0271	-0.3748	0.9260	315.83	355.61	2.56
2026-05-26T21:14:57.2882331+08:00	0x03	-0.0997	0.2607	0.4932	0.8239	57.02	21.42	335.08
2026-05-26T21:14:57.3723696+08:00	0x01	-0.3469	-0.5241	0.7712	-0.1007	154.17	296.05	61.44
2026-05-26T21:14:57.6747690+08:00	0x04	0.0360	-0.0269	-0.3747	0.9261	315.84	355.59	2.67
2026-05-26T21:14:57.8196630+08:00	0x03	-0.1006	0.2617	0.4939	0.8231	57.10	21.47	334.91
2026-05-26T21:14:57.8831074+08:00	0x02	-0.5209	-0.0280	0.3719	0.7678	73.24	316.64	308.82
2026-05-26T21:14:58.2970691+08:00	0x04	0.0368	-0.0262	-0.3754	0.9258	315.75	355.63	2.78
2026-05-26T21:14:58.3502315+08:00	0x03	-0.1018	0.2616	0.4937	0.8231	57.07	21.40	334.80
2026-05-26T21:14:58.3997773+08:00	0x02	-0.5180	-0.0268	0.3722	0.7697	72.77	317.26	308.97
2026-05-26T21:14:58.5284954+08:00	0x01	-0.3464	-0.5225	0.7724	-0.1019	154.72	296.54	61.38
2026-05-26T21:14:58.7679945+08:00	0x04	0.0370	-0.0268	-0.3771	0.9250	315.53	355.55	2.77
2026-05-26T21:14:58.8870650+08:00	0x03	-0.1021	0.2616	0.4925	0.8237	56.91	21.42	334.80
2026-05-26T21:14:58.9776915+08:00	0x02	-0.5067	-0.0217	0.3758	0.7756	71.35	319.52	309.68
2026-05-26T21:14:59.0454260+08:00	0x01	-0.3464	-0.5209	0.7735	-0.1015	154.98	296.80	61.18
2026-05-26T21:14:59.2431401+08:00	0x04	0.0375	-0.0287	-0.3774	0.9249	315.49	355.32	2.74
2026-05-26T21:14:59.4269545+08:00	0x03	-0.1013	0.2633	0.4929	0.8231	56.93	21.63	334.77
2026-05-26T21:14:59.5589338+08:00	0x02	-0.5026	-0.0177	0.3801	0.7763	71.30	320.35	309.94
2026-05-26T21:14:59.7661658+08:00	0x04	0.0375	-0.0293	-0.3771	0.9250	315.53	355.27	2.71
2026-05-26T21:14:59.9249355+08:00	0x03	-0.0999	0.2638	0.4929	0.8231	56.93	21.77	334.88
2026-05-26T21:15:00.0559911+08:00	0x02	-0.5029	-0.0167	0.3816	0.7754	71.55	320.31	309.90
2026-05-26T21:15:00.1811517+08:00	0x03	-0.0998	0.2634	0.4937	0.8228	57.04	21.71	334.90
2026-05-26T21:15:00.3343193+08:00	0x04	0.0371	-0.0289	-0.3761	0.9254	315.65	355.32	2.69
2026-05-26T21:15:00.6109928+08:00	0x01	-0.3477	-0.5198	0.7738	-0.1004	154.88	296.67	60.97
2026-05-26T21:15:00.7179492+08:00	0x03	-0.1002	0.2636	0.4929	0.8231	56.93	21.73	334.87
2026-05-26T21:15:00.8589083+08:00	0x04	0.0374	-0.0294	-0.3774	0.9248	315.49	355.26	2.70
2026-05-26T21:15:01.1659216+08:00	0x02	-0.5096	-0.0230	0.3829	0.7702	73.00	318.41	309.88
2026-05-26T21:15:01.1978912+08:00	0x03	-0.1002	0.2641	0.4919	0.8235	56.78	21.82	334.86
2026-05-26T21:15:01.3118461+08:00	0x04	0.0377	-0.0301	-0.3762	0.9253	315.63	355.18	2.70
2026-05-26T21:15:01.7393498+08:00	0x02	-0.5122	-0.0246	0.3819	0.7689	73.31	317.86	309.75
2026-05-26T21:15:01.8100358+08:00	0x03	-0.0998	0.2636	0.4921	0.8236	56.82	21.78	334.92
2026-05-26T21:15:01.9667977+08:00	0x04	0.0371	-0.0308	-0.3760	0.9254	315.67	355.12	2.61
2026-05-26T21:15:02.2766610+08:00	0x01	-0.3466	-0.5218	0.7731	-0.0993	154.47	296.47	61.12
2026-05-26T21:15:02.3403886+08:00	0x03	-0.0991	0.2632	0.4931	0.8233	56.96	21.74	334.99
2026-05-26T21:15:02.4173170+08:00	0x04	0.0354	-0.0302	-0.3729	0.9267	316.06	355.27	2.47
2026-05-26T21:15:02.8169198+08:00	0x02	-0.5164	-0.0262	0.3784	0.7677	73.49	317.18	309.37
2026-05-26T21:15:02.8652667+08:00	0x03	-0.0989	0.2627	0.4949	0.8223	57.23	21.64	335.00
2026-05-26T21:15:02.9321237+08:00	0x04	0.0360	-0.0291	-0.3718	0.9272	316.19	355.36	2.58
2026-05-26T21:15:03.2838147+08:00	0x02	-0.5147	-0.0250	0.3782	0.7690	73.15	317.62	309.40
2026-05-26T21:15:03.3658668+08:00	0x01	-0.3468	-0.5223	0.7727	-0.0989	154.28	296.30	61.15
2026-05-26T21:15:03.4172984+08:00	0x03	-0.0991	0.2622	0.4949	0.8225	57.24	21.57	335.01
2026-05-26T21:15:03.4998765+08:00	0x04	0.0360	-0.0288	-0.3739	0.9263	315.93	355.39	2.58
2026-05-26T21:15:03.7001696+08:00	0x02	-0.5109	-0.0221	0.3788	0.7714	72.54	318.55	309.52
2026-05-26T21:15:03.9321319+08:00	0x01	-0.3470	-0.5211	0.7734	-0.0997	154.61	296.53	61.08
2026-05-26T21:15:04.0068752+08:00	0x03	-0.0998	0.2635	0.4935	0.8228	57.02	21.72	334.89
2026-05-26T21:15:04.2687637+08:00	0x02	-0.5145	-0.0240	0.3781	0.7693	73.06	317.78	309.34
2026-05-26T21:15:04.4018063+08:00	0x01	-0.3462	-0.5218	0.7732	-0.1002	154.65	296.61	61.20
2026-05-26T21:15:04.4841324+08:00	0x03	-0.0994	0.2645	0.4933	0.8226	56.97	21.86	334.88
2026-05-26T21:15:04.5889284+08:00	0x04	0.0372	-0.0311	-0.3740	0.9261	315.90	355.09	2.62
2026-05-26T21:15:04.8509979+08:00	0x02	-0.5165	-0.0249	0.3774	0.7683	73.30	317.38	309.22
2026-05-26T21:15:04.9182413+08:00	0x01	-0.3463	-0.5224	0.7728	-0.1002	154.52	296.48	61.26
2026-05-26T21:15:05.0329607+08:00	0x03	-0.0984	0.2638	0.4957	0.8216	57.32	21.76	334.96
2026-05-26T21:15:05.1669448+08:00	0x04	0.0359	-0.0310	-0.3710	0.9274	316.29	355.17	2.50
2026-05-26T21:15:05.3712859+08:00	0x02	-0.5174	-0.0259	0.3765	0.7680	73.34	317.17	309.17
2026-05-26T21:15:05.4989988+08:00	0x01	-0.3460	-0.5224	0.7729	-0.1001	154.53	296.53	61.26
2026-05-26T21:15:05.5659087+08:00	0x03	-0.0991	0.2634	0.4975	0.8205	57.58	21.63	334.87
2026-05-26T21:15:05.6330916+08:00	0x04	0.0362	-0.0308	-0.3732	0.9265	316.02	355.17	2.53
2026-05-26T21:15:05.8395409+08:00	0x02	-0.5188	-0.0259	0.3752	0.7677	73.37	317.01	309.00
2026-05-26T21:15:05.9161204+08:00	0x01	-0.3452	-0.5218	0.7735	-0.1011	154.89	296.86	61.29
2026-05-26T21:15:06.1142289+08:00	0x03	-0.0992	0.2635	0.4975	0.8205	57.58	21.64	334.85
2026-05-26T21:15:06.2816516+08:00	0x04	0.0361	-0.0308	-0.3750	0.9258	315.79	355.17	2.51
2026-05-26T21:15:06.4653509+08:00	0x02	-0.5097	-0.0207	0.3781	0.7725	72.19	318.97	309.48
2026-05-26T21:15:06.6571271+08:00	0x03	-0.0993	0.2631	0.4971	0.8209	57.53	21.59	334.87
2026-05-26T21:15:06.7222241+08:00	0x04	0.0356	-0.0311	-0.3752	0.9257	315.77	355.17	2.44
2026-05-26T21:15:07.0433640+08:00	0x02	-0.5064	-0.0180	0.3805	0.7736	71.96	319.66	309.67
2026-05-26T21:15:07.1987975+08:00	0x03	-0.0985	0.2632	0.4962	0.8215	57.40	21.67	334.97
2026-05-26T21:15:07.2557660+08:00	0x04	0.0358	-0.0317	-0.3763	0.9253	315.63	355.09	2.43
2026-05-26T21:15:07.5103923+08:00	0x02	-0.5024	-0.0151	0.3831	0.7750	71.67	320.47	309.91
2026-05-26T21:15:07.5732675+08:00	0x01	-0.3469	-0.5201	0.7742	-0.0987	154.68	296.68	60.91
2026-05-26T21:15:07.7199635+08:00	0x03	-0.0989	0.2641	0.4953	0.8216	57.26	21.78	334.90
2026-05-26T21:15:07.8240267+08:00	0x04	0.0365	-0.0322	-0.3766	0.9251	315.59	355.00	2.48
2026-05-26T21:15:08.1254445+08:00	0x02	-0.4976	-0.0124	0.3863	0.7765	71.38	321.34	310.25
2026-05-26T21:15:08.2542373+08:00	0x03	-0.0991	0.2643	0.4952	0.8217	57.24	21.80	334.87
2026-05-26T21:15:08.3584259+08:00	0x04	0.0369	-0.0326	-0.3756	0.9255	315.71	354.94	2.51
2026-05-26T21:15:08.6809647+08:00	0x01	-0.3478	-0.5197	0.7741	-0.0983	154.57	296.52	60.81
2026-05-26T21:15:08.7959546+08:00	0x03	-0.0981	0.2642	0.4964	0.8211	57.41	21.80	334.95
2026-05-26T21:15:08.9148852+08:00	0x04	0.0354	-0.0326	-0.3740	0.9262	315.92	355.01	2.36
2026-05-26T21:15:09.2250690+08:00	0x02	-0.5057	-0.0179	0.3866	0.7710	72.85	319.37	310.00
2026-05-26T21:15:09.3313378+08:00	0x03	-0.0979	0.2636	0.4973	0.8208	57.54	21.72	334.98
2026-05-26T21:15:09.4931617+08:00	0x04	0.0363	-0.0321	-0.3748	0.9259	315.82	355.03	2.47
2026-05-26T21:15:09.7127127+08:00	0x01	-0.3474	-0.5212	0.7734	-0.0980	154.31	296.34	60.95
2026-05-26T21:15:09.8864658+08:00	0x03	-0.0991	0.2646	0.4955	0.8214	57.28	21.82	334.85
2026-05-26T21:15:10.0037388+08:00	0x04	0.0366	-0.0329	-0.3761	0.9253	315.65	354.92	2.46
2026-05-26T21:15:10.2472853+08:00	0x01	-0.3474	-0.5213	0.7735	-0.0965	154.07	296.23	60.86
2026-05-26T21:15:10.3769766+08:00	0x02	-0.5121	-0.0226	0.3860	0.7669	73.92	317.81	309.82
2026-05-26T21:15:10.4432940+08:00	0x03	-0.0990	0.2643	0.4970	0.8206	57.50	21.74	334.84
2026-05-26T21:15:10.6051250+08:00	0x04	0.0365	-0.0298	-0.3710	0.9274	316.29	355.27	2.61
2026-05-26T21:15:10.7985070+08:00	0x01	-0.3472	-0.5236	0.7722	-0.0945	153.36	295.71	60.97
2026-05-26T21:15:10.8880852+08:00	0x02	-0.5155	-0.0217	0.3840	0.7657	74.13	317.45	309.39
2026-05-26T21:15:10.9510761+08:00	0x03	-0.0997	0.2611	0.4984	0.8207	57.75	21.31	334.92
2026-05-26T21:15:11.1028650+08:00	0x04	0.0357	-0.0269	-0.3717	0.9273	316.22	355.61	2.65
2026-05-26T21:15:11.3290368+08:00	0x01	-0.3475	-0.5228	0.7729	-0.0926	153.22	295.70	60.75
2026-05-26T21:15:11.4779487+08:00	0x02	-0.5121	-0.0211	0.3847	0.7676	73.66	318.06	309.64
2026-05-26T21:15:11.6739161+08:00	0x04	0.0353	-0.0267	-0.3751	0.9259	315.79	355.64	2.60
2026-05-26T21:15:11.7953856+08:00	0x01	-0.3473	-0.5219	0.7733	-0.0949	153.73	296.03	60.82
2026-05-26T21:15:12.0460015+08:00	0x03	-0.1011	0.2615	0.4997	0.8196	57.92	21.24	334.72
2026-05-26T21:15:12.2409417+08:00	0x04	0.0360	-0.0284	-0.3763	0.9253	315.63	355.43	2.59
2026-05-26T21:15:12.3655064+08:00	0x01	-0.3472	-0.5209	0.7742	-0.0937	153.77	296.17	60.64
2026-05-26T21:15:12.5539482+08:00	0x02	-0.5054	-0.0183	0.3857	0.7717	72.66	319.44	310.02
2026-05-26T21:15:12.6231335+08:00	0x03	-0.1015	0.2623	0.4998	0.8192	57.92	21.31	334.63
2026-05-26T21:15:12.7672598+08:00	0x04	0.0360	-0.0310	-0.3787	0.9243	315.34	355.14	2.47
2026-05-26T21:15:12.8877176+08:00	0x01	-0.3471	-0.5220	0.7735	-0.0937	153.57	295.99	60.75
2026-05-26T21:15:13.1172294+08:00	0x02	-0.5106	-0.0205	0.3849	0.7686	73.43	318.37	309.73
2026-05-26T21:15:13.1715819+08:00	0x03	-0.0997	0.2637	0.4969	0.8207	57.49	21.65	334.80
2026-05-26T21:15:13.2339032+08:00	0x04	0.0363	-0.0334	-0.3808	0.9234	315.07	354.87	2.39
2026-05-26T21:15:13.4677998+08:00	0x01	-0.3477	-0.5200	0.7745	-0.0938	153.90	296.23	60.54
2026-05-26T21:15:13.6391439+08:00	0x02	-0.5064	-0.0168	0.3862	0.7708	72.88	319.39	309.85
2026-05-26T21:15:13.7512424+08:00	0x03	-0.0992	0.2645	0.4963	0.8209	57.39	21.78	334.83
2026-05-26T21:15:13.7710330+08:00	0x04	0.0368	-0.0336	-0.3787	0.9242	315.33	354.84	2.44
2026-05-26T21:15:13.9876917+08:00	0x01	-0.3479	-0.5196	0.7748	-0.0932	153.89	296.25	60.46
2026-05-26T21:15:14.2112564+08:00	0x02	-0.5096	-0.0196	0.3853	0.7691	73.30	318.62	309.76
2026-05-26T21:15:14.2861050+08:00	0x03	-0.0986	0.2659	0.4987	0.8191	57.71	21.90	334.74
2026-05-26T21:15:14.3226056+08:00	0x04	0.0451	-0.0377	-0.3695	0.9274	316.39	354.07	3.20
2026-05-26T21:15:14.5504278+08:00	0x01	-0.2918	-0.5151	0.7794	-0.2051	182.85	320.84	67.31
2026-05-26T21:15:14.7853205+08:00	0x02	-0.4718	-0.1859	0.4687	0.7233	82.29	304.33	329.45
2026-05-26T21:15:14.8859394+08:00	0x03	-0.1761	0.3310	0.6263	0.6835	78.28	17.88	319.05
2026-05-26T21:15:15.1391807+08:00	0x01	-0.2090	-0.5604	0.6732	-0.4349	271.03	35.90	69.43
2026-05-26T21:15:15.3064186+08:00	0x02	-0.4467	-0.2917	0.5733	0.6219	93.31	296.22	347.23
2026-05-26T21:15:15.3721614+08:00	0x03	-0.2437	0.3423	0.6365	0.6467	83.84	11.58	311.32
2026-05-26T21:15:15.5350474+08:00	0x04	0.1380	0.0130	-0.3548	0.9246	317.42	355.60	15.34
2026-05-26T21:15:15.7431678+08:00	0x01	-0.2272	-0.5583	0.6725	-0.4294	268.62	32.46	71.10
2026-05-26T21:15:15.9559813+08:00	0x03	-0.2476	0.3520	0.6326	0.6439	83.14	12.54	310.16
2026-05-26T21:15:16.0036189+08:00	0x04	0.1313	0.0098	-0.3776	0.9165	314.61	355.19	14.37
2026-05-26T21:15:39.9088441+08:00	0x01	-0.2330	-0.5521	0.6784	-0.4250	264.79	28.52	71.30
2026-05-26T21:15:39.9088441+08:00	0x03	-0.2446	0.3498	0.6343	0.6446	83.32	12.47	310.61
2026-05-26T21:15:39.9088441+08:00	0x04	0.1385	0.0040	-0.3892	0.9107	312.94	354.03	14.80
2026-05-26T21:15:39.9088441+08:00	0x01	-0.2331	-0.5481	0.6792	-0.4289	264.54	27.85	70.82
2026-05-26T21:15:39.9088441+08:00	0x02	-0.4476	-0.2886	0.5704	0.6252	93.03	296.40	346.68
2026-05-26T21:15:39.9088441+08:00	0x03	-0.2400	0.3503	0.6389	0.6415	84.00	12.59	310.93
2026-05-26T21:15:39.9088441+08:00	0x04	0.1322	0.0096	-0.3939	0.9095	312.52	354.87	14.37
2026-05-26T21:15:39.9088441+08:00	0x01	-0.2366	-0.5448	0.6832	-0.4248	261.96	25.35	70.98
2026-05-26T21:15:39.9088441+08:00	0x02	-0.3989	-0.3350	0.6599	0.5415	100.90	297.22	0.58
2026-05-26T21:15:39.9088441+08:00	0x03	-0.2344	0.3491	0.6432	0.6399	84.57	12.67	311.49
2026-05-26T21:15:39.9088441+08:00	0x04	0.1418	0.0051	-0.4102	0.9009	310.19	353.63	15.05
2026-05-26T21:15:39.9088441+08:00	0x01	-0.2382	-0.5448	0.6845	-0.4217	260.93	24.47	71.22
2026-05-26T21:15:39.9088441+08:00	0x03	-0.2347	0.3491	0.6434	0.6397	84.62	12.62	311.46
2026-05-26T21:15:39.9088441+08:00	0x02	-0.3927	-0.3415	0.6704	0.5290	101.97	297.31	2.43
2026-05-26T21:15:39.9088441+08:00	0x04	0.1354	0.0031	-0.4179	0.8984	309.31	353.63	14.23
2026-05-26T21:15:39.9088441+08:00	0x01	-0.2387	-0.5442	0.6853	-0.4210	260.49	24.06	71.24
2026-05-26T21:15:39.9088441+08:00	0x02	-0.3922	-0.3421	0.6710	0.5281	102.03	297.31	2.57
2026-05-26T21:15:39.9088441+08:00	0x03	-0.2350	0.3511	0.6443	0.6375	84.83	12.69	311.24
2026-05-26T21:15:39.9098380+08:00	0x04	0.1226	0.0037	-0.4284	0.8952	308.21	354.21	12.87
2026-05-26T21:15:39.9098380+08:00	0x02	-0.3917	-0.3425	0.6719	0.5271	102.12	297.32	2.71
2026-05-26T21:15:39.9098380+08:00	0x03	-0.2346	0.3528	0.6444	0.6366	84.81	12.90	311.12
2026-05-26T21:15:39.9098380+08:00	0x04	0.1347	-0.0002	-0.4326	0.8915	307.39	353.09	13.89
2026-05-26T21:15:39.9098380+08:00	0x01	-0.2395	-0.5434	0.6874	-0.4181	259.25	23.02	71.33
2026-05-26T21:15:39.9098380+08:00	0x03	-0.2317	0.3520	0.6444	0.6380	84.62	13.15	311.46
2026-05-26T21:15:39.9098380+08:00	0x02	-0.3918	-0.3448	0.6715	0.5260	102.07	297.11	2.92
2026-05-26T21:15:39.9098380+08:00	0x04	0.1323	0.0021	-0.4371	0.8897	306.88	353.39	13.72
2026-05-26T21:15:39.9098380+08:00	0x01	-0.2386	-0.5454	0.6862	-0.4181	259.95	23.81	71.43
2026-05-26T21:15:39.9098380+08:00	0x02	-0.3908	-0.3468	0.6730	0.5235	102.22	297.05	3.30
2026-05-26T21:15:39.9098380+08:00	0x03	-0.2320	0.3548	0.6437	0.6371	84.45	13.48	311.20
2026-05-26T21:15:39.9098380+08:00	0x04	0.1308	0.0005	-0.4391	0.8888	306.62	353.27	13.48
2026-05-26T21:15:39.9098380+08:00	0x01	-0.2396	-0.5459	0.6850	-0.4188	260.32	24.03	71.54
2026-05-26T21:15:39.9098380+08:00	0x02	-0.3908	-0.3477	0.6738	0.5219	102.34	296.98	3.48
2026-05-26T21:15:39.9098380+08:00	0x04	0.1293	0.0010	-0.4389	0.8892	306.68	353.40	13.35
2026-05-26T21:15:39.9098380+08:00	0x01	-0.2393	-0.5460	0.6852	-0.4185	260.30	24.07	71.54
2026-05-26T21:15:39.9098380+08:00	0x03	-0.2341	0.3575	0.6406	0.6379	83.89	13.83	310.82
2026-05-26T21:15:39.9098380+08:00	0x02	-0.3902	-0.3480	0.6741	0.5218	102.34	297.01	3.55
2026-05-26T21:15:39.9098380+08:00	0x04	0.1203	0.0000	-0.4411	0.8894	306.57	353.76	12.36
2026-05-26T21:15:39.9098380+08:00	0x01	-0.2395	-0.5453	0.6858	-0.4182	259.94	23.71	71.50
2026-05-26T21:15:39.9098380+08:00	0x03	-0.2336	0.3582	0.6422	0.6362	84.20	13.79	310.77
2026-05-26T21:15:39.9098380+08:00	0x04	0.1291	-0.0014	-0.4385	0.8894	306.72	353.18	13.20
2026-05-26T21:15:39.9098380+08:00	0x01	-0.2394	-0.5450	0.6867	-0.4174	259.55	23.42	71.48
2026-05-26T21:15:39.9098380+08:00	0x03	-0.2328	0.3570	0.6420	0.6374	84.10	13.78	310.96
2026-05-26T21:15:39.9098380+08:00	0x04	0.1265	-0.0008	-0.4404	0.8888	306.53	353.35	12.96
2026-05-26T21:15:39.9098380+08:00	0x01	-0.2388	-0.5458	0.6868	-0.4164	259.57	23.58	71.55
2026-05-26T21:15:39.9098380+08:00	0x02	-0.3917	-0.3458	0.6702	0.5271	101.86	297.04	2.90
2026-05-26T21:15:39.9098380+08:00	0x03	-0.2330	0.3580	0.6426	0.6361	84.25	13.80	310.85
2026-05-26T21:15:39.9098380+08:00	0x04	0.1192	-0.0015	-0.4415	0.8893	306.52	353.66	12.16
2026-05-26T21:15:39.9098380+08:00	0x01	-0.2389	-0.5455	0.6870	-0.4164	259.45	23.45	71.53
2026-05-26T21:15:39.9098380+08:00	0x02	-0.3917	-0.3446	0.6701	0.5281	101.83	297.14	2.76
2026-05-26T21:15:39.9098380+08:00	0x03	-0.2338	0.3591	0.6428	0.6350	84.35	13.80	310.66
2026-05-26T21:15:39.9098380+08:00	0x04	0.1259	-0.0027	-0.4395	0.8894	306.64	353.20	12.80
2026-05-26T21:15:39.9098380+08:00	0x01	-0.2392	-0.5468	0.6857	-0.4166	259.94	23.91	71.67
2026-05-26T21:15:39.9098380+08:00	0x03	-0.2326	0.3599	0.6417	0.6360	84.00	14.14	310.72
2026-05-26T21:15:39.9098380+08:00	0x02	-0.3930	-0.3438	0.6687	0.5293	101.74	297.07	2.50
2026-05-26T21:15:39.9098380+08:00	0x04	0.1251	-0.0020	-0.4402	0.8892	306.58	353.30	12.74
2026-05-26T21:15:39.9098380+08:00	0x01	-0.2392	-0.5472	0.6850	-0.4172	260.30	24.22	71.68
2026-05-26T21:15:39.9098380+08:00	0x03	-0.2335	0.3596	0.6407	0.6370	83.83	14.10	310.70
2026-05-26T21:15:39.9098380+08:00	0x04	0.1228	-0.0034	-0.4375	0.8908	306.95	353.32	12.46
2026-05-26T21:15:39.9098380+08:00	0x01	-0.2167	-0.5682	0.6872	-0.3975	262.72	30.59	72.39
2026-05-26T21:15:39.9098380+08:00	0x03	-0.1988	0.3209	0.6593	0.6502	85.97	12.23	317.03
2026-05-26T21:15:39.9098380+08:00	0x04	0.1723	-0.0324	-0.2641	0.9484	327.41	350.77	18.04
2026-05-26T21:15:39.9098380+08:00	0x01	-0.2224	-0.5922	0.6888	-0.3541	257.98	29.52	76.73
2026-05-26T21:15:39.9098380+08:00	0x03	-0.2336	0.3163	0.8145	0.4267	128.53	350.91	314.40
2026-05-26T21:15:39.9098380+08:00	0x02	-0.2888	-0.4463	0.7911	0.3025	119.61	300.88	32.10
2026-05-26T21:15:39.9098380+08:00	0x04	0.1936	-0.0032	-0.3287	0.9244	319.34	351.81	20.84
2026-05-26T21:15:39.9098380+08:00	0x01	-0.2230	-0.5968	0.6869	-0.3497	258.61	30.53	77.37
2026-05-26T21:15:39.9098380+08:00	0x03	-0.2554	0.3127	0.8295	0.3860	136.50	344.87	314.29
2026-05-26T21:15:39.9098380+08:00	0x04	0.1985	-0.0013	-0.3577	0.9125	315.52	351.09	21.18
2026-05-26T21:15:39.9098380+08:00	0x01	-0.2160	-0.6003	0.6910	-0.3400	257.09	30.50	77.53
2026-05-26T21:15:39.9098380+08:00	0x03	-0.2630	0.3017	0.8278	0.3931	135.96	343.74	315.06
2026-05-26T21:15:39.9098380+08:00	0x02	-0.2923	-0.4438	0.7884	0.3098	118.98	300.60	31.24
2026-05-26T21:15:39.9098380+08:00	0x04	0.2030	-0.0338	-0.4131	0.8871	307.66	346.04	19.40
2026-05-26T21:15:39.9098380+08:00	0x01	-0.2165	-0.6061	0.6852	-0.3409	260.87	34.17	78.03
2026-05-26T21:15:39.9098380+08:00	0x03	-0.2592	0.3084	0.8264	0.3935	135.56	344.62	314.46
2026-05-26T21:15:39.9098380+08:00	0x02	-0.2025	-0.5263	0.8104	0.1588	130.06	306.32	52.07
2026-05-26T21:15:39.9098380+08:00	0x04	0.2175	-0.0495	-0.4605	0.8592	300.63	342.42	19.15
2026-05-26T21:15:39.9098380+08:00	0x01	-0.2166	-0.6063	0.6836	-0.3438	262.23	35.26	77.91
2026-05-26T21:15:39.9098380+08:00	0x03	-0.2558	0.3009	0.8301	0.3936	135.54	344.73	315.50
2026-05-26T21:15:39.9098380+08:00	0x04	0.2017	-0.0444	-0.4347	0.8766	304.73	344.53	18.36
2026-05-26T21:15:39.9108766+08:00	0x01	-0.2135	-0.6030	0.6878	-0.3432	260.18	33.51	77.42
2026-05-26T21:15:39.9108766+08:00	0x03	-0.2621	0.3021	0.8272	0.3947	135.65	343.99	315.03
2026-05-26T21:15:39.9108766+08:00	0x04	0.2063	-0.0426	-0.4229	0.8813	306.13	344.68	19.12
2026-05-26T21:15:39.9108766+08:00	0x01	-0.2150	-0.6007	0.6881	-0.3456	259.72	32.70	77.24
2026-05-26T21:15:39.9108766+08:00	0x03	-0.2599	0.3101	0.8270	0.3902	136.09	344.39	314.29
2026-05-26T21:15:39.9108766+08:00	0x02	-0.1854	-0.5197	0.8254	0.1195	137.88	312.27	54.44
2026-05-26T21:15:39.9108766+08:00	0x04	0.1983	-0.0383	-0.4438	0.8731	303.72	345.18	18.20
2026-05-26T21:15:39.9108766+08:00	0x01	-0.2149	-0.6015	0.6897	-0.3411	258.35	31.76	77.51
2026-05-26T21:15:39.9108766+08:00	0x03	-0.2592	0.3079	0.8275	0.3915	135.90	344.47	314.56
2026-05-26T21:15:39.9108766+08:00	0x04	0.1945	-0.0387	-0.4566	0.8673	302.15	345.12	17.58
2026-05-26T21:15:39.9108766+08:00	0x01	-0.2158	-0.6012	0.6879	-0.3447	259.57	32.57	77.39
2026-05-26T21:15:39.9108766+08:00	0x02	-0.1478	-0.5342	0.8301	0.0611	148.40	321.13	60.32
2026-05-26T21:15:39.9108766+08:00	0x03	-0.2601	0.3104	0.8253	0.3935	135.56	344.60	314.19
2026-05-26T21:15:39.9108766+08:00	0x04	0.1950	-0.0381	-0.4863	0.8509	298.16	344.56	17.15
2026-05-26T21:15:39.9108766+08:00	0x01	-0.2169	-0.6044	0.6881	-0.3380	258.59	32.11	78.05
2026-05-26T21:15:39.9108766+08:00	0x02	-0.1429	-0.5290	0.8353	0.0451	152.55	324.36	60.56
2026-05-26T21:15:39.9108766+08:00	0x03	-0.2476	0.3149	0.8208	0.4072	132.53	347.54	314.06
2026-05-26T21:15:39.9108766+08:00	0x04	0.2394	-0.0793	-0.4480	0.8577	300.97	338.12	19.85
2026-05-26T21:15:39.9108766+08:00	0x01	-0.2165	-0.6053	0.6889	-0.3349	257.88	31.73	78.23
2026-05-26T21:15:39.9108766+08:00	0x03	-0.2620	0.3139	0.8361	0.3658	140.13	342.62	314.23
2026-05-26T21:15:39.9108766+08:00	0x04	0.2171	-0.0554	-0.4690	0.8543	299.44	341.65	18.61
2026-05-26T21:15:39.9108766+08:00	0x01	-0.2143	-0.6130	0.6842	-0.3319	261.67	36.00	78.84
2026-05-26T21:15:39.9108766+08:00	0x02	-0.1254	-0.5521	0.8242	0.0116	157.99	328.54	65.12
2026-05-26T21:15:39.9108766+08:00	0x04	0.2206	-0.0460	-0.4785	0.8487	298.11	342.16	19.30
2026-05-26T21:15:39.9108766+08:00	0x01	-0.2128	-0.6117	0.6863	-0.3310	260.45	35.00	78.65
2026-05-26T21:15:39.9108766+08:00	0x03	-0.2559	0.3055	0.8297	0.3909	135.88	344.77	315.01
2026-05-26T21:15:39.9108766+08:00	0x04	0.1566	-0.0484	-0.6256	0.7627	279.84	344.08	10.27
2026-05-26T21:15:39.9108766+08:00	0x01	-0.2188	-0.6023	0.6896	-0.3374	256.92	30.34	78.05
2026-05-26T21:15:39.9108766+08:00	0x03	-0.2107	0.3118	0.6904	0.6178	93.34	7.50	316.30
2026-05-26T21:15:39.9108766+08:00	0x04	0.1724	-0.0285	-0.5765	0.7982	286.53	345.42	14.02
2026-05-26T21:15:39.9108766+08:00	0x01	-0.2186	-0.5957	0.6898	-0.3485	257.90	30.29	76.98
2026-05-26T21:15:39.9108766+08:00	0x03	-0.2465	0.3253	0.6600	0.6307	89.39	7.26	312.23
2026-05-26T21:15:39.9108766+08:00	0x02	-0.1430	-0.5299	0.8356	0.0224	156.63	326.53	61.54
2026-05-26T21:15:39.9108766+08:00	0x04	0.1660	-0.0159	-0.5360	0.8276	292.53	347.79	14.93
2026-05-26T21:15:39.9108766+08:00	0x01	-0.2196	-0.6000	0.6874	-0.3453	258.90	31.51	77.57
2026-05-26T21:15:39.9108766+08:00	0x03	-0.2456	0.3319	0.6484	0.6397	86.68	9.15	311.88
2026-05-26T21:15:39.9108766+08:00	0x04	0.1646	-0.0099	-0.5083	0.8453	296.45	348.98	15.56
2026-05-26T21:15:39.9108766+08:00	0x01	-0.2200	-0.5992	0.6873	-0.3467	258.98	31.43	77.47
2026-05-26T21:15:39.9108766+08:00	0x03	-0.2450	0.3357	0.6411	0.6452	85.00	10.31	311.70
2026-05-26T21:15:39.9108766+08:00	0x04	0.1558	-0.0087	-0.4846	0.8607	299.93	350.10	15.06
2026-05-26T21:15:39.9108766+08:00	0x01	-0.2171	-0.5971	0.6883	-0.3501	259.37	31.75	76.90
2026-05-26T21:15:39.9108766+08:00	0x03	-0.2455	0.3413	0.6390	0.6441	84.54	11.02	311.19
2026-05-26T21:15:39.9108766+08:00	0x02	-0.1572	-0.5281	0.8334	0.0435	151.45	321.90	60.06
2026-05-26T21:15:39.9108766+08:00	0x04	0.1585	-0.0105	-0.4669	0.8699	302.20	350.07	15.43
2026-05-26T21:15:39.9108766+08:00	0x01	-0.2561	-0.5191	0.6664	-0.4699	266.92	23.95	68.85
2026-05-26T21:15:39.9108766+08:00	0x03	-0.2392	0.3549	0.6397	0.6385	84.07	13.07	310.58
2026-05-26T21:15:39.9108766+08:00	0x02	-0.1568	-0.5282	0.8334	0.0429	151.60	322.03	60.11
2026-05-26T21:15:39.9108766+08:00	0x04	0.1749	-0.0214	-0.4503	0.8753	303.83	348.26	16.67
2026-05-26T21:15:39.9108766+08:00	0x01	-0.4458	-0.4531	0.6949	-0.3362	189.88	301.36	68.36
2026-05-26T21:15:39.9108766+08:00	0x02	-0.3339	-0.4840	0.5693	0.5746	82.49	288.23	9.64
2026-05-26T21:15:39.9108766+08:00	0x04	0.1764	-0.0086	-0.4540	0.8733	303.44	349.42	17.47
2026-05-26T21:15:39.9108766+08:00	0x01	-0.4760	-0.4911	0.6650	-0.3002	168.55	280.80	69.86
2026-05-26T21:15:39.9108766+08:00	0x02	-0.5957	-0.3408	0.6417	0.3422	122.25	273.32	1.70
2026-05-26T21:15:39.9118319+08:00	0x04	0.1735	-0.0130	-0.4460	0.8779	304.53	349.30	17.04
2026-05-26T21:15:39.9118319+08:00	0x01	-0.4676	-0.4923	0.6739	-0.2912	168.89	282.80	69.38
2026-05-26T21:15:39.9118319+08:00	0x03	-0.2532	0.3772	0.6518	0.6073	87.90	12.30	306.95
2026-05-26T21:15:39.9118319+08:00	0x02	-0.6378	-0.2188	0.6200	0.4011	126.87	275.35	346.09
2026-05-26T21:15:39.9118319+08:00	0x04	0.1741	-0.0119	-0.4405	0.8806	305.25	349.48	17.23
2026-05-26T21:15:39.9118319+08:00	0x01	-0.4698	-0.4939	0.6810	-0.2676	164.90	280.68	67.54
2026-05-26T21:15:39.9118319+08:00	0x03	-0.2418	0.3859	0.6658	0.5911	90.33	12.92	306.90
2026-05-26T21:15:39.9118319+08:00	0x02	-0.6787	-0.1174	0.5720	0.4454	130.71	273.33	331.95
2026-05-26T21:15:39.9118319+08:00	0x04	0.1762	-0.0111	-0.4376	0.8817	305.59	349.50	17.51
2026-05-26T21:15:39.9118319+08:00	0x01	-0.4665	-0.4863	0.6891	-0.2664	167.32	283.44	66.75
2026-05-26T21:15:39.9118319+08:00	0x03	-0.2341	0.3902	0.6750	0.5808	91.98	13.19	307.00
2026-05-26T21:15:39.9118319+08:00	0x02	-0.6758	-0.0303	0.5335	0.5077	129.64	276.43	319.17
2026-05-26T21:15:39.9118319+08:00	0x04	0.1664	-0.0153	-0.4362	0.8842	306.00	349.66	16.31
2026-05-26T21:15:39.9118319+08:00	0x01	-0.4673	-0.4835	0.6794	-0.2938	171.67	285.26	68.67
2026-05-26T21:15:39.9118319+08:00	0x03	-0.2178	0.3924	0.6907	0.5670	94.58	13.57	307.90
2026-05-26T21:15:39.9118319+08:00	0x02	-0.6831	0.0763	0.4389	0.5787	128.29	276.14	300.95
2026-05-26T21:15:39.9118319+08:00	0x04	0.1728	-0.0178	-0.4344	0.8838	306.02	349.07	16.86
2026-05-26T21:15:39.9118319+08:00	0x01	-0.4652	-0.4705	0.6864	-0.3016	176.39	289.31	67.91
2026-05-26T21:15:39.9118319+08:00	0x03	-0.2198	0.3944	0.6892	0.5666	94.40	13.66	307.55
2026-05-26T21:15:39.9118319+08:00	0x02	-0.6889	0.1056	0.4116	0.5872	130.45	273.67	296.36
2026-05-26T21:15:39.9118319+08:00	0x04	0.1733	-0.0179	-0.4330	0.8844	306.19	349.05	16.92
2026-05-26T21:15:39.9118319+08:00	0x01	-0.4506	-0.4493	0.6867	-0.3513	192.52	302.08	69.03
2026-05-26T21:15:39.9118319+08:00	0x03	-0.2247	0.3918	0.6865	0.5699	94.10	13.13	307.44
2026-05-26T21:15:39.9118319+08:00	0x02	-0.6896	0.1208	0.3904	0.5979	130.44	272.88	293.24
2026-05-26T21:15:40.1065572+08:00	0x01	-0.0599	-0.5640	0.7090	-0.4190	268.63	47.39	58.22
2026-05-26T21:15:40.1739809+08:00	0x04	0.1851	-0.0267	-0.4246	0.8858	306.83	347.60	17.77
2026-05-26T21:15:40.1962996+08:00	0x03	-0.2204	0.3959	0.6910	0.5632	94.93	13.49	307.31
2026-05-26T21:15:40.2914455+08:00	0x02	-0.7303	-0.1066	0.2132	0.6402	110.20	258.69	297.17
2026-05-26T21:15:40.6101833+08:00	0x04	0.1855	-0.0255	-0.4260	0.8851	306.65	347.68	17.86
2026-05-26T21:15:40.7259239+08:00	0x03	-0.2162	0.3961	0.7002	0.5532	96.99	12.88	307.44
2026-05-26T21:15:40.8580179+08:00	0x02	-0.2374	-0.3337	-0.0920	0.9076	359.43	319.78	330.51
2026-05-26T21:15:41.1441562+08:00	0x04	0.1900	-0.0233	-0.4266	0.8840	306.47	347.63	18.42
2026-05-26T21:15:41.3332231+08:00	0x03	-0.2190	0.3903	0.6971	0.5601	96.35	12.41	307.86
2026-05-26T21:15:41.3826736+08:00	0x02	-0.2105	-0.3322	-0.1064	0.9132	356.50	320.86	332.92
2026-05-26T21:15:41.7062304+08:00	0x04	0.2003	-0.1022	-0.5403	0.8109	290.12	336.96	12.38
2026-05-26T21:15:41.8783870+08:00	0x03	-0.1456	0.3355	0.5239	0.7692	60.02	26.40	324.86
2026-05-26T21:15:41.9611259+08:00	0x02	-0.1889	-0.3525	-0.0770	0.9133	359.53	317.89	336.46
2026-05-26T21:15:42.2259771+08:00	0x04	0.2000	-0.0999	-0.5370	0.8134	290.59	337.25	12.60
2026-05-26T21:15:42.3541175+08:00	0x03	-0.1733	0.3390	0.5030	0.7760	56.79	26.35	322.42
2026-05-26T21:15:42.5283905+08:00	0x02	-0.1839	-0.3722	-0.1185	0.9020	355.15	316.22	335.17
2026-05-26T21:15:42.7691112+08:00	0x01	-0.0655	-0.6133	0.7436	-0.2581	249.34	42.51	71.07
2026-05-26T21:15:42.8769098+08:00	0x03	-0.1773	0.3385	0.5003	0.7770	56.41	26.22	322.11
2026-05-26T21:15:43.0403259+08:00	0x02	-0.1577	-0.3806	-0.1020	0.9055	356.02	315.15	338.70
2026-05-26T21:15:43.3442350+08:00	0x01	-0.2683	-0.5818	0.7428	-0.1944	174.59	316.08	75.60
2026-05-26T21:15:43.4239848+08:00	0x03	-0.1882	0.3461	0.4874	0.7793	54.19	27.30	320.90
2026-05-26T21:15:43.5112711+08:00	0x02	-0.5006	-0.1004	0.3292	0.7944	65.65	314.39	313.18
2026-05-26T21:15:43.8569333+08:00	0x01	-0.3657	-0.5335	0.7617	-0.0379	142.16	287.54	57.19
2026-05-26T21:15:43.9656129+08:00	0x03	-0.1882	0.3494	0.4681	0.7895	51.07	28.73	321.37
2026-05-26T21:15:44.0280084+08:00	0x02	-0.4936	-0.1098	0.3179	0.8020	63.33	314.92	313.78
2026-05-26T21:15:44.3252445+08:00	0x01	-0.3667	-0.5359	0.7590	-0.0466	142.57	287.16	57.97
2026-05-26T21:15:44.4624790+08:00	0x04	0.2574	0.1676	-0.7651	0.5659	248.74	345.86	33.21
2026-05-26T21:15:44.6340283+08:00	0x02	-0.5501	-0.0642	0.3943	0.7333	82.64	306.20	310.87
2026-05-26T21:15:44.9093435+08:00	0x01	-0.2669	-0.5543	0.7435	-0.2621	200.74	336.39	74.61
2026-05-26T21:15:45.0109307+08:00	0x04	0.2499	0.1984	-0.0970	0.9428	354.41	22.24	30.64
2026-05-26T21:15:45.0423568+08:00	0x03	-0.1842	0.3963	0.6805	0.5882	89.48	19.22	310.89
2026-05-26T21:15:45.0802577+08:00	0x02	-0.6093	-0.0994	0.3615	0.6988	90.34	292.32	308.78
2026-05-26T21:15:45.5249611+08:00	0x01	-0.2926	-0.5515	0.7317	-0.2734	197.73	330.13	75.27
2026-05-26T21:15:45.5951940+08:00	0x02	-0.4783	-0.1070	0.4649	0.7373	82.05	310.76	322.71
2026-05-26T21:15:46.0966597+08:00	0x01	-0.2907	-0.5515	0.7303	-0.2792	200.28	332.34	75.44
2026-05-26T21:15:46.1774591+08:00	0x03	-0.2201	0.3870	0.6845	0.5773	93.13	13.55	308.39
2026-05-26T21:15:46.6191147+08:00	0x01	-0.2887	-0.5504	0.7313	-0.2808	201.47	333.56	75.29
2026-05-26T21:15:46.7189633+08:00	0x03	-0.2160	0.3910	0.6879	0.5720	93.68	14.03	308.26
2026-05-26T21:15:47.1909775+08:00	0x01	-0.2828	-0.5472	0.7413	-0.2666	198.33	332.14	74.16
2026-05-26T21:15:47.2452158+08:00	0x03	-0.2153	0.3916	0.6933	0.5654	95.02	13.51	308.15
2026-05-26T21:15:47.3755782+08:00	0x02	-0.4685	-0.1009	0.4546	0.7508	79.24	313.12	322.28
2026-05-26T21:15:47.6831867+08:00	0x01	-0.2901	-0.5397	0.7572	-0.2262	185.36	321.94	71.55
2026-05-26T21:15:47.7864791+08:00	0x03	-0.2196	0.3905	0.6905	0.5679	94.66	13.19	307.93
2026-05-26T21:15:47.8289209+08:00	0x02	-0.4482	-0.0254	0.4521	0.7708	75.25	323.34	318.09
2026-05-26T21:15:48.1934770+08:00	0x01	-0.2922	-0.5421	0.7534	-0.2304	185.67	321.74	72.09
2026-05-26T21:15:48.2283418+08:00	0x04	0.1897	-0.0007	-0.3496	0.9175	316.81	351.78	20.34
2026-05-26T21:15:48.3792078+08:00	0x02	-0.4384	-0.0236	0.4579	0.7730	74.93	324.51	318.99
2026-05-26T21:15:48.3792078+08:00	0x03	-0.2219	0.3884	0.6911	0.5678	95.01	12.62	307.93
2026-05-26T21:15:48.7580612+08:00	0x01	-0.2925	-0.5435	0.7517	-0.2325	186.00	321.87	72.37
2026-05-26T21:15:48.9085821+08:00	0x03	-0.2210	0.3895	0.6905	0.5680	94.79	12.91	307.91
2026-05-26T21:15:48.9422704+08:00	0x02	-0.4401	-0.0281	0.4586	0.7715	75.32	323.81	319.21
2026-05-26T21:15:49.2784049+08:00	0x01	-0.2906	-0.5471	0.7493	-0.2342	186.46	322.37	72.93
2026-05-26T21:15:49.4450004+08:00	0x02	-0.4455	-0.0337	0.4555	0.7700	75.59	322.69	319.05
2026-05-26T21:15:49.4691669+08:00	0x03	-0.2242	0.3875	0.6896	0.5692	94.83	12.42	307.84
2026-05-26T21:15:49.8461806+08:00	0x01	-0.2901	-0.5501	0.7467	-0.2359	186.66	322.51	73.42
2026-05-26T21:15:50.0279809+08:00	0x02	-0.4445	-0.0349	0.4553	0.7706	75.46	322.72	319.21
2026-05-26T21:15:50.3270788+08:00	0x01	-0.2896	-0.5503	0.7466	-0.2362	186.86	322.73	73.46
2026-05-26T21:15:50.3923986+08:00	0x04	0.1865	-0.0143	-0.4150	0.8904	308.21	349.03	18.67
2026-05-26T21:15:50.5758066+08:00	0x03	-0.2243	0.3852	0.6907	0.5695	95.08	12.07	308.05
2026-05-26T21:15:50.6090581+08:00	0x02	-0.4496	-0.0383	0.4541	0.7682	75.95	321.75	319.00
2026-05-26T21:15:50.8420470+08:00	0x01	-0.2891	-0.5578	0.7428	-0.2314	184.50	320.88	74.25
2026-05-26T21:15:50.9838952+08:00	0x04	0.2041	-0.0453	-0.3424	0.9160	316.57	346.29	20.05
2026-05-26T21:15:51.1080484+08:00	0x02	-0.4879	-0.0804	0.4291	0.7559	77.91	313.40	318.05
2026-05-26T21:15:51.1279972+08:00	0x03	-0.1993	0.3426	0.7401	0.5432	104.70	6.42	313.63
2026-05-26T21:15:51.4131684+08:00	0x01	-0.2917	-0.5720	0.7310	-0.2308	180.89	317.19	76.17
2026-05-26T21:15:51.5428327+08:00	0x04	0.2129	-0.0262	-0.3700	0.9040	313.07	347.29	21.44
2026-05-26T21:15:51.6794811+08:00	0x03	-0.1972	0.3420	0.7963	0.4583	120.17	359.96	313.49
2026-05-26T21:15:51.9263022+08:00	0x01	-0.2921	-0.5702	0.7323	-0.2308	181.16	317.41	75.92
2026-05-26T21:15:52.0750387+08:00	0x04	0.2128	-0.0146	-0.4403	0.8722	303.98	346.82	21.00
2026-05-26T21:15:52.1953471+08:00	0x03	-0.1990	0.3268	0.8018	0.4591	121.05	358.46	315.03
2026-05-26T21:15:52.2093480+08:00	0x02	-0.5374	-0.1032	0.3893	0.7409	80.17	305.06	314.27
2026-05-26T21:15:52.5082059+08:00	0x01	-0.2882	-0.5785	0.7256	-0.2360	182.36	318.57	77.33
2026-05-26T21:15:52.6429621+08:00	0x04	0.1834	0.0157	-0.4358	0.8810	305.96	351.93	19.69
2026-05-26T21:15:52.7364286+08:00	0x03	-0.2122	0.3193	0.7944	0.4711	119.89	357.05	314.99
2026-05-26T21:15:53.0770422+08:00	0x01	-0.2878	-0.5712	0.7299	-0.2411	185.74	321.50	76.56
2026-05-26T21:15:53.1764501+08:00	0x04	0.1821	-0.0178	-0.5418	0.8204	291.16	346.35	16.24
2026-05-26T21:15:53.2437998+08:00	0x02	-0.5297	-0.0817	0.3820	0.7528	77.49	308.87	312.68
2026-05-26T21:15:53.4930099+08:00	0x01	-0.2852	-0.5675	0.7333	-0.2426	187.65	323.49	76.09
2026-05-26T21:15:53.7282711+08:00	0x04	0.2190	-0.0287	-0.4905	0.8430	296.73	343.74	19.94
2026-05-26T21:15:53.8105192+08:00	0x03	-0.2111	0.3826	0.6835	0.5847	92.12	14.40	309.65
2026-05-26T21:15:54.0600795+08:00	0x01	-0.2854	-0.5666	0.7343	-0.2414	187.37	323.28	75.92
2026-05-26T21:15:54.2305604+08:00	0x04	0.2195	-0.0286	-0.4689	0.8551	299.67	344.22	20.40
