timestamp	device	q0	q1	q2	q3	yaw	pitch	roll
2026-05-20T20:37:23.6983232+08:00	0x09	-0.7114	0.1175	0.6593	0.2132	172.63	267.44	332.72
2026-05-20T20:37:23.8961835+08:00	0x07	0.6320	0.3063	-0.6251	0.3406	183.80	271.32	54.43
2026-05-20T20:37:24.1118938+08:00	0x08	0.5865	-0.4469	-0.5642	-0.3714	197.95	255.14	289.95
2026-05-20T20:37:24.2378531+08:00	0x09	-0.7114	0.1174	0.6593	0.2131	172.64	267.43	332.74
2026-05-20T20:37:24.4308627+08:00	0x07	0.4824	0.5068	-0.4656	0.5418	351.22	78.24	84.14
2026-05-20T20:37:24.6664733+08:00	0x06	0.5827	-0.4269	-0.4763	-0.5013	188.57	251.03	277.72
2026-05-20T20:37:24.7171603+08:00	0x09	-0.7117	0.1173	0.6591	0.2129	172.66	267.38	332.76
2026-05-20T20:37:24.7349455+08:00	0x08	0.5867	-0.4470	-0.5641	-0.3711	198.03	255.07	289.98
2026-05-20T20:37:24.9968480+08:00	0x07	0.5110	0.4850	-0.4864	0.5168	303.86	30.63	89.52
2026-05-20T20:37:25.1289823+08:00	0x06	0.5846	-0.4299	-0.4690	-0.5035	193.83	245.29	277.30
2026-05-20T20:37:25.2627395+08:00	0x09	-0.7111	0.1173	0.6597	0.2131	172.61	267.50	332.75
2026-05-20T20:37:25.5588949+08:00	0x07	0.6121	0.3635	-0.5825	0.3923	181.61	268.17	64.66
2026-05-20T20:37:25.7666379+08:00	0x08	0.5847	-0.4482	-0.5642	-0.3729	197.89	255.30	289.66
2026-05-20T20:37:25.8624530+08:00	0x09	-0.7108	0.1173	0.6601	0.2129	172.62	267.55	332.77
2026-05-20T20:37:26.0955155+08:00	0x07	0.6330	0.3301	-0.6052	0.3523	180.92	267.94	57.73
2026-05-20T20:37:26.3962319+08:00	0x09	-0.7109	0.1175	0.6600	0.2128	172.64	267.54	332.77
2026-05-20T20:37:26.6993114+08:00	0x07	0.5746	0.4216	-0.5466	0.4397	179.15	266.49	75.05
2026-05-20T20:37:26.9289011+08:00	0x09	-0.7113	0.1169	0.6599	0.2120	172.67	267.48	332.88
2026-05-20T20:37:27.1833208+08:00	0x07	0.4935	0.5123	-0.4639	0.5280	10.89	98.30	85.18
2026-05-20T20:37:27.3958346+08:00	0x06	0.5841	-0.4296	-0.4693	-0.5040	193.19	245.93	277.25
2026-05-20T20:37:27.4858291+08:00	0x09	-0.7111	0.1165	0.6603	0.2115	172.67	267.52	332.96
2026-05-20T20:37:27.7119221+08:00	0x07	0.2919	0.6448	-0.2561	0.6584	3.21	90.15	45.61
2026-05-20T20:37:27.8359963+08:00	0x06	0.5831	-0.4298	-0.4693	-0.5050	192.72	246.42	277.09
2026-05-20T20:37:28.0729194+08:00	0x09	-0.7105	0.1157	0.6613	0.2110	172.61	267.66	333.07
2026-05-20T20:37:28.2474613+08:00	0x07	0.3276	0.6310	-0.2876	0.6417	4.08	91.00	51.57
2026-05-20T20:37:28.5977991+08:00	0x09	-0.7102	0.1152	0.6618	0.2107	172.58	267.74	333.14
2026-05-20T20:37:28.7885281+08:00	0x07	0.4469	0.5580	-0.4109	0.5658	7.32	94.79	74.63
2026-05-20T20:37:29.1348478+08:00	0x09	-0.7099	0.1155	0.6619	0.2109	172.57	267.77	333.10
2026-05-20T20:37:29.1648135+08:00	0x08	0.5839	-0.4476	-0.5653	-0.3731	197.45	255.81	289.66
2026-05-20T20:37:29.3846782+08:00	0x07	0.4425	0.5611	-0.4103	0.5666	6.64	94.46	74.13
2026-05-20T20:37:29.6224121+08:00	0x08	0.5837	-0.4474	-0.5655	-0.3732	197.35	255.92	289.66
2026-05-20T20:37:29.6813090+08:00	0x09	-0.7097	0.1161	0.6619	0.2116	172.57	267.80	333.00
2026-05-20T20:37:29.9132377+08:00	0x07	0.3671	0.6110	-0.3369	0.6151	3.88	91.85	59.70
2026-05-20T20:37:30.1972176+08:00	0x08	0.5836	-0.4479	-0.5650	-0.3736	197.50	255.75	289.58
2026-05-20T20:37:30.2823292+08:00	0x09	-0.7096	0.1165	0.6618	0.2120	172.56	267.80	332.93
2026-05-20T20:37:30.3969827+08:00	0x07	0.2481	0.6670	-0.2174	0.6681	2.96	90.93	38.43
2026-05-20T20:37:30.5645441+08:00	0x06	0.5794	-0.4331	-0.4663	-0.5092	194.30	244.83	276.30
2026-05-20T20:37:30.7160955+08:00	0x08	0.5842	-0.4476	-0.5651	-0.3729	197.55	255.69	289.68
2026-05-20T20:37:30.8187053+08:00	0x09	-0.7098	0.1159	0.6618	0.2115	172.56	267.77	333.02
2026-05-20T20:37:31.0014727+08:00	0x07	0.2518	0.6656	-0.2211	0.6668	2.97	90.95	39.06
2026-05-20T20:37:31.2980727+08:00	0x08	0.5852	-0.4469	-0.5656	-0.3713	197.59	255.66	289.92
2026-05-20T20:37:31.3207510+08:00	0x09	-0.7100	0.1159	0.6617	0.2113	172.59	267.74	333.04
2026-05-20T20:37:31.5359659+08:00	0x07	0.0635	0.7068	-0.0306	0.7039	2.70	90.42	7.62
2026-05-20T20:37:31.8182483+08:00	0x08	0.5869	-0.4484	-0.5655	-0.3670	198.71	254.79	290.30
2026-05-20T20:37:31.8970244+08:00	0x09	-0.7126	0.1192	0.6591	0.2088	173.21	267.16	332.95
2026-05-20T20:37:32.0649822+08:00	0x07	-0.1687	0.6868	0.2041	0.6769	2.97	90.01	329.43
2026-05-20T20:37:32.3976712+08:00	0x06	0.5835	-0.4362	-0.4736	-0.4949	197.28	243.03	277.80
2026-05-20T20:37:32.4817814+08:00	0x09	-0.7179	0.1211	0.6557	0.1999	174.34	266.15	333.53
2026-05-20T20:37:32.6091645+08:00	0x07	-0.1959	0.6879	0.2351	0.6581	2.81	91.64	324.45
2026-05-20T20:37:32.8317029+08:00	0x06	0.5866	-0.4358	-0.4722	-0.4930	198.81	241.33	278.14
2026-05-20T20:37:32.8506687+08:00	0x08	0.5953	-0.4466	-0.5674	-0.3524	200.49	253.38	292.12
2026-05-20T20:37:32.9688793+08:00	0x09	-0.7198	0.1187	0.6538	0.2008	174.12	265.88	333.63
2026-05-20T20:37:33.1520263+08:00	0x07	-0.3588	0.6210	0.3882	0.5788	0.48	93.73	296.18
2026-05-20T20:37:33.4813855+08:00	0x08	0.5923	-0.4457	-0.5703	-0.3539	199.44	254.64	291.93
2026-05-20T20:37:33.5654247+08:00	0x09	-0.7152	0.1198	0.6580	0.2029	173.87	266.67	333.39
2026-05-20T20:37:33.6857110+08:00	0x07	-0.4476	0.5591	0.4682	0.5175	354.38	99.20	279.30
2026-05-20T20:37:33.9525222+08:00	0x08	0.5854	-0.4510	-0.5632	-0.3698	199.23	254.20	289.78
2026-05-20T20:37:34.0982055+08:00	0x09	-0.7144	0.1337	0.6501	0.2217	173.59	266.29	330.62
2026-05-20T20:37:34.2860686+08:00	0x07	-0.4986	0.5120	0.5157	0.4726	218.59	234.65	272.13
2026-05-20T20:37:34.5649772+08:00	0x08	0.5184	-0.3894	-0.6108	-0.4544	151.92	299.67	288.75
2026-05-20T20:37:34.6316418+08:00	0x09	-0.7640	0.0899	0.5851	0.2569	169.15	257.79	330.15
2026-05-20T20:37:34.8010591+08:00	0x07	-0.5473	0.4577	0.5451	0.4402	186.20	264.68	281.22
2026-05-20T20:37:35.0388824+08:00	0x08	0.5206	-0.3914	-0.6095	-0.4520	153.27	298.37	288.61
2026-05-20T20:37:35.2309735+08:00	0x09	-0.4246	0.0971	0.8726	0.2209	161.07	311.63	339.08
2026-05-20T20:37:35.4134869+08:00	0x07	-0.5679	0.4050	0.5448	0.4654	168.82	276.35	284.09
2026-05-20T20:37:35.6241642+08:00	0x08	0.2990	-0.1268	-0.7647	-0.5566	114.18	338.17	328.22
2026-05-20T20:37:35.7859363+08:00	0x09	-0.4364	0.0972	0.8664	0.2226	161.16	310.10	338.73
2026-05-20T20:37:35.9477832+08:00	0x07	-0.5848	0.3565	0.5837	0.4362	165.82	279.46	292.13
2026-05-20T20:37:36.1348771+08:00	0x08	0.0862	0.1958	-0.7873	-0.5783	105.08	338.27	12.04
2026-05-20T20:37:36.3197541+08:00	0x09	-0.5125	0.0405	0.8358	0.1927	163.08	299.27	344.62
2026-05-20T20:37:36.4806210+08:00	0x06	0.6008	-0.3870	-0.4479	-0.5373	172.46	260.07	277.13
2026-05-20T20:37:36.7034362+08:00	0x08	0.0745	0.2483	-0.7455	-0.6140	97.34	334.34	16.18
2026-05-20T20:37:36.8489128+08:00	0x09	-0.5378	0.0544	0.8208	0.1846	165.21	295.71	343.27
2026-05-20T20:37:36.9316292+08:00	0x06	0.6010	-0.3862	-0.4487	-0.5370	171.94	260.59	277.25
2026-05-20T20:37:37.0154052+08:00	0x07	-0.5936	0.3744	0.5553	0.4462	170.98	272.62	288.99
2026-05-20T20:37:37.2337521+08:00	0x08	0.0817	0.2592	-0.7148	-0.6444	92.09	332.12	15.38
2026-05-20T20:37:37.4402892+08:00	0x09	-0.5511	0.0532	0.8142	0.1746	166.41	293.76	343.79
2026-05-20T20:37:37.6067541+08:00	0x07	-0.5924	0.3852	0.5468	0.4491	173.39	270.27	287.57
2026-05-20T20:37:37.7989295+08:00	0x08	0.0752	0.2608	-0.7090	-0.6509	91.00	332.38	15.77
2026-05-20T20:37:53.4289067+08:00	0x09	-0.5694	0.0582	0.8037	0.1627	168.27	291.05	343.81
2026-05-20T20:37:53.4299033+08:00	0x07	-0.5829	0.4027	0.5351	0.4602	174.78	269.13	284.66
2026-05-20T20:37:53.4299033+08:00	0x08	0.0826	0.2676	-0.7010	-0.6559	89.78	331.03	15.47
2026-05-20T20:37:53.4299033+08:00	0x09	-0.5677	0.0624	0.8039	0.1660	168.19	291.29	343.21
2026-05-20T20:37:53.4299033+08:00	0x07	-0.5786	0.4085	0.5269	0.4698	174.32	269.16	283.06
2026-05-20T20:37:53.4299033+08:00	0x08	0.0846	0.2675	-0.6892	-0.6681	87.88	330.63	14.81
2026-05-20T20:37:53.4299033+08:00	0x09	-0.5660	0.0626	0.8059	0.1623	168.52	291.51	343.47
2026-05-20T20:37:53.4299033+08:00	0x07	-0.5679	0.4171	0.5204	0.4824	171.34	272.16	280.88
2026-05-20T20:37:53.4299033+08:00	0x08	0.0842	0.2659	-0.6824	-0.6757	86.77	330.68	14.42
2026-05-20T20:37:53.4299033+08:00	0x09	-0.5687	0.0689	0.8019	0.1696	168.27	291.14	342.34
2026-05-20T20:37:53.4299033+08:00	0x07	-0.5591	0.4319	0.5060	0.4948	172.60	270.73	277.95
2026-05-20T20:37:53.4299033+08:00	0x06	0.5862	-0.3987	-0.4406	-0.5507	166.70	266.18	274.45
2026-05-20T20:37:53.4299033+08:00	0x09	-0.5790	0.0711	0.7948	0.1672	168.88	289.60	342.14
2026-05-20T20:37:53.4299033+08:00	0x07	-0.5486	0.4447	0.4951	0.5063	171.71	271.68	275.33
2026-05-20T20:37:53.4299033+08:00	0x08	0.0919	0.2553	-0.6817	-0.6794	86.85	331.03	12.89
2026-05-20T20:37:53.4299033+08:00	0x09	-0.5906	0.0712	0.7866	0.1656	169.32	287.89	342.08
2026-05-20T20:37:53.4299033+08:00	0x07	-0.5378	0.4576	0.4827	0.5180	170.02	273.35	272.59
2026-05-20T20:37:53.4299033+08:00	0x08	0.0935	0.2529	-0.6803	-0.6816	86.66	331.09	12.51
2026-05-20T20:37:53.4299033+08:00	0x09	-0.5925	0.0755	0.7843	0.1680	169.42	287.59	341.49
2026-05-20T20:37:53.4299033+08:00	0x07	-0.5286	0.4692	0.4711	0.5277	155.30	288.05	270.17
2026-05-20T20:37:53.4299033+08:00	0x08	0.0922	0.2535	-0.6823	-0.6795	86.95	331.17	12.75
2026-05-20T20:37:53.4299033+08:00	0x09	-0.5931	0.0760	0.7843	0.1652	169.74	287.46	341.63
2026-05-20T20:37:53.4299033+08:00	0x07	-0.5156	0.4827	0.4574	0.5403	355.95	87.41	272.87
2026-05-20T20:37:53.4299033+08:00	0x08	0.1021	0.2403	-0.6896	-0.6755	88.36	331.68	11.15
2026-05-20T20:37:53.4299033+08:00	0x09	-0.6120	0.0702	0.7710	0.1614	170.14	284.66	342.19
2026-05-20T20:37:53.4299033+08:00	0x07	-0.5055	0.4858	0.4552	0.5489	6.55	76.94	274.30
2026-05-20T20:37:53.4299033+08:00	0x08	0.1198	0.2069	-0.7031	-0.6697	91.00	333.30	7.50
2026-05-20T20:37:53.4299033+08:00	0x09	-0.6624	0.0692	0.7292	0.1571	171.69	276.82	342.00
2026-05-20T20:37:53.4299033+08:00	0x06	0.5796	-0.4031	-0.4349	-0.5589	159.47	273.24	273.07
2026-05-20T20:37:53.4299033+08:00	0x07	-0.4917	0.4917	0.4469	0.5628	9.47	73.87	276.81
2026-05-20T20:37:53.4299033+08:00	0x09	-0.7832	0.0187	0.5711	0.2452	164.08	255.59	336.09
2026-05-20T20:37:53.4299033+08:00	0x08	0.1192	0.2079	-0.7027	-0.6699	90.92	333.25	7.61
2026-05-20T20:37:53.4299033+08:00	0x07	-0.5254	0.4664	0.4883	0.5177	151.88	293.05	271.88
2026-05-20T20:37:53.4299033+08:00	0x08	0.4321	-0.2446	-0.6857	-0.5322	121.19	326.76	307.30
2026-05-20T20:37:53.4299033+08:00	0x09	-0.7348	0.0537	0.6479	0.1932	169.44	264.74	339.30
2026-05-20T20:37:53.4299033+08:00	0x07	-0.5107	0.4901	0.5095	0.4892	182.98	267.00	272.35
2026-05-20T20:37:53.4299033+08:00	0x08	0.5301	-0.4478	-0.5439	-0.4718	165.92	283.49	279.12
2026-05-20T20:37:53.4299033+08:00	0x07	-0.4858	0.5118	0.5103	0.4916	32.17	60.39	270.49
2026-05-20T20:37:53.4299033+08:00	0x09	-0.7382	0.0598	0.6542	0.1530	173.25	264.15	342.30
2026-05-20T20:37:53.4299033+08:00	0x06	0.5888	-0.4017	-0.4922	-0.4996	174.00	264.80	280.31
2026-05-20T20:37:53.4299033+08:00	0x08	0.5787	-0.4179	-0.5869	-0.3822	185.58	266.98	291.12
2026-05-20T20:37:53.4299033+08:00	0x09	-0.7302	0.0667	0.6598	0.1646	172.71	265.43	340.83
2026-05-20T20:37:53.4299033+08:00	0x07	-0.4791	0.5054	0.5084	0.5066	51.94	39.67	272.24
2026-05-20T20:37:53.4299033+08:00	0x09	-0.7305	0.0665	0.6586	0.1678	172.46	265.37	340.56
2026-05-20T20:37:53.4299033+08:00	0x07	-0.5035	0.4834	0.5291	0.4825	160.46	291.06	274.07
2026-05-20T20:37:53.4299033+08:00	0x09	-0.7333	0.0661	0.6556	0.1675	172.53	264.88	340.59
2026-05-20T20:37:53.4299033+08:00	0x07	-0.5266	0.4609	0.5496	0.4563	174.20	277.39	279.17
2026-05-20T20:37:53.4299033+08:00	0x06	0.5834	-0.4152	-0.4748	-0.5118	179.32	258.87	277.55
2026-05-20T20:37:53.4299033+08:00	0x09	-0.7335	0.0671	0.6552	0.1679	172.59	264.82	340.48
2026-05-20T20:37:53.4299033+08:00	0x07	-0.5510	0.4313	0.5745	0.4247	177.29	274.44	285.52
2026-05-20T20:37:53.4299033+08:00	0x06	0.5828	-0.4160	-0.4742	-0.5122	179.62	258.61	277.42
2026-05-20T20:37:53.4299033+08:00	0x08	0.5923	-0.3958	-0.6037	-0.3580	184.87	268.03	295.59
2026-05-20T20:37:53.4299033+08:00	0x06	0.5821	-0.4172	-0.4732	-0.5131	180.04	258.19	277.20
2026-05-20T20:37:53.4299033+08:00	0x07	-0.5814	0.3886	0.6054	0.3800	178.84	273.07	294.16
2026-05-20T20:37:53.4299033+08:00	0x09	-0.7337	0.0680	0.6547	0.1686	172.62	264.77	340.34
2026-05-20T20:37:53.4299033+08:00	0x07	-0.6107	0.3393	0.6354	0.3290	179.61	272.49	303.59
2026-05-20T20:37:53.4299033+08:00	0x09	-0.7337	0.0682	0.6546	0.1688	172.63	264.75	340.31
2026-05-20T20:37:53.4299033+08:00	0x07	-0.6333	0.2946	0.6576	0.2823	180.17	272.08	311.84
2026-05-20T20:37:53.4309005+08:00	0x09	-0.7343	0.0685	0.6539	0.1689	172.65	264.64	340.27
2026-05-20T20:37:53.4309005+08:00	0x08	0.6109	-0.3772	-0.6138	-0.3283	186.60	266.47	300.21
2026-05-20T20:37:53.4309005+08:00	0x07	-0.6567	0.2374	0.6800	0.2233	180.59	271.79	321.96
2026-05-20T20:37:53.4309005+08:00	0x08	0.6143	-0.3717	-0.6176	-0.3209	186.65	266.57	301.41
2026-05-20T20:37:53.4309005+08:00	0x07	-0.6724	0.1863	0.6958	0.1705	180.88	271.72	330.76
2026-05-20T20:37:53.4309005+08:00	0x09	-0.7345	0.0673	0.6537	0.1693	172.53	264.64	340.32
2026-05-20T20:37:53.4309005+08:00	0x07	-0.6720	0.1878	0.6953	0.1721	180.87	271.73	330.50
2026-05-20T20:37:53.4309005+08:00	0x08	0.6155	-0.3684	-0.6190	-0.3197	186.29	266.82	301.82
2026-05-20T20:37:53.4309005+08:00	0x09	-0.7353	0.0675	0.6522	0.1717	172.38	264.49	340.09
2026-05-20T20:37:53.4309005+08:00	0x07	-0.6854	0.1266	0.7084	0.1110	180.99	271.72	340.64
2026-05-20T20:37:53.4309005+08:00	0x08	0.6158	-0.3713	-0.6163	-0.3212	186.76	266.25	301.44
2026-05-20T20:37:53.4309005+08:00	0x09	-0.7372	0.0669	0.6500	0.1721	172.35	264.15	340.08
2026-05-20T20:37:53.4309005+08:00	0x07	-0.6940	0.0740	0.7139	0.0570	181.24	271.51	349.35
2026-05-20T20:37:53.4309005+08:00	0x08	0.6173	-0.3728	-0.6149	-0.3192	187.43	265.62	301.51
2026-05-20T20:37:53.4309005+08:00	0x07	-0.7025	0.0150	0.7115	-0.0005	181.25	270.72	358.82
2026-05-20T20:37:53.4309005+08:00	0x08	0.6171	-0.3739	-0.6147	-0.3187	187.66	265.48	301.47
2026-05-20T20:37:53.4309005+08:00	0x09	-0.7393	0.0683	0.6478	0.1708	172.65	263.75	340.06
2026-05-20T20:37:53.4309005+08:00	0x07	-0.7044	-0.0361	0.7070	-0.0517	181.29	270.30	7.12
2026-05-20T20:37:53.4309005+08:00	0x08	0.6156	-0.3752	-0.6149	-0.3197	187.62	265.65	301.25
2026-05-20T20:37:53.4309005+08:00	0x09	-0.7392	0.0690	0.6480	0.1700	172.77	263.74	340.08
2026-05-20T20:37:53.4309005+08:00	0x07	-0.6999	-0.0957	0.6989	-0.1120	181.35	270.11	16.89
2026-05-20T20:37:53.5188322+08:00	0x08	0.6034	-0.3945	-0.6029	-0.3417	188.00	265.08	297.37
2026-05-20T20:37:53.6017255+08:00	0x09	-0.7327	0.0775	0.6516	0.1803	172.51	264.71	338.57
2026-05-20T20:37:53.7177146+08:00	0x06	0.5737	-0.4391	-0.4467	-0.5278	209.49	228.12	273.77
2026-05-20T20:37:53.7852463+08:00	0x07	-0.6845	-0.1763	0.6844	-0.1791	180.25	270.05	29.10
2026-05-20T20:37:54.1386683+08:00	0x09	-0.7248	0.0848	0.6561	0.1923	171.93	265.94	337.04
2026-05-20T20:37:54.1546893+08:00	0x08	0.5913	-0.4193	-0.5836	-0.3658	190.26	262.41	292.76
2026-05-20T20:37:54.3092041+08:00	0x07	-0.6819	-0.1885	0.6821	-0.1852	179.70	269.94	30.64
2026-05-20T20:37:54.6040318+08:00	0x08	0.5928	-0.4458	-0.5581	-0.3721	199.17	253.10	290.17
2026-05-20T20:37:54.6708855+08:00	0x09	-0.7106	0.0940	0.6693	0.1954	171.96	268.27	336.21
2026-05-20T20:37:54.9054071+08:00	0x07	-0.6822	-0.1982	0.6754	-0.1979	179.79	269.37	32.53
2026-05-20T20:37:55.2203588+08:00	0x09	-0.7166	0.0896	0.6662	0.1862	172.55	267.33	337.28
2026-05-20T20:37:55.4468568+08:00	0x07	-0.6830	-0.2030	0.6716	-0.2033	179.71	268.95	33.39
2026-05-20T20:37:55.7182703+08:00	0x08	0.6014	-0.4395	-0.5629	-0.3581	199.38	253.13	292.25
2026-05-20T20:37:55.9894283+08:00	0x07	-0.6928	-0.1760	0.6773	-0.1744	179.50	268.57	28.68
2026-05-20T20:37:56.1413917+08:00	0x06	0.5894	-0.4446	-0.4404	-0.5108	221.88	215.75	276.38
2026-05-20T20:37:56.2729430+08:00	0x08	0.6036	-0.4393	-0.5624	-0.3555	199.84	252.65	292.59
2026-05-20T20:37:56.2863202+08:00	0x09	-0.7191	0.0878	0.6651	0.1813	172.87	266.93	337.81
2026-05-20T20:37:56.4520718+08:00	0x06	0.5930	-0.4409	-0.4433	-0.5074	217.21	220.36	276.94
2026-05-20T20:37:56.5655234+08:00	0x07	-0.7038	-0.1311	0.6863	-0.1282	179.47	268.46	21.13
2026-05-20T20:37:56.8272609+08:00	0x09	-0.7196	0.0860	0.6653	0.1792	172.90	266.89	338.14
2026-05-20T20:37:57.0522169+08:00	0x07	-0.7126	-0.0726	0.6941	-0.0717	179.77	268.47	11.71
2026-05-20T20:37:57.3692615+08:00	0x09	-0.7203	0.0854	0.6649	0.1781	172.96	266.77	338.28
2026-05-20T20:37:57.4692439+08:00	0x08	0.6107	-0.4302	-0.5679	-0.3457	198.76	253.68	294.38
2026-05-20T20:37:57.6539402+08:00	0x07	-0.7170	0.0179	0.6965	0.0203	179.85	268.34	356.90
2026-05-20T20:37:57.9028477+08:00	0x09	-0.7212	0.0843	0.6640	0.1782	172.89	266.63	338.35
2026-05-20T20:37:57.9356971+08:00	0x08	0.6114	-0.4264	-0.5712	-0.3437	197.83	254.66	294.85
2026-05-20T20:37:58.1857143+08:00	0x07	-0.7102	0.0950	0.6912	0.0941	180.29	268.41	344.63
2026-05-20T20:37:58.3906131+08:00	0x09	-0.7218	0.0839	0.6636	0.1777	172.91	266.55	338.41
2026-05-20T20:37:58.5689058+08:00	0x08	0.6092	-0.4259	-0.5727	-0.3457	197.15	255.41	294.63
2026-05-20T20:37:58.7204874+08:00	0x06	0.5961	-0.4306	-0.4516	-0.5053	205.65	231.74	277.55
2026-05-20T20:37:58.7697185+08:00	0x07	-0.7105	0.0927	0.6915	0.0919	180.28	268.41	345.00
2026-05-20T20:37:58.9856625+08:00	0x09	-0.7187	0.0841	0.6667	0.1786	172.75	267.08	338.35
2026-05-20T20:37:59.0365332+08:00	0x08	0.6075	-0.4273	-0.5720	-0.3481	197.13	255.44	294.25
2026-05-20T20:37:59.1696527+08:00	0x06	0.5954	-0.4308	-0.4518	-0.5058	205.54	231.89	277.46
2026-05-20T20:37:59.3198155+08:00	0x07	-0.6893	0.1898	0.6732	0.1887	180.51	268.50	328.96
2026-05-20T20:37:59.5231801+08:00	0x09	-0.7192	0.0837	0.6664	0.1777	172.82	267.01	338.46
2026-05-20T20:37:59.6541173+08:00	0x08	0.6075	-0.4285	-0.5710	-0.3481	197.51	255.06	294.16
2026-05-20T20:37:59.8413817+08:00	0x07	-0.6588	0.2786	0.6423	0.2754	181.10	268.08	313.88
2026-05-20T20:38:00.0531184+08:00	0x09	-0.7198	0.0837	0.6658	0.1775	172.85	266.90	338.47
2026-05-20T20:38:00.2478127+08:00	0x08	0.6093	-0.4279	-0.5708	-0.3462	197.76	254.77	294.45
2026-05-20T20:38:00.3956547+08:00	0x07	-0.6285	0.3427	0.6111	0.3379	181.89	267.35	302.48
2026-05-20T20:38:00.6527655+08:00	0x09	-0.7230	0.0831	0.6632	0.1748	173.11	266.36	338.72
2026-05-20T20:38:00.8697440+08:00	0x07	-0.5865	0.4123	0.5678	0.4045	184.18	265.18	289.48
2026-05-20T20:38:01.2086228+08:00	0x09	-0.7278	0.0957	0.6596	0.1614	175.47	265.23	338.82
2026-05-20T20:38:01.4383621+08:00	0x06	0.5937	-0.4305	-0.4728	-0.4885	197.95	241.75	279.20
2026-05-20T20:38:01.7732064+08:00	0x09	-0.7274	0.0888	0.6649	0.1446	176.17	265.50	340.82
2026-05-20T20:38:01.8082936+08:00	0x08	0.6281	-0.4028	-0.6020	-0.2843	197.68	257.85	302.64
2026-05-20T20:38:02.0175908+08:00	0x07	-0.5518	0.4651	0.5311	0.4440	193.55	256.47	280.26
2026-05-20T20:38:02.3066186+08:00	0x08	0.6308	-0.3696	-0.6382	-0.2413	194.54	263.72	309.10
2026-05-20T20:38:02.3373625+08:00	0x09	-0.7256	0.0988	0.6727	0.1058	180.06	265.66	343.35
2026-05-20T20:38:02.5913722+08:00	0x07	-0.5849	0.4970	0.5043	0.3958	223.39	227.80	285.38
2026-05-20T20:38:02.8836618+08:00	0x09	-0.7522	0.1022	0.6422	0.1059	181.06	260.82	343.11
2026-05-20T20:38:02.9026101+08:00	0x08	0.6058	-0.3715	-0.6568	-0.2520	191.28	269.05	307.50
2026-05-20T20:38:03.1207089+08:00	0x07	-0.3147	0.2810	0.8566	0.2971	153.48	329.98	318.06
2026-05-20T20:38:03.3556883+08:00	0x08	0.6192	-0.3575	-0.6602	-0.2301	192.28	268.03	310.80
2026-05-20T20:38:03.3922349+08:00	0x09	-0.7633	0.0949	0.6313	0.0987	181.21	259.02	344.30
2026-05-20T20:38:03.6039542+08:00	0x07	-0.3438	0.2379	0.8876	0.1933	167.53	321.45	326.28
2026-05-20T20:38:03.9397507+08:00	0x09	-0.7678	0.0922	0.6264	0.0975	181.16	258.26	344.62
2026-05-20T20:38:04.1686094+08:00	0x07	-0.3666	0.2059	0.9006	0.1105	176.91	316.43	333.14
2026-05-20T20:38:04.1686094+08:00	0x06	0.5938	-0.4305	-0.4722	-0.4890	198.13	241.50	279.15
2026-05-20T20:38:04.4538838+08:00	0x08	0.6314	-0.3385	-0.6657	-0.2086	192.35	267.82	314.43
2026-05-20T20:38:04.5411178+08:00	0x09	-0.7678	0.0950	0.6258	0.0991	181.30	258.18	344.27
2026-05-20T20:38:04.6082961+08:00	0x06	0.0221	-0.3637	0.1277	-0.9224	345.41	42.66	2.99
2026-05-20T20:38:04.6922973+08:00	0x07	-0.3933	0.1852	0.8980	0.0672	181.55	312.39	337.32
2026-05-20T20:38:04.9707616+08:00	0x08	0.6266	-0.3387	-0.6681	-0.2152	191.41	268.79	313.76
2026-05-20T20:38:05.0709224+08:00	0x09	-0.7684	0.0915	0.6253	0.1005	180.89	258.15	344.40
2026-05-20T20:38:05.2250356+08:00	0x07	-0.3967	0.1602	0.9037	0.0149	186.03	311.66	342.46
2026-05-20T20:38:05.5378099+08:00	0x08	0.6262	-0.3339	-0.6711	-0.2144	190.78	269.39	314.21
2026-05-20T20:38:05.6105024+08:00	0x09	-0.7682	0.0901	0.6258	0.1007	180.74	258.24	344.48
2026-05-20T20:38:05.8086323+08:00	0x07	-0.4116	0.1423	0.9000	-0.0187	188.94	309.75	346.06
2026-05-20T20:38:06.1199504+08:00	0x08	0.6281	-0.3246	-0.6764	-0.2065	190.34	270.03	315.69
2026-05-20T20:38:06.1547762+08:00	0x09	-0.7666	0.0884	0.6284	0.0984	180.70	258.59	344.82
2026-05-20T20:38:06.3686411+08:00	0x07	-0.4202	0.1286	0.8970	-0.0468	191.28	308.71	348.96
2026-05-20T20:38:06.7429064+08:00	0x09	-0.7628	0.0855	0.6336	0.0966	180.48	259.36	345.19
2026-05-20T20:38:06.8875601+08:00	0x06	-0.0441	-0.3625	0.2548	-0.8954	333.91	40.52	15.29
2026-05-20T20:38:06.9378402+08:00	0x07	-0.4287	0.1083	0.8941	-0.0714	192.85	307.90	352.40
2026-05-20T20:38:07.2227909+08:00	0x08	0.6368	-0.3054	-0.6825	-0.1883	190.08	270.18	318.95
2026-05-20T20:38:07.2731946+08:00	0x09	-0.7650	0.0833	0.6314	0.0963	180.35	259.03	345.37
2026-05-20T20:38:07.4729478+08:00	0x07	-0.4438	0.0959	0.8868	-0.0858	193.79	306.18	354.61
2026-05-20T20:38:07.7247454+08:00	0x08	0.6449	-0.2887	-0.6878	-0.1663	190.46	270.11	322.29
2026-05-20T20:38:07.8719350+08:00	0x09	-0.7655	0.0746	0.6340	0.0813	180.65	259.19	347.35
2026-05-20T20:38:07.9575569+08:00	0x07	-0.4508	0.0891	0.8829	-0.0962	194.52	305.38	355.95
2026-05-20T20:38:08.2971420+08:00	0x08	0.6415	-0.2840	-0.6946	-0.1595	190.28	271.12	323.19
2026-05-20T20:38:08.3478438+08:00	0x09	-0.7680	0.0795	0.6303	0.0814	181.14	258.62	346.99
2026-05-20T20:38:08.5232758+08:00	0x07	-0.4383	0.1151	0.8846	-0.1101	197.30	306.35	353.84
2026-05-20T20:38:08.8713719+08:00	0x08	0.6400	-0.2823	-0.6968	-0.1586	190.07	271.52	323.38
2026-05-20T20:38:08.9156278+08:00	0x09	-0.7666	0.0793	0.6321	0.0809	181.14	258.89	347.04
2026-05-20T20:38:09.0591752+08:00	0x07	-0.4221	0.1068	0.8911	-0.1281	198.63	308.53	355.28
2026-05-20T20:38:09.3918965+08:00	0x08	0.6226	-0.3191	-0.6858	-0.2006	189.69	271.66	316.57
2026-05-20T20:38:09.4308403+08:00	0x09	-0.7590	0.0946	0.6368	0.0968	181.21	259.83	344.48
2026-05-20T20:38:09.5776224+08:00	0x07	-0.3477	0.0909	0.9170	-0.1731	202.40	317.95	357.35
2026-05-20T20:38:17.2733284+08:00	0x08	0.6082	-0.3426	-0.6778	-0.2308	188.96	272.19	311.83
2026-05-20T20:38:17.2733284+08:00	0x06	-0.1514	-0.3351	0.5333	-0.7618	298.45	25.57	36.03
2026-05-20T20:38:17.2733284+08:00	0x07	-0.3852	0.0818	0.9047	-0.1625	200.93	313.63	358.70
2026-05-20T20:38:17.2733284+08:00	0x08	0.5987	-0.3564	-0.6738	-0.2461	188.65	272.65	309.20
2026-05-20T20:38:17.2733284+08:00	0x09	-0.7539	0.1009	0.6413	0.1007	181.38	260.57	343.66
2026-05-20T20:38:17.2733284+08:00	0x07	-0.4056	0.0745	0.8968	-0.1600	200.33	311.29	359.79
2026-05-20T20:38:17.2733284+08:00	0x08	0.5908	-0.3675	-0.6699	-0.2591	188.32	273.03	307.01
2026-05-20T20:38:17.2733284+08:00	0x07	-0.4244	0.0656	0.8885	-0.1614	200.03	309.14	1.16
2026-05-20T20:38:17.2733284+08:00	0x08	0.5861	-0.3770	-0.6651	-0.2684	188.45	272.85	305.31
2026-05-20T20:38:17.2733284+08:00	0x07	-0.4457	0.0545	0.8796	-0.1572	199.00	306.68	2.54
2026-05-20T20:38:17.2733284+08:00	0x08	0.5843	-0.3806	-0.6632	-0.2717	188.52	272.77	304.68
2026-05-20T20:38:17.2733284+08:00	0x09	-0.7541	0.0995	0.6418	0.0975	181.48	260.59	344.05
2026-05-20T20:38:17.2743259+08:00	0x07	-0.4630	0.0414	0.8704	-0.1620	198.75	304.72	4.47
2026-05-20T20:38:17.2743259+08:00	0x08	0.5819	-0.3834	-0.6624	-0.2751	188.38	272.94	304.10
2026-05-20T20:38:17.2743259+08:00	0x09	-0.7557	0.0986	0.6400	0.0975	181.44	260.32	344.12
2026-05-20T20:38:17.2743259+08:00	0x07	-0.4672	0.0315	0.8667	-0.1720	199.23	304.38	6.09
2026-05-20T20:38:17.2743259+08:00	0x08	0.5875	-0.3803	-0.6614	-0.2698	189.03	272.06	304.91
2026-05-20T20:38:17.2743259+08:00	0x09	-0.7536	0.0986	0.6426	0.0973	181.40	260.71	344.14
2026-05-20T20:38:17.2743259+08:00	0x07	-0.4969	0.0120	0.8512	-0.1686	197.60	300.77	8.46
2026-05-20T20:38:17.2743259+08:00	0x08	0.6056	-0.4032	-0.6279	-0.2762	195.16	263.76	302.75
2026-05-20T20:38:17.2743259+08:00	0x09	-0.7318	0.1157	0.6610	0.1188	180.74	264.06	340.92
2026-05-20T20:38:17.2743259+08:00	0x07	-0.4960	0.0126	0.8517	-0.1687	197.65	300.88	8.39
2026-05-20T20:38:17.2743259+08:00	0x08	0.6562	-0.3381	-0.6333	-0.2326	192.66	262.42	312.82
2026-05-20T20:38:17.2743259+08:00	0x09	-0.7206	0.0564	0.6821	0.1105	175.90	267.35	346.33
2026-05-20T20:38:17.2743259+08:00	0x07	-0.7111	0.0080	0.7029	-0.0163	181.96	269.35	0.68
2026-05-20T20:38:17.2743259+08:00	0x08	0.7014	-0.2352	-0.6522	-0.1654	187.80	263.55	327.40
2026-05-20T20:38:17.2743259+08:00	0x09	-0.7203	0.0603	0.6724	0.1594	172.29	267.29	341.90
2026-05-20T20:38:17.2743259+08:00	0x07	-0.7139	0.0030	0.6999	-0.0196	181.82	268.89	1.36
2026-05-20T20:38:17.2743259+08:00	0x08	0.6924	-0.2423	-0.6516	-0.1932	185.92	264.61	324.32
2026-05-20T20:38:17.2743259+08:00	0x06	0.2160	-0.6896	-0.0578	-0.6888	346.37	92.75	337.84
2026-05-20T20:38:17.2743259+08:00	0x09	-0.7153	0.0688	0.6718	0.1795	171.23	267.99	339.56
2026-05-20T20:38:17.2743259+08:00	0x07	-0.6832	0.1791	0.6821	0.1895	179.09	270.15	329.79
2026-05-20T20:38:17.2743259+08:00	0x08	0.6787	-0.2760	-0.6418	-0.2264	186.44	264.36	318.58
2026-05-20T20:38:17.2743259+08:00	0x09	-0.7136	0.0698	0.6733	0.1803	171.21	268.27	339.43
2026-05-20T20:38:17.2743259+08:00	0x07	-0.6361	0.3081	0.6258	0.3298	177.99	270.09	306.37
2026-05-20T20:38:17.2743259+08:00	0x08	0.6665	-0.3053	-0.6313	-0.2530	187.27	263.78	313.72
2026-05-20T20:38:17.2743259+08:00	0x09	-0.7134	0.0695	0.6736	0.1802	171.18	268.32	339.47
2026-05-20T20:38:17.2743259+08:00	0x07	-0.5680	0.4250	0.5499	0.4408	179.56	268.49	284.48
2026-05-20T20:38:17.2743259+08:00	0x08	0.6551	-0.3261	-0.6245	-0.2729	187.71	263.66	310.10
2026-05-20T20:38:17.2743259+08:00	0x09	-0.7117	0.0713	0.6750	0.1808	171.24	268.57	339.29
2026-05-20T20:38:17.2743259+08:00	0x07	-0.5006	0.5045	0.4794	0.5148	343.54	104.65	272.34
2026-05-20T20:38:17.5776221+08:00	0x08	0.6457	-0.3446	-0.6174	-0.2884	188.48	263.21	307.06
2026-05-20T20:38:17.6736504+08:00	0x09	-0.7118	0.0714	0.6754	0.1788	171.41	268.56	339.45
2026-05-20T20:38:17.7569645+08:00	0x07	-0.4452	0.5544	0.4249	0.5602	355.85	92.64	284.07
2026-05-20T20:38:18.1405206+08:00	0x08	0.6393	-0.3571	-0.6121	-0.2986	189.12	262.75	305.02
2026-05-20T20:38:18.2074574+08:00	0x09	-0.7122	0.0711	0.6754	0.1776	171.49	268.50	339.57
2026-05-20T20:38:18.2405168+08:00	0x06	0.2070	-0.6817	-0.0371	-0.7007	345.83	90.92	340.07
2026-05-20T20:38:18.3069331+08:00	0x07	-0.3804	0.6028	0.3600	0.6018	356.79	92.07	296.87
2026-05-20T20:38:18.6145230+08:00	0x08	0.6368	-0.3635	-0.6104	-0.2996	189.92	262.33	304.38
2026-05-20T20:38:18.8072685+08:00	0x09	-0.7116	0.0748	0.6769	0.1726	172.21	268.53	339.70
2026-05-20T20:38:18.8262227+08:00	0x07	-0.3292	0.6334	0.3088	0.6286	357.23	91.83	306.39
2026-05-20T20:38:19.1281888+08:00	0x08	0.6340	-0.3724	-0.6066	-0.3025	191.02	261.51	303.35
2026-05-20T20:38:19.3416218+08:00	0x09	-0.7111	0.0762	0.6776	0.1716	172.39	268.60	339.68
2026-05-20T20:38:19.3775669+08:00	0x07	-0.2645	0.6652	0.2515	0.6514	358.11	91.94	317.23
2026-05-20T20:38:19.7007426+08:00	0x08	0.6338	-0.3767	-0.6032	-0.3042	191.76	260.75	302.86
2026-05-20T20:38:19.8921239+08:00	0x09	-0.7128	0.0743	0.6764	0.1701	172.40	268.35	339.95
2026-05-20T20:38:19.9092390+08:00	0x07	-0.2006	0.6882	0.1906	0.6707	358.62	91.87	327.89
2026-05-20T20:38:23.8494168+08:00	0x08	0.6350	-0.3762	-0.6031	-0.3026	191.93	260.57	303.07
2026-05-20T20:38:23.8494168+08:00	0x09	-0.7128	0.0741	0.6764	0.1699	172.40	268.35	339.97
2026-05-20T20:38:23.8494168+08:00	0x07	-0.1092	0.7108	0.0994	0.6877	358.89	92.06	343.06
2026-05-20T20:38:23.8494168+08:00	0x08	0.6325	-0.3780	-0.6032	-0.3054	191.74	260.85	302.62
2026-05-20T20:38:23.8494168+08:00	0x06	0.5268	-0.5041	-0.3747	-0.5727	328.16	109.11	281.14
2026-05-20T20:38:23.8494168+08:00	0x09	-0.7113	0.0746	0.6777	0.1710	172.31	268.59	339.86
2026-05-20T20:38:23.8494168+08:00	0x07	-0.0015	0.7196	-0.0053	0.6944	359.45	92.03	0.31
2026-05-20T20:38:23.8494168+08:00	0x08	0.6297	-0.3814	-0.6018	-0.3096	191.77	260.85	301.90
2026-05-20T20:38:23.8494168+08:00	0x09	-0.7111	0.0748	0.6778	0.1714	172.28	268.63	339.81
2026-05-20T20:38:23.8494168+08:00	0x08	0.6293	-0.3836	-0.6001	-0.3109	192.08	260.51	301.60
2026-05-20T20:38:23.8494168+08:00	0x09	-0.7115	0.0746	0.6773	0.1715	172.28	268.56	339.81
2026-05-20T20:38:23.8494168+08:00	0x07	0.0971	0.7122	-0.1015	0.6878	359.92	91.99	16.14
2026-05-20T20:38:23.8494168+08:00	0x08	0.6293	-0.3854	-0.5986	-0.3117	192.40	260.16	301.38
2026-05-20T20:38:23.8494168+08:00	0x09	-0.7124	0.0749	0.6760	0.1728	172.23	268.40	339.67
2026-05-20T20:38:23.8494168+08:00	0x07	0.3199	0.6452	-0.3179	0.6167	1.99	93.59	53.59
2026-05-20T20:38:23.8494168+08:00	0x08	0.6300	-0.3843	-0.5990	-0.3108	192.34	260.19	301.57
2026-05-20T20:38:23.8494168+08:00	0x09	-0.7122	0.0747	0.6763	0.1728	172.19	268.43	339.69
2026-05-20T20:38:23.8494168+08:00	0x08	0.6300	-0.3846	-0.5987	-0.3110	192.40	260.12	301.53
2026-05-20T20:38:23.8494168+08:00	0x06	0.5817	-0.4453	-0.4377	-0.5212	225.84	211.53	274.94
2026-05-20T20:38:23.8494168+08:00	0x09	-0.7122	0.0747	0.6762	0.1731	172.17	268.43	339.66
2026-05-20T20:38:23.8494168+08:00	0x07	0.4370	0.5747	-0.4302	0.5419	8.29	99.79	75.49
2026-05-20T20:38:23.9968203+08:00	0x08	0.6288	-0.3856	-0.5986	-0.3124	192.32	260.23	301.29
2026-05-20T20:38:24.3094232+08:00	0x09	-0.7117	0.0748	0.6766	0.1735	172.14	268.52	339.63
2026-05-20T20:38:24.5463768+08:00	0x08	0.6274	-0.3869	-0.5983	-0.3141	192.29	260.31	301.01
2026-05-20T20:38:48.4199652+08:00	0x09	-0.7112	0.0749	0.6771	0.1737	172.11	268.61	339.61
2026-05-20T20:38:48.4199652+08:00	0x07	0.5991	0.4028	-0.5824	0.3737	173.18	263.90	66.48
2026-05-20T20:38:48.4199652+08:00	0x08	0.6255	-0.3898	-0.5969	-0.3171	192.42	260.20	300.45
2026-05-20T20:38:48.4199652+08:00	0x09	-0.7112	0.0749	0.6770	0.1738	172.10	268.60	339.59
2026-05-20T20:38:48.4199652+08:00	0x07	0.6980	0.1814	-0.6741	0.1593	177.50	267.38	27.84
2026-05-20T20:38:48.4199652+08:00	0x08	0.6249	-0.3910	-0.5960	-0.3183	192.53	260.07	300.23
2026-05-20T20:38:48.4199652+08:00	0x09	-0.7114	0.0744	0.6769	0.1736	172.08	268.58	339.65
2026-05-20T20:38:48.4199652+08:00	0x08	0.6234	-0.3927	-0.5953	-0.3205	192.54	260.08	299.87
2026-05-20T20:38:48.4199652+08:00	0x09	-0.7110	0.0745	0.6773	0.1739	172.05	268.65	339.62
2026-05-20T20:38:48.4199652+08:00	0x07	0.7200	0.0476	-0.6918	0.0291	178.37	267.62	6.19
2026-05-20T20:38:48.4199652+08:00	0x08	0.6224	-0.3936	-0.5952	-0.3216	192.48	260.18	299.67
2026-05-20T20:38:48.4199652+08:00	0x09	-0.7105	0.0750	0.6780	0.1731	172.14	268.73	339.66
2026-05-20T20:38:48.4199652+08:00	0x07	0.6975	-0.1842	-0.6653	-0.1920	180.10	267.26	329.14
2026-05-20T20:38:48.4199652+08:00	0x08	0.6210	-0.3957	-0.5943	-0.3233	192.65	260.05	299.32
2026-05-20T20:38:48.4199652+08:00	0x09	-0.7107	0.0749	0.6779	0.1728	172.17	268.70	339.69
2026-05-20T20:38:48.4199652+08:00	0x07	0.6607	-0.2896	-0.6282	-0.2916	181.41	266.47	311.48
2026-05-20T20:38:48.4199652+08:00	0x08	0.6209	-0.3963	-0.5940	-0.3233	192.78	259.95	299.26
2026-05-20T20:38:48.4209625+08:00	0x09	-0.7108	0.0747	0.6779	0.1724	172.19	268.68	339.74
2026-05-20T20:38:48.4209625+08:00	0x07	0.5982	-0.4040	-0.5651	-0.3994	185.14	263.20	290.85
2026-05-20T20:38:48.4209625+08:00	0x08	0.6190	-0.3970	-0.5950	-0.3244	192.54	260.33	299.08
2026-05-20T20:38:48.4209625+08:00	0x09	-0.7101	0.0883	0.6762	0.1750	173.12	268.51	338.41
2026-05-20T20:38:48.4209625+08:00	0x06	0.5939	-0.4316	-0.4482	-0.5099	207.40	229.71	276.94
2026-05-20T20:38:48.4209625+08:00	0x08	0.6627	-0.3112	-0.6438	-0.2225	190.09	264.25	315.92
2026-05-20T20:38:48.4209625+08:00	0x09	-0.7044	0.0507	0.6999	0.1066	175.42	270.14	347.22
2026-05-20T20:38:48.4209625+08:00	0x07	0.5295	-0.4907	-0.4973	-0.4812	216.56	232.14	273.95
2026-05-20T20:38:48.4209625+08:00	0x08	0.7022	-0.1951	-0.6759	-0.1095	187.97	266.06	335.32
2026-05-20T20:38:48.4209625+08:00	0x09	-0.7113	0.0465	0.6911	0.1195	174.15	269.05	346.45
2026-05-20T20:38:48.4209625+08:00	0x07	0.4271	-0.5571	-0.4758	-0.5299	8.84	85.53	280.63
2026-05-20T20:38:48.4209625+08:00	0x08	0.7013	-0.1987	-0.6752	-0.1130	188.02	266.03	334.73
2026-05-20T20:38:48.4209625+08:00	0x09	-0.7127	0.0488	0.6864	0.1364	173.00	268.77	344.85
2026-05-20T20:38:48.4209625+08:00	0x07	0.4933	-0.5040	-0.5222	-0.4795	173.81	279.25	271.85
2026-05-20T20:38:48.4209625+08:00	0x08	0.7274	-0.0905	-0.6799	-0.0211	185.98	265.67	351.15
2026-05-20T20:38:48.4209625+08:00	0x09	-0.7118	0.0497	0.6860	0.1423	172.57	268.91	344.29
2026-05-20T20:38:48.4209625+08:00	0x07	0.5993	-0.3673	-0.6177	-0.3526	180.56	271.40	298.79
2026-05-20T20:38:48.4209625+08:00	0x08	0.7337	-0.0253	-0.6782	0.0331	184.71	265.53	0.82
2026-05-20T20:38:48.4209625+08:00	0x09	-0.7091	0.0531	0.6860	0.1544	171.80	269.33	343.03
2026-05-20T20:38:48.4209625+08:00	0x07	0.6380	-0.2858	-0.6585	-0.2786	179.81	271.90	312.95
2026-05-20T20:38:48.4209625+08:00	0x08	0.7264	-0.0539	-0.6852	-0.0059	184.04	266.49	355.27
2026-05-20T20:38:48.4209625+08:00	0x09	-0.7083	0.0535	0.6862	0.1570	171.59	269.46	342.80
2026-05-20T20:38:48.4209625+08:00	0x07	0.6620	-0.2189	-0.6850	-0.2113	180.03	271.95	324.57
2026-05-20T20:38:48.4209625+08:00	0x08	0.7207	-0.0911	-0.6859	-0.0427	184.25	266.77	349.26
2026-05-20T20:38:48.4209625+08:00	0x09	-0.7079	0.0674	0.6822	0.1704	171.64	269.32	340.54
2026-05-20T20:38:48.4209625+08:00	0x07	0.6862	-0.1508	-0.6977	-0.1400	180.73	270.79	336.26
2026-05-20T20:38:48.4209625+08:00	0x08	0.6965	-0.1894	-0.6799	-0.1293	185.62	267.32	334.04
2026-05-20T20:38:48.4209625+08:00	0x09	-0.7041	0.1008	0.6778	0.1860	173.09	269.26	336.51
2026-05-20T20:38:48.4209625+08:00	0x07	0.6856	-0.1529	-0.6974	-0.1421	180.71	270.83	335.91
2026-05-20T20:38:48.4209625+08:00	0x08	0.6676	-0.2853	-0.6593	-0.1959	189.16	265.98	320.38
2026-05-20T20:38:48.4209625+08:00	0x09	-0.7375	0.0936	0.6505	0.1555	176.06	263.54	339.44
2026-05-20T20:38:48.4209625+08:00	0x07	0.7052	-0.1233	-0.6905	-0.1030	181.92	268.48	341.61
2026-05-20T20:38:48.4209625+08:00	0x08	0.6503	-0.2959	-0.6757	-0.1816	190.42	268.45	320.50
2026-05-20T20:38:48.4209625+08:00	0x09	-0.7334	0.1182	0.6588	0.1186	181.04	263.69	340.75
2026-05-20T20:38:48.4209625+08:00	0x06	0.5945	-0.4143	-0.4743	-0.4999	186.71	251.44	279.09
2026-05-20T20:38:48.4209625+08:00	0x07	0.8516	0.0201	-0.5237	0.0055	178.37	243.15	1.75
2026-05-20T20:38:48.4209625+08:00	0x08	0.5905	-0.3470	-0.6880	-0.2398	187.07	275.46	310.47
2026-05-20T20:38:48.4209625+08:00	0x09	-0.7545	0.1120	0.6389	0.0998	182.49	260.14	342.92
2026-05-20T20:38:48.4209625+08:00	0x07	0.7686	0.0789	-0.6348	0.0088	173.63	258.74	6.53
2026-05-20T20:38:48.4209625+08:00	0x08	0.5724	-0.3744	-0.6751	-0.2767	185.54	276.51	304.70
2026-05-20T20:38:48.4209625+08:00	0x09	-0.7488	0.1111	0.6449	0.1053	181.84	261.19	342.48
2026-05-20T20:38:48.4209625+08:00	0x07	0.7240	-0.0717	-0.6776	-0.1075	177.52	266.52	345.35
2026-05-20T20:38:48.4209625+08:00	0x08	0.5860	-0.3677	-0.6710	-0.2667	187.08	274.15	306.29
2026-05-20T20:38:48.4209625+08:00	0x09	-0.7473	0.1025	0.6492	0.0976	181.57	261.74	343.80
2026-05-20T20:38:48.4209625+08:00	0x07	0.7461	-0.2375	-0.5754	-0.2362	186.08	253.14	321.27
2026-05-20T20:38:48.4209625+08:00	0x08	0.5888	-0.3631	-0.6744	-0.2583	187.49	274.05	307.45
2026-05-20T20:38:48.4209625+08:00	0x09	-0.7499	0.1047	0.6459	0.0973	181.87	261.21	343.67
2026-05-20T20:38:48.4209625+08:00	0x07	0.6818	-0.3952	-0.4959	-0.3647	202.80	238.03	297.21
2026-05-20T20:38:48.4209625+08:00	0x08	0.5702	-0.3799	-0.6716	-0.2819	185.64	276.32	303.72
2026-05-20T20:38:48.4209625+08:00	0x09	-0.7508	0.1123	0.6433	0.0989	182.48	260.81	342.96
2026-05-20T20:38:48.4209625+08:00	0x06	-0.0984	-0.0011	-0.5107	-0.8541	62.25	5.96	9.61
2026-05-20T20:38:48.4209625+08:00	0x08	0.5775	-0.3744	-0.6737	-0.2692	186.91	275.22	305.38
2026-05-20T20:38:48.4209625+08:00	0x09	-0.7552	0.1015	0.6414	0.0894	182.30	260.37	344.62
2026-05-20T20:38:48.4209625+08:00	0x07	0.6843	-0.3908	-0.4987	-0.3611	201.93	238.85	297.88
2026-05-20T20:38:48.4209625+08:00	0x08	0.5844	-0.3721	-0.6719	-0.2619	188.07	273.87	306.28
2026-05-20T20:38:48.4209625+08:00	0x09	-0.7527	0.1053	0.6435	0.0913	182.44	260.72	344.15
2026-05-20T20:38:48.4209625+08:00	0x07	0.5831	-0.5553	-0.3807	-0.4547	275.71	168.38	287.62
2026-05-20T20:38:48.4209625+08:00	0x08	0.5829	-0.3755	-0.6704	-0.2642	188.21	273.78	305.76
2026-05-20T20:38:48.4209625+08:00	0x09	-0.7556	0.1049	0.6402	0.0910	182.50	260.20	344.23
2026-05-20T20:38:48.4209625+08:00	0x07	0.5355	-0.6091	-0.3362	-0.4788	301.26	144.71	292.72
2026-05-20T20:38:48.4209625+08:00	0x06	0.0599	-0.1102	-0.3870	-0.9135	45.02	9.09	348.77
2026-05-20T20:38:48.4209625+08:00	0x09	-0.7591	0.1019	0.6362	0.0933	182.15	259.64	344.26
2026-05-20T20:38:48.4219608+08:00	0x07	0.5009	-0.6358	-0.3105	-0.4984	313.00	133.88	296.60
2026-05-20T20:38:48.4219608+08:00	0x08	0.6033	-0.3436	-0.6828	-0.2276	188.94	273.08	311.94
2026-05-20T20:38:48.4219608+08:00	0x09	-0.7573	0.1013	0.6390	0.0888	182.37	259.99	344.69
2026-05-20T20:38:48.4219608+08:00	0x06	0.0380	-0.1443	-0.0864	-0.9850	9.21	16.21	354.27
2026-05-20T20:38:48.4219608+08:00	0x07	0.4577	-0.6578	-0.2847	-0.5260	324.15	123.40	301.11
2026-05-20T20:38:48.4219608+08:00	0x08	0.6029	-0.3435	-0.6834	-0.2268	188.96	273.17	312.01
2026-05-20T20:38:48.4219608+08:00	0x09	-0.7593	0.1050	0.6356	0.0921	182.53	259.51	344.14
2026-05-20T20:38:48.4219608+08:00	0x07	0.4260	-0.6716	-0.2556	-0.5496	330.09	116.99	305.74
2026-05-20T20:38:48.4219608+08:00	0x08	0.5998	-0.3527	-0.6789	-0.2343	189.29	272.79	310.54
2026-05-20T20:38:48.4219608+08:00	0x09	-0.7610	0.1093	0.6327	0.0931	182.89	259.06	343.74
2026-05-20T20:38:48.4219608+08:00	0x07	0.3757	-0.7030	-0.2254	-0.5602	335.89	113.65	312.45
2026-05-20T20:38:48.4219608+08:00	0x08	0.5989	-0.3532	-0.6796	-0.2336	189.35	272.91	310.54
2026-05-20T20:38:48.4219608+08:00	0x09	-0.7607	0.1076	0.6339	0.0892	183.01	259.20	344.21
2026-05-20T20:38:48.4219608+08:00	0x07	0.3298	-0.7308	-0.1906	-0.5665	339.45	112.13	319.29
2026-05-20T20:38:48.4219608+08:00	0x08	0.5964	-0.3574	-0.6781	-0.2382	189.29	272.97	309.74
2026-05-20T20:38:48.4219608+08:00	0x09	-0.7610	0.1108	0.6324	0.0928	183.06	259.02	343.65
2026-05-20T20:38:48.4219608+08:00	0x07	0.3101	-0.7388	-0.1764	-0.5717	341.01	111.12	322.02
2026-05-20T20:38:48.4219608+08:00	0x08	0.5931	-0.3626	-0.6764	-0.2434	189.25	273.07	308.81
2026-05-20T20:38:48.4219608+08:00	0x09	-0.7639	0.1086	0.6295	0.0913	183.04	258.55	343.96
2026-05-20T20:38:48.4219608+08:00	0x07	0.3260	-0.7318	-0.1854	-0.5691	339.69	111.71	320.03
2026-05-20T20:38:48.4219608+08:00	0x08	0.5915	-0.3647	-0.6762	-0.2446	189.30	273.16	308.50
2026-05-20T20:38:48.4219608+08:00	0x09	-0.7678	0.1084	0.6243	0.0951	182.85	257.82	343.66
2026-05-20T20:38:48.4219608+08:00	0x06	0.0297	-0.1329	0.0063	-0.9907	358.83	15.31	356.72
2026-05-20T20:38:48.4219608+08:00	0x07	0.2989	-0.7455	-0.1649	-0.5725	341.48	111.02	323.98
2026-05-20T20:38:48.4219608+08:00	0x08	0.5952	-0.3615	-0.6756	-0.2420	189.44	272.74	309.05
2026-05-20T20:38:48.4219608+08:00	0x09	-0.7619	0.1068	0.6318	0.0946	182.59	258.96	343.79
2026-05-20T20:38:48.4219608+08:00	0x07	0.2868	-0.7430	-0.1539	-0.5847	342.65	109.00	325.66
2026-05-20T20:38:48.4219608+08:00	0x08	0.5829	-0.3589	-0.6846	-0.2504	186.98	275.80	308.43
2026-05-20T20:38:48.4219608+08:00	0x09	-0.7430	0.1158	0.6522	0.0960	182.81	262.13	342.92
2026-05-20T20:38:48.4219608+08:00	0x07	0.2473	-0.7125	-0.1358	-0.6424	348.05	99.22	329.25
2026-05-20T20:38:48.4219608+08:00	0x08	0.5776	-0.3719	-0.6760	-0.2667	186.77	275.51	305.82
2026-05-20T20:38:48.4219608+08:00	0x09	-0.7450	0.1162	0.6501	0.0941	183.05	261.77	343.06
2026-05-20T20:38:48.4219608+08:00	0x07	0.2202	-0.7109	-0.1318	-0.6548	350.81	97.03	331.59
2026-05-20T20:38:48.4219608+08:00	0x08	0.5850	-0.3628	-0.6818	-0.2474	188.08	274.82	308.35
2026-05-20T20:38:48.4219608+08:00	0x09	-0.7420	0.1144	0.6551	0.0851	183.48	262.39	343.97
2026-05-20T20:38:48.4219608+08:00	0x07	0.2120	-0.7722	-0.0907	-0.5920	346.16	107.88	336.98
2026-05-20T20:38:48.4219608+08:00	0x06	0.1351	-0.0336	-0.2754	-0.9512	32.38	359.38	344.00
2026-05-20T20:38:48.4219608+08:00	0x08	0.6054	-0.3342	-0.6905	-0.2124	189.21	273.60	314.06
2026-05-20T20:38:48.4219608+08:00	0x09	-0.7400	0.1118	0.6585	0.0787	183.68	262.84	344.71
2026-05-20T20:38:48.4219608+08:00	0x07	0.2067	-0.7732	-0.0795	-0.5942	345.98	107.61	338.37
2026-05-20T20:38:48.4219608+08:00	0x08	0.6394	-0.2613	-0.7099	-0.1380	189.51	273.14	326.81
2026-05-20T20:38:48.4219608+08:00	0x09	-0.7298	0.1020	0.6716	0.0771	182.69	264.90	345.55
2026-05-20T20:38:48.4219608+08:00	0x07	0.3061	-0.7887	-0.1901	-0.4982	338.38	122.79	322.78
2026-05-20T20:38:48.4219608+08:00	0x08	0.6385	-0.2635	-0.7094	-0.1402	189.50	273.15	326.43
2026-05-20T20:38:48.4219608+08:00	0x09	-0.6845	0.0338	0.7217	0.0975	174.49	273.54	349.49
2026-05-20T20:38:48.4219608+08:00	0x07	0.2446	-0.6555	-0.3385	-0.6292	9.20	88.17	311.27
2026-05-20T20:38:48.4219608+08:00	0x08	0.7067	-0.0566	-0.7042	0.0381	187.68	269.70	358.52
2026-05-20T20:38:48.4219608+08:00	0x09	-0.7151	-0.0167	0.6771	0.1731	164.63	268.64	347.00
2026-05-20T20:38:48.4219608+08:00	0x07	0.2681	-0.6031	-0.3310	-0.6744	10.93	78.55	310.46
2026-05-20T20:38:48.4219608+08:00	0x06	0.1314	-0.0379	-0.2615	-0.9555	30.59	0.22	344.28
2026-05-20T20:38:48.4219608+08:00	0x09	-0.6969	-0.0370	0.6945	0.1750	162.52	271.52	348.90
2026-05-20T20:38:48.4219608+08:00	0x07	0.2867	-0.6077	-0.3231	-0.6665	7.47	81.17	309.22
2026-05-20T20:38:48.4219608+08:00	0x06	0.6330	0.1191	-0.7648	-0.0143	169.92	279.94	9.44
2026-05-20T20:38:48.4219608+08:00	0x08	0.6432	0.1467	-0.7470	0.0830	176.07	277.88	19.02
2026-05-20T20:38:48.4219608+08:00	0x09	-0.7071	-0.0450	0.6815	0.1831	161.36	269.77	348.61
2026-05-20T20:38:48.4219608+08:00	0x07	0.3094	-0.6053	-0.3265	-0.6568	5.22	82.71	306.71
2026-05-20T20:38:48.4389159+08:00	0x08	0.6336	0.2697	-0.6944	0.2090	176.16	273.86	39.74
2026-05-20T20:38:48.6751829+08:00	0x09	-0.7082	-0.0450	0.6790	0.1882	160.96	269.59	348.14
2026-05-20T20:38:48.7640417+08:00	0x07	0.3209	-0.5993	-0.3344	-0.6527	5.20	82.41	304.94
2026-05-20T20:38:48.9479681+08:00	0x08	0.6049	0.3370	-0.6663	0.2769	176.42	273.80	51.63
2026-05-20T20:38:49.1985582+08:00	0x09	-0.7092	-0.0442	0.6777	0.1893	160.94	269.43	347.96
2026-05-20T20:38:49.2854083+08:00	0x07	0.3347	-0.5916	-0.3491	-0.6451	5.83	81.84	302.34
2026-05-20T20:38:49.5342669+08:00	0x08	0.5846	0.3666	-0.6533	0.3116	177.72	275.10	57.49
2026-05-20T20:38:49.5636759+08:00	0x06	0.6134	0.2388	-0.7386	0.1453	174.70	279.06	32.08
2026-05-20T20:38:49.7210725+08:00	0x09	-0.7099	-0.0436	0.6768	0.1901	160.94	269.31	347.83
2026-05-20T20:38:49.8844388+08:00	0x07	0.3482	-0.5836	-0.3632	-0.6374	6.55	81.15	299.80
2026-05-20T20:38:50.0029521+08:00	0x08	0.5658	0.3927	-0.6382	0.3439	179.31	276.46	62.93
2026-05-20T20:38:50.2668970+08:00	0x09	-0.7108	-0.0449	0.6758	0.1901	160.85	269.15	347.91
2026-05-20T20:38:50.4191679+08:00	0x07	0.3588	-0.5771	-0.3731	-0.6316	7.03	80.60	297.88
2026-05-20T20:38:50.6296532+08:00	0x08	0.5519	0.4121	-0.6258	0.3660	180.47	277.49	66.90
2026-05-20T20:38:50.7945764+08:00	0x09	-0.7110	-0.0451	0.6756	0.1898	160.86	269.12	347.94
2026-05-20T20:38:50.9687539+08:00	0x07	0.3700	-0.5694	-0.3865	-0.6241	8.13	79.63	295.58
2026-05-20T20:38:51.1976935+08:00	0x08	0.5294	0.4385	-0.6075	0.3981	183.71	280.59	72.60
2026-05-20T20:38:51.3471113+08:00	0x09	-0.7110	-0.0452	0.6756	0.1898	160.85	269.12	347.95
2026-05-20T20:38:51.4911674+08:00	0x07	0.3784	-0.5637	-0.3953	-0.6187	8.86	78.90	293.95
2026-05-20T20:38:51.7312049+08:00	0x08	0.5247	0.4436	-0.6035	0.4046	184.68	281.51	73.74
2026-05-20T20:38:51.8806178+08:00	0x09	-0.7112	-0.0452	0.6755	0.1894	160.89	269.09	347.98
2026-05-20T20:38:52.0323300+08:00	0x07	0.3886	-0.5566	-0.4073	-0.6110	10.08	77.84	291.83
2026-05-20T20:38:52.1848024+08:00	0x08	0.5157	0.4413	-0.6073	0.4130	189.79	286.73	74.13
2026-05-20T20:38:52.4189889+08:00	0x09	-0.7415	-0.0523	0.6422	0.1870	161.03	263.83	347.87
2026-05-20T20:38:52.5690544+08:00	0x07	0.4108	-0.5869	-0.3800	-0.5852	354.28	94.02	292.06
2026-05-20T20:38:52.7325599+08:00	0x06	0.4994	0.4535	-0.6343	0.3777	184.94	287.17	72.27
2026-05-20T20:38:53.0139501+08:00	0x09	-0.6812	0.1091	0.6907	0.2169	170.28	273.08	333.50
2026-05-20T20:38:53.1142960+08:00	0x07	0.2386	-0.8133	-0.1352	-0.5131	343.65	119.57	332.30
2026-05-20T20:38:53.2685321+08:00	0x08	0.5160	0.4413	-0.6072	0.4127	189.63	286.57	74.12
2026-05-20T20:38:53.5645235+08:00	0x09	-0.7029	0.1358	0.6583	0.2328	172.30	268.35	329.60
2026-05-20T20:38:53.6649854+08:00	0x07	0.2444	-0.8082	-0.1430	-0.5164	343.59	119.10	331.08
2026-05-20T20:38:53.8480523+08:00	0x08	0.7306	-0.0146	-0.6822	0.0237	183.08	266.10	0.84
2026-05-20T20:38:54.1108360+08:00	0x09	-0.7119	0.1130	0.6573	0.2199	171.69	267.47	332.51
2026-05-20T20:38:54.1860587+08:00	0x07	0.1263	-0.7106	-0.1538	-0.6749	1.75	92.60	337.11
2026-05-20T20:38:54.3722344+08:00	0x08	0.7225	-0.1456	-0.6693	-0.0936	185.18	264.74	340.72
2026-05-20T20:38:54.5376139+08:00	0x06	0.4758	0.4750	-0.5634	0.4802	225.48	320.22	82.82
2026-05-20T20:38:54.6460199+08:00	0x09	-0.7116	0.1084	0.6590	0.2180	171.42	267.66	333.06
2026-05-20T20:38:54.7385142+08:00	0x07	0.2705	-0.6623	-0.2966	-0.6326	1.43	92.00	312.68
2026-05-20T20:38:54.9404296+08:00	0x08	0.7007	-0.2237	-0.6552	-0.1724	185.95	264.43	327.68
2026-05-20T20:38:55.1701220+08:00	0x09	-0.7115	0.1060	0.6597	0.2177	171.22	267.76	333.28
2026-05-20T20:38:55.2136495+08:00	0x07	0.4051	-0.5850	-0.4286	-0.5569	0.64	92.35	287.73
2026-05-20T20:38:55.5223716+08:00	0x08	0.6744	-0.2894	-0.6367	-0.2367	187.04	263.90	316.54
2026-05-20T20:38:55.7648658+08:00	0x09	-0.7108	0.1061	0.6602	0.2182	171.16	267.88	333.24
2026-05-20T20:38:56.0317747+08:00	0x08	0.6521	-0.3378	-0.6171	-0.2824	188.56	262.68	308.25
2026-05-20T20:38:56.2995702+08:00	0x09	-0.7128	0.1043	0.6589	0.2163	171.24	267.57	333.53
2026-05-20T20:38:56.3484597+08:00	0x07	0.4013	-0.5877	-0.4249	-0.5595	0.69	92.32	288.48
2026-05-20T20:38:56.4984533+08:00	0x08	0.6386	-0.3657	-0.6036	-0.3068	190.07	261.36	303.56
2026-05-20T20:38:56.8144513+08:00	0x06	0.7148	-0.0588	-0.6800	-0.1523	172.59	268.27	342.68
2026-05-20T20:38:56.9150922+08:00	0x07	0.6050	-0.3696	-0.6175	-0.3407	183.05	269.40	299.69
2026-05-20T20:38:57.0316894+08:00	0x08	0.6288	-0.3849	-0.5935	-0.3229	191.51	260.08	300.35
2026-05-20T20:38:57.2653721+08:00	0x06	0.6385	-0.3410	-0.5478	-0.4194	176.69	263.38	294.60
2026-05-20T20:38:57.3815998+08:00	0x09	-0.7126	0.1037	0.6605	0.2125	171.49	267.63	333.90
2026-05-20T20:38:57.4664002+08:00	0x07	0.6608	-0.2588	-0.6656	-0.2307	182.63	269.44	319.50
2026-05-20T20:38:57.5984404+08:00	0x08	0.6217	-0.3984	-0.5862	-0.3334	192.78	258.96	298.17
2026-05-20T20:38:57.9676797+08:00	0x09	-0.7122	0.1035	0.6612	0.2118	171.51	267.71	333.99
2026-05-20T20:38:58.1866692+08:00	0x08	0.6052	-0.4213	-0.5750	-0.3544	194.58	257.57	294.01
2026-05-20T20:38:58.5149150+08:00	0x09	-0.7119	0.1022	0.6620	0.2109	171.46	267.80	334.17
2026-05-20T20:38:58.6821389+08:00	0x08	0.6017	-0.4258	-0.5720	-0.3599	194.91	257.21	293.04
2026-05-20T20:38:58.9825290+08:00	0x09	-0.7112	0.1018	0.6627	0.2114	171.35	267.94	334.18
2026-05-20T20:38:59.0651056+08:00	0x07	0.6784	-0.2115	-0.6787	-0.1857	182.37	269.33	327.38
2026-05-20T20:38:59.2656636+08:00	0x08	0.5995	-0.4306	-0.5681	-0.3639	195.74	256.32	292.24
2026-05-20T20:38:59.5555164+08:00	0x09	-0.7132	0.1000	0.6606	0.2122	171.20	267.63	334.23
2026-05-20T20:38:59.6169182+08:00	0x07	0.6628	-0.2585	-0.6608	-0.2392	182.02	269.07	318.79
2026-05-20T20:38:59.7868677+08:00	0x08	0.6037	-0.4316	-0.5638	-0.3625	197.12	254.58	292.43
2026-05-20T20:38:59.9856398+08:00	0x06	0.6205	-0.3726	-0.5255	-0.4471	178.67	261.47	288.82
2026-05-20T20:39:00.1184872+08:00	0x09	-0.7177	0.0967	0.6551	0.2154	170.82	266.88	334.16
2026-05-20T20:39:00.3648144+08:00	0x08	0.6058	-0.4337	-0.5584	-0.3647	198.27	252.98	292.13
2026-05-20T20:39:00.6657829+08:00	0x09	-0.7192	0.0964	0.6535	0.2151	170.89	266.61	334.18
2026-05-20T20:39:00.9248082+08:00	0x08	0.6080	-0.4306	-0.5617	-0.3599	197.87	253.56	292.88
2026-05-20T20:39:01.2042928+08:00	0x09	-0.7182	0.0973	0.6550	0.2137	171.05	266.78	334.25
2026-05-20T20:39:01.2826951+08:00	0x07	0.5788	-0.4265	-0.5621	-0.4088	186.45	263.61	287.69
2026-05-20T20:39:01.4493583+08:00	0x08	0.6103	-0.4292	-0.5631	-0.3552	198.09	253.48	293.51
2026-05-20T20:39:01.6847237+08:00	0x09	-0.7182	0.0970	0.6563	0.2097	171.35	266.79	334.63
2026-05-20T20:39:01.8161892+08:00	0x07	0.5034	-0.5163	-0.4876	-0.4922	293.93	156.55	272.50
2026-05-20T20:39:02.0170740+08:00	0x08	0.6120	-0.4282	-0.5650	-0.3506	198.29	253.51	294.08
2026-05-20T20:39:02.2391512+08:00	0x09	-0.7180	0.0974	0.6574	0.2070	171.59	266.84	334.84
2026-05-20T20:39:02.3450346+08:00	0x07	0.3858	-0.6114	-0.3723	-0.5820	354.85	96.08	295.26
2026-05-20T20:39:02.4829537+08:00	0x08	0.6118	-0.4283	-0.5652	-0.3505	198.25	253.58	294.08
2026-05-20T20:39:02.7715548+08:00	0x09	-0.7174	0.0978	0.6577	0.2078	171.54	266.93	334.74
2026-05-20T20:39:02.8827233+08:00	0x07	0.3896	-0.6089	-0.3761	-0.5797	354.69	96.23	294.54
2026-05-20T20:39:03.1169378+08:00	0x08	0.6130	-0.4275	-0.5652	-0.3494	198.30	253.47	294.28
2026-05-20T20:39:03.2995931+08:00	0x09	-0.7178	0.0972	0.6576	0.2072	171.55	266.88	334.83
2026-05-20T20:39:03.4214267+08:00	0x07	0.1865	-0.7001	-0.1774	-0.6660	358.36	93.30	330.21
2026-05-20T20:39:03.6848641+08:00	0x08	0.6143	-0.4272	-0.5641	-0.3492	198.51	253.12	294.35
2026-05-20T20:39:03.7848154+08:00	0x09	-0.7182	0.0959	0.6571	0.2079	171.39	266.84	334.87
2026-05-20T20:39:03.9171620+08:00	0x07	-0.0228	-0.7275	0.0277	-0.6852	359.73	93.42	4.10
