timestamp	device	q0	q1	q2	q3	yaw	pitch	roll
2026-05-21T23:09:20.9332533+08:00	0x01	0.1874	0.4690	-0.4772	0.7192	312.88	45.33	45.82
2026-05-21T23:09:20.9999250+08:00	0x03	0.2296	-0.4426	-0.4235	-0.7564	39.22	43.38	313.77
2026-05-21T23:09:21.1999785+08:00	0x02	0.1006	0.1761	-0.6231	-0.7554	78.25	336.90	3.87
2026-05-21T23:09:21.2824267+08:00	0x04	-0.3658	0.2041	0.4023	0.8141	51.06	3.34	310.56
2026-05-21T23:09:21.5095010+08:00	0x01	0.1848	0.4719	-0.4755	0.7191	313.27	45.96	45.61
2026-05-21T23:09:21.7663367+08:00	0x02	0.1027	0.1519	-0.5956	-0.7820	74.37	338.90	1.17
2026-05-21T23:09:21.9065492+08:00	0x04	-0.3674	0.2154	0.3855	0.8186	47.53	6.21	309.87
2026-05-21T23:09:21.9830399+08:00	0x01	0.1832	0.4735	-0.4742	0.7193	313.52	46.32	45.45
2026-05-21T23:09:22.0862343+08:00	0x03	0.2262	-0.4485	-0.4236	-0.7538	38.97	44.36	313.87
2026-05-21T23:09:22.3346731+08:00	0x02	0.1043	0.1334	-0.5777	-0.7985	71.89	340.51	359.29
2026-05-21T23:09:22.4826748+08:00	0x04	-0.3692	0.2232	0.3732	0.8214	44.97	8.25	309.38
2026-05-21T23:09:22.6065319+08:00	0x01	0.1828	0.4750	-0.4724	0.7196	313.88	46.67	45.39
2026-05-21T23:09:22.7323777+08:00	0x03	0.2259	-0.4497	-0.4237	-0.7531	38.92	44.55	313.83
2026-05-21T23:09:22.8660512+08:00	0x02	0.1052	0.1208	-0.5654	-0.8091	70.20	341.66	358.07
2026-05-21T23:09:23.0490184+08:00	0x04	-0.3704	0.2273	0.3688	0.8217	43.97	9.16	309.08
2026-05-21T23:09:23.0829284+08:00	0x01	0.1847	0.4766	-0.4720	0.7183	314.08	46.90	45.66
2026-05-21T23:09:23.1706984+08:00	0x03	0.2259	-0.4490	-0.4264	-0.7520	39.38	44.29	313.73
2026-05-21T23:09:23.4387638+08:00	0x02	0.1052	0.1104	-0.5561	-0.8170	68.91	342.68	357.19
2026-05-21T23:09:23.4833557+08:00	0x04	-0.3723	0.2272	0.3669	0.8217	43.72	9.18	308.87
2026-05-21T23:09:23.6528149+08:00	0x01	0.1861	0.4760	-0.4710	0.7190	314.24	46.83	45.72
2026-05-21T23:09:23.7026309+08:00	0x03	0.2268	-0.4479	-0.4277	-0.7517	39.62	44.02	313.61
2026-05-21T23:09:23.9522997+08:00	0x02	0.1030	0.1022	-0.5511	-0.8217	68.16	343.63	356.76
2026-05-21T23:09:24.0505588+08:00	0x04	-0.3735	0.2334	0.3613	0.8219	42.37	10.54	308.50
2026-05-21T23:09:24.2668563+08:00	0x01	0.1933	0.4743	-0.4706	0.7185	314.38	46.42	46.40
2026-05-21T23:09:24.5366787+08:00	0x02	0.1013	0.0932	-0.5529	-0.8218	68.36	344.59	356.36
2026-05-21T23:09:24.6703715+08:00	0x04	-0.3712	0.2373	0.3596	0.8226	41.72	11.40	308.62
2026-05-21T23:09:24.7332980+08:00	0x01	0.1841	0.4756	-0.4690	0.7211	314.49	46.93	45.37
2026-05-21T23:09:24.7787752+08:00	0x03	0.2264	-0.4543	-0.4237	-0.7503	38.61	45.30	313.56
2026-05-21T23:09:25.1009619+08:00	0x02	0.0410	0.1314	-0.4830	-0.8647	57.94	344.50	3.21
2026-05-21T23:09:25.1294930+08:00	0x04	-0.2895	0.2000	0.4502	0.8207	55.58	5.14	319.06
2026-05-21T23:09:25.3208041+08:00	0x01	0.0191	0.4407	-0.5160	0.7342	302.21	45.77	28.88
2026-05-21T23:09:25.3593673+08:00	0x03	0.0656	-0.4393	-0.5158	-0.7326	56.66	43.57	326.68
2026-05-21T23:09:25.6169913+08:00	0x02	-0.1674	0.2063	-0.3707	-0.8900	41.43	344.19	26.80
2026-05-21T23:09:25.7118419+08:00	0x04	-0.2920	0.2012	0.4476	0.8209	55.22	5.26	318.74
2026-05-21T23:09:25.8339999+08:00	0x01	-0.0990	0.4546	-0.6041	0.6470	286.03	51.30	24.91
2026-05-21T23:09:25.8973494+08:00	0x03	0.0705	-0.4399	-0.5133	-0.7335	56.17	43.54	326.29
2026-05-21T23:09:26.1875882+08:00	0x02	-0.2581	0.0409	-0.4604	-0.8484	59.78	11.03	28.40
2026-05-21T23:09:26.3362056+08:00	0x04	-0.1816	0.1152	0.7731	0.5967	106.53	351.03	336.75
2026-05-21T23:09:26.4159442+08:00	0x01	-0.0955	0.4543	-0.6017	0.6499	286.51	51.12	25.00
2026-05-21T23:09:26.7157627+08:00	0x02	-0.2564	-0.0333	-0.5947	-0.7613	80.08	22.32	20.53
2026-05-21T23:09:26.8000244+08:00	0x04	-0.1736	-0.0066	0.9610	0.2151	155.38	340.29	356.44
2026-05-21T23:09:26.9188367+08:00	0x01	-0.0689	0.4861	-0.7350	0.4678	263.21	47.03	40.54
2026-05-21T23:09:26.9839726+08:00	0x03	-0.0489	-0.4607	-0.6780	-0.5707	84.70	46.06	325.33
2026-05-21T23:09:27.2836641+08:00	0x02	-0.2266	-0.0198	-0.7046	-0.6722	95.70	21.10	16.07
2026-05-21T23:09:27.3733891+08:00	0x04	-0.1252	-0.0644	0.9900	-0.0031	179.42	345.55	7.37
2026-05-21T23:09:27.5004134+08:00	0x01	-0.0307	0.4987	-0.7944	0.3454	245.52	38.16	50.45
2026-05-21T23:09:27.5904373+08:00	0x03	-0.0229	-0.4526	-0.8218	-0.3453	120.88	30.72	313.28
2026-05-21T23:09:27.8498843+08:00	0x02	-0.2153	-0.0011	-0.7792	-0.5886	108.50	20.37	14.58
2026-05-21T23:09:27.9735858+08:00	0x01	-0.0056	0.4957	-0.8354	0.2375	225.48	25.71	55.64
2026-05-21T23:09:28.1011374+08:00	0x03	-0.0030	-0.4382	-0.8654	-0.2429	139.66	19.49	310.80
2026-05-21T23:09:28.3803139+08:00	0x02	-0.2157	-0.0017	-0.7771	-0.5912	108.12	20.40	14.62
2026-05-21T23:09:28.4719473+08:00	0x04	-0.0612	-0.1117	0.9777	-0.1669	198.78	355.13	13.82
2026-05-21T23:09:28.5851637+08:00	0x01	0.0047	0.4821	-0.8540	0.1957	215.71	18.65	55.62
2026-05-21T23:09:28.9558626+08:00	0x02	-0.1928	0.0405	-0.8303	-0.5214	118.06	16.77	15.56
2026-05-21T23:09:28.9843093+08:00	0x04	0.0151	-0.1517	0.9529	-0.2621	211.69	6.48	16.33
2026-05-21T23:09:29.1182121+08:00	0x03	0.0088	-0.4294	-0.8815	-0.1961	148.61	13.63	310.49
2026-05-21T23:09:29.5208562+08:00	0x02	-0.1756	0.0791	-0.8654	-0.4626	125.90	13.99	17.42
2026-05-21T23:09:29.6334683+08:00	0x01	0.0009	0.4842	-0.8478	0.2164	219.92	21.39	55.23
2026-05-21T23:09:29.7159632+08:00	0x03	0.0123	-0.4188	-0.8901	-0.1792	152.18	11.18	311.41
2026-05-21T23:09:30.0432934+08:00	0x02	-0.1561	0.1060	-0.8905	-0.4139	132.04	11.58	18.54
2026-05-21T23:09:30.0843750+08:00	0x04	0.0392	-0.1583	0.9446	-0.2847	214.93	9.83	16.07
2026-05-21T23:09:30.1568737+08:00	0x01	0.0063	0.4913	-0.8416	0.2243	221.71	22.08	56.08
2026-05-21T23:09:30.2560957+08:00	0x03	0.0226	-0.4121	-0.8944	-0.1725	154.24	8.77	311.84
2026-05-21T23:09:30.6169061+08:00	0x02	-0.1273	0.1333	-0.9104	-0.3704	137.13	8.12	19.69
2026-05-21T23:09:30.7216706+08:00	0x01	0.0087	0.4904	-0.8402	0.2313	222.69	22.24	55.90
2026-05-21T23:09:30.8026783+08:00	0x03	0.0285	-0.4101	-0.8957	-0.1698	155.13	7.59	311.91
2026-05-21T23:09:31.1343999+08:00	0x02	-0.1105	0.1549	-0.9187	-0.3461	139.82	5.90	21.17
2026-05-21T23:09:31.2350133+08:00	0x04	0.0580	-0.1685	0.9363	-0.3026	217.64	12.68	16.29
2026-05-21T23:09:31.2513289+08:00	0x01	0.0286	0.5027	-0.8345	0.2238	221.15	19.78	58.41
2026-05-21T23:09:31.3344622+08:00	0x03	0.0439	-0.4030	-0.8985	-0.1683	156.64	4.84	312.36
2026-05-21T23:09:31.6023799+08:00	0x02	-0.0736	0.1307	-0.9158	-0.3726	136.06	2.24	17.11
2026-05-21T23:09:31.7225443+08:00	0x01	0.0794	0.4980	-0.8365	0.2142	214.11	9.30	60.14
2026-05-21T23:09:31.8609575+08:00	0x03	0.0824	-0.4070	-0.8924	-0.1766	157.74	359.72	310.93
2026-05-21T23:09:32.1222921+08:00	0x02	-0.0513	0.1287	-0.9205	-0.3654	136.70	0.02	15.92
2026-05-21T23:09:32.2852287+08:00	0x01	0.1262	0.4806	-0.8470	0.1889	203.07	356.36	59.52
2026-05-21T23:09:32.4020372+08:00	0x03	0.1118	-0.4200	-0.8842	-0.1709	160.52	355.02	308.64
2026-05-21T23:09:32.7044515+08:00	0x02	-0.0331	0.1040	-0.9273	-0.3581	137.69	359.23	12.51
2026-05-21T23:09:32.8018316+08:00	0x01	0.1553	0.4709	-0.8492	0.1818	198.33	349.68	58.90
2026-05-21T23:09:32.8347435+08:00	0x04	0.0566	-0.1813	0.9294	-0.3163	219.65	13.33	17.53
2026-05-21T23:09:33.0032041+08:00	0x03	0.1331	-0.4205	-0.8837	-0.1569	164.52	350.41	308.29
2026-05-21T23:09:33.2680760+08:00	0x02	-0.0372	0.1091	-0.9273	-0.3561	137.92	359.48	13.23
2026-05-21T23:09:33.3859116+08:00	0x01	0.1609	0.4633	-0.8508	0.1886	198.98	349.19	58.11
2026-05-21T23:09:33.5353530+08:00	0x03	0.1407	-0.4161	-0.8844	-0.1577	165.00	349.15	308.70
2026-05-21T23:09:33.7844238+08:00	0x02	-0.0476	0.1140	-0.9273	-0.3532	138.35	0.45	14.19
2026-05-21T23:09:33.8520965+08:00	0x01	0.1532	0.4520	-0.8555	0.2008	201.89	351.59	56.61
2026-05-21T23:09:33.9847513+08:00	0x04	-0.0038	-0.2189	0.9238	-0.3140	219.29	8.21	24.01
2026-05-21T23:09:34.0216355+08:00	0x03	0.1445	-0.4058	-0.8890	-0.1554	165.67	348.25	309.97
2026-05-21T23:09:34.2544441+08:00	0x02	-0.0642	0.1126	-0.9264	-0.3536	138.52	2.33	14.71
2026-05-21T23:09:34.4684276+08:00	0x01	0.1654	0.4217	-0.8682	0.2025	200.67	348.84	53.05
2026-05-21T23:09:34.6120652+08:00	0x03	0.1615	-0.3863	-0.8952	-0.1528	167.21	345.23	312.19
2026-05-21T23:09:34.7897489+08:00	0x02	-0.0754	0.0991	-0.9227	-0.3649	137.32	3.95	13.77
2026-05-21T23:09:34.9344419+08:00	0x01	0.1682	0.4125	-0.8732	0.1976	199.53	347.77	51.89
2026-05-21T23:09:35.0852901+08:00	0x04	0.0144	-0.2324	0.9153	-0.3285	221.97	11.36	24.58
2026-05-21T23:09:35.1513375+08:00	0x03	0.1638	-0.3805	-0.8978	-0.1493	167.84	344.63	312.93
2026-05-21T23:09:35.3561161+08:00	0x02	-0.0766	0.1091	-0.9238	-0.3588	138.03	3.75	14.87
2026-05-21T23:09:35.5188741+08:00	0x01	0.1674	0.4071	-0.8760	0.1972	199.49	347.77	51.19
2026-05-21T23:09:35.6037872+08:00	0x04	0.0180	-0.2321	0.9132	-0.3345	222.81	11.91	24.33
2026-05-21T23:09:35.6866633+08:00	0x03	0.1639	-0.3790	-0.8993	-0.1441	168.63	344.27	313.21
2026-05-21T23:09:35.9218329+08:00	0x02	-0.0807	0.1038	-0.9274	-0.3501	139.21	4.56	14.42
2026-05-21T23:09:36.1383269+08:00	0x01	0.1689	0.4015	-0.8796	0.1914	198.40	346.98	50.44
2026-05-21T23:09:36.1687669+08:00	0x03	0.1648	-0.3749	-0.9009	-0.1438	168.68	344.12	313.70
2026-05-21T23:09:36.4390094+08:00	0x02	-0.0795	0.1076	-0.9286	-0.3461	139.68	4.34	14.76
2026-05-21T23:09:36.6026386+08:00	0x01	0.1699	0.4000	-0.8802	0.1910	198.25	346.77	50.26
2026-05-21T23:09:36.7064069+08:00	0x03	0.1657	-0.3724	-0.9021	-0.1416	169.04	343.84	314.04
2026-05-21T23:09:37.0191289+08:00	0x02	-0.0790	0.1119	-0.9284	-0.3455	139.73	4.12	15.21
2026-05-21T23:09:37.1212502+08:00	0x01	0.1709	0.4032	-0.8788	0.1898	198.00	346.57	50.66
2026-05-21T23:09:37.2782172+08:00	0x04	0.0204	-0.2277	0.9156	-0.3307	222.22	11.86	23.79
2026-05-21T23:09:37.5454457+08:00	0x02	-0.0795	0.1138	-0.9283	-0.3448	139.81	4.11	15.44
2026-05-21T23:09:37.7023771+08:00	0x01	0.1732	0.3993	-0.8805	0.1879	197.51	346.00	50.20
2026-05-21T23:09:37.7352880+08:00	0x04	0.0191	-0.2266	0.9153	-0.3323	222.37	11.70	23.71
2026-05-21T23:09:37.8430025+08:00	0x03	0.1678	-0.3696	-0.9027	-0.1426	169.00	343.58	314.35
2026-05-21T23:09:38.1023685+08:00	0x02	-0.0792	0.1126	-0.9281	-0.3459	139.67	4.11	15.30
2026-05-21T23:09:38.2686474+08:00	0x01	0.1728	0.4025	-0.8789	0.1892	197.74	346.19	50.60
2026-05-21T23:09:38.4208776+08:00	0x03	0.1683	-0.3700	-0.9026	-0.1418	169.15	343.46	314.31
2026-05-21T23:09:38.5761328+08:00	0x02	-0.0773	0.1191	-0.9263	-0.3489	139.22	3.58	15.94
2026-05-21T23:09:38.7858312+08:00	0x01	0.1721	0.4075	-0.8767	0.1889	197.75	346.35	51.22
2026-05-21T23:09:38.9686796+08:00	0x03	0.1686	-0.3704	-0.9024	-0.1415	169.22	343.40	314.26
2026-05-21T23:09:39.2024314+08:00	0x02	-0.0771	0.1245	-0.9265	-0.3467	139.46	3.38	16.51
2026-05-21T23:09:39.3693154+08:00	0x01	0.1776	0.4098	-0.8779	0.1723	194.56	344.15	51.34
2026-05-21T23:09:39.4535169+08:00	0x03	0.1686	-0.3738	-0.9012	-0.1401	169.49	343.29	313.86
2026-05-21T23:09:39.7746807+08:00	0x02	-0.0762	0.1289	-0.9208	-0.3601	137.71	2.85	16.99
2026-05-21T23:09:39.9278369+08:00	0x04	0.0199	-0.2240	0.9162	-0.3317	222.22	11.63	23.40
2026-05-21T23:09:39.9566580+08:00	0x01	0.1771	0.4156	-0.8752	0.1726	194.60	344.28	52.07
2026-05-21T23:09:39.9936983+08:00	0x03	0.1676	-0.3768	-0.8992	-0.1462	168.53	343.84	313.39
2026-05-21T23:09:40.3455476+08:00	0x02	-0.0756	0.1303	-0.9198	-0.3623	137.41	2.68	17.13
2026-05-21T23:09:40.4650948+08:00	0x01	0.1775	0.4153	-0.8755	0.1716	194.41	344.14	52.02
2026-05-21T23:09:40.5230918+08:00	0x03	0.1672	-0.3784	-0.8984	-0.1475	168.32	343.99	313.18
2026-05-21T23:09:40.8565514+08:00	0x02	-0.0749	0.1294	-0.9196	-0.3632	137.29	2.62	17.00
2026-05-21T23:09:41.0046642+08:00	0x04	0.0196	-0.2234	0.9156	-0.3337	222.46	11.62	23.32
2026-05-21T23:09:41.1212270+08:00	0x03	0.1672	-0.3776	-0.8986	-0.1483	168.20	344.03	313.27
2026-05-21T23:09:41.3367345+08:00	0x02	-0.0743	0.1286	-0.9194	-0.3641	137.18	2.58	16.90
2026-05-21T23:09:41.5122671+08:00	0x01	0.1788	0.4123	-0.8769	0.1703	194.11	343.80	51.64
2026-05-21T23:09:41.6544248+08:00	0x03	0.1674	-0.3759	-0.8991	-0.1495	168.00	344.08	313.45
2026-05-21T23:09:41.9590501+08:00	0x02	-0.0750	0.1318	-0.9188	-0.3644	137.12	2.50	17.27
2026-05-21T23:09:42.1198916+08:00	0x01	0.1772	0.4141	-0.8760	0.1722	194.53	344.23	51.87
2026-05-21T23:09:42.2426158+08:00	0x03	0.1665	-0.3776	-0.8984	-0.1504	167.82	344.29	313.24
2026-05-21T23:09:42.5377753+08:00	0x02	-0.0758	0.1320	-0.9193	-0.3629	137.32	2.61	17.32
2026-05-21T23:09:42.6019788+08:00	0x01	0.1766	0.4134	-0.8764	0.1725	194.64	344.36	51.77
2026-05-21T23:09:42.7278743+08:00	0x03	0.1660	-0.3803	-0.8971	-0.1516	167.63	344.44	312.89
2026-05-21T23:09:43.0053639+08:00	0x02	-0.0761	0.1311	-0.9196	-0.3625	137.38	2.69	17.24
2026-05-21T23:09:43.1201171+08:00	0x01	0.1762	0.4150	-0.8756	0.1735	194.82	344.50	51.99
2026-05-21T23:09:43.2514080+08:00	0x04	0.0174	-0.2185	0.9174	-0.3322	222.06	11.09	22.92
2026-05-21T23:09:43.3153825+08:00	0x03	0.1659	-0.3797	-0.8973	-0.1522	167.53	344.49	312.96
2026-05-21T23:09:43.5197983+08:00	0x02	-0.0757	0.1322	-0.9182	-0.3656	136.97	2.54	17.35
2026-05-21T23:09:43.6837376+08:00	0x01	0.1764	0.4155	-0.8754	0.1728	194.70	344.42	52.04
2026-05-21T23:09:43.7579110+08:00	0x03	0.1653	-0.3818	-0.8961	-0.1545	167.14	344.76	312.66
2026-05-21T23:09:43.8028361+08:00	0x04	0.0175	-0.2209	0.9168	-0.3323	222.15	11.22	23.16
2026-05-21T23:09:44.1122653+08:00	0x02	-0.0754	0.1242	-0.9200	-0.3641	137.24	2.89	16.46
2026-05-21T23:09:44.2675624+08:00	0x01	0.1803	0.4092	-0.8779	0.1712	194.16	343.61	51.28
2026-05-21T23:09:44.3715725+08:00	0x03	0.1661	-0.3835	-0.8950	-0.1559	167.01	344.72	312.42
2026-05-21T23:09:44.6040703+08:00	0x02	-0.0736	0.1211	-0.9191	-0.3677	136.78	2.76	16.07
2026-05-21T23:09:44.7877056+08:00	0x01	0.1855	0.4080	-0.8783	0.1665	193.00	342.39	51.12
2026-05-21T23:09:44.9206057+08:00	0x04	0.0117	-0.2270	0.9150	-0.3332	222.35	10.90	24.05
2026-05-21T23:09:44.9365662+08:00	0x03	0.1700	-0.3780	-0.8960	-0.1593	166.70	344.32	312.98
2026-05-21T23:09:45.1888966+08:00	0x02	-0.0695	0.1227	-0.9178	-0.3711	136.27	2.17	16.07
2026-05-21T23:09:45.3624395+08:00	0x01	0.1872	0.4099	-0.8772	0.1655	192.66	342.01	51.37
2026-05-21T23:09:45.4714682+08:00	0x03	0.1699	-0.3800	-0.8952	-0.1591	166.74	344.33	312.74
2026-05-21T23:09:45.7546294+08:00	0x02	-0.0743	0.1278	-0.9165	-0.3718	136.21	2.46	16.83
2026-05-21T23:09:45.8212155+08:00	0x01	0.1829	0.4150	-0.8762	0.1627	192.48	342.51	51.89
2026-05-21T23:09:45.9094104+08:00	0x04	0.0164	-0.2224	0.9159	-0.3337	222.36	11.21	23.35
2026-05-21T23:09:46.0066450+08:00	0x03	0.1649	-0.3840	-0.8944	-0.1595	166.37	345.16	312.31
2026-05-21T23:09:46.2818914+08:00	0x02	-0.0755	0.1300	-0.9162	-0.3715	136.24	2.51	17.11
2026-05-21T23:09:46.4538677+08:00	0x01	0.1812	0.4166	-0.8758	0.1633	192.70	342.85	52.08
2026-05-21T23:09:46.5456292+08:00	0x03	0.1633	-0.3915	-0.8916	-0.1587	166.44	345.38	311.42
2026-05-21T23:09:46.8576519+08:00	0x02	-0.0755	0.1301	-0.9161	-0.3717	136.21	2.50	17.13
2026-05-21T23:09:47.0119017+08:00	0x04	0.0182	-0.2149	0.9172	-0.3351	222.35	11.07	22.45
2026-05-21T23:09:47.0298478+08:00	0x01	0.1813	0.4158	-0.8763	0.1623	192.53	342.75	51.95
2026-05-21T23:09:47.1408207+08:00	0x03	0.1625	-0.3921	-0.8915	-0.1584	166.44	345.49	311.36
2026-05-21T23:09:47.3793177+08:00	0x02	-0.0758	0.1318	-0.9156	-0.3722	136.13	2.45	17.33
2026-05-21T23:09:47.5767568+08:00	0x04	0.0189	-0.2151	0.9168	-0.3358	222.46	11.17	22.44
2026-05-21T23:09:47.6077964+08:00	0x01	0.1797	0.4182	-0.8755	0.1625	192.65	343.02	52.24
2026-05-21T23:09:47.6815466+08:00	0x03	0.1618	-0.3954	-0.8900	-0.1591	166.30	345.67	310.95
2026-05-21T23:09:47.8429789+08:00	0x02	-0.0750	0.1351	-0.9160	-0.3703	136.33	2.25	17.64
2026-05-21T23:09:48.0934597+08:00	0x04	0.0190	-0.2116	0.9183	-0.3342	222.14	10.96	22.08
2026-05-21T23:09:48.2166431+08:00	0x03	0.1620	-0.3987	-0.8890	-0.1563	166.78	345.45	310.58
2026-05-21T23:09:48.4095830+08:00	0x02	-0.0748	0.1350	-0.9164	-0.3692	136.46	2.24	17.62
2026-05-21T23:09:48.6591065+08:00	0x04	0.0189	-0.2099	0.9187	-0.3339	222.06	10.86	21.91
2026-05-21T23:09:48.7558167+08:00	0x03	0.1620	-0.4011	-0.8879	-0.1565	166.76	345.47	310.27
2026-05-21T23:09:48.9382580+08:00	0x02	-0.0750	0.1328	-0.9172	-0.3681	136.63	2.39	17.39
2026-05-21T23:09:49.1596340+08:00	0x01	0.1784	0.4201	-0.8742	0.1656	193.27	343.50	52.52
2026-05-21T23:09:49.1935747+08:00	0x04	0.0184	-0.2102	0.9184	-0.3348	222.17	10.84	21.94
2026-05-21T23:09:49.3416087+08:00	0x03	0.1620	-0.4042	-0.8866	-0.1556	166.94	345.41	309.89
2026-05-21T23:09:49.5160417+08:00	0x02	-0.0750	0.1313	-0.9179	-0.3669	136.80	2.49	17.22
2026-05-21T23:09:49.6848697+08:00	0x01	0.1780	0.4203	-0.8737	0.1680	193.71	343.77	52.59
2026-05-21T23:09:49.7545694+08:00	0x04	0.0182	-0.2064	0.9188	-0.3359	222.20	10.66	21.53
2026-05-21T23:09:49.8958334+08:00	0x03	0.1619	-0.4069	-0.8855	-0.1552	167.03	345.40	309.57
2026-05-21T23:09:50.0359770+08:00	0x02	-0.0755	0.1287	-0.9190	-0.3650	137.08	2.69	16.96
2026-05-21T23:09:50.2428606+08:00	0x01	0.1777	0.4189	-0.8742	0.1695	194.00	343.94	52.43
2026-05-21T23:09:50.3253338+08:00	0x04	0.0186	-0.2060	0.9191	-0.3353	222.12	10.68	21.48
2026-05-21T23:09:50.3748603+08:00	0x03	0.1616	-0.4079	-0.8852	-0.1546	167.10	345.42	309.45
2026-05-21T23:09:50.6087535+08:00	0x02	-0.0761	0.1276	-0.9192	-0.3648	137.12	2.80	16.86
2026-05-21T23:09:50.8219387+08:00	0x01	0.1773	0.4214	-0.8730	0.1699	194.08	344.05	52.75
2026-05-21T23:09:50.8797844+08:00	0x04	0.0188	-0.2061	0.9192	-0.3351	222.09	10.69	21.48
2026-05-21T23:09:50.9553110+08:00	0x03	0.1614	-0.4093	-0.8846	-0.1544	167.12	345.45	309.29
2026-05-21T23:09:51.1688678+08:00	0x02	-0.0764	0.1264	-0.9191	-0.3654	137.06	2.88	16.75
2026-05-21T23:09:51.4228077+08:00	0x04	0.0187	-0.2045	0.9195	-0.3352	222.06	10.61	21.32
2026-05-21T23:09:51.4387657+08:00	0x01	0.1774	0.4212	-0.8730	0.1703	194.14	344.06	52.73
2026-05-21T23:09:51.4886316+08:00	0x03	0.1615	-0.4102	-0.8843	-0.1538	167.24	345.39	309.18
2026-05-21T23:09:51.6895964+08:00	0x02	-0.0765	0.1255	-0.9194	-0.3648	137.14	2.94	16.65
2026-05-21T23:09:51.9084640+08:00	0x01	0.1774	0.4219	-0.8726	0.1706	194.19	344.09	52.83
2026-05-21T23:09:52.0334856+08:00	0x03	0.1615	-0.4112	-0.8839	-0.1534	167.31	345.35	309.07
2026-05-21T23:09:52.1724279+08:00	0x02	-0.0765	0.1258	-0.9192	-0.3653	137.08	2.92	16.69
2026-05-21T23:09:52.4895504+08:00	0x01	0.1773	0.4228	-0.8721	0.1708	194.22	344.12	52.94
2026-05-21T23:09:52.5726354+08:00	0x03	0.1615	-0.4119	-0.8836	-0.1534	167.32	345.35	308.97
2026-05-21T23:09:52.6724283+08:00	0x02	-0.0765	0.1255	-0.9192	-0.3653	137.08	2.93	16.65
2026-05-21T23:09:53.0053754+08:00	0x01	0.1774	0.4225	-0.8722	0.1713	194.29	344.15	52.91
2026-05-21T23:09:53.0973940+08:00	0x04	0.0189	-0.2040	0.9194	-0.3358	222.12	10.62	21.25
2026-05-21T23:09:53.1324083+08:00	0x03	0.1615	-0.4124	-0.8834	-0.1531	167.38	345.32	308.91
2026-05-21T23:09:53.2593516+08:00	0x02	-0.0766	0.1248	-0.9195	-0.3649	137.14	2.98	16.58
2026-05-21T23:09:53.5733783+08:00	0x01	0.1778	0.4214	-0.8726	0.1714	194.29	344.09	52.79
2026-05-21T23:09:53.6395648+08:00	0x03	0.1615	-0.4123	-0.8834	-0.1535	167.31	345.37	308.92
2026-05-21T23:09:53.8253669+08:00	0x02	-0.0764	0.1227	-0.9200	-0.3643	137.23	3.06	16.34
2026-05-21T23:09:54.0749103+08:00	0x04	0.0190	-0.2048	0.9189	-0.3365	222.24	10.68	21.32
2026-05-21T23:09:54.1224462+08:00	0x03	0.1619	-0.4115	-0.8837	-0.1532	167.38	345.27	309.02
2026-05-21T23:09:54.3427469+08:00	0x02	-0.0766	0.1232	-0.9201	-0.3637	137.30	3.07	16.41
2026-05-21T23:09:54.6063275+08:00	0x04	0.0194	-0.2038	0.9193	-0.3361	222.17	10.67	21.20
2026-05-21T23:09:54.6590588+08:00	0x03	0.1617	-0.4125	-0.8834	-0.1527	167.45	345.28	308.90
2026-05-21T23:09:54.6884410+08:00	0x01	0.1777	0.4209	-0.8727	0.1723	194.46	344.18	52.74
2026-05-21T23:09:54.8084561+08:00	0x02	-0.0765	0.1249	-0.9199	-0.3637	137.29	2.99	16.59
2026-05-21T23:09:55.1736188+08:00	0x04	0.0194	-0.2035	0.9197	-0.3353	222.06	10.64	21.18
2026-05-21T23:09:55.2277675+08:00	0x03	0.1615	-0.4127	-0.8833	-0.1528	167.43	345.30	308.88
2026-05-21T23:09:55.4294971+08:00	0x02	-0.0767	0.1253	-0.9199	-0.3637	137.29	2.99	16.64
2026-05-21T23:09:55.6922758+08:00	0x04	0.0196	-0.2047	0.9195	-0.3349	222.05	10.71	21.31
2026-05-21T23:09:55.7931787+08:00	0x03	0.1616	-0.4117	-0.8837	-0.1533	167.34	345.33	308.99
2026-05-21T23:09:55.9164368+08:00	0x02	-0.0769	0.1257	-0.9193	-0.3649	137.13	2.97	16.69
2026-05-21T23:09:56.2603673+08:00	0x04	0.0195	-0.2039	0.9197	-0.3349	222.02	10.66	21.22
2026-05-21T23:09:56.2883020+08:00	0x03	0.1614	-0.4134	-0.8828	-0.1538	167.25	345.41	308.78
2026-05-21T23:09:56.3417256+08:00	0x01	0.1773	0.4222	-0.8722	0.1722	194.45	344.23	52.89
2026-05-21T23:09:56.4805775+08:00	0x02	-0.0769	0.1259	-0.9193	-0.3649	137.13	2.97	16.71
2026-05-21T23:09:56.8351280+08:00	0x04	0.0195	-0.2039	0.9197	-0.3349	222.02	10.66	21.22
2026-05-21T23:09:57.1128303+08:00	0x02	-0.0769	0.1258	-0.9192	-0.3651	137.12	2.97	16.70
2026-05-21T23:09:57.3729471+08:00	0x04	0.0195	-0.2036	0.9197	-0.3352	222.04	10.65	21.19
2026-05-21T23:09:57.4178266+08:00	0x03	0.1614	-0.4150	-0.8819	-0.1547	167.12	345.49	308.56
2026-05-21T23:09:57.5845483+08:00	0x02	-0.0771	0.1249	-0.9193	-0.3651	137.12	3.02	16.62
2026-05-21T23:09:57.8908788+08:00	0x01	0.1775	0.4228	-0.8719	0.1720	194.41	344.19	52.96
2026-05-21T23:09:57.9422920+08:00	0x03	0.1613	-0.4152	-0.8818	-0.1550	167.06	345.53	308.54
2026-05-21T23:09:58.1940026+08:00	0x02	-0.0769	0.1241	-0.9198	-0.3641	137.25	3.05	16.52
2026-05-21T23:09:58.4108832+08:00	0x01	0.1786	0.4205	-0.8727	0.1722	194.36	344.01	52.70
2026-05-21T23:09:58.5279880+08:00	0x03	0.1616	-0.4153	-0.8817	-0.1549	167.11	345.47	308.51
2026-05-21T23:09:58.7594881+08:00	0x02	-0.0765	0.1230	-0.9204	-0.3632	137.37	3.08	16.38
2026-05-21T23:09:58.9239827+08:00	0x04	0.0204	-0.2031	0.9192	-0.3367	222.24	10.76	21.08
2026-05-21T23:09:59.0746727+08:00	0x03	0.1613	-0.4154	-0.8817	-0.1548	167.11	345.50	308.51
2026-05-21T23:09:59.2512980+08:00	0x02	-0.0769	0.1242	-0.9202	-0.3632	137.37	3.07	16.53
2026-05-21T23:09:59.4950365+08:00	0x04	0.0204	-0.2024	0.9197	-0.3357	222.09	10.71	21.01
2026-05-21T23:09:59.5607160+08:00	0x03	0.1612	-0.4157	-0.8816	-0.1547	167.11	345.52	308.47
2026-05-21T23:09:59.8565859+08:00	0x02	-0.0772	0.1245	-0.9245	-0.3520	138.79	3.29	16.52
2026-05-21T23:10:00.0078711+08:00	0x04	0.0208	-0.2074	0.9194	-0.3335	221.97	10.95	21.56
2026-05-21T23:10:00.1579760+08:00	0x03	0.1620	-0.4107	-0.8834	-0.1570	166.75	345.55	309.05
2026-05-21T23:10:00.3284353+08:00	0x02	-0.0788	0.1230	-0.9195	-0.3650	137.18	3.30	16.48
2026-05-21T23:10:00.5963275+08:00	0x04	0.0204	-0.2100	0.9192	-0.3326	221.92	11.01	21.87
2026-05-21T23:10:00.6899688+08:00	0x03	0.1620	-0.4117	-0.8821	-0.1614	166.03	345.90	308.86
2026-05-21T23:10:00.9069778+08:00	0x02	-0.0778	0.1237	-0.9172	-0.3705	136.45	3.05	16.54
2026-05-21T23:10:01.1001488+08:00	0x04	0.0202	-0.2120	0.9189	-0.3321	221.91	11.08	22.10
2026-05-21T23:10:01.2277918+08:00	0x01	0.1853	0.4253	-0.8731	0.1500	189.97	341.01	52.97
2026-05-21T23:10:01.4089150+08:00	0x03	0.1616	-0.4090	-0.8831	-0.1636	165.62	346.12	309.17
2026-05-21T23:10:01.5259631+08:00	0x02	-0.0763	0.1312	-0.9125	-0.3799	135.15	2.38	17.30
2026-05-21T23:10:01.6761000+08:00	0x04	0.0203	-0.2120	0.9187	-0.3326	221.98	11.09	22.08
2026-05-21T23:10:01.7574141+08:00	0x01	0.1853	0.4265	-0.8725	0.1501	189.97	341.01	53.12
2026-05-21T23:10:01.8090430+08:00	0x03	0.1613	-0.4083	-0.8831	-0.1657	165.26	346.33	309.24
2026-05-21T23:10:01.9945070+08:00	0x02	-0.0767	0.1214	-0.9153	-0.3762	135.73	2.93	16.26
2026-05-21T23:10:02.1409739+08:00	0x04	0.0195	-0.2071	0.9180	-0.3377	222.47	10.89	21.53
2026-05-21T23:10:02.2950550+08:00	0x03	0.1609	-0.4113	-0.8821	-0.1636	165.59	346.24	308.89
2026-05-21T23:10:02.3449398+08:00	0x01	0.1866	0.4179	-0.8757	0.1536	190.62	341.15	52.12
2026-05-21T23:10:02.5093840+08:00	0x02	-0.0763	0.1183	-0.9162	-0.3752	135.88	3.04	15.90
2026-05-21T23:10:02.6756946+08:00	0x04	0.0194	-0.2058	0.9183	-0.3378	222.44	10.81	21.39
2026-05-21T23:10:02.7956046+08:00	0x01	0.1865	0.4168	-0.8763	0.1535	190.63	341.16	51.98
2026-05-21T23:10:02.8435926+08:00	0x03	0.1605	-0.4129	-0.8814	-0.1639	165.52	346.34	308.70
2026-05-21T23:10:03.0841396+08:00	0x02	-0.0761	0.1225	-0.9156	-0.3754	135.81	2.83	16.35
2026-05-21T23:10:03.2411316+08:00	0x04	0.0201	-0.2049	0.9190	-0.3362	222.22	10.80	21.30
2026-05-21T23:10:03.3087430+08:00	0x01	0.1863	0.4174	-0.8760	0.1542	190.75	341.25	52.06
2026-05-21T23:10:03.3750129+08:00	0x03	0.1602	-0.4138	-0.8810	-0.1639	165.50	346.40	308.58
2026-05-21T23:10:03.6079660+08:00	0x02	-0.0758	0.1227	-0.9167	-0.3727	136.15	2.84	16.34
2026-05-21T23:10:03.7576915+08:00	0x04	0.0197	-0.2016	0.9197	-0.3363	222.13	10.60	20.95
2026-05-21T23:10:03.8957147+08:00	0x01	0.1865	0.4156	-0.8768	0.1539	190.71	341.20	51.84
2026-05-21T23:10:03.9136628+08:00	0x03	0.1603	-0.4154	-0.8805	-0.1629	165.67	346.32	308.40
2026-05-21T23:10:04.1787979+08:00	0x02	-0.0757	0.1286	-0.9145	-0.3761	135.66	2.50	16.98
2026-05-21T23:10:04.3255709+08:00	0x04	0.0206	-0.2087	0.9193	-0.3331	221.95	10.97	21.71
2026-05-21T23:10:04.4122505+08:00	0x01	0.1862	0.4211	-0.8750	0.1499	189.97	340.89	52.44
2026-05-21T23:10:04.5074672+08:00	0x03	0.1602	-0.4098	-0.8825	-0.1662	165.10	346.55	309.05
2026-05-21T23:10:04.7632930+08:00	0x02	-0.0754	0.1318	-0.9126	-0.3797	135.17	2.25	17.32
2026-05-21T23:10:04.8462713+08:00	0x04	0.0208	-0.2110	0.9189	-0.3326	221.96	11.10	21.96
2026-05-21T23:10:04.9869058+08:00	0x01	0.1860	0.4223	-0.8744	0.1499	189.96	340.92	52.58
2026-05-21T23:10:05.0604428+08:00	0x03	0.1600	-0.4091	-0.8826	-0.1672	164.91	346.65	309.13
2026-05-21T23:10:05.2741555+08:00	0x02	-0.0751	0.1307	-0.9128	-0.3796	135.19	2.27	17.19
2026-05-21T23:10:05.4283554+08:00	0x04	0.0205	-0.2099	0.9187	-0.3338	222.07	11.04	21.84
2026-05-21T23:10:05.5487953+08:00	0x01	0.1860	0.4220	-0.8745	0.1505	190.06	340.96	52.56
2026-05-21T23:10:05.6566038+08:00	0x03	0.1598	-0.4091	-0.8826	-0.1677	164.82	346.72	309.13
2026-05-21T23:10:05.7473595+08:00	0x02	-0.0750	0.1309	-0.9127	-0.3798	135.15	2.25	17.21
2026-05-21T23:10:05.9923458+08:00	0x04	0.0204	-0.2099	0.9186	-0.3342	222.12	11.04	21.84
2026-05-21T23:10:06.0914695+08:00	0x01	0.1860	0.4221	-0.8745	0.1500	189.99	340.93	52.56
2026-05-21T23:10:06.1746850+08:00	0x03	0.1596	-0.4094	-0.8824	-0.1683	164.70	346.81	309.09
2026-05-21T23:10:06.2702601+08:00	0x02	-0.0746	0.1318	-0.9123	-0.3805	135.05	2.15	17.30
2026-05-21T23:10:06.5253212+08:00	0x04	0.0203	-0.2097	0.9186	-0.3345	222.14	11.02	21.82
2026-05-21T23:10:06.6431415+08:00	0x01	0.1860	0.4221	-0.8743	0.1510	190.14	341.00	52.59
2026-05-21T23:10:06.7083558+08:00	0x03	0.1596	-0.4093	-0.8824	-0.1687	164.64	346.85	309.09
2026-05-21T23:10:06.8414011+08:00	0x02	-0.0746	0.1298	-0.9129	-0.3796	135.18	2.26	17.08
2026-05-21T23:10:07.0942485+08:00	0x04	0.0198	-0.2081	0.9183	-0.3363	222.32	10.94	21.65
2026-05-21T23:10:07.1110693+08:00	0x01	0.1867	0.4185	-0.8758	0.1517	190.28	340.97	52.15
2026-05-21T23:10:07.2414022+08:00	0x03	0.1596	-0.4098	-0.8821	-0.1685	164.66	346.84	309.03
2026-05-21T23:10:07.4085408+08:00	0x02	-0.0747	0.1275	-0.9141	-0.3775	135.48	2.42	16.83
2026-05-21T23:10:07.6183431+08:00	0x04	0.0199	-0.2058	0.9185	-0.3371	222.36	10.85	21.38
2026-05-21T23:10:07.7467053+08:00	0x01	0.1865	0.4173	-0.8762	0.1528	190.50	341.10	52.03
2026-05-21T23:10:07.7925971+08:00	0x03	0.1592	-0.4122	-0.8812	-0.1680	164.73	346.87	308.75
2026-05-21T23:10:07.9464643+08:00	0x02	-0.0751	0.1278	-0.9143	-0.3769	135.56	2.46	16.88
2026-05-21T23:10:08.0998911+08:00	0x04	0.0200	-0.2057	0.9186	-0.3368	222.32	10.85	21.37
2026-05-21T23:10:08.3135780+08:00	0x01	0.1863	0.4183	-0.8758	0.1527	190.48	341.13	52.15
2026-05-21T23:10:08.3472003+08:00	0x03	0.1591	-0.4126	-0.8810	-0.1684	164.66	346.93	308.69
2026-05-21T23:10:08.5118846+08:00	0x02	-0.0753	0.1288	-0.9136	-0.3783	135.38	2.41	16.99
2026-05-21T23:10:08.6506461+08:00	0x04	0.0202	-0.2067	0.9185	-0.3365	222.32	10.91	21.47
2026-05-21T23:10:08.8592969+08:00	0x03	0.1589	-0.4136	-0.8804	-0.1692	164.51	347.03	308.56
2026-05-21T23:10:09.0687319+08:00	0x02	-0.0752	0.1291	-0.9134	-0.3786	135.33	2.37	17.02
2026-05-21T23:10:09.1706181+08:00	0x04	0.0202	-0.2067	0.9184	-0.3368	222.35	10.92	21.48
2026-05-21T23:10:09.4105390+08:00	0x03	0.1589	-0.4139	-0.8802	-0.1694	164.47	347.05	308.52
2026-05-21T23:10:09.4115388+08:00	0x01	0.1864	0.4183	-0.8758	0.1523	190.40	341.07	52.14
2026-05-21T23:10:09.5923382+08:00	0x02	-0.0746	0.1303	-0.9130	-0.3792	135.23	2.24	17.13
2026-05-21T23:10:09.7464996+08:00	0x04	0.0202	-0.2066	0.9184	-0.3368	222.35	10.92	21.46
2026-05-21T23:10:09.8694249+08:00	0x01	0.1866	0.4200	-0.8748	0.1533	190.52	341.11	52.38
2026-05-21T23:10:09.9306706+08:00	0x03	0.1590	-0.4141	-0.8801	-0.1695	164.47	347.05	308.49
2026-05-21T23:10:10.1753729+08:00	0x02	-0.0704	0.1397	-0.9109	-0.3819	134.71	1.30	17.96
2026-05-21T23:10:10.2634275+08:00	0x04	0.0205	-0.2064	0.9186	-0.3364	222.31	10.93	21.44
2026-05-21T23:10:10.4435289+08:00	0x01	0.1858	0.4187	-0.8749	0.1569	191.22	341.55	52.28
2026-05-21T23:10:10.6935384+08:00	0x02	-0.0699	0.1412	-0.9091	-0.3857	134.19	1.10	18.10
2026-05-21T23:10:10.8456309+08:00	0x04	0.0203	-0.2091	0.9182	-0.3358	222.31	11.04	21.74
2026-05-21T23:10:11.0141933+08:00	0x03	0.1592	-0.4109	-0.8817	-0.1684	164.65	346.90	308.89
2026-05-21T23:10:11.2635347+08:00	0x02	-0.0739	0.1314	-0.9121	-0.3813	134.94	2.08	17.22
2026-05-21T23:10:11.3114143+08:00	0x04	0.0219	-0.2093	0.9192	-0.3328	221.95	11.15	21.73
2026-05-21T23:10:11.4934387+08:00	0x03	0.1611	-0.4032	-0.8860	-0.1627	165.71	346.09	309.93
2026-05-21T23:10:11.8404121+08:00	0x02	-0.0718	0.1354	-0.9115	-0.3817	134.81	1.66	17.56
2026-05-21T23:10:11.9288875+08:00	0x04	0.0223	-0.2270	0.9237	-0.3078	219.29	11.42	23.93
2026-05-21T23:10:12.0903369+08:00	0x03	0.1786	-0.3550	-0.9101	-0.1174	173.12	340.54	316.52
2026-05-21T23:10:12.3697452+08:00	0x02	-0.0719	0.1353	-0.9115	-0.3817	134.82	1.67	17.55
2026-05-21T23:10:12.6265278+08:00	0x03	0.1739	-0.3563	-0.9103	-0.1188	172.67	341.30	316.37
2026-05-21T23:10:12.6433975+08:00	0x01	0.1517	0.3409	-0.8556	0.3588	225.03	358.81	43.81
2026-05-21T23:10:12.9327747+08:00	0x04	0.0154	-0.2092	0.9245	-0.3184	219.98	10.06	22.14
2026-05-21T23:10:13.1593034+08:00	0x03	0.1735	-0.3636	-0.9086	-0.1104	174.02	340.82	315.65
2026-05-21T23:10:13.4432649+08:00	0x02	0.0887	0.0461	-0.6959	-0.7112	89.09	349.09	356.45
2026-05-21T23:10:13.7266142+08:00	0x01	0.1262	0.3782	-0.8294	0.3914	233.64	7.24	46.56
2026-05-21T23:10:14.0746616+08:00	0x04	0.0207	-0.2296	0.9195	-0.3186	220.72	11.65	24.14
2026-05-21T23:10:14.2873700+08:00	0x03	0.1818	-0.3560	-0.9109	-0.1020	175.56	339.19	316.71
2026-05-21T23:10:14.3007885+08:00	0x01	0.1502	0.4905	-0.8331	0.2067	204.46	354.27	61.57
2026-05-21T23:10:14.5938424+08:00	0x04	0.0188	-0.2264	0.9193	-0.3215	220.96	11.36	23.84
2026-05-21T23:10:14.7636645+08:00	0x01	0.1673	0.4566	-0.8490	0.2067	201.72	349.75	57.61
2026-05-21T23:10:14.8768630+08:00	0x03	0.1791	-0.3684	-0.9056	-0.1101	174.53	339.89	315.04
2026-05-21T23:10:15.0602550+08:00	0x04	0.0186	-0.2276	0.9168	-0.3277	221.80	11.57	23.90
2026-05-21T23:10:15.1195767+08:00	0x02	-0.0117	0.2436	-0.9029	-0.3539	134.88	350.26	26.63
2026-05-21T23:10:15.2886071+08:00	0x01	0.1873	0.4015	-0.8801	0.1705	193.59	342.39	50.41
2026-05-21T23:10:15.3741127+08:00	0x03	0.1753	-0.3738	-0.9022	-0.1249	172.21	341.32	314.09
2026-05-21T23:10:15.6946350+08:00	0x04	0.0240	-0.2413	0.9145	-0.3239	221.87	12.78	25.20
2026-05-21T23:10:15.8614646+08:00	0x01	0.1560	0.4512	-0.8563	0.1970	200.90	350.68	56.53
2026-05-21T23:10:15.9149368+08:00	0x03	0.1797	-0.3664	-0.9062	-0.1106	174.45	339.86	315.26
2026-05-21T23:10:16.1645288+08:00	0x04	0.0269	-0.2527	0.9102	-0.3270	222.76	13.82	26.26
2026-05-21T23:10:16.2634280+08:00	0x02	-0.0445	0.2163	-0.8990	-0.3783	133.18	354.71	24.99
2026-05-21T23:10:16.4274640+08:00	0x01	0.1672	0.4397	-0.8648	0.1759	195.91	346.44	55.01
2026-05-21T23:10:16.4989278+08:00	0x03	0.1766	-0.3744	-0.9023	-0.1202	173.02	340.81	314.10
2026-05-21T23:10:16.7315080+08:00	0x04	0.0245	-0.2423	0.9055	-0.3476	225.02	13.58	24.95
2026-05-21T23:10:16.8767360+08:00	0x02	-0.0584	0.1806	-0.8989	-0.3950	132.11	357.67	21.77
2026-05-21T23:10:17.1316563+08:00	0x03	0.1757	-0.3713	-0.9026	-0.1289	171.59	341.51	314.32
2026-05-21T23:10:17.2439506+08:00	0x04	0.0245	-0.2455	0.9119	-0.3280	222.57	13.18	25.58
2026-05-21T23:10:17.3443525+08:00	0x02	-0.0702	0.1985	-0.8914	-0.4014	131.06	357.85	24.22
2026-05-21T23:10:17.4327285+08:00	0x01	0.0735	0.4800	-0.7941	0.3655	241.92	23.90	54.69
2026-05-21T23:10:17.6160635+08:00	0x03	0.1788	-0.3655	-0.9068	-0.1105	174.38	340.00	315.38
2026-05-21T23:10:17.8106146+08:00	0x04	0.0282	-0.2512	0.9110	-0.3258	222.57	13.85	26.07
2026-05-21T23:10:17.8613480+08:00	0x02	-0.0660	0.2254	-0.9076	-0.3480	137.46	357.62	27.07
2026-05-21T23:10:18.0423157+08:00	0x01	0.0812	0.4710	-0.8073	0.3462	236.73	19.76	54.76
2026-05-21T23:10:18.1636302+08:00	0x03	0.1784	-0.3634	-0.9074	-0.1129	173.96	340.22	315.60
2026-05-21T23:10:18.3330265+08:00	0x04	0.0275	-0.2455	0.9122	-0.3268	222.48	13.49	25.47
2026-05-21T23:10:18.4396520+08:00	0x02	-0.0624	0.1925	-0.9196	-0.3368	139.58	359.07	23.33
2026-05-21T23:10:18.5118287+08:00	0x01	0.0905	0.4770	-0.8023	0.3472	237.18	19.40	55.92
2026-05-21T23:10:18.6995978+08:00	0x03	0.1785	-0.3682	-0.9057	-0.1103	174.46	339.99	315.06
2026-05-21T23:10:18.9224577+08:00	0x04	0.0269	-0.2415	0.9124	-0.3294	222.67	13.28	25.03
2026-05-21T23:10:19.0134976+08:00	0x02	-0.0662	0.1846	-0.9250	-0.3256	141.24	0.14	22.61
2026-05-21T23:10:19.0907303+08:00	0x01	0.0872	0.4746	-0.8042	0.3471	237.01	19.50	55.47
2026-05-21T23:10:19.2428735+08:00	0x03	0.1787	-0.3679	-0.9060	-0.1086	174.72	339.87	315.13
2026-05-21T23:10:19.4424772+08:00	0x04	0.0267	-0.2426	0.9122	-0.3292	222.67	13.31	25.15
2026-05-21T23:10:19.5374574+08:00	0x02	-0.0479	0.1842	-0.9085	-0.3721	134.86	356.91	21.74
2026-05-21T23:10:19.6174408+08:00	0x01	0.0948	0.4895	-0.8016	0.3300	235.22	18.80	57.92
2026-05-21T23:10:19.7793082+08:00	0x03	0.1791	-0.3670	-0.9060	-0.1112	174.34	339.98	315.18
2026-05-21T23:10:20.0046577+08:00	0x04	0.0237	-0.2361	0.9145	-0.3277	222.19	12.58	24.60
2026-05-21T23:10:20.1129709+08:00	0x02	-0.0362	0.1571	-0.8894	-0.4278	127.95	355.77	18.09
2026-05-21T23:10:20.1802706+08:00	0x01	0.1259	0.4947	-0.8087	0.2922	225.69	10.12	60.90
2026-05-21T23:10:20.3207218+08:00	0x03	0.1797	-0.3740	-0.9031	-0.1108	174.60	339.77	314.33
2026-05-21T23:10:20.5826430+08:00	0x04	0.0235	-0.2363	0.9146	-0.3273	222.13	12.56	24.63
2026-05-21T23:10:20.6298564+08:00	0x02	-0.0295	0.1897	-0.8823	-0.4297	126.79	353.17	21.11
2026-05-21T23:10:20.7506551+08:00	0x01	0.1183	0.5043	-0.7881	0.3326	236.30	17.84	60.87
2026-05-21T23:10:20.8461609+08:00	0x03	0.1793	-0.3717	-0.9038	-0.1135	174.12	340.02	314.56
2026-05-21T23:10:21.2106394+08:00	0x04	0.0169	-0.2166	0.9116	-0.3490	224.16	11.36	22.52
2026-05-21T23:10:21.2789053+08:00	0x01	0.1157	0.4791	-0.6418	0.5875	283.07	38.86	48.67
2026-05-21T23:10:21.3811805+08:00	0x03	0.1675	-0.3878	-0.8950	-0.1433	169.12	343.65	312.08
2026-05-21T23:10:21.6939070+08:00	0x04	0.0191	-0.2348	0.9172	-0.3214	221.22	11.82	24.74
2026-05-21T23:10:21.8409424+08:00	0x01	0.1291	0.5428	-0.7825	0.2764	228.58	14.56	67.05
2026-05-21T23:10:21.9281284+08:00	0x03	0.1820	-0.3476	-0.9120	-0.1201	172.77	340.26	317.34
2026-05-21T23:10:22.1952255+08:00	0x04	0.0224	-0.2401	0.9169	-0.3179	221.02	12.37	25.22
2026-05-21T23:10:22.3287666+08:00	0x01	0.1449	0.5024	-0.8251	0.2141	207.23	356.96	63.02
2026-05-21T23:10:22.4665415+08:00	0x03	0.1801	-0.3683	-0.9047	-0.1161	173.71	340.10	314.91
2026-05-21T23:10:22.7647930+08:00	0x04	0.0196	-0.2260	0.9180	-0.3254	221.46	11.53	23.71
2026-05-21T23:10:22.9333970+08:00	0x01	0.1606	0.4641	-0.8477	0.2005	201.33	350.54	58.34
2026-05-21T23:10:23.0035398+08:00	0x03	0.1781	-0.3778	-0.9007	-0.1196	173.27	340.52	313.68
2026-05-21T23:10:23.3326342+08:00	0x04	0.0220	-0.2225	0.9134	-0.3402	223.32	12.02	23.04
2026-05-21T23:10:23.4046802+08:00	0x01	0.1731	0.4283	-0.8696	0.1745	195.18	345.20	53.64
2026-05-21T23:10:23.5459509+08:00	0x03	0.1714	-0.3816	-0.8989	-0.1303	171.28	342.20	313.05
2026-05-21T23:10:23.8635983+08:00	0x02	-0.0708	0.1449	-0.9034	-0.3973	132.64	0.77	18.54
2026-05-21T23:10:23.9293170+08:00	0x01	0.1740	0.4252	-0.8715	0.1712	194.54	344.73	53.21
2026-05-21T23:10:24.0813564+08:00	0x03	0.1710	-0.3766	-0.9014	-0.1282	171.49	342.16	313.72
2026-05-21T23:10:24.4284177+08:00	0x02	-0.0698	0.1459	-0.9028	-0.3984	132.47	0.59	18.60
2026-05-21T23:10:24.4452768+08:00	0x04	0.0260	-0.2212	0.9147	-0.3372	222.96	12.32	22.77
2026-05-21T23:10:24.4923596+08:00	0x01	0.1741	0.4269	-0.8711	0.1691	194.17	344.55	53.38
2026-05-21T23:10:24.6783679+08:00	0x03	0.1702	-0.3748	-0.9019	-0.1311	170.97	342.48	313.89
2026-05-21T23:10:24.9474521+08:00	0x02	-0.0698	0.1475	-0.9031	-0.3971	132.61	0.53	18.78
2026-05-21T23:10:25.0949148+08:00	0x01	0.1741	0.4247	-0.8724	0.1680	194.00	344.45	53.09
2026-05-21T23:10:25.1514952+08:00	0x03	0.1697	-0.3765	-0.9011	-0.1324	170.77	342.63	313.66
2026-05-21T23:10:25.5188298+08:00	0x02	-0.0692	0.1489	-0.9042	-0.3942	132.96	0.47	18.89
2026-05-21T23:10:25.5387732+08:00	0x04	0.0251	-0.2158	0.9169	-0.3349	222.48	11.88	22.26
2026-05-21T23:10:25.5979473+08:00	0x01	0.1742	0.4222	-0.8734	0.1688	194.15	344.49	52.78
2026-05-21T23:10:25.6950727+08:00	0x03	0.1691	-0.3768	-0.9010	-0.1327	170.69	342.74	313.63
2026-05-21T23:10:26.0959010+08:00	0x04	0.0245	-0.2147	0.9179	-0.3329	222.18	11.71	22.20
2026-05-21T23:10:26.1769191+08:00	0x01	0.1747	0.4180	-0.8755	0.1682	194.04	344.34	52.24
2026-05-21T23:10:26.2294617+08:00	0x03	0.1707	-0.3761	-0.9013	-0.1307	171.08	342.37	313.74
2026-05-21T23:10:26.6127040+08:00	0x04	0.0219	-0.2139	0.9215	-0.3234	220.89	11.14	22.34
2026-05-21T23:10:26.7335763+08:00	0x01	0.1113	0.5086	-0.8051	0.2840	226.96	13.47	61.92
2026-05-21T23:10:27.1957432+08:00	0x04	0.0188	-0.2378	0.9110	-0.3364	223.27	12.37	24.87
2026-05-21T23:10:27.2629609+08:00	0x01	0.1133	0.5061	-0.8076	0.2806	225.72	12.34	61.77
2026-05-21T23:10:27.7064231+08:00	0x04	0.0179	-0.2514	0.9102	-0.3287	222.73	12.78	26.48
2026-05-21T23:10:27.8295194+08:00	0x02	-0.0692	0.1489	-0.9042	-0.3943	132.95	0.47	18.89
2026-05-21T23:10:28.2804364+08:00	0x02	-0.5732	-0.0330	-0.5680	-0.5898	113.12	63.71	39.68
2026-05-21T23:10:28.3811299+08:00	0x03	0.1407	-0.3881	-0.8650	-0.2853	144.36	358.09	311.26
2026-05-21T23:10:28.7993358+08:00	0x02	-0.5401	0.0002	-0.6451	-0.5404	120.82	59.13	35.74
2026-05-21T23:10:28.8317583+08:00	0x01	-0.2235	0.4993	-0.7478	0.3762	254.48	60.52	35.35
2026-05-21T23:10:28.9125624+08:00	0x03	0.1731	-0.3966	-0.7982	-0.4191	122.14	5.13	308.90
2026-05-21T23:10:29.3607492+08:00	0x02	-0.4588	0.0151	-0.7336	-0.5011	124.58	48.67	28.81
2026-05-21T23:10:29.4500259+08:00	0x03	0.1832	-0.3967	-0.7890	-0.4319	120.20	4.96	308.35
2026-05-21T23:10:29.5295798+08:00	0x04	-0.0675	-0.0988	0.9253	-0.3599	222.14	356.83	13.39
2026-05-21T23:10:29.9169791+08:00	0x01	-0.1113	0.5635	-0.6654	0.4767	276.73	63.61	40.08
2026-05-21T23:10:29.9424486+08:00	0x02	-0.2679	0.3708	-0.8330	-0.3111	148.97	20.34	51.67
2026-05-21T23:10:29.9827075+08:00	0x03	0.1434	-0.4437	-0.7489	-0.4709	105.74	19.75	306.91
2026-05-21T23:10:30.5047158+08:00	0x01	0.1047	0.5472	-0.7141	0.4239	265.12	39.65	60.49
2026-05-21T23:10:30.5641664+08:00	0x02	-0.2747	0.3609	-0.8326	-0.3180	148.34	21.16	50.87
2026-05-21T23:10:30.5971816+08:00	0x03	0.1250	-0.4547	-0.7995	-0.3720	122.76	14.00	304.90
2026-05-21T23:10:31.0468526+08:00	0x02	0.1408	0.4949	-0.8512	-0.1036	147.12	323.95	54.42
2026-05-21T23:10:31.0811222+08:00	0x01	0.1848	0.5169	-0.7424	0.3840	245.77	17.15	65.43
2026-05-21T23:10:31.5791971+08:00	0x01	0.1954	0.5131	-0.7407	0.3871	245.03	15.20	65.70
2026-05-21T23:10:31.6475059+08:00	0x03	0.1315	-0.4311	-0.8042	-0.3873	122.78	11.66	307.31
2026-05-21T23:10:32.1357306+08:00	0x02	0.1408	0.5123	-0.8333	-0.1526	137.07	318.07	54.18
2026-05-21T23:10:32.1633959+08:00	0x01	0.1915	0.5044	-0.7723	0.3355	230.69	5.83	65.16
2026-05-21T23:10:32.6365080+08:00	0x01	0.2055	0.4765	-0.7959	0.3118	220.53	356.28	62.45
2026-05-21T23:10:32.6977480+08:00	0x02	0.0444	0.3049	-0.9040	-0.2963	138.61	342.15	31.66
2026-05-21T23:10:33.1658695+08:00	0x04	-0.0650	-0.1035	0.9252	-0.3592	222.10	357.29	13.78
2026-05-21T23:10:33.2606208+08:00	0x03	0.2036	-0.4554	-0.7972	-0.3400	134.78	358.30	300.16
2026-05-21T23:10:33.6970774+08:00	0x04	-0.1562	-0.0794	0.8464	-0.5029	239.77	348.87	16.95
2026-05-21T23:10:33.7145394+08:00	0x01	0.2006	0.5045	-0.7832	0.3030	221.53	358.81	65.76
2026-05-21T23:10:33.7978475+08:00	0x02	0.0078	0.2817	-0.8954	-0.3447	134.16	346.11	29.94
2026-05-21T23:10:33.8654046+08:00	0x03	0.2605	-0.4197	-0.8127	-0.3092	148.13	342.25	302.52
2026-05-21T23:10:34.2659185+08:00	0x02	0.0120	0.1673	-0.7881	-0.5923	104.49	347.05	14.45
2026-05-21T23:10:34.2994810+08:00	0x01	0.1896	0.5231	-0.7363	0.3850	247.02	17.96	66.40
2026-05-21T23:10:34.3991363+08:00	0x03	0.2762	-0.4188	-0.8132	-0.2949	152.42	337.84	302.43
2026-05-21T23:10:34.9001087+08:00	0x02	0.0167	0.2211	-0.7571	-0.6145	98.91	341.77	18.31
2026-05-21T23:10:34.9148442+08:00	0x01	0.1816	0.5352	-0.7287	0.3868	250.89	22.47	66.99
2026-05-21T23:10:34.9856175+08:00	0x03	0.2832	-0.4214	-0.8149	-0.2795	156.07	334.98	302.32
2026-05-21T23:10:35.4816779+08:00	0x02	0.0070	0.2618	-0.7460	-0.6122	97.04	339.02	22.46
2026-05-21T23:10:35.5055914+08:00	0x01	0.1741	0.5410	-0.7227	0.3933	254.52	26.16	66.77
2026-05-21T23:10:35.5312353+08:00	0x03	0.2792	-0.4254	-0.8132	-0.2825	155.12	336.10	301.83
2026-05-21T23:10:35.9316506+08:00	0x04	-0.0757	-0.0023	0.8896	-0.4503	233.42	352.35	4.14
2026-05-21T23:10:36.0675914+08:00	0x03	0.2875	-0.4146	-0.8182	-0.2757	157.13	333.77	303.18
2026-05-21T23:10:36.4482461+08:00	0x04	-0.0541	-0.0204	0.8922	-0.4479	233.13	355.49	4.87
2026-05-21T23:10:36.5459604+08:00	0x03	0.2864	-0.4205	-0.8152	-0.2768	156.88	334.12	302.42
2026-05-21T23:10:37.0675788+08:00	0x02	0.0149	0.3487	-0.8476	-0.3997	122.45	338.11	35.39
2026-05-21T23:10:37.0675788+08:00	0x01	0.2002	0.4974	-0.7814	0.3193	224.86	0.64	64.84
2026-05-21T23:10:37.1488207+08:00	0x03	0.2871	-0.4248	-0.8116	-0.2801	156.40	334.32	301.75
2026-05-21T23:10:37.5476365+08:00	0x02	-0.0220	0.2498	-0.9081	-0.3353	137.41	351.70	27.94
2026-05-21T23:10:37.5815486+08:00	0x01	0.2319	0.4292	-0.8303	0.2694	207.04	343.63	56.90
2026-05-21T23:10:37.6320378+08:00	0x03	0.2861	-0.4258	-0.8293	-0.2216	167.06	328.89	303.58
2026-05-21T23:10:38.0163351+08:00	0x04	-0.0713	0.0086	0.9287	-0.3638	222.64	352.02	2.06
2026-05-21T23:10:38.1262633+08:00	0x02	-0.0526	0.1725	-0.9322	-0.3138	142.68	359.37	20.77
2026-05-21T23:10:38.2150252+08:00	0x03	0.2700	-0.4721	-0.8196	-0.1802	175.27	326.29	299.40
2026-05-21T23:10:38.6318771+08:00	0x01	0.2347	0.4146	-0.8355	0.2738	207.45	343.18	55.22
2026-05-21T23:10:38.7322533+08:00	0x02	-0.0475	0.2030	-0.9214	-0.3279	140.22	357.15	23.90
2026-05-21T23:10:38.7664724+08:00	0x03	0.2852	-0.4406	-0.8400	-0.1375	182.01	321.45	305.05
2026-05-21T23:10:39.1030076+08:00	0x04	-0.0824	-0.0533	0.9360	-0.3379	219.16	353.12	8.94
2026-05-21T23:10:39.2040869+08:00	0x02	-0.0418	0.2098	-0.9179	-0.3342	139.12	356.00	24.40
2026-05-21T23:10:39.2324832+08:00	0x03	0.2855	-0.4359	-0.8419	-0.1403	181.25	321.89	305.50
2026-05-21T23:10:39.6966955+08:00	0x04	-0.0862	-0.0555	0.9336	-0.3433	219.80	352.84	9.37
2026-05-21T23:10:39.7817529+08:00	0x02	-0.0407	0.2077	-0.9173	-0.3372	138.75	355.89	24.12
2026-05-21T23:10:40.2024951+08:00	0x04	-0.0979	-0.0700	0.9439	-0.3074	215.27	351.69	11.09
2026-05-21T23:10:40.3046739+08:00	0x02	0.0227	0.2656	-0.8221	-0.5030	112.81	340.45	24.44
2026-05-21T23:10:40.4164400+08:00	0x03	0.2876	-0.4442	-0.8416	-0.1079	187.23	318.57	305.93
2026-05-21T23:10:40.7611063+08:00	0x04	-0.1019	-0.0881	0.9422	-0.3068	215.13	351.85	13.22
2026-05-21T23:10:40.8492746+08:00	0x03	0.2898	-0.4231	-0.8523	-0.1028	186.43	319.35	308.67
2026-05-21T23:10:41.3003479+08:00	0x02	0.0208	0.2640	-0.8255	-0.4983	113.58	340.91	24.53
2026-05-21T23:10:41.3700353+08:00	0x01	0.0157	0.6070	-0.6707	0.4260	280.24	62.10	55.84
2026-05-21T23:10:41.4525040+08:00	0x03	0.2667	-0.4615	-0.8297	-0.1658	176.80	326.16	301.32
2026-05-21T23:10:41.8656388+08:00	0x02	-0.3234	0.1276	-0.4617	-0.8161	61.49	6.79	40.21
2026-05-21T23:10:41.9046292+08:00	0x01	0.0219	0.6118	-0.6684	0.4224	281.09	62.80	56.76
2026-05-21T23:10:41.9834379+08:00	0x03	0.2675	-0.4136	-0.8349	-0.2458	160.60	334.70	304.71
2026-05-21T23:10:42.3861312+08:00	0x02	-0.3243	0.1724	-0.5151	-0.7745	69.32	5.25	42.83
2026-05-21T23:10:42.4666441+08:00	0x01	0.0336	0.6096	-0.6660	0.4285	281.79	61.96	57.23
2026-05-21T23:10:42.5201093+08:00	0x03	0.2571	-0.4314	-0.8228	-0.2661	156.03	338.68	302.14
2026-05-21T23:10:42.9549157+08:00	0x02	-0.2818	0.2424	-0.5984	-0.7098	80.06	359.47	43.64
2026-05-21T23:10:43.0326557+08:00	0x01	0.0435	0.6136	-0.6616	0.4289	283.22	62.58	58.12
2026-05-21T23:10:43.4204822+08:00	0x04	-0.1143	0.0599	0.8868	-0.4438	233.21	345.17	359.72
2026-05-21T23:10:43.5325947+08:00	0x02	-0.2742	0.2714	-0.6122	-0.6901	81.83	356.83	45.31
2026-05-21T23:10:43.5539516+08:00	0x01	0.0459	0.6213	-0.6526	0.4312	285.89	64.83	58.27
2026-05-21T23:10:44.0429082+08:00	0x04	-0.0857	0.0450	0.8913	-0.4430	232.88	348.90	359.75
2026-05-21T23:10:44.1550209+08:00	0x03	0.2906	-0.4201	-0.8133	-0.2784	157.02	333.45	302.31
2026-05-21T23:10:44.1550209+08:00	0x02	-0.2745	0.2706	-0.6118	-0.6907	81.78	356.91	45.26
2026-05-21T23:10:44.5166052+08:00	0x04	-0.1000	0.0715	0.8896	-0.4400	232.91	346.05	357.75
2026-05-21T23:10:44.6205243+08:00	0x02	0.0800	0.4684	-0.8233	-0.3106	122.14	322.38	46.18
2026-05-21T23:10:44.6723665+08:00	0x03	0.2786	-0.4244	-0.8144	-0.2812	155.30	336.06	302.01
2026-05-21T23:10:45.0365451+08:00	0x04	-0.0879	0.0637	0.9147	-0.3893	226.40	347.84	357.25
2026-05-21T23:10:45.1879222+08:00	0x02	0.1619	0.3337	-0.9154	-0.1567	151.53	331.05	34.06
2026-05-21T23:10:45.2333593+08:00	0x03	0.2755	-0.4652	-0.8040	-0.2477	162.29	332.90	297.82
2026-05-21T23:10:45.6145589+08:00	0x04	-0.0511	0.0237	0.9025	-0.4270	230.64	353.54	0.05
2026-05-21T23:10:45.7166305+08:00	0x02	0.1002	0.1754	-0.9680	-0.1488	160.13	344.99	18.04
2026-05-21T23:10:45.7495449+08:00	0x03	0.2914	-0.4556	-0.8018	-0.2542	162.67	330.41	298.51
2026-05-21T23:10:46.1828318+08:00	0x04	-0.0342	-0.0095	0.8897	-0.4551	234.11	357.00	2.76
2026-05-21T23:10:46.2731377+08:00	0x01	0.2249	0.4158	-0.8352	0.2809	209.62	345.59	55.18
2026-05-21T23:10:46.2861006+08:00	0x02	0.0601	0.1655	-0.9675	-0.1813	157.15	349.36	17.36
2026-05-21T23:10:46.7154321+08:00	0x04	-0.0140	-0.0199	0.8891	-0.4570	234.40	359.61	2.76
2026-05-21T23:10:46.8186652+08:00	0x02	0.0071	0.1589	-0.9608	-0.2270	152.61	354.83	17.59
2026-05-21T23:10:46.8667567+08:00	0x03	0.2898	-0.4541	-0.7930	-0.2845	156.17	334.38	297.74
2026-05-21T23:10:46.9126203+08:00	0x01	0.2245	0.4193	-0.8326	0.2836	210.23	346.05	55.66
2026-05-21T23:10:47.2745055+08:00	0x04	-0.0117	-0.0239	0.8902	-0.4547	234.11	0.05	3.05
2026-05-21T23:10:47.3673914+08:00	0x02	-0.0103	0.1544	-0.9584	-0.2400	151.38	356.73	17.51
2026-05-21T23:10:47.4052966+08:00	0x03	0.2903	-0.4533	-0.7931	-0.2850	156.11	334.33	297.81
2026-05-21T23:10:47.7507522+08:00	0x04	-0.0062	-0.0257	0.8917	-0.4518	233.76	0.70	2.95
2026-05-21T23:10:47.9705511+08:00	0x02	-0.0226	0.1516	-0.9559	-0.2505	150.33	358.03	17.53
2026-05-21T23:10:48.3694312+08:00	0x04	-0.0043	-0.0218	0.8929	-0.4498	233.49	0.68	2.46
2026-05-21T23:10:48.4698715+08:00	0x02	-0.0295	0.1491	-0.9544	-0.2570	149.67	358.78	17.44
2026-05-21T23:10:48.5512557+08:00	0x01	0.2247	0.4220	-0.8319	0.2816	209.89	345.92	55.97
2026-05-21T23:10:48.8404177+08:00	0x04	-0.0023	-0.0216	0.8939	-0.4478	233.23	0.87	2.33
2026-05-21T23:10:49.0355396+08:00	0x02	-0.0351	0.1489	-0.9526	-0.2629	149.04	359.31	17.59
2026-05-21T23:10:49.4533228+08:00	0x04	0.0019	-0.0269	0.8943	-0.4466	233.10	1.57	2.66
2026-05-21T23:10:49.5546843+08:00	0x02	-0.0391	0.1491	-0.9517	-0.2657	148.75	359.71	17.73
2026-05-21T23:10:49.5925728+08:00	0x01	0.2238	0.4250	-0.8306	0.2819	210.09	346.21	56.32
2026-05-21T23:10:49.9343406+08:00	0x04	0.0028	-0.0283	0.8936	-0.4480	233.30	1.75	2.76
2026-05-21T23:10:50.0233392+08:00	0x02	-0.0420	0.1490	-0.9510	-0.2677	148.56	0.00	17.81
2026-05-21T23:10:50.1642845+08:00	0x03	0.2974	-0.4436	-0.7954	-0.2866	156.51	333.02	298.82
2026-05-21T23:10:50.4539930+08:00	0x04	0.0037	-0.0303	0.8942	-0.4466	233.13	1.93	2.92
2026-05-21T23:10:50.5986551+08:00	0x02	-0.0444	0.1479	-0.9510	-0.2678	148.59	0.32	17.76
2026-05-21T23:10:50.6515516+08:00	0x03	0.2973	-0.4431	-0.7960	-0.2857	156.69	332.91	298.91
2026-05-21T23:10:50.6850702+08:00	0x01	0.2242	0.4229	-0.8320	0.2806	209.77	345.95	56.05
2026-05-21T23:10:51.0344903+08:00	0x04	0.0036	-0.0280	0.8942	-0.4467	233.13	1.80	2.68
2026-05-21T23:10:51.1674926+08:00	0x03	0.2989	-0.4419	-0.7963	-0.2852	156.94	332.55	299.05
2026-05-21T23:10:51.2693786+08:00	0x01	0.2248	0.4231	-0.8319	0.2798	209.57	345.76	56.08
2026-05-21T23:10:51.6057606+08:00	0x04	0.0010	-0.0256	0.8940	-0.4473	233.20	1.41	2.57
2026-05-21T23:10:51.7056836+08:00	0x02	-0.0465	0.1453	-0.9506	-0.2704	148.33	0.59	17.54
2026-05-21T23:10:51.7691383+08:00	0x03	0.3008	-0.4388	-0.7971	-0.2857	157.04	332.19	299.38
2026-05-21T23:10:51.9000656+08:00	0x01	0.2262	0.4219	-0.8324	0.2792	209.30	345.41	55.96
2026-05-21T23:10:52.1214846+08:00	0x04	0.0027	-0.0277	0.8942	-0.4468	233.14	1.70	2.70
2026-05-21T23:10:52.2196815+08:00	0x02	-0.0476	0.1453	-0.9504	-0.2708	148.30	0.71	17.58
2026-05-21T23:10:52.2529040+08:00	0x03	0.3006	-0.4388	-0.7974	-0.2851	157.11	332.18	299.41
2026-05-21T23:10:52.3544623+08:00	0x01	0.2255	0.4231	-0.8319	0.2794	209.43	345.60	56.10
2026-05-21T23:10:52.6817167+08:00	0x04	-0.0034	-0.0141	0.8927	-0.4504	233.55	0.38	1.62
2026-05-21T23:10:52.7854389+08:00	0x02	-0.0482	0.1471	-0.9495	-0.2728	148.04	0.67	17.80
2026-05-21T23:10:52.8549199+08:00	0x03	0.2961	-0.4430	-0.7946	-0.2912	155.42	333.82	298.80
2026-05-21T23:10:53.2014779+08:00	0x04	0.0010	-0.0193	0.8938	-0.4481	233.27	1.09	1.93
2026-05-21T23:10:53.2596516+08:00	0x02	-0.0487	0.1471	-0.9495	-0.2730	148.03	0.74	17.82
2026-05-21T23:10:53.3883192+08:00	0x03	0.2974	-0.4418	-0.7952	-0.2899	155.83	333.38	298.95
2026-05-21T23:10:53.7846750+08:00	0x04	0.0075	-0.0296	0.8952	-0.4446	232.87	2.28	2.65
2026-05-21T23:10:53.8745311+08:00	0x02	-0.0492	0.1470	-0.9495	-0.2727	148.08	0.80	17.81
2026-05-21T23:10:53.9182054+08:00	0x03	0.2978	-0.4417	-0.7955	-0.2886	156.13	333.15	298.99
2026-05-21T23:10:54.3725714+08:00	0x04	0.0036	-0.0254	0.8941	-0.4471	233.17	1.67	2.42
2026-05-21T23:10:54.4515818+08:00	0x03	0.2983	-0.4409	-0.7956	-0.2894	156.01	333.15	299.06
2026-05-21T23:10:54.5340143+08:00	0x01	0.2249	0.4239	-0.8317	0.2795	209.52	345.74	56.17
2026-05-21T23:10:54.8703814+08:00	0x04	0.0038	-0.0281	0.8940	-0.4473	233.20	1.83	2.68
2026-05-21T23:10:54.9797240+08:00	0x02	-0.0491	0.1450	-0.9495	-0.2739	147.94	0.83	17.59
2026-05-21T23:10:55.0002361+08:00	0x03	0.2984	-0.4402	-0.7959	-0.2892	156.05	333.11	299.14
2026-05-21T23:10:55.1170439+08:00	0x01	0.2212	0.4361	-0.8264	0.2791	210.05	346.81	57.60
2026-05-21T23:10:55.4411758+08:00	0x04	-0.0183	-0.0201	0.7660	-0.6423	259.95	359.88	3.12
2026-05-21T23:10:55.5348093+08:00	0x03	0.2807	-0.4367	-0.8477	-0.1090	185.79	320.45	306.72
2026-05-21T23:10:55.5574956+08:00	0x02	-0.0457	0.1646	-0.9377	-0.3025	144.10	359.15	19.65
2026-05-21T23:10:55.5853443+08:00	0x01	0.2139	0.4639	-0.8193	0.2604	207.74	347.16	60.64
2026-05-21T23:10:55.9698045+08:00	0x04	-0.0283	-0.0257	0.8056	-0.5912	252.52	359.12	4.30
2026-05-21T23:10:56.0675282+08:00	0x03	0.2780	-0.4210	-0.8581	-0.0961	186.30	321.09	309.12
2026-05-21T23:10:56.2025996+08:00	0x01	0.2304	0.4080	-0.8502	0.2402	201.78	340.76	53.55
2026-05-21T23:10:56.5354699+08:00	0x04	-0.0038	-0.0273	0.8255	-0.5638	248.70	1.40	2.83
2026-05-21T23:10:56.6023135+08:00	0x03	0.2727	-0.4083	-0.8660	-0.0951	185.10	322.69	310.63
2026-05-21T23:10:56.6854853+08:00	0x01	0.2312	0.4104	-0.8489	0.2398	201.64	340.62	53.87
2026-05-21T23:10:57.0229773+08:00	0x04	-0.0038	-0.0227	0.8281	-0.5600	248.16	1.10	2.40
2026-05-21T23:10:57.1053296+08:00	0x02	-0.0631	0.1125	-0.9519	-0.2780	147.87	3.41	14.43
2026-05-21T23:10:57.2542947+08:00	0x01	0.2268	0.4287	-0.8415	0.2381	201.67	341.46	56.04
2026-05-21T23:10:57.5352581+08:00	0x04	-0.0069	-0.0197	0.8341	-0.5512	246.93	0.59	2.32
2026-05-21T23:10:57.6895177+08:00	0x03	0.2798	-0.3909	-0.8744	-0.0658	188.60	320.85	313.91
2026-05-21T23:10:57.7694029+08:00	0x01	0.2230	0.4446	-0.8353	0.2341	201.28	341.97	57.91
2026-05-21T23:10:58.1023355+08:00	0x04	-0.0063	-0.0783	0.7984	-0.5970	253.90	4.83	7.61
2026-05-21T23:10:58.2202410+08:00	0x03	0.2997	-0.3686	-0.8795	0.0298	200.62	314.97	320.92
2026-05-21T23:10:58.3361496+08:00	0x01	0.2186	0.4620	-0.8272	0.2335	201.65	343.00	60.04
2026-05-21T23:10:58.6193013+08:00	0x04	0.0149	-0.0525	0.8434	-0.5345	244.90	4.67	4.16
2026-05-21T23:10:58.7527679+08:00	0x03	0.2725	-0.3681	-0.8885	-0.0271	191.84	321.35	318.01
2026-05-21T23:10:58.7885202+08:00	0x02	-0.0569	0.1484	-0.9439	-0.2893	146.13	1.30	18.25
2026-05-21T23:10:58.8556161+08:00	0x01	0.2178	0.4616	-0.8275	0.2339	201.82	343.20	59.98
2026-05-21T23:10:59.1888910+08:00	0x04	0.0199	-0.0202	0.8643	-0.5021	240.33	3.13	0.86
2026-05-21T23:10:59.3030247+08:00	0x02	-0.0571	0.1510	-0.9456	-0.2823	146.98	1.37	18.53
2026-05-21T23:10:59.4407617+08:00	0x01	0.2174	0.4621	-0.8270	0.2350	202.10	343.43	60.06
2026-05-21T23:10:59.7765579+08:00	0x04	0.0043	-0.0200	0.9085	-0.4174	229.37	1.41	1.87
2026-05-21T23:10:59.8668774+08:00	0x02	-0.0567	0.1538	-0.9472	-0.2757	147.76	1.37	18.82
2026-05-21T23:11:00.3973775+08:00	0x02	-0.0567	0.1527	-0.9486	-0.2713	148.32	1.50	18.70
2026-05-21T23:11:00.4243171+08:00	0x04	-0.0131	-0.0208	0.9026	-0.4299	230.93	359.66	2.79
2026-05-21T23:11:00.8671618+08:00	0x04	-0.0037	-0.0529	0.8285	-0.5575	248.02	3.04	5.26
2026-05-21T23:11:00.9239683+08:00	0x03	0.2671	-0.3714	-0.8880	-0.0462	189.18	322.88	316.81
2026-05-21T23:11:01.0037180+08:00	0x01	0.2174	0.4634	-0.8250	0.2395	203.03	343.97	60.31
2026-05-21T23:11:01.4238531+08:00	0x02	-0.0575	0.1571	-0.9475	-0.2725	148.15	1.42	19.21
2026-05-21T23:11:01.4953682+08:00	0x03	0.2648	-0.3720	-0.8883	-0.0482	188.82	323.29	316.65
2026-05-21T23:11:01.9582000+08:00	0x02	-0.0578	0.1582	-0.9477	-0.2713	148.30	1.44	19.34
2026-05-21T23:11:02.0566129+08:00	0x04	0.0110	-0.0619	0.8616	-0.5036	240.84	4.69	5.48
2026-05-21T23:11:02.5233591+08:00	0x02	-0.0577	0.1584	-0.9481	-0.2697	148.49	1.45	19.36
2026-05-21T23:11:02.5528200+08:00	0x01	0.2163	0.4682	-0.8228	0.2387	203.02	344.19	60.90
2026-05-21T23:11:02.5917217+08:00	0x03	0.2654	-0.3893	-0.8802	-0.0566	188.81	322.73	314.33
2026-05-21T23:11:03.0374931+08:00	0x02	-0.0576	0.1576	-0.9488	-0.2676	148.75	1.51	19.26
2026-05-21T23:11:03.1166057+08:00	0x03	0.2713	-0.3828	-0.8815	-0.0526	189.31	321.94	315.30
2026-05-21T23:11:03.6064960+08:00	0x02	-0.0573	0.1583	-0.9490	-0.2664	148.89	1.48	19.33
2026-05-21T23:11:03.6573675+08:00	0x03	0.2706	-0.3811	-0.8823	-0.0559	188.69	322.32	315.36
2026-05-21T23:11:04.2037961+08:00	0x04	0.0131	-0.1167	0.7987	-0.5902	253.73	9.26	9.84
2026-05-21T23:11:04.2480829+08:00	0x03	0.2626	-0.3605	-0.8936	-0.0501	187.73	324.27	317.88
2026-05-21T23:11:04.7085014+08:00	0x02	-0.0584	0.1625	-0.9470	-0.2708	148.32	1.38	19.84
2026-05-21T23:11:04.7235420+08:00	0x04	0.0115	-0.0282	0.8574	-0.5137	241.90	2.79	2.10
2026-05-21T23:11:04.7604473+08:00	0x01	0.2136	0.4742	-0.8198	0.2397	203.62	345.01	61.63
2026-05-21T23:11:05.1894400+08:00	0x02	-0.0583	0.1616	-0.9479	-0.2683	148.64	1.45	19.74
2026-05-21T23:11:05.2874419+08:00	0x04	0.0037	-0.0292	0.8780	-0.4777	237.15	1.97	2.74
2026-05-21T23:11:05.8064508+08:00	0x02	-0.0579	0.1615	-0.9482	-0.2673	148.76	1.43	19.71
2026-05-21T23:11:05.8237225+08:00	0x04	0.0000	-0.0464	0.8930	-0.4477	233.36	2.39	4.76
2026-05-21T23:11:05.8881481+08:00	0x01	0.2142	0.4748	-0.8186	0.2420	204.05	345.20	61.77
2026-05-21T23:11:06.2606596+08:00	0x02	-0.0575	0.1614	-0.9483	-0.2671	148.78	1.39	19.68
2026-05-21T23:11:06.3444120+08:00	0x03	0.2721	-0.3768	-0.8829	-0.0666	187.05	322.85	315.44
2026-05-21T23:11:06.5106292+08:00	0x01	0.2142	0.4753	-0.8182	0.2423	204.11	345.24	61.84
2026-05-21T23:11:06.8314695+08:00	0x02	-0.0584	0.1619	-0.9490	-0.2641	149.16	1.54	19.76
2026-05-21T23:11:06.9366652+08:00	0x03	0.2677	-0.3733	-0.8844	-0.0828	184.32	324.53	315.20
2026-05-21T23:11:06.9885533+08:00	0x01	0.2141	0.4740	-0.8185	0.2442	204.53	345.48	61.69
2026-05-21T23:11:07.4712663+08:00	0x02	-0.0584	0.1639	-0.9478	-0.2672	148.76	1.41	19.99
2026-05-21T23:11:07.5544437+08:00	0x01	0.2123	0.4792	-0.8164	0.2425	204.46	345.78	62.30
2026-05-21T23:11:07.9422771+08:00	0x02	-0.0576	0.1630	-0.9484	-0.2657	148.94	1.38	19.87
2026-05-21T23:11:08.0554286+08:00	0x03	0.1649	-0.3559	-0.8329	-0.3905	129.65	0.27	313.81
2026-05-21T23:11:08.1923545+08:00	0x01	0.2179	0.4557	-0.8239	0.2571	206.44	345.71	59.64
2026-05-21T23:11:08.5485398+08:00	0x02	-0.0520	0.1480	-0.9672	-0.2000	157.03	2.49	17.89
2026-05-21T23:11:08.5917886+08:00	0x03	0.1683	-0.3570	-0.8358	-0.3817	131.22	359.27	313.51
2026-05-21T23:11:08.6549474+08:00	0x01	0.2232	0.3957	-0.8310	0.3211	216.60	348.75	53.22
2026-05-21T23:11:09.1265476+08:00	0x02	-0.0469	0.1389	-0.9702	-0.1928	157.86	2.24	16.72
2026-05-21T23:11:09.1428455+08:00	0x04	0.0001	-0.0459	0.8925	-0.4487	233.47	2.38	4.70
2026-05-21T23:11:09.2237352+08:00	0x01	0.2211	0.3786	-0.8284	0.3487	221.12	350.58	51.39
2026-05-21T23:11:09.5914801+08:00	0x02	-0.0480	0.1326	-0.9673	-0.2108	155.73	2.21	16.07
2026-05-21T23:11:09.6667679+08:00	0x03	0.1424	-0.4124	-0.8134	-0.3847	125.60	7.86	308.70
2026-05-21T23:11:09.8594606+08:00	0x01	0.2240	0.3750	-0.8317	0.3428	219.74	349.42	51.02
2026-05-21T23:11:10.1154402+08:00	0x02	-0.0488	0.1264	-0.9657	-0.2216	154.46	2.27	15.41
2026-05-21T23:11:10.2338985+08:00	0x04	-0.0332	-0.0507	0.9857	-0.1575	198.00	357.14	6.34
2026-05-21T23:11:10.3279575+08:00	0x01	0.2252	0.3742	-0.8329	0.3401	219.15	348.96	50.93
