timestamp	device	q0	q1	q2	q3	yaw	pitch	roll
2026-05-08T14:20:07.5779987+08:00	0x08	-0.0045	-0.0158	0.0535	0.9984	6.14	358.16	359.59
2026-05-08T14:20:07.6853023+08:00	0x01	-0.0190	-0.0656	-0.2269	0.9715	333.94	353.16	356.18
2026-05-08T14:20:07.7227551+08:00	0x09	0.0522	-0.0678	-0.6404	0.7633	280.04	350.19	359.58
2026-05-08T14:20:07.7856544+08:00	0x07	0.1838	-0.6303	-0.1821	-0.7320	2.31	80.85	330.09
2026-05-08T14:20:07.8305740+08:00	0x04	-0.0143	-0.0192	-0.2015	0.9792	336.78	358.18	357.95
2026-05-08T14:20:07.9543694+08:00	0x03	0.0102	-0.0468	0.2655	0.9629	30.72	355.13	2.55
2026-05-08T14:20:07.9965855+08:00	0x02	0.0165	-0.0047	-0.9740	0.2259	206.12	358.04	359.90
2026-05-08T14:20:08.1016852+08:00	0x08	-0.0045	-0.0158	0.0535	0.9984	6.14	358.16	359.59
2026-05-08T14:20:08.1943311+08:00	0x01	-0.0189	-0.0656	-0.2269	0.9715	333.94	353.16	356.19
2026-05-08T14:20:08.2331264+08:00	0x09	0.0522	-0.0678	-0.6404	0.7633	280.04	350.19	359.58
2026-05-08T14:20:08.4354036+08:00	0x04	-0.0143	-0.0192	-0.2015	0.9792	336.78	358.18	357.95
2026-05-08T14:20:08.4728556+08:00	0x02	0.0165	-0.0047	-0.9740	0.2259	206.12	358.04	359.90
2026-05-08T14:20:08.5125460+08:00	0x07	0.1518	-0.6873	-0.0921	-0.7044	355.18	89.44	340.10
2026-05-08T14:20:08.6745979+08:00	0x08	-0.0045	-0.0158	0.0535	0.9984	6.14	358.16	359.58
2026-05-08T14:20:08.7673705+08:00	0x01	-0.0189	-0.0655	-0.2269	0.9715	333.93	353.17	356.19
2026-05-08T14:20:08.9220244+08:00	0x07	0.1710	-0.7092	-0.0940	-0.6775	352.90	93.97	338.59
2026-05-08T14:20:09.0298337+08:00	0x03	0.0102	-0.0468	0.2655	0.9629	30.72	355.13	2.55
2026-05-08T14:20:09.1850515+08:00	0x08	-0.0045	-0.0158	0.0535	0.9984	6.14	358.16	359.58
2026-05-08T14:20:09.2848051+08:00	0x09	0.0522	-0.0678	-0.6404	0.7633	280.04	350.19	359.59
2026-05-08T14:20:09.3549241+08:00	0x01	-0.0189	-0.0655	-0.2269	0.9715	333.93	353.17	356.19
2026-05-08T14:20:09.4863200+08:00	0x07	0.2009	-0.6927	-0.1356	-0.6792	353.91	92.61	332.56
2026-05-08T14:20:09.5548513+08:00	0x03	0.0102	-0.0468	0.2655	0.9629	30.72	355.13	2.55
2026-05-08T14:20:09.5906958+08:00	0x02	0.0165	-0.0047	-0.9740	0.2259	206.12	358.03	359.91
2026-05-08T14:20:09.7552736+08:00	0x08	-0.0045	-0.0158	0.0535	0.9984	6.14	358.16	359.58
2026-05-08T14:20:09.8779108+08:00	0x09	0.0522	-0.0678	-0.6404	0.7633	280.04	350.19	359.58
2026-05-08T14:20:09.9940217+08:00	0x07	0.2192	-0.6838	-0.1621	-0.6768	354.61	92.09	328.77
2026-05-08T14:20:10.0940388+08:00	0x03	0.0102	-0.0468	0.2655	0.9629	30.72	355.13	2.55
2026-05-08T14:20:10.1413758+08:00	0x04	-0.0143	-0.0192	-0.2015	0.9792	336.78	358.18	357.95
2026-05-08T14:20:10.3256377+08:00	0x08	-0.0045	-0.0158	0.0535	0.9984	6.14	358.16	359.59
2026-05-08T14:20:10.4025647+08:00	0x09	0.0522	-0.0678	-0.6404	0.7633	280.04	350.19	359.58
2026-05-08T14:20:10.6100231+08:00	0x07	0.2304	-0.6795	-0.1759	-0.6740	354.78	92.02	326.66
2026-05-08T14:20:10.6729080+08:00	0x01	-0.0189	-0.0655	-0.2269	0.9715	333.93	353.17	356.19
2026-05-08T14:20:10.7037627+08:00	0x06	0.7215	-0.1314	-0.6588	-0.1680	178.00	265.23	335.45
2026-05-08T14:20:10.7269150+08:00	0x03	0.0102	-0.0468	0.2655	0.9629	30.72	355.13	2.55
2026-05-08T14:20:10.8655064+08:00	0x08	-0.0045	-0.0158	0.0535	0.9984	6.14	358.16	359.59
2026-05-08T14:20:10.9619471+08:00	0x09	0.0522	-0.0678	-0.6404	0.7633	280.04	350.19	359.58
2026-05-08T14:20:11.0212319+08:00	0x01	-0.0189	-0.0655	-0.2269	0.9715	333.93	353.17	356.19
2026-05-08T14:20:11.0839501+08:00	0x07	0.2350	-0.6774	-0.1811	-0.6731	354.83	91.96	325.82
2026-05-08T14:20:11.1664585+08:00	0x06	0.7215	-0.1315	-0.6591	-0.1667	178.11	265.24	335.55
2026-05-08T14:20:11.2243322+08:00	0x03	0.0102	-0.0468	0.2655	0.9629	30.72	355.13	2.55
2026-05-08T14:20:11.2539495+08:00	0x02	0.0165	-0.0047	-0.9740	0.2259	206.12	358.03	359.91
2026-05-08T14:20:11.4233717+08:00	0x08	-0.0045	-0.0158	0.0535	0.9984	6.14	358.16	359.59
2026-05-08T14:20:11.5321890+08:00	0x09	0.0522	-0.0678	-0.6404	0.7633	280.04	350.19	359.59
2026-05-08T14:20:11.6235783+08:00	0x07	0.2397	-0.6758	-0.1864	-0.6717	354.84	91.98	324.97
2026-05-08T14:20:11.6476829+08:00	0x01	-0.0189	-0.0656	-0.2269	0.9715	333.93	353.16	356.19
2026-05-08T14:20:11.7090347+08:00	0x03	0.0102	-0.0468	0.2655	0.9629	30.72	355.13	2.55
2026-05-08T14:20:11.8179563+08:00	0x02	0.0165	-0.0047	-0.9740	0.2259	206.12	358.03	359.90
2026-05-08T14:20:11.9410804+08:00	0x08	-0.0045	-0.0158	0.0535	0.9984	6.14	358.16	359.58
2026-05-08T14:20:12.0879714+08:00	0x09	0.0522	-0.0678	-0.6404	0.7633	280.04	350.19	359.59
2026-05-08T14:20:12.1115402+08:00	0x01	-0.0189	-0.0655	-0.2269	0.9715	333.93	353.17	356.19
2026-05-08T14:20:12.2580383+08:00	0x03	0.0102	-0.0468	0.2655	0.9629	30.72	355.13	2.55
2026-05-08T14:20:12.3354093+08:00	0x02	0.0165	-0.0047	-0.9740	0.2259	206.12	358.04	359.91
2026-05-08T14:20:12.5320467+08:00	0x08	-0.0045	-0.0158	0.0535	0.9984	6.14	358.16	359.58
2026-05-08T14:20:12.5673263+08:00	0x09	0.0522	-0.0678	-0.6404	0.7633	280.04	350.19	359.59
2026-05-08T14:20:12.6978015+08:00	0x07	0.2425	-0.6746	-0.1885	-0.6713	354.78	91.95	324.56
2026-05-08T14:20:12.7842020+08:00	0x03	0.0102	-0.0468	0.2655	0.9629	30.72	355.13	2.55
2026-05-08T14:20:12.8985199+08:00	0x02	0.0165	-0.0047	-0.9740	0.2259	206.12	358.04	359.91
2026-05-08T14:20:13.0925236+08:00	0x08	-0.0045	-0.0158	0.0535	0.9984	6.14	358.16	359.58
2026-05-08T14:20:13.2013293+08:00	0x01	-0.0189	-0.0655	-0.2269	0.9715	333.93	353.17	356.19
2026-05-08T14:20:13.3239720+08:00	0x03	0.0102	-0.0468	0.2655	0.9629	30.72	355.13	2.55
2026-05-08T14:20:13.4247822+08:00	0x02	0.0165	-0.0047	-0.9740	0.2259	206.12	358.04	359.91
2026-05-08T14:20:13.4397424+08:00	0x05	0.0107	0.0094	0.4341	0.9007	51.47	1.50	0.63
2026-05-08T14:20:13.4709009+08:00	0x04	-0.0144	-0.0192	-0.2015	0.9792	336.78	358.18	357.94
2026-05-08T14:20:13.5093601+08:00	0x06	0.7208	-0.1314	-0.6599	-0.1663	178.10	265.36	335.60
2026-05-08T14:20:13.6283267+08:00	0x08	-0.0045	-0.0158	0.0535	0.9984	6.14	358.16	359.58
2026-05-08T14:20:13.7829715+08:00	0x07	0.2392	-0.6749	-0.1900	-0.6717	355.24	91.79	324.71
2026-05-08T14:20:13.8457426+08:00	0x09	0.0522	-0.0678	-0.6404	0.7633	280.04	350.19	359.59
2026-05-08T14:20:13.9218108+08:00	0x06	0.7196	-0.1313	-0.6624	-0.1619	178.40	265.60	335.99
2026-05-08T14:20:14.0074273+08:00	0x02	0.0165	-0.0047	-0.9740	0.2259	206.12	358.04	359.91
2026-05-08T14:20:14.0996728+08:00	0x04	-0.0143	-0.0192	-0.2015	0.9792	336.78	358.18	357.95
2026-05-08T14:20:14.1947829+08:00	0x08	-0.0045	-0.0158	0.0535	0.9984	6.14	358.16	359.58
2026-05-08T14:20:14.2624999+08:00	0x07	0.2303	-0.6792	-0.1955	-0.6689	356.41	92.00	324.99
2026-05-08T14:20:14.3588081+08:00	0x09	0.0522	-0.0678	-0.6404	0.7633	280.04	350.19	359.58
2026-05-08T14:20:14.4310845+08:00	0x04	-0.0144	-0.0192	-0.2015	0.9792	336.78	358.18	357.94
2026-05-08T14:20:14.4959775+08:00	0x03	0.0102	-0.0468	0.2655	0.9629	30.72	355.13	2.55
2026-05-08T14:20:14.5777222+08:00	0x02	0.0165	-0.0047	-0.9740	0.2259	206.12	358.03	359.91
2026-05-08T14:20:14.6136317+08:00	0x06	0.6864	-0.1217	-0.7018	-0.1471	177.57	271.74	338.12
2026-05-08T14:20:14.7086572+08:00	0x08	-0.0045	-0.0158	0.0535	0.9984	6.14	358.16	359.58
2026-05-08T14:20:14.8485321+08:00	0x07	0.0720	-0.6092	-0.0864	-0.7850	2.82	75.32	347.39
2026-05-08T14:20:14.8996800+08:00	0x01	-0.0189	-0.0655	-0.2269	0.9715	333.93	353.17	356.19
2026-05-08T14:20:14.9267715+08:00	0x09	0.0522	-0.0678	-0.6404	0.7633	280.04	350.19	359.58
2026-05-08T14:20:14.9700329+08:00	0x04	-0.0144	-0.0192	-0.2015	0.9792	336.78	358.18	357.94
2026-05-08T14:20:15.0095549+08:00	0x03	0.0102	-0.0468	0.2655	0.9629	30.72	355.13	2.55
2026-05-08T14:20:15.1077784+08:00	0x02	0.0165	-0.0047	-0.9740	0.2259	206.12	358.04	359.91
2026-05-08T14:20:15.2775465+08:00	0x08	-0.0045	-0.0158	0.0535	0.9984	6.14	358.16	359.58
2026-05-08T14:20:15.3401362+08:00	0x09	0.0521	-0.0678	-0.6404	0.7633	280.04	350.20	359.58
2026-05-08T14:20:15.3935444+08:00	0x01	-0.0189	-0.0655	-0.2269	0.9715	333.93	353.17	356.19
2026-05-08T14:20:15.5194306+08:00	0x04	-0.0144	-0.0192	-0.2015	0.9792	336.78	358.18	357.94
2026-05-08T14:20:15.5424702+08:00	0x06	0.6874	-0.1220	-0.7006	-0.1475	177.59	271.56	338.05
2026-05-08T14:20:15.5584271+08:00	0x07	0.0768	-0.6118	-0.0898	-0.7821	2.74	75.75	346.70
2026-05-08T14:20:15.5977486+08:00	0x02	0.0165	-0.0047	-0.9740	0.2259	206.12	358.04	359.91
2026-05-08T14:20:15.7598017+08:00	0x03	0.0102	-0.0468	0.2655	0.9629	30.72	355.13	2.55
2026-05-08T14:20:15.8455979+08:00	0x08	-0.0045	-0.0158	0.0535	0.9984	6.14	358.16	359.59
2026-05-08T14:20:15.8765783+08:00	0x09	0.0521	-0.0678	-0.6404	0.7633	280.04	350.19	359.58
2026-05-08T14:20:15.9306199+08:00	0x07	0.0210	-0.2850	-0.1639	-0.9442	17.47	32.41	352.35
2026-05-08T14:20:15.9792731+08:00	0x01	-0.0189	-0.0655	-0.2269	0.9715	333.93	353.17	356.19
2026-05-08T14:20:16.1647192+08:00	0x05	0.0107	0.0094	0.4341	0.9007	51.47	1.50	0.63
2026-05-08T14:20:16.2213592+08:00	0x06	0.2312	-0.1407	-0.9385	-0.2144	158.77	336.36	338.70
2026-05-08T14:20:16.3888754+08:00	0x08	-0.0045	-0.0158	0.0535	0.9984	6.14	358.16	359.59
2026-05-08T14:20:16.5171564+08:00	0x07	0.0154	-0.2721	-0.1675	-0.9475	18.14	30.94	353.09
2026-05-08T14:20:16.5410937+08:00	0x01	-0.0189	-0.0655	-0.2269	0.9715	333.93	353.17	356.19
2026-05-08T14:20:16.6026157+08:00	0x05	0.0107	0.0094	0.4341	0.9007	51.47	1.50	0.64
2026-05-08T14:20:16.6486245+08:00	0x06	0.2506	-0.1548	-0.9250	-0.2398	156.37	334.77	336.01
2026-05-08T14:20:16.6945026+08:00	0x03	0.0102	-0.0468	0.2655	0.9629	30.72	355.13	2.55
2026-05-08T14:20:16.9367571+08:00	0x08	-0.0045	-0.0158	0.0535	0.9984	6.14	358.16	359.58
2026-05-08T14:20:17.0504680+08:00	0x01	-0.0189	-0.0655	-0.2269	0.9715	333.93	353.17	356.19
2026-05-08T14:20:17.1524111+08:00	0x03	0.0102	-0.0468	0.2655	0.9629	30.72	355.13	2.55
2026-05-08T14:20:17.2075176+08:00	0x02	0.0165	-0.0047	-0.9740	0.2259	206.12	358.03	359.91
2026-05-08T14:20:17.4560783+08:00	0x08	-0.0045	-0.0158	0.0535	0.9984	6.14	358.16	359.58
2026-05-08T14:20:17.5968765+08:00	0x07	0.0044	-0.2764	-0.1683	-0.9462	18.52	31.62	354.18
2026-05-08T14:20:17.7027691+08:00	0x04	-0.0143	-0.0192	-0.2015	0.9792	336.78	358.18	357.95
2026-05-08T14:20:17.7478638+08:00	0x02	0.0165	-0.0047	-0.9740	0.2259	206.12	358.03	359.91
2026-05-08T14:20:18.0242184+08:00	0x09	0.0521	-0.0678	-0.6404	0.7633	280.04	350.19	359.58
2026-05-08T14:20:18.0543953+08:00	0x08	-0.0045	-0.0158	0.0535	0.9984	6.14	358.17	359.58
2026-05-08T14:20:18.1234068+08:00	0x07	0.0089	-0.3272	-0.1665	-0.9301	17.84	37.63	352.78
2026-05-08T14:20:18.1493382+08:00	0x01	-0.0189	-0.0655	-0.2269	0.9715	333.93	353.17	356.19
2026-05-08T14:20:18.3257999+08:00	0x04	-0.0143	-0.0192	-0.2015	0.9792	336.78	358.18	357.95
2026-05-08T14:20:18.5082458+08:00	0x08	-0.0045	-0.0158	0.0535	0.9984	6.14	358.16	359.58
2026-05-08T14:20:18.6113579+08:00	0x09	0.0521	-0.0678	-0.6404	0.7633	280.04	350.20	359.58
2026-05-08T14:20:18.6679306+08:00	0x07	0.0942	-0.6975	-0.1119	-0.7015	1.53	89.44	343.25
2026-05-08T14:20:18.7161348+08:00	0x01	-0.0189	-0.0655	-0.2269	0.9715	333.93	353.17	356.19
2026-05-08T14:20:18.8022758+08:00	0x04	-0.0143	-0.0192	-0.2015	0.9792	336.78	358.18	357.95
2026-05-08T14:20:18.8845351+08:00	0x03	0.0102	-0.0468	0.2655	0.9629	30.72	355.13	2.55
2026-05-08T14:20:19.0203739+08:00	0x08	-0.0045	-0.0158	0.0535	0.9984	6.14	358.16	359.58
2026-05-08T14:20:19.1493535+08:00	0x09	0.0521	-0.0678	-0.6404	0.7633	280.04	350.19	359.58
2026-05-08T14:20:19.2587669+08:00	0x07	0.1263	-0.6560	-0.1464	-0.7296	2.96	83.34	337.89
2026-05-08T14:20:19.2928086+08:00	0x06	0.6759	-0.1289	-0.7133	-0.1331	179.04	273.26	338.66
2026-05-08T14:20:19.3650506+08:00	0x04	-0.0143	-0.0192	-0.2015	0.9792	336.78	358.18	357.95
2026-05-08T14:20:19.5985893+08:00	0x08	-0.0045	-0.0158	0.0535	0.9984	6.14	358.16	359.58
2026-05-08T14:20:19.7327924+08:00	0x09	0.0521	-0.0678	-0.6404	0.7633	280.04	350.19	359.58
2026-05-08T14:20:19.8055025+08:00	0x07	0.0884	-0.6530	-0.0748	-0.7485	359.80	82.22	346.71
2026-05-08T14:20:19.8407735+08:00	0x01	-0.0189	-0.0655	-0.2269	0.9715	333.93	353.17	356.19
2026-05-08T14:20:19.9297556+08:00	0x02	0.0166	-0.0046	-0.9740	0.2259	206.12	358.03	359.91
2026-05-08T14:20:19.9636079+08:00	0x04	-0.0143	-0.0192	-0.2015	0.9792	336.78	358.18	357.95
2026-05-08T14:20:20.0016321+08:00	0x03	0.0102	-0.0468	0.2655	0.9629	30.72	355.13	2.55
2026-05-08T14:20:20.1177874+08:00	0x08	-0.0045	-0.0158	0.0535	0.9984	6.14	358.16	359.58
2026-05-08T14:20:20.2178404+08:00	0x09	0.0521	-0.0678	-0.6404	0.7633	280.04	350.19	359.58
2026-05-08T14:20:20.3314817+08:00	0x07	0.0652	-0.6925	-0.0150	-0.7183	356.03	88.13	353.43
2026-05-08T14:20:20.4083453+08:00	0x02	0.0165	-0.0046	-0.9740	0.2259	206.12	358.04	359.91
2026-05-08T14:20:20.4864549+08:00	0x03	0.0102	-0.0468	0.2655	0.9629	30.72	355.13	2.55
2026-05-08T14:20:20.6065127+08:00	0x08	-0.0045	-0.0158	0.0535	0.9984	6.14	358.16	359.58
2026-05-08T14:20:20.7710339+08:00	0x09	0.0521	-0.0678	-0.6404	0.7633	280.04	350.19	359.58
2026-05-08T14:20:20.8660145+08:00	0x07	0.0717	-0.7058	-0.0127	-0.7047	355.19	90.38	353.17
2026-05-08T14:20:20.9531790+08:00	0x01	-0.0189	-0.0655	-0.2269	0.9715	333.93	353.17	356.19
2026-05-08T14:20:21.0581481+08:00	0x03	0.0102	-0.0468	0.2655	0.9629	30.72	355.13	2.55
2026-05-08T14:20:21.2989782+08:00	0x09	0.0522	-0.0678	-0.6404	0.7633	280.04	350.19	359.58
2026-05-08T14:20:21.4244763+08:00	0x08	-0.0045	-0.0158	0.0535	0.9984	6.14	358.16	359.58
2026-05-08T14:20:21.4820337+08:00	0x01	-0.0189	-0.0655	-0.2269	0.9715	333.93	353.17	356.19
2026-05-08T14:20:21.5180065+08:00	0x02	0.0165	-0.0047	-0.9740	0.2259	206.12	358.03	359.91
2026-05-08T14:20:21.5667071+08:00	0x04	-0.0144	-0.0192	-0.2015	0.9792	336.78	358.18	357.94
2026-05-08T14:20:21.6869268+08:00	0x08	-0.0045	-0.0158	0.0535	0.9984	6.14	358.16	359.59
2026-05-08T14:20:21.7690415+08:00	0x09	0.0522	-0.0678	-0.6404	0.7633	280.04	350.19	359.58
2026-05-08T14:20:21.8376239+08:00	0x03	0.0102	-0.0468	0.2655	0.9629	30.72	355.13	2.55
2026-05-08T14:20:21.9307870+08:00	0x06	0.7365	-0.0521	-0.6662	-0.1054	176.25	264.69	347.02
2026-05-08T14:20:22.0163819+08:00	0x02	0.0165	-0.0047	-0.9740	0.2259	206.12	358.03	359.91
2026-05-08T14:20:22.0424391+08:00	0x07	0.0601	-0.7143	-0.0042	-0.6972	355.39	91.59	354.85
2026-05-08T14:20:22.1303510+08:00	0x03	0.0102	-0.0468	0.2655	0.9629	30.72	355.13	2.55
2026-05-08T14:20:22.2546591+08:00	0x08	-0.0045	-0.0158	0.0535	0.9984	6.14	358.16	359.58
2026-05-08T14:20:22.3083200+08:00	0x09	0.0522	-0.0678	-0.6404	0.7633	280.04	350.19	359.58
2026-05-08T14:20:22.4549674+08:00	0x06	0.7369	-0.0470	-0.6666	-0.1021	176.08	264.69	347.69
2026-05-08T14:20:22.5827203+08:00	0x02	0.0165	-0.0047	-0.9740	0.2259	206.12	358.03	359.91
2026-05-08T14:20:22.6420549+08:00	0x03	0.0102	-0.0468	0.2655	0.9629	30.72	355.13	2.55
2026-05-08T14:20:22.6637883+08:00	0x04	-0.0143	-0.0192	-0.2015	0.9792	336.78	358.18	357.95
2026-05-08T14:20:22.7699142+08:00	0x08	-0.0045	-0.0158	0.0535	0.9984	6.14	358.16	359.58
2026-05-08T14:20:22.8622300+08:00	0x09	0.0521	-0.0678	-0.6404	0.7633	280.04	350.19	359.58
2026-05-08T14:20:23.0253702+08:00	0x06	0.7384	-0.0399	-0.6666	-0.0935	176.17	264.52	348.97
2026-05-08T14:20:23.1365125+08:00	0x01	-0.0189	-0.0655	-0.2269	0.9715	333.93	353.17	356.19
2026-05-08T14:20:23.1635732+08:00	0x02	0.0165	-0.0047	-0.9740	0.2259	206.12	358.03	359.91
2026-05-08T14:20:23.3449016+08:00	0x08	-0.0045	-0.0158	0.0535	0.9984	6.14	358.16	359.58
2026-05-08T14:20:23.5599089+08:00	0x07	0.0528	-0.7193	-0.0045	-0.6926	355.99	92.33	355.44
2026-05-08T14:20:23.6767389+08:00	0x02	0.0165	-0.0047	-0.9740	0.2259	206.12	358.03	359.91
2026-05-08T14:20:23.7892674+08:00	0x04	-0.0143	-0.0192	-0.2015	0.9792	336.78	358.18	357.95
2026-05-08T14:20:23.8635871+08:00	0x08	-0.0045	-0.0158	0.0535	0.9984	6.14	358.16	359.58
2026-05-08T14:20:24.0353623+08:00	0x06	0.7382	-0.0326	-0.6686	-0.0839	176.27	264.65	350.36
2026-05-08T14:20:24.0927556+08:00	0x07	0.0455	-0.7186	0.0017	-0.6939	356.11	92.13	356.53
2026-05-08T14:20:24.2266214+08:00	0x01	-0.0189	-0.0655	-0.2269	0.9715	333.93	353.17	356.19
2026-05-08T14:20:24.2615548+08:00	0x02	0.0165	-0.0047	-0.9740	0.2259	206.12	358.03	359.91
2026-05-08T14:20:24.4620550+08:00	0x08	-0.0045	-0.0158	0.0535	0.9984	6.14	358.16	359.58
2026-05-08T14:20:24.5973260+08:00	0x06	0.7387	-0.0305	-0.6685	-0.0807	176.35	264.58	350.79
2026-05-08T14:20:24.6883429+08:00	0x07	0.0400	-0.7195	0.0054	-0.6933	356.27	92.22	357.27
2026-05-08T14:20:24.7924839+08:00	0x03	0.0102	-0.0468	0.2655	0.9629	30.72	355.13	2.55
2026-05-08T14:20:24.8205172+08:00	0x01	-0.0189	-0.0655	-0.2269	0.9715	333.93	353.17	356.19
2026-05-08T14:20:25.0089142+08:00	0x08	-0.0045	-0.0158	0.0535	0.9984	6.14	358.16	359.58
2026-05-08T14:20:25.2037032+08:00	0x06	0.7379	-0.0275	-0.6698	-0.0782	176.28	264.75	351.24
2026-05-08T14:20:25.3277611+08:00	0x01	-0.0189	-0.0655	-0.2269	0.9715	333.93	353.17	356.19
2026-05-08T14:20:25.3594103+08:00	0x02	0.0165	-0.0047	-0.9740	0.2259	206.12	358.04	359.91
2026-05-08T14:20:25.3929974+08:00	0x03	0.0102	-0.0468	0.2655	0.9629	30.72	355.13	2.55
2026-05-08T14:20:25.5366760+08:00	0x08	-0.0045	-0.0158	0.0535	0.9984	6.14	358.16	359.58
2026-05-08T14:20:25.6811563+08:00	0x06	0.7371	-0.0258	-0.6709	-0.0763	176.27	264.89	351.54
2026-05-08T14:20:25.7673828+08:00	0x07	0.0348	-0.7199	0.0099	-0.6931	356.34	92.23	358.05
2026-05-08T14:20:25.8984545+08:00	0x01	-0.0189	-0.0655	-0.2269	0.9715	333.93	353.17	356.19
2026-05-08T14:20:25.9351415+08:00	0x02	0.0165	-0.0047	-0.9740	0.2259	206.12	358.04	359.91
2026-05-08T14:20:26.0053477+08:00	0x08	-0.0045	-0.0158	0.0535	0.9984	6.14	358.16	359.58
2026-05-08T14:20:26.1128386+08:00	0x09	0.0521	-0.0678	-0.6404	0.7633	280.04	350.19	359.58
2026-05-08T14:20:26.3298730+08:00	0x07	0.0322	-0.7194	0.0118	-0.6937	356.40	92.13	358.42
2026-05-08T14:20:26.4336898+08:00	0x03	0.0102	-0.0468	0.2655	0.9629	30.72	355.13	2.55
2026-05-08T14:20:26.5434305+08:00	0x01	-0.0189	-0.0655	-0.2269	0.9715	333.93	353.17	356.19
2026-05-08T14:20:26.5875326+08:00	0x02	0.0165	-0.0047	-0.9740	0.2259	206.12	358.04	359.91
2026-05-08T14:20:26.6545941+08:00	0x09	0.0521	-0.0678	-0.6404	0.7633	280.04	350.19	359.58
2026-05-08T14:20:26.7817504+08:00	0x06	0.7363	-0.0271	-0.6716	-0.0780	176.24	265.03	351.30
2026-05-08T14:20:26.9681875+08:00	0x03	0.0102	-0.0468	0.2655	0.9629	30.72	355.13	2.55
2026-05-08T14:20:27.0069706+08:00	0x02	0.0165	-0.0047	-0.9740	0.2259	206.12	358.04	359.91
2026-05-08T14:20:27.1105727+08:00	0x08	-0.0045	-0.0158	0.0535	0.9984	6.14	358.16	359.58
2026-05-08T14:20:27.1859927+08:00	0x09	0.0521	-0.0678	-0.6404	0.7633	280.04	350.19	359.58
2026-05-08T14:20:27.3193071+08:00	0x06	0.7352	-0.0074	-0.6762	-0.0471	176.96	265.33	355.46
2026-05-08T14:20:27.3941955+08:00	0x07	0.0336	-0.7199	-0.0068	-0.6932	357.76	92.22	356.77
2026-05-08T14:20:27.4825577+08:00	0x01	-0.0189	-0.0655	-0.2269	0.9715	333.93	353.17	356.19
2026-05-08T14:20:27.5283618+08:00	0x02	0.0165	-0.0047	-0.9740	0.2259	206.12	358.03	359.91
2026-05-08T14:20:27.5726979+08:00	0x03	0.0102	-0.0468	0.2655	0.9629	30.72	355.13	2.55
2026-05-08T14:20:27.6299783+08:00	0x08	-0.0045	-0.0158	0.0535	0.9984	6.14	358.16	359.59
2026-05-08T14:20:27.7296791+08:00	0x09	0.0522	-0.0678	-0.6404	0.7633	280.04	350.19	359.58
2026-05-08T14:20:27.8593187+08:00	0x06	0.7368	0.0105	-0.6755	-0.0263	177.08	265.07	358.59
2026-05-08T14:20:27.9189376+08:00	0x07	0.0409	-0.7202	-0.0141	-0.6924	357.74	92.34	355.58
2026-05-08T14:20:28.0617389+08:00	0x04	-0.0143	-0.0192	-0.2015	0.9792	336.78	358.18	357.95
2026-05-08T14:20:28.1076083+08:00	0x01	-0.0189	-0.0655	-0.2269	0.9715	333.93	353.17	356.19
2026-05-08T14:20:28.1383473+08:00	0x03	0.0102	-0.0468	0.2655	0.9629	30.72	355.13	2.55
2026-05-08T14:20:28.1834757+08:00	0x08	-0.0045	-0.0158	0.0535	0.9984	6.14	358.16	359.59
2026-05-08T14:20:28.3099040+08:00	0x09	0.0522	-0.0678	-0.6404	0.7633	280.04	350.19	359.59
2026-05-08T14:20:28.6430079+08:00	0x02	0.0165	-0.0047	-0.9740	0.2259	206.12	358.03	359.91
2026-05-08T14:20:28.6639222+08:00	0x04	-0.0143	-0.0192	-0.2015	0.9792	336.78	358.18	357.95
2026-05-08T14:20:28.6985370+08:00	0x01	-0.0189	-0.0655	-0.2269	0.9715	333.93	353.17	356.19
2026-05-08T14:20:28.7750204+08:00	0x08	-0.0045	-0.0158	0.0535	0.9984	6.14	358.17	359.59
2026-05-08T14:20:28.9554655+08:00	0x06	0.7352	0.0194	-0.6772	-0.0201	176.80	265.30	359.82
2026-05-08T14:20:28.9822153+08:00	0x09	0.0522	-0.0678	-0.6404	0.7633	280.04	350.19	359.59
2026-05-08T14:20:29.1297473+08:00	0x03	0.0102	-0.0468	0.2655	0.9629	30.72	355.13	2.55
2026-05-08T14:20:29.1506906+08:00	0x01	-0.0189	-0.0655	-0.2269	0.9715	333.93	353.17	356.19
2026-05-08T14:20:29.1994782+08:00	0x02	0.0165	-0.0047	-0.9740	0.2259	206.12	358.03	359.91
2026-05-08T14:20:29.2754810+08:00	0x08	-0.0045	-0.0158	0.0535	0.9984	6.14	358.16	359.59
2026-05-08T14:20:29.3774649+08:00	0x09	0.0522	-0.0678	-0.6404	0.7632	280.04	350.19	359.59
2026-05-08T14:20:29.4246518+08:00	0x06	0.7350	0.0219	-0.6775	-0.0169	176.84	265.32	0.28
2026-05-08T14:20:29.5337772+08:00	0x07	0.0350	-0.7198	-0.0078	-0.6933	357.73	92.22	356.57
2026-05-08T14:20:29.6548667+08:00	0x03	0.0102	-0.0468	0.2655	0.9629	30.72	355.13	2.55
2026-05-08T14:20:29.7259531+08:00	0x04	-0.0143	-0.0191	-0.2015	0.9792	336.78	358.18	357.95
2026-05-08T14:20:29.7748485+08:00	0x02	0.0166	-0.0047	-0.9740	0.2259	206.12	358.03	359.90
2026-05-08T14:20:29.8559519+08:00	0x08	-0.0045	-0.0158	0.0535	0.9984	6.14	358.16	359.58
2026-05-08T14:20:29.9644968+08:00	0x09	0.0522	-0.0678	-0.6404	0.7633	280.04	350.19	359.59
2026-05-08T14:20:30.0378781+08:00	0x07	0.0346	-0.7196	-0.0086	-0.6935	357.82	92.18	356.54
2026-05-08T14:20:30.1830486+08:00	0x03	0.0102	-0.0468	0.2655	0.9629	30.72	355.13	2.55
2026-05-08T14:20:30.2144607+08:00	0x04	-0.0143	-0.0192	-0.2015	0.9792	336.78	358.18	357.95
2026-05-08T14:20:30.2563412+08:00	0x01	-0.0189	-0.0655	-0.2269	0.9715	333.93	353.17	356.19
2026-05-08T14:20:30.2860763+08:00	0x02	0.0165	-0.0047	-0.9740	0.2259	206.12	358.03	359.91
2026-05-08T14:20:30.3778609+08:00	0x08	-0.0045	-0.0158	0.0535	0.9984	6.14	358.16	359.58
2026-05-08T14:20:30.5061252+08:00	0x09	0.0522	-0.0678	-0.6404	0.7633	280.04	350.19	359.59
2026-05-08T14:20:30.6424041+08:00	0x07	0.0281	-0.7207	-0.0033	-0.6927	357.94	92.32	357.50
2026-05-08T14:20:30.6688303+08:00	0x05	0.0106	0.0094	0.4341	0.9007	51.47	1.50	0.63
2026-05-08T14:20:30.7605751+08:00	0x03	0.0102	-0.0468	0.2655	0.9629	30.72	355.13	2.55
2026-05-08T14:20:30.8059229+08:00	0x01	-0.0189	-0.0655	-0.2269	0.9715	333.93	353.17	356.19
2026-05-08T14:20:30.8714292+08:00	0x02	0.0165	-0.0047	-0.9740	0.2259	206.12	358.04	359.90
2026-05-08T14:20:30.9644159+08:00	0x08	-0.0045	-0.0158	0.0535	0.9984	6.14	358.16	359.58
2026-05-08T14:20:31.0984976+08:00	0x09	0.0522	-0.0678	-0.6404	0.7633	280.04	350.19	359.59
2026-05-08T14:20:31.2857113+08:00	0x04	-0.0143	-0.0191	-0.2015	0.9792	336.78	358.18	357.95
2026-05-08T14:20:31.4176005+08:00	0x01	-0.0189	-0.0655	-0.2269	0.9715	333.93	353.17	356.19
2026-05-08T14:20:31.5191850+08:00	0x08	-0.0045	-0.0158	0.0535	0.9984	6.14	358.16	359.58
2026-05-08T14:20:31.5776745+08:00	0x09	0.0522	-0.0678	-0.6404	0.7633	280.04	350.19	359.59
2026-05-08T14:20:31.6165766+08:00	0x06	0.7371	0.0373	-0.6747	0.0021	177.00	264.86	3.06
2026-05-08T14:20:31.6549229+08:00	0x07	0.0256	-0.7278	0.0006	-0.6853	357.81	93.48	358.04
2026-05-08T14:20:31.8259985+08:00	0x04	-0.0143	-0.0192	-0.2015	0.9792	336.78	358.18	357.95
2026-05-08T14:20:31.8738230+08:00	0x03	0.0102	-0.0468	0.2655	0.9629	30.72	355.13	2.55
2026-05-08T14:20:31.9553666+08:00	0x02	0.0165	-0.0047	-0.9740	0.2259	206.12	358.04	359.90
2026-05-08T14:20:32.0399010+08:00	0x08	-0.0045	-0.0158	0.0535	0.9984	6.14	358.16	359.58
2026-05-08T14:20:32.1276181+08:00	0x09	0.0522	-0.0678	-0.6404	0.7633	280.04	350.19	359.59
2026-05-08T14:20:32.1729071+08:00	0x07	0.0266	-0.7261	-0.0031	-0.6871	358.03	93.20	357.65
2026-05-08T14:20:32.4102503+08:00	0x04	-0.0143	-0.0192	-0.2015	0.9792	336.78	358.18	357.95
2026-05-08T14:20:32.5035614+08:00	0x01	-0.0189	-0.0655	-0.2269	0.9715	333.93	353.17	356.19
2026-05-08T14:20:32.6064542+08:00	0x08	-0.0045	-0.0158	0.0535	0.9984	6.14	358.16	359.58
2026-05-08T14:20:32.7467911+08:00	0x09	0.0522	-0.0678	-0.6404	0.7633	280.04	350.19	359.58
2026-05-08T14:20:32.9382072+08:00	0x04	-0.0143	-0.0192	-0.2015	0.9792	336.78	358.18	357.95
2026-05-08T14:20:32.9449589+08:00	0x05	0.0106	0.0094	0.4342	0.9007	51.48	1.50	0.63
2026-05-08T14:20:33.0451802+08:00	0x02	0.0165	-0.0047	-0.9740	0.2259	206.12	358.04	359.91
2026-05-08T14:20:33.2285846+08:00	0x06	0.7477	-0.0187	-0.6604	-0.0676	176.45	263.13	352.77
2026-05-08T14:20:33.3048379+08:00	0x07	-0.0178	-0.7247	0.0675	-0.6855	356.14	92.94	7.02
2026-05-08T14:20:33.4813512+08:00	0x04	-0.0143	-0.0192	-0.2015	0.9792	336.78	358.18	357.95
2026-05-08T14:20:33.5423872+08:00	0x01	-0.0189	-0.0655	-0.2269	0.9715	333.93	353.17	356.19
2026-05-08T14:20:33.5936962+08:00	0x08	-0.0045	-0.0158	0.0535	0.9984	6.14	358.16	359.58
2026-05-08T14:20:33.7755445+08:00	0x09	0.0522	-0.0678	-0.6404	0.7633	280.04	350.19	359.58
2026-05-08T14:20:33.8067860+08:00	0x06	0.7244	-0.0100	-0.6874	-0.0510	176.80	267.13	354.97
2026-05-08T14:20:33.9474443+08:00	0x04	-0.0143	-0.0192	-0.2015	0.9792	336.78	358.18	357.95
2026-05-08T14:20:34.0115893+08:00	0x03	0.0102	-0.0468	0.2655	0.9629	30.72	355.13	2.55
2026-05-08T14:20:34.0658772+08:00	0x01	-0.0189	-0.0655	-0.2269	0.9715	333.93	353.17	356.19
2026-05-08T14:20:34.1727064+08:00	0x08	-0.0045	-0.0158	0.0535	0.9984	6.14	358.16	359.58
2026-05-08T14:20:34.3073579+08:00	0x09	0.0522	-0.0678	-0.6404	0.7633	280.04	350.19	359.58
2026-05-08T14:20:34.3918401+08:00	0x07	-0.0288	-0.6873	0.0674	-0.7227	356.65	86.89	7.72
2026-05-08T14:20:34.5681493+08:00	0x04	-0.0143	-0.0192	-0.2015	0.9792	336.78	358.18	357.95
2026-05-08T14:20:34.6417200+08:00	0x01	-0.0189	-0.0655	-0.2269	0.9715	333.93	353.17	356.19
2026-05-08T14:20:34.6891454+08:00	0x08	-0.0045	-0.0158	0.0535	0.9984	6.14	358.16	359.58
2026-05-08T14:20:34.8184981+08:00	0x02	0.0165	-0.0047	-0.9740	0.2259	206.12	358.04	359.90
2026-05-08T14:20:34.8847902+08:00	0x06	0.7131	-0.0320	-0.6964	-0.0740	176.67	268.89	351.37
2026-05-08T14:20:34.9473741+08:00	0x09	0.0522	-0.0678	-0.6404	0.7633	280.04	350.19	359.58
2026-05-08T14:20:35.0454129+08:00	0x04	-0.0144	-0.0192	-0.2015	0.9792	336.78	358.18	357.94
2026-05-08T14:20:35.1073654+08:00	0x03	0.0102	-0.0468	0.2655	0.9629	30.72	355.13	2.55
2026-05-08T14:20:35.1570139+08:00	0x01	-0.0189	-0.0655	-0.2269	0.9715	333.93	353.17	356.19
2026-05-08T14:20:35.2746164+08:00	0x08	-0.0045	-0.0158	0.0535	0.9984	6.14	358.16	359.58
2026-05-08T14:20:35.3387954+08:00	0x02	0.0165	-0.0047	-0.9740	0.2259	206.12	358.04	359.91
2026-05-08T14:20:35.4346278+08:00	0x09	0.0522	-0.0678	-0.6404	0.7633	280.04	350.19	359.58
2026-05-08T14:20:35.4721915+08:00	0x07	-0.0703	-0.6916	0.1017	-0.7116	357.20	88.03	13.93
2026-05-08T14:20:35.5573612+08:00	0x04	-0.0144	-0.0192	-0.2015	0.9792	336.78	358.18	357.94
2026-05-08T14:20:35.6667376+08:00	0x05	0.0107	0.0094	0.4343	0.9007	51.49	1.50	0.63
2026-05-08T14:20:35.7344011+08:00	0x03	0.0102	-0.0468	0.2655	0.9629	30.72	355.13	2.55
2026-05-08T14:20:35.7618071+08:00	0x01	-0.0189	-0.0655	-0.2269	0.9715	333.93	353.17	356.19
2026-05-08T14:20:35.9006612+08:00	0x08	-0.0045	-0.0158	0.0535	0.9984	6.14	358.16	359.58
2026-05-08T14:20:35.9578201+08:00	0x02	0.0165	-0.0047	-0.9740	0.2259	206.12	358.04	359.91
2026-05-08T14:20:36.0117786+08:00	0x07	-0.0854	-0.6906	0.1156	-0.7088	357.25	88.12	16.30
2026-05-08T14:20:36.2098737+08:00	0x03	0.0102	-0.0468	0.2655	0.9629	30.72	355.13	2.55
2026-05-08T14:20:36.2921554+08:00	0x04	-0.0144	-0.0192	-0.2015	0.9792	336.78	358.18	357.94
2026-05-08T14:20:36.3120465+08:00	0x01	-0.0189	-0.0655	-0.2269	0.9715	333.93	353.17	356.19
2026-05-08T14:20:36.3603607+08:00	0x08	-0.0045	-0.0158	0.0535	0.9984	6.14	358.16	359.58
2026-05-08T14:20:36.5117667+08:00	0x09	0.0522	-0.0678	-0.6404	0.7633	280.04	350.19	359.58
2026-05-08T14:20:36.5546532+08:00	0x07	-0.0934	-0.6886	0.1201	-0.7090	357.50	87.95	17.33
2026-05-08T14:20:36.6600423+08:00	0x04	-0.0144	-0.0192	-0.2015	0.9792	336.78	358.18	357.94
2026-05-08T14:20:36.7562993+08:00	0x03	0.0102	-0.0468	0.2655	0.9629	30.72	355.13	2.55
2026-05-08T14:20:36.8671625+08:00	0x06	0.7276	-0.0376	-0.6818	-0.0656	177.98	266.43	351.56
2026-05-08T14:20:36.9074608+08:00	0x02	0.0165	-0.0047	-0.9740	0.2259	206.12	358.04	359.90
2026-05-08T14:20:37.0481839+08:00	0x09	0.0522	-0.0678	-0.6404	0.7633	280.04	350.19	359.58
2026-05-08T14:20:37.1815880+08:00	0x06	0.7264	-0.0366	-0.6832	-0.0642	178.00	266.63	351.76
2026-05-08T14:20:37.2359195+08:00	0x04	-0.0143	-0.0192	-0.2015	0.9792	336.78	358.18	357.95
2026-05-08T14:20:37.2848912+08:00	0x03	0.0102	-0.0468	0.2655	0.9629	30.72	355.13	2.55
2026-05-08T14:20:37.3944715+08:00	0x01	-0.0189	-0.0655	-0.2269	0.9715	333.93	353.17	356.19
2026-05-08T14:20:37.4474235+08:00	0x08	-0.0045	-0.0158	0.0535	0.9984	6.14	358.16	359.58
2026-05-08T14:20:37.5870983+08:00	0x09	0.0522	-0.0678	-0.6404	0.7633	280.04	350.19	359.58
2026-05-08T14:20:37.6744624+08:00	0x07	-0.1084	-0.6847	0.1328	-0.7084	357.59	87.64	19.60
2026-05-08T14:20:37.8057393+08:00	0x04	-0.0143	-0.0192	-0.2015	0.9792	336.78	358.18	357.95
2026-05-08T14:20:37.8330287+08:00	0x03	0.0102	-0.0468	0.2655	0.9629	30.72	355.13	2.55
2026-05-08T14:20:37.9353346+08:00	0x05	0.0106	0.0094	0.4343	0.9006	51.50	1.50	0.63
2026-05-08T14:20:38.0201035+08:00	0x08	-0.0045	-0.0158	0.0535	0.9984	6.14	358.16	359.58
2026-05-08T14:20:38.1086708+08:00	0x09	0.0522	-0.0678	-0.6404	0.7633	280.04	350.19	359.58
2026-05-08T14:20:38.2138937+08:00	0x07	-0.1150	-0.6849	0.1396	-0.7059	357.58	87.83	20.70
2026-05-08T14:20:38.3251509+08:00	0x06	0.7252	-0.0335	-0.6851	-0.0605	178.02	266.87	352.32
2026-05-08T14:20:38.3825538+08:00	0x03	0.0102	-0.0468	0.2655	0.9629	30.72	355.13	2.55
2026-05-08T14:20:38.4957139+08:00	0x01	-0.0189	-0.0655	-0.2269	0.9715	333.93	353.17	356.19
2026-05-08T14:20:38.5848966+08:00	0x08	-0.0045	-0.0158	0.0535	0.9984	6.14	358.17	359.58
2026-05-08T14:20:38.6419211+08:00	0x09	0.0522	-0.0678	-0.6404	0.7633	280.04	350.19	359.58
2026-05-08T14:20:38.7041345+08:00	0x07	-0.1177	-0.6841	0.1407	-0.7059	357.70	87.78	21.02
2026-05-08T14:20:38.8529347+08:00	0x06	0.7236	-0.0302	-0.6872	-0.0566	178.03	267.16	352.92
2026-05-08T14:20:38.9513777+08:00	0x03	0.0102	-0.0468	0.2655	0.9629	30.72	355.13	2.55
2026-05-08T14:20:39.0639458+08:00	0x01	-0.0189	-0.0655	-0.2269	0.9715	333.93	353.17	356.19
2026-05-08T14:20:39.1170036+08:00	0x08	-0.0045	-0.0158	0.0535	0.9984	6.14	358.17	359.58
2026-05-08T14:20:39.1937222+08:00	0x09	0.0521	-0.0678	-0.6404	0.7633	280.04	350.20	359.58
2026-05-08T14:20:39.2352160+08:00	0x07	-0.1242	-0.6833	0.1474	-0.7042	357.66	87.82	22.10
2026-05-08T14:20:39.4162798+08:00	0x06	0.7232	-0.0316	-0.6874	-0.0592	177.94	267.23	352.59
2026-05-08T14:20:39.4963173+08:00	0x03	0.0102	-0.0468	0.2655	0.9629	30.72	355.13	2.55
2026-05-08T14:20:39.5405931+08:00	0x04	-0.0143	-0.0192	-0.2015	0.9792	336.78	358.18	357.95
2026-05-08T14:20:39.5973649+08:00	0x01	-0.0189	-0.0655	-0.2269	0.9715	333.93	353.17	356.19
2026-05-08T14:20:39.6572949+08:00	0x02	0.0165	-0.0047	-0.9740	0.2259	206.12	358.03	359.90
2026-05-08T14:20:39.7364411+08:00	0x09	0.0521	-0.0678	-0.6404	0.7633	280.04	350.19	359.58
2026-05-08T14:20:39.7650409+08:00	0x07	-0.1265	-0.6828	0.1485	-0.7040	357.75	87.80	22.39
2026-05-08T14:20:39.9403847+08:00	0x06	0.7240	-0.0312	-0.6867	-0.0572	178.07	267.10	352.78
2026-05-08T14:20:40.0024362+08:00	0x03	0.0102	-0.0469	0.2655	0.9629	30.72	355.13	2.56
2026-05-08T14:20:40.0813218+08:00	0x04	-0.0143	-0.0192	-0.2015	0.9792	336.78	358.18	357.95
2026-05-08T14:20:40.1558686+08:00	0x01	-0.0189	-0.0655	-0.2269	0.9715	333.93	353.17	356.19
2026-05-08T14:20:40.2253282+08:00	0x02	0.0165	-0.0047	-0.9740	0.2259	206.12	358.03	359.90
2026-05-08T14:20:40.2736670+08:00	0x09	0.0521	-0.0678	-0.6404	0.7633	280.04	350.19	359.58
2026-05-08T14:20:40.3745477+08:00	0x07	-0.1327	-0.6820	0.1557	-0.7021	357.65	87.85	23.49
2026-05-08T14:20:40.5126475+08:00	0x06	0.7237	-0.0302	-0.6870	-0.0578	177.93	267.15	352.81
2026-05-08T14:20:40.5754504+08:00	0x03	0.0102	-0.0469	0.2655	0.9629	30.72	355.13	2.56
2026-05-08T14:20:40.6576175+08:00	0x05	0.0107	0.0094	0.4344	0.9006	51.50	1.50	0.63
2026-05-08T14:20:40.6896408+08:00	0x01	-0.0189	-0.0655	-0.2269	0.9715	333.93	353.17	356.19
2026-05-08T14:20:40.7481442+08:00	0x02	0.0165	-0.0047	-0.9740	0.2259	206.12	358.04	359.90
2026-05-08T14:20:40.8117128+08:00	0x09	0.0522	-0.0678	-0.6404	0.7633	280.04	350.19	359.58
2026-05-08T14:20:40.8913466+08:00	0x07	-0.1344	-0.6810	0.1581	-0.7023	357.56	87.72	23.84
2026-05-08T14:20:41.0344815+08:00	0x06	0.7225	-0.0292	-0.6884	-0.0568	177.92	267.35	352.98
2026-05-08T14:20:41.1270522+08:00	0x03	0.0102	-0.0468	0.2655	0.9629	30.72	355.13	2.55
2026-05-08T14:20:41.2535192+08:00	0x01	-0.0189	-0.0655	-0.2269	0.9715	333.93	353.17	356.19
2026-05-08T14:20:41.3194914+08:00	0x02	0.0165	-0.0047	-0.9740	0.2259	206.12	358.04	359.91
2026-05-08T14:20:41.4320912+08:00	0x07	-0.1368	-0.6794	0.1602	-0.7029	357.52	87.52	24.20
2026-05-08T14:20:41.4909327+08:00	0x09	0.0522	-0.0678	-0.6404	0.7633	280.04	350.19	359.58
2026-05-08T14:20:41.6208914+08:00	0x06	0.7213	-0.0282	-0.6899	-0.0556	177.92	267.57	353.15
2026-05-08T14:20:41.7019487+08:00	0x03	0.0102	-0.0468	0.2655	0.9629	30.72	355.13	2.55
2026-05-08T14:20:41.8290919+08:00	0x01	-0.0189	-0.0655	-0.2269	0.9715	333.93	353.17	356.19
2026-05-08T14:20:41.8706477+08:00	0x02	0.0165	-0.0047	-0.9740	0.2259	206.12	358.04	359.91
2026-05-08T14:20:42.1675110+08:00	0x04	-0.0144	-0.0192	-0.2015	0.9792	336.78	358.18	357.94
2026-05-08T14:20:42.1823273+08:00	0x06	0.7202	-0.0259	-0.6911	-0.0540	177.85	267.76	353.48
2026-05-08T14:20:42.2457466+08:00	0x07	-0.1417	-0.6779	0.1652	-0.7022	357.48	87.42	25.03
2026-05-08T14:20:42.3434029+08:00	0x01	-0.0189	-0.0655	-0.2269	0.9715	333.93	353.17	356.19
2026-05-08T14:20:42.4476868+08:00	0x09	0.0522	-0.0678	-0.6404	0.7633	280.04	350.19	359.58
2026-05-08T14:20:42.5862150+08:00	0x07	-0.1442	-0.6776	0.1679	-0.7014	357.46	87.45	25.45
2026-05-08T14:20:42.6011896+08:00	0x08	-0.0045	-0.0158	0.0535	0.9984	6.14	358.17	359.58
2026-05-08T14:20:42.7569244+08:00	0x04	-0.0144	-0.0192	-0.2015	0.9792	336.78	358.18	357.94
2026-05-08T14:20:42.8578736+08:00	0x08	-0.0045	-0.0158	0.0535	0.9984	6.14	358.17	359.59
2026-05-08T14:20:42.9506551+08:00	0x09	0.0522	-0.0678	-0.6404	0.7633	280.04	350.19	359.58
2026-05-08T14:20:43.0440556+08:00	0x07	-0.1484	-0.6779	0.1715	-0.6993	357.53	87.64	26.11
2026-05-08T14:20:43.2803826+08:00	0x03	0.0102	-0.0468	0.2655	0.9629	30.72	355.13	2.55
2026-05-08T14:20:43.3826404+08:00	0x05	0.0107	0.0094	0.4344	0.9006	51.50	1.50	0.63
2026-05-08T14:20:43.4841204+08:00	0x09	0.0522	-0.0678	-0.6404	0.7633	280.04	350.19	359.58
2026-05-08T14:20:43.5245454+08:00	0x02	0.0165	-0.0047	-0.9740	0.2259	206.12	358.04	359.91
2026-05-08T14:20:43.5787155+08:00	0x07	-0.1508	-0.6766	0.1746	-0.6993	357.43	87.50	26.56
2026-05-08T14:20:43.7868267+08:00	0x06	0.7192	-0.0249	-0.6922	-0.0539	177.76	267.94	353.57
2026-05-08T14:20:43.8531412+08:00	0x03	0.0102	-0.0468	0.2655	0.9629	30.72	355.13	2.55
2026-05-08T14:20:43.8531412+08:00	0x04	-0.0144	-0.0192	-0.2015	0.9792	336.78	358.18	357.94
2026-05-08T14:20:43.9613852+08:00	0x08	-0.0045	-0.0158	0.0535	0.9984	6.14	358.17	359.59
2026-05-08T14:20:44.0561554+08:00	0x02	0.0165	-0.0047	-0.9740	0.2259	206.12	358.03	359.91
2026-05-08T14:20:44.1513133+08:00	0x07	-0.1518	-0.6759	0.1759	-0.6994	357.37	87.41	26.75
2026-05-08T14:20:44.2694217+08:00	0x06	0.7189	-0.0250	-0.6926	-0.0540	177.75	267.99	353.55
2026-05-08T14:20:44.3627056+08:00	0x03	0.0102	-0.0468	0.2655	0.9629	30.72	355.13	2.55
2026-05-08T14:20:44.4084753+08:00	0x04	-0.0144	-0.0192	-0.2015	0.9792	336.78	358.18	357.94
2026-05-08T14:20:44.4393400+08:00	0x08	-0.0045	-0.0158	0.0535	0.9984	6.14	358.17	359.59
2026-05-08T14:20:44.5864948+08:00	0x01	-0.0189	-0.0655	-0.2269	0.9715	333.93	353.17	356.19
2026-05-08T14:20:44.6099560+08:00	0x02	0.0165	-0.0047	-0.9740	0.2259	206.12	358.03	359.90
2026-05-08T14:20:44.6589287+08:00	0x07	-0.1525	-0.6761	0.1767	-0.6989	357.38	87.48	26.88
2026-05-08T14:20:44.8983974+08:00	0x06	0.7170	-0.0236	-0.6946	-0.0528	177.72	268.31	353.77
2026-05-08T14:20:44.9456981+08:00	0x08	-0.0045	-0.0158	0.0535	0.9984	6.14	358.17	359.59
2026-05-08T14:20:45.1033864+08:00	0x01	-0.0189	-0.0655	-0.2269	0.9715	333.93	353.17	356.19
2026-05-08T14:20:45.1922235+08:00	0x07	-0.1527	-0.6740	0.1775	-0.7007	357.25	87.12	26.95
2026-05-08T14:20:45.3571453+08:00	0x06	0.7152	-0.0225	-0.6966	-0.0526	177.62	268.62	353.88
2026-05-08T14:20:45.4474613+08:00	0x03	0.0102	-0.0468	0.2655	0.9629	30.72	355.13	2.55
2026-05-08T14:20:45.5117617+08:00	0x08	-0.0045	-0.0158	0.0535	0.9984	6.14	358.16	359.58
2026-05-08T14:20:45.5712866+08:00	0x01	-0.0189	-0.0655	-0.2269	0.9715	333.93	353.17	356.19
2026-05-08T14:20:45.7024259+08:00	0x02	0.0165	-0.0047	-0.9740	0.2259	206.12	358.03	359.91
2026-05-08T14:20:45.7584692+08:00	0x07	-0.1521	-0.6720	0.1792	-0.7023	356.96	86.74	27.03
2026-05-08T14:20:45.8831214+08:00	0x06	0.7160	-0.0158	-0.6963	-0.0479	177.46	268.52	354.80
2026-05-08T14:20:45.9823960+08:00	0x03	0.0102	-0.0468	0.2655	0.9629	30.72	355.13	2.55
2026-05-08T14:20:46.0867302+08:00	0x08	-0.0045	-0.0158	0.0535	0.9984	6.14	358.16	359.58
2026-05-08T14:20:46.2257794+08:00	0x09	0.0522	-0.0678	-0.6404	0.7633	280.04	350.19	359.58
2026-05-08T14:20:46.2738070+08:00	0x01	-0.0189	-0.0655	-0.2269	0.9715	333.93	353.17	356.19
2026-05-08T14:20:46.3129861+08:00	0x07	-0.1524	-0.6722	0.1793	-0.7020	356.98	86.79	27.06
2026-05-08T14:20:46.4606498+08:00	0x06	0.7162	-0.0136	-0.6964	-0.0446	177.54	268.50	355.25
2026-05-08T14:20:46.5308689+08:00	0x03	0.0102	-0.0468	0.2655	0.9629	30.72	355.13	2.55
2026-05-08T14:20:46.5925717+08:00	0x04	-0.0144	-0.0192	-0.2015	0.9792	336.78	358.18	357.94
2026-05-08T14:20:46.6314420+08:00	0x08	-0.0045	-0.0158	0.0535	0.9984	6.14	358.16	359.58
2026-05-08T14:20:46.7874631+08:00	0x09	0.0522	-0.0678	-0.6404	0.7633	280.04	350.19	359.58
2026-05-08T14:20:46.8335914+08:00	0x02	0.0165	-0.0047	-0.9740	0.2259	206.12	358.03	359.90
2026-05-08T14:20:46.9713763+08:00	0x06	0.7150	-0.0126	-0.6977	-0.0421	177.65	268.69	355.54
2026-05-08T14:20:47.0435131+08:00	0x03	0.0102	-0.0468	0.2655	0.9629	30.72	355.13	2.55
2026-05-08T14:20:47.1655338+08:00	0x01	-0.0189	-0.0655	-0.2269	0.9715	333.93	353.17	356.19
2026-05-08T14:20:47.3185204+08:00	0x04	-0.0144	-0.0192	-0.2015	0.9792	336.78	358.18	357.94
2026-05-08T14:20:47.3951318+08:00	0x07	-0.1556	-0.6717	0.1790	-0.7019	357.27	86.82	27.31
2026-05-08T14:20:47.5379383+08:00	0x06	0.7148	-0.0113	-0.6980	-0.0408	177.66	268.72	355.75
2026-05-08T14:20:47.6931800+08:00	0x04	-0.0144	-0.0192	-0.2015	0.9792	336.78	358.18	357.94
2026-05-08T14:20:47.7141162+08:00	0x08	-0.0045	-0.0158	0.0535	0.9984	6.14	358.17	359.59
2026-05-08T14:20:47.8977661+08:00	0x02	0.0165	-0.0047	-0.9740	0.2259	206.12	358.03	359.91
2026-05-08T14:20:47.9216930+08:00	0x09	0.0522	-0.0678	-0.6404	0.7633	280.04	350.19	359.58
2026-05-08T14:20:47.9902923+08:00	0x07	-0.1607	-0.6717	0.1839	-0.6994	357.31	87.01	28.15
2026-05-08T14:20:48.1244707+08:00	0x06	0.7158	-0.0113	-0.6970	-0.0404	177.69	268.56	355.78
2026-05-08T14:20:48.2356246+08:00	0x01	-0.0189	-0.0655	-0.2269	0.9715	333.93	353.17	356.19
2026-05-08T14:20:48.3751185+08:00	0x05	0.0106	0.0094	0.4344	0.9006	51.51	1.50	0.63
2026-05-08T14:20:48.4496311+08:00	0x02	0.0165	-0.0047	-0.9740	0.2259	206.12	358.03	359.91
2026-05-08T14:20:48.5360148+08:00	0x07	-0.1622	-0.6709	0.1852	-0.6995	357.30	86.92	28.39
2026-05-08T14:20:48.6291838+08:00	0x06	0.7148	-0.0116	-0.6980	-0.0406	177.70	268.72	355.74
2026-05-08T14:20:48.6696885+08:00	0x03	0.0102	-0.0468	0.2655	0.9629	30.72	355.13	2.55
2026-05-08T14:20:48.8330361+08:00	0x05	0.0107	0.0094	0.4344	0.9006	51.51	1.50	0.63
2026-05-08T14:20:48.8675863+08:00	0x01	-0.0189	-0.0655	-0.2269	0.9715	333.93	353.17	356.19
2026-05-08T14:20:48.8803826+08:00	0x08	-0.0045	-0.0158	0.0535	0.9984	6.14	358.17	359.59
2026-05-08T14:20:48.9317720+08:00	0x02	0.0165	-0.0047	-0.9740	0.2259	206.12	358.03	359.91
2026-05-08T14:20:49.0895837+08:00	0x07	-0.1652	-0.6714	0.1878	-0.6976	357.38	87.13	28.86
2026-05-08T14:20:49.1873192+08:00	0x03	0.0102	-0.0468	0.2655	0.9629	30.72	355.13	2.55
2026-05-08T14:20:49.2337152+08:00	0x06	0.7121	-0.0058	-0.7011	-0.0362	177.56	269.18	356.58
2026-05-08T14:20:49.3494430+08:00	0x04	-0.0144	-0.0191	-0.2015	0.9792	336.78	358.18	357.94
2026-05-08T14:20:49.3833521+08:00	0x08	-0.0045	-0.0158	0.0535	0.9984	6.14	358.16	359.59
2026-05-08T14:20:49.4984505+08:00	0x09	0.0522	-0.0678	-0.6404	0.7633	280.04	350.19	359.58
2026-05-08T14:20:49.6101404+08:00	0x07	-0.1671	-0.6709	0.1899	-0.6971	357.34	87.12	29.20
2026-05-08T14:20:49.7182596+08:00	0x06	0.7128	-0.0067	-0.7004	-0.0372	177.56	269.07	356.42
2026-05-08T14:20:49.7579648+08:00	0x03	0.0102	-0.0468	0.2655	0.9629	30.72	355.13	2.55
2026-05-08T14:20:49.8557056+08:00	0x08	-0.0045	-0.0158	0.0535	0.9984	6.14	358.16	359.59
2026-05-08T14:20:49.9333426+08:00	0x01	-0.0189	-0.0655	-0.2269	0.9715	333.93	353.17	356.19
2026-05-08T14:20:50.0111378+08:00	0x02	0.0165	-0.0047	-0.9740	0.2259	206.12	358.03	359.91
2026-05-08T14:20:50.1824926+08:00	0x06	0.7135	-0.0059	-0.6997	-0.0366	177.54	268.95	356.53
2026-05-08T14:20:50.2916020+08:00	0x03	0.0102	-0.0468	0.2655	0.9629	30.72	355.13	2.55
2026-05-08T14:20:50.3696163+08:00	0x08	-0.0045	-0.0158	0.0535	0.9984	6.14	358.16	359.59
2026-05-08T14:20:50.4372679+08:00	0x04	-0.0144	-0.0191	-0.2015	0.9792	336.78	358.18	357.94
2026-05-08T14:20:50.5807200+08:00	0x09	0.0522	-0.0678	-0.6404	0.7633	280.04	350.19	359.59
2026-05-08T14:20:50.7094889+08:00	0x06	0.7137	-0.0054	-0.6995	-0.0360	177.55	268.92	356.62
2026-05-08T14:20:50.7697417+08:00	0x07	-0.1687	-0.6711	0.1911	-0.6961	357.39	87.22	29.43
2026-05-08T14:20:50.9301128+08:00	0x08	-0.0045	-0.0158	0.0535	0.9984	6.14	358.16	359.59
2026-05-08T14:20:51.0096560+08:00	0x04	-0.0144	-0.0191	-0.2015	0.9792	336.78	358.18	357.94
2026-05-08T14:20:51.1072371+08:00	0x02	0.0165	-0.0047	-0.9740	0.2259	206.12	358.03	359.91
2026-05-08T14:20:51.1676462+08:00	0x09	0.0522	-0.0678	-0.6404	0.7633	280.04	350.19	359.59
2026-05-08T14:20:51.2212282+08:00	0x07	-0.1708	-0.6705	0.1933	-0.6956	357.37	87.20	29.78
2026-05-08T14:20:51.2864700+08:00	0x06	0.7131	-0.0051	-0.7002	-0.0354	177.58	269.03	356.70
2026-05-08T14:20:51.3342809+08:00	0x03	0.0102	-0.0468	0.2655	0.9629	30.72	355.13	2.55
2026-05-08T14:20:51.5026252+08:00	0x08	-0.0045	-0.0158	0.0535	0.9984	6.14	358.16	359.59
2026-05-08T14:20:51.6374516+08:00	0x04	-0.0144	-0.0191	-0.2015	0.9792	336.78	358.18	357.94
2026-05-08T14:20:51.6968748+08:00	0x09	0.0522	-0.0678	-0.6404	0.7633	280.04	350.19	359.59
2026-05-08T14:20:51.8026910+08:00	0x06	0.7129	-0.0071	-0.7003	-0.0375	177.57	269.06	356.37
2026-05-08T14:20:51.8526848+08:00	0x07	-0.1740	-0.6694	0.1967	-0.6949	357.32	87.14	30.34
2026-05-08T14:20:52.1203813+08:00	0x08	-0.0045	-0.0158	0.0535	0.9984	6.14	358.16	359.59
2026-05-08T14:20:52.1789354+08:00	0x01	-0.0189	-0.0655	-0.2269	0.9715	333.93	353.17	356.19
2026-05-08T14:20:52.2846062+08:00	0x09	0.0522	-0.0678	-0.6404	0.7633	280.04	350.19	359.59
2026-05-08T14:20:52.3135790+08:00	0x02	0.0165	-0.0047	-0.9740	0.2259	206.12	358.03	359.91
2026-05-08T14:20:52.3738245+08:00	0x03	0.0102	-0.0468	0.2655	0.9629	30.72	355.13	2.55
2026-05-08T14:20:52.3927797+08:00	0x06	0.7134	-0.0061	-0.6998	-0.0366	177.56	268.97	356.52
2026-05-08T14:20:52.6090844+08:00	0x08	-0.0045	-0.0158	0.0535	0.9984	6.14	358.16	359.59
2026-05-08T14:20:52.6794142+08:00	0x04	-0.0144	-0.0191	-0.2015	0.9792	336.78	358.18	357.94
2026-05-08T14:20:52.7715191+08:00	0x01	-0.0189	-0.0655	-0.2269	0.9715	333.93	353.17	356.19
2026-05-08T14:20:52.7985315+08:00	0x02	0.0165	-0.0047	-0.9740	0.2259	206.12	358.03	359.91
2026-05-08T14:20:52.8794266+08:00	0x09	0.0522	-0.0678	-0.6404	0.7633	280.04	350.19	359.59
2026-05-08T14:20:52.9862945+08:00	0x07	-0.1777	-0.6694	0.2001	-0.6930	357.37	87.28	30.94
2026-05-08T14:20:53.0128332+08:00	0x03	0.0102	-0.0468	0.2655	0.9629	30.72	355.13	2.55
2026-05-08T14:20:53.2210304+08:00	0x08	-0.0045	-0.0158	0.0535	0.9984	6.14	358.16	359.59
2026-05-08T14:20:53.3784142+08:00	0x01	-0.0189	-0.0655	-0.2269	0.9715	333.93	353.17	356.19
2026-05-08T14:20:53.4173595+08:00	0x02	0.0165	-0.0047	-0.9740	0.2259	206.12	358.03	359.91
2026-05-08T14:20:53.4954042+08:00	0x07	-0.1892	-0.6678	0.2182	-0.6861	356.79	87.49	33.43
2026-05-08T14:20:53.5364367+08:00	0x03	0.0102	-0.0468	0.2655	0.9629	30.72	355.13	2.55
2026-05-08T14:20:53.7694131+08:00	0x04	-0.0144	-0.0191	-0.2015	0.9792	336.78	358.18	357.94
2026-05-08T14:20:53.7969421+08:00	0x08	-0.0045	-0.0158	0.0535	0.9984	6.14	358.16	359.59
2026-05-08T14:20:53.8466665+08:00	0x01	-0.0189	-0.0655	-0.2269	0.9715	333.93	353.17	356.19
2026-05-08T14:20:53.8775719+08:00	0x02	0.0165	-0.0047	-0.9740	0.2259	206.12	358.03	359.91
2026-05-08T14:20:53.9701325+08:00	0x09	0.0522	-0.0678	-0.6404	0.7633	280.04	350.19	359.59
2026-05-08T14:20:54.0395857+08:00	0x07	-0.2457	-0.6699	0.3246	-0.6209	353.68	91.55	47.73
2026-05-08T14:20:54.0705231+08:00	0x06	0.7191	-0.0842	-0.6733	-0.1500	175.08	267.06	340.78
2026-05-08T14:20:54.0945955+08:00	0x03	0.0102	-0.0468	0.2655	0.9629	30.72	355.13	2.55
2026-05-08T14:20:54.2886940+08:00	0x08	-0.0045	-0.0158	0.0535	0.9984	6.14	358.16	359.59
2026-05-08T14:20:54.4317979+08:00	0x01	-0.0189	-0.0655	-0.2269	0.9715	333.93	353.17	356.19
2026-05-08T14:20:54.5248800+08:00	0x03	0.0102	-0.0468	0.2655	0.9629	30.72	355.13	2.55
2026-05-08T14:20:54.5738771+08:00	0x06	0.5665	0.0278	-0.8234	-0.0151	176.76	290.90	1.64
2026-05-08T14:20:54.6634119+08:00	0x09	0.0522	-0.0678	-0.6404	0.7633	280.04	350.19	359.58
2026-05-08T14:20:54.7969506+08:00	0x08	-0.0045	-0.0158	0.0535	0.9984	6.14	358.16	359.59
2026-05-08T14:20:54.8634388+08:00	0x04	-0.0144	-0.0192	-0.2015	0.9792	336.78	358.18	357.94
2026-05-08T14:20:54.9377688+08:00	0x01	-0.0189	-0.0654	-0.2269	0.9715	333.93	353.17	356.20
2026-05-08T14:20:54.9786622+08:00	0x02	0.0165	-0.0047	-0.9740	0.2259	206.12	358.04	359.91
2026-05-08T14:20:55.0195837+08:00	0x09	0.0522	-0.0678	-0.6404	0.7633	280.04	350.19	359.58
2026-05-08T14:20:55.1012638+08:00	0x07	-0.2405	-0.6075	0.2755	-0.7051	352.51	78.59	42.37
2026-05-08T14:20:55.3490430+08:00	0x08	-0.0045	-0.0158	0.0535	0.9984	6.14	358.16	359.59
2026-05-08T14:20:55.4889527+08:00	0x04	-0.0144	-0.0192	-0.2015	0.9792	336.78	358.18	357.94
2026-05-08T14:20:55.5342991+08:00	0x02	0.0165	-0.0047	-0.9740	0.2259	206.12	358.04	359.91
2026-05-08T14:20:55.6055871+08:00	0x03	0.0102	-0.0468	0.2655	0.9629	30.72	355.13	2.55
2026-05-08T14:20:55.6349634+08:00	0x07	-0.0844	-0.6528	0.1389	-0.7399	354.25	81.94	17.84
2026-05-08T14:20:55.6793855+08:00	0x06	0.6697	-0.0360	-0.7370	-0.0833	175.67	275.84	350.52
2026-05-08T14:20:55.7693241+08:00	0x09	0.0522	-0.0678	-0.6404	0.7633	280.04	350.19	359.58
2026-05-08T14:20:55.8792719+08:00	0x08	-0.0045	-0.0158	0.0535	0.9984	6.14	358.16	359.59
2026-05-08T14:20:55.9642630+08:00	0x04	-0.0143	-0.0192	-0.2015	0.9792	336.78	358.18	357.95
2026-05-08T14:20:56.0337361+08:00	0x01	-0.0189	-0.0654	-0.2269	0.9715	333.93	353.17	356.20
2026-05-08T14:20:56.1420839+08:00	0x09	0.0522	-0.0678	-0.6404	0.7633	280.04	350.19	359.58
2026-05-08T14:20:56.1937662+08:00	0x02	0.0164	-0.0046	-0.9740	0.2259	206.12	358.04	359.91
2026-05-08T14:20:56.2516050+08:00	0x06	0.6792	-0.0310	-0.7285	-0.0837	175.36	274.38	350.86
2026-05-08T14:20:56.4431407+08:00	0x08	-0.0045	-0.0158	0.0535	0.9984	6.14	358.16	359.58
2026-05-08T14:20:56.5358246+08:00	0x04	-0.0143	-0.0192	-0.2015	0.9792	336.78	358.18	357.95
2026-05-08T14:20:56.6072924+08:00	0x01	-0.0189	-0.0654	-0.2269	0.9715	333.93	353.17	356.20
2026-05-08T14:20:56.6402357+08:00	0x02	0.0164	-0.0047	-0.9740	0.2259	206.12	358.05	359.90
2026-05-08T14:20:56.7049489+08:00	0x07	-0.0892	-0.6519	0.1431	-0.7394	354.22	81.86	18.57
2026-05-08T14:20:56.7514497+08:00	0x03	0.0102	-0.0468	0.2655	0.9629	30.72	355.13	2.55
2026-05-08T14:20:56.8142605+08:00	0x06	0.6862	-0.0418	-0.7181	-0.1079	174.28	273.21	347.99
2026-05-08T14:20:56.9711001+08:00	0x08	-0.0045	-0.0158	0.0535	0.9984	6.14	358.16	359.58
2026-05-08T14:20:57.1537662+08:00	0x04	-0.0143	-0.0192	-0.2015	0.9792	336.78	358.18	357.95
2026-05-08T14:20:57.2122332+08:00	0x09	0.0521	-0.0678	-0.6404	0.7633	280.04	350.19	359.58
2026-05-08T14:20:57.2631035+08:00	0x03	0.0102	-0.0468	0.2655	0.9629	30.72	355.13	2.55
2026-05-08T14:20:57.4334576+08:00	0x06	0.6910	-0.0526	-0.7095	-0.1276	173.57	272.34	345.47
2026-05-08T14:20:57.5864574+08:00	0x08	-0.0045	-0.0158	0.0535	0.9984	6.14	358.16	359.58
2026-05-08T14:20:57.7033106+08:00	0x01	-0.0189	-0.0655	-0.2269	0.9715	333.93	353.17	356.20
2026-05-08T14:20:57.7242542+08:00	0x02	0.0164	-0.0047	-0.9740	0.2259	206.12	358.04	359.90
2026-05-08T14:20:57.7667832+08:00	0x09	0.0522	-0.0678	-0.6404	0.7633	280.04	350.19	359.58
2026-05-08T14:20:57.8466378+08:00	0x07	0.1219	-0.6606	-0.0723	-0.7372	356.75	84.18	344.02
2026-05-08T14:20:57.9812568+08:00	0x08	-0.0045	-0.0158	0.0535	0.9984	6.14	358.17	359.58
2026-05-08T14:20:58.0148609+08:00	0x06	0.6936	-0.0551	-0.7053	-0.1358	173.15	271.89	344.57
2026-05-08T14:20:58.2391214+08:00	0x02	0.0165	-0.0047	-0.9740	0.2259	206.12	358.04	359.90
2026-05-08T14:20:58.2600653+08:00	0x04	-0.0143	-0.0192	-0.2015	0.9792	336.78	358.18	357.95
2026-05-08T14:20:58.3396674+08:00	0x09	0.0522	-0.0678	-0.6404	0.7633	280.04	350.19	359.58
2026-05-08T14:20:58.3879044+08:00	0x03	0.0102	-0.0468	0.2655	0.9629	30.72	355.13	2.55
2026-05-08T14:20:58.5172958+08:00	0x06	0.6981	-0.0623	-0.6982	-0.1456	173.02	271.05	343.12
2026-05-08T14:20:58.5656144+08:00	0x08	-0.0045	-0.0158	0.0535	0.9984	6.14	358.17	359.59
2026-05-08T14:20:58.7895600+08:00	0x01	-0.0189	-0.0655	-0.2269	0.9715	333.93	353.17	356.20
2026-05-08T14:20:58.8216592+08:00	0x02	0.0165	-0.0047	-0.9740	0.2259	206.12	358.04	359.90
2026-05-08T14:20:58.8806139+08:00	0x03	0.0102	-0.0468	0.2655	0.9629	30.72	355.13	2.55
2026-05-08T14:20:59.0130928+08:00	0x06	0.7039	-0.0596	-0.6923	-0.1472	172.81	270.11	343.16
2026-05-08T14:20:59.1043793+08:00	0x08	-0.0045	-0.0158	0.0535	0.9984	6.14	358.16	359.59
2026-05-08T14:20:59.2897901+08:00	0x04	-0.0143	-0.0192	-0.2015	0.9792	336.78	358.18	357.95
2026-05-08T14:20:59.3628415+08:00	0x01	-0.0189	-0.0655	-0.2269	0.9715	333.93	353.17	356.19
2026-05-08T14:20:59.4187199+08:00	0x07	0.2448	-0.6392	-0.1760	-0.7074	355.53	85.60	325.15
2026-05-08T14:20:59.4386669+08:00	0x03	0.0102	-0.0468	0.2655	0.9629	30.72	355.13	2.55
2026-05-08T14:20:59.5056169+08:00	0x06	0.7073	-0.0454	-0.6921	-0.1368	172.57	269.73	345.15
2026-05-08T14:20:59.6456012+08:00	0x08	-0.0045	-0.0158	0.0535	0.9984	6.14	358.17	359.59
2026-05-08T14:20:59.8936482+08:00	0x02	0.0165	-0.0047	-0.9740	0.2259	206.12	358.04	359.91
2026-05-08T14:20:59.9271068+08:00	0x04	-0.0143	-0.0192	-0.2015	0.9792	336.78	358.18	357.95
2026-05-08T14:20:59.9538833+08:00	0x07	0.3235	-0.6247	-0.2333	-0.6713	352.40	89.15	313.46
2026-05-08T14:20:59.9872094+08:00	0x03	0.0102	-0.0468	0.2655	0.9629	30.72	355.13	2.55
2026-05-08T14:21:00.1072617+08:00	0x06	0.7063	-0.0412	-0.6933	-0.1367	172.20	269.93	345.51
2026-05-08T14:21:00.1911074+08:00	0x05	0.0107	0.0094	0.4341	0.9007	51.47	1.51	0.63
2026-05-08T14:21:00.4640917+08:00	0x01	-0.0189	-0.0655	-0.2269	0.9715	333.93	353.17	356.19
2026-05-08T14:21:00.5076669+08:00	0x02	0.0165	-0.0047	-0.9740	0.2259	206.12	358.03	359.91
2026-05-08T14:21:00.5929111+08:00	0x09	0.0522	-0.0678	-0.6404	0.7633	280.04	350.19	359.58
2026-05-08T14:21:00.7101588+08:00	0x08	-0.0045	-0.0158	0.0535	0.9984	6.14	358.17	359.59
2026-05-08T14:21:00.7904535+08:00	0x06	0.7069	-0.0393	-0.6930	-0.1361	172.11	269.86	345.70
2026-05-08T14:21:00.9282350+08:00	0x01	-0.0189	-0.0655	-0.2269	0.9715	333.93	353.17	356.19
2026-05-08T14:21:01.0063410+08:00	0x04	-0.0143	-0.0192	-0.2015	0.9792	336.78	358.18	357.95
2026-05-08T14:21:01.0334855+08:00	0x07	0.3422	-0.6139	-0.2476	-0.6669	352.04	88.94	310.49
2026-05-08T14:21:01.1539227+08:00	0x09	0.0522	-0.0678	-0.6404	0.7633	280.04	350.19	359.59
2026-05-08T14:21:01.3106639+08:00	0x08	-0.0045	-0.0158	0.0535	0.9984	6.14	358.17	359.59
2026-05-08T14:21:01.5170454+08:00	0x01	-0.0189	-0.0655	-0.2269	0.9715	333.93	353.17	356.20
2026-05-08T14:21:01.5520075+08:00	0x07	0.3602	-0.5978	-0.2658	-0.6650	352.65	87.57	307.17
2026-05-08T14:21:01.6322191+08:00	0x03	0.0102	-0.0468	0.2655	0.9629	30.72	355.13	2.55
2026-05-08T14:21:01.7419302+08:00	0x06	0.7065	-0.0505	-0.6900	-0.1489	171.97	269.80	343.74
2026-05-08T14:21:01.8639481+08:00	0x08	-0.0045	-0.0158	0.0535	0.9984	6.14	358.16	359.59
2026-05-08T14:21:02.0221323+08:00	0x01	-0.0189	-0.0655	-0.2269	0.9715	333.93	353.17	356.19
2026-05-08T14:21:02.1465090+08:00	0x07	0.3633	-0.5991	-0.2655	-0.6622	352.00	88.27	306.93
2026-05-08T14:21:02.1756368+08:00	0x04	-0.0143	-0.0192	-0.2015	0.9792	336.78	358.18	357.95
2026-05-08T14:21:02.2498670+08:00	0x09	0.0522	-0.0678	-0.6404	0.7633	280.04	350.20	359.59
2026-05-08T14:21:02.2861599+08:00	0x06	0.7065	-0.0506	-0.6901	-0.1482	172.04	269.79	343.79
2026-05-08T14:21:02.3913625+08:00	0x03	0.0102	-0.0468	0.2655	0.9629	30.72	355.13	2.55
2026-05-08T14:21:02.4544611+08:00	0x05	0.0107	0.0094	0.4342	0.9007	51.48	1.50	0.63
2026-05-08T14:21:02.6161480+08:00	0x01	-0.0189	-0.0655	-0.2269	0.9715	333.93	353.17	356.19
2026-05-08T14:21:02.6864222+08:00	0x04	-0.0144	-0.0191	-0.2015	0.9792	336.78	358.18	357.94
2026-05-08T14:21:02.7010820+08:00	0x07	0.3645	-0.5987	-0.2655	-0.6620	351.86	88.33	306.82
2026-05-08T14:21:02.7573257+08:00	0x03	0.0102	-0.0468	0.2655	0.9629	30.72	355.13	2.55
2026-05-08T14:21:02.7969660+08:00	0x09	0.0521	-0.0678	-0.6404	0.7633	280.04	350.20	359.58
