timestamp	device	q0	q1	q2	q3	yaw	pitch	roll
2026-05-29T15:59:52.1529705+08:00	0x07	-0.8674	-0.2965	0.3992	-0.0207	148.84	224.99	15.82
2026-05-29T15:59:52.3153147+08:00	0x08	0.0195	-0.2826	0.5386	0.7935	63.58	333.01	19.60
2026-05-29T15:59:52.3995720+08:00	0x06	0.2887	0.1881	0.9386	0.0145	171.68	35.68	339.83
2026-05-29T15:59:52.7012096+08:00	0x05	0.5743	-0.4791	-0.4714	-0.4673	226.50	218.27	278.69
2026-05-29T15:59:52.8654707+08:00	0x08	-0.0058	0.7008	0.0465	0.7118	3.34	88.98	355.79
2026-05-29T15:59:53.0155231+08:00	0x06	-0.6430	0.0605	0.7585	0.0868	176.84	279.74	348.26
2026-05-29T15:59:53.2511332+08:00	0x09	0.1036	0.5081	-0.3788	0.7665	325.49	56.59	32.95
2026-05-29T15:59:53.2842231+08:00	0x07	-0.6457	-0.3135	0.6553	-0.2354	172.09	267.51	45.63
2026-05-29T15:59:53.4546774+08:00	0x08	0.0062	0.7197	0.0114	0.6941	1.42	92.07	359.55
2026-05-29T15:59:53.5928497+08:00	0x06	-0.6631	0.0533	0.7413	0.0892	176.40	276.73	348.62
2026-05-29T15:59:53.8153610+08:00	0x09	0.1036	0.5081	-0.3788	0.7665	325.49	56.59	32.95
2026-05-29T15:59:53.8656964+08:00	0x07	-0.6361	-0.3170	0.6616	-0.2391	172.76	269.14	46.36
2026-05-29T15:59:53.9523456+08:00	0x08	0.0109	0.7156	0.0042	0.6984	1.23	91.41	0.53
2026-05-29T15:59:54.1047078+08:00	0x06	-0.6594	0.0523	0.7446	0.0892	176.27	277.31	348.73
2026-05-29T15:59:54.3003609+08:00	0x09	0.1036	0.5081	-0.3788	0.7665	325.49	56.59	32.95
2026-05-29T15:59:54.4027614+08:00	0x07	-0.6330	-0.3180	0.6630	-0.2421	173.16	269.69	46.73
2026-05-29T15:59:54.5335059+08:00	0x08	0.0068	0.7132	0.0070	0.7009	1.11	91.00	359.98
2026-05-29T15:59:54.5991607+08:00	0x06	-0.6580	0.0536	0.7456	0.0907	176.21	277.52	348.51
2026-05-29T15:59:54.8048381+08:00	0x09	0.1036	0.5081	-0.3788	0.7665	325.49	56.59	32.95
2026-05-29T15:59:54.9492704+08:00	0x07	-0.6314	-0.3194	0.6634	-0.2433	173.22	269.89	46.97
2026-05-29T15:59:55.0512501+08:00	0x08	0.0006	0.7126	0.0126	0.7014	1.06	90.90	359.02
2026-05-29T15:59:55.1501089+08:00	0x06	-0.6575	0.0536	0.7461	0.0909	176.18	277.61	348.49
2026-05-29T15:59:55.3705363+08:00	0x09	0.1036	0.5081	-0.3788	0.7665	325.49	56.59	32.95
2026-05-29T15:59:55.4332695+08:00	0x05	0.5778	-0.4722	-0.4751	-0.4663	220.71	223.72	279.04
2026-05-29T15:59:55.5331947+08:00	0x07	-0.6312	-0.3187	0.6644	-0.2421	173.24	270.00	46.81
2026-05-29T15:59:55.6269251+08:00	0x08	-0.0051	0.7113	0.0165	0.7027	0.92	90.68	358.24
2026-05-29T15:59:55.7866553+08:00	0x06	-0.6555	0.0526	0.7478	0.0909	176.08	277.92	348.59
2026-05-29T15:59:55.9542112+08:00	0x09	0.1036	0.5081	-0.3788	0.7665	325.49	56.59	32.95
2026-05-29T15:59:56.0164957+08:00	0x07	-0.6281	-0.3227	0.6642	-0.2452	173.24	270.22	47.45
2026-05-29T15:59:56.1852253+08:00	0x08	-0.0159	0.7123	0.0228	0.7013	0.53	90.87	356.86
2026-05-29T15:59:56.2373644+08:00	0x06	-0.6555	0.0552	0.7468	0.0976	175.69	277.92	347.85
2026-05-29T15:59:56.4669784+08:00	0x09	0.1036	0.5081	-0.3788	0.7665	325.49	56.59	32.95
2026-05-29T15:59:56.5502371+08:00	0x07	-0.6294	-0.3198	0.6656	-0.2419	173.23	270.26	46.90
2026-05-29T15:59:56.7177407+08:00	0x08	-0.0182	0.7129	0.0260	0.7006	0.60	90.98	356.41
2026-05-29T15:59:56.7735996+08:00	0x06	-0.6554	0.0568	0.7467	0.0982	175.75	277.92	347.67
2026-05-29T15:59:57.0376215+08:00	0x09	0.1036	0.5081	-0.3788	0.7665	325.49	56.59	32.95
2026-05-29T15:59:57.0929381+08:00	0x07	-0.6304	-0.3164	0.6672	-0.2396	173.41	270.42	46.41
2026-05-29T15:59:57.1829278+08:00	0x08	-0.0266	0.7103	0.0346	0.7025	0.62	90.61	355.04
2026-05-29T15:59:57.3604909+08:00	0x06	-0.6529	0.0551	0.7495	0.0950	175.87	278.31	348.08
2026-05-29T15:59:57.5707300+08:00	0x09	0.1036	0.5081	-0.3788	0.7665	325.49	56.59	32.95
2026-05-29T15:59:57.6382757+08:00	0x07	-0.6273	-0.3192	0.6678	-0.2421	173.52	270.77	46.89
2026-05-29T15:59:57.7103271+08:00	0x08	-0.0268	0.6923	0.0311	0.7204	0.45	87.70	355.32
2026-05-29T15:59:57.9015571+08:00	0x06	-0.5685	0.1219	0.7911	0.1901	169.76	290.80	335.86
2026-05-29T15:59:58.1411726+08:00	0x09	0.1036	0.5081	-0.3788	0.7665	325.49	56.59	32.95
2026-05-29T15:59:58.2826056+08:00	0x08	-0.0828	0.5165	0.0602	0.8501	0.98	62.46	348.29
2026-05-29T15:59:58.4338293+08:00	0x06	-0.4627	0.1347	0.8468	0.2252	163.42	306.52	334.11
2026-05-29T15:59:58.7440065+08:00	0x09	0.1036	0.5081	-0.3788	0.7665	325.49	56.59	32.95
2026-05-29T15:59:58.8379754+08:00	0x08	-0.1363	0.4671	0.1672	0.8575	9.97	55.13	337.05
2026-05-29T15:59:59.0063255+08:00	0x06	-0.4529	0.1535	0.8463	0.2349	162.94	308.01	331.79
2026-05-29T15:59:59.2380525+08:00	0x09	0.1036	0.5081	-0.3788	0.7665	325.49	56.59	32.95
2026-05-29T15:59:59.2588618+08:00	0x07	-0.7813	-0.2211	0.5832	-0.0220	160.46	250.53	17.00
2026-05-29T15:59:59.3726067+08:00	0x08	-0.1948	0.4765	0.2453	0.8215	15.14	55.63	326.37
2026-05-29T15:59:59.4862389+08:00	0x06	-0.4843	0.1230	0.8506	0.1637	170.14	302.57	338.42
2026-05-29T15:59:59.7847575+08:00	0x07	-0.7363	-0.2523	0.6221	-0.0846	162.76	256.38	26.01
2026-05-29T15:59:59.9385374+08:00	0x08	-0.2499	0.4679	0.3114	0.7885	20.69	53.09	316.72
2026-05-29T15:59:59.9880399+08:00	0x06	-0.4908	0.1086	0.8519	0.1467	171.27	301.58	340.78
2026-05-29T16:00:00.3170597+08:00	0x07	-0.7217	-0.2288	0.6444	-0.1076	167.61	260.57	26.76
2026-05-29T16:00:00.3730213+08:00	0x09	0.1036	0.5081	-0.3788	0.7665	325.49	56.59	32.95
2026-05-29T16:00:00.4325623+08:00	0x05	0.6052	-0.6230	-0.4154	-0.2702	261.65	198.09	302.36
2026-05-29T16:00:00.5861947+08:00	0x06	-0.5430	0.1227	0.8172	0.1492	173.18	294.08	338.74
2026-05-29T16:00:00.8661487+08:00	0x07	-0.7779	-0.2362	0.5753	-0.0900	163.17	249.32	24.32
2026-05-29T16:00:01.0172736+08:00	0x09	0.1036	0.5081	-0.3788	0.7665	325.49	56.59	32.95
2026-05-29T16:00:01.0515051+08:00	0x08	-0.2931	0.4925	0.3517	0.7402	21.77	56.73	308.71
2026-05-29T16:00:01.4010003+08:00	0x07	-0.7262	-0.2089	0.6519	-0.0630	166.25	261.23	21.34
2026-05-29T16:00:01.4696651+08:00	0x09	0.1036	0.5081	-0.3788	0.7665	325.49	56.59	32.95
2026-05-29T16:00:01.5664129+08:00	0x08	-0.2919	0.4918	0.3505	0.7417	21.74	56.61	308.95
2026-05-29T16:00:01.6745945+08:00	0x06	-0.5371	0.1561	0.7913	0.2469	164.94	295.84	329.18
2026-05-29T16:00:02.0011522+08:00	0x07	-0.7192	-0.2355	0.6470	-0.0936	165.98	260.69	26.06
2026-05-29T16:00:02.1186093+08:00	0x08	-0.3235	0.4710	0.4425	0.6911	37.56	46.44	300.23
2026-05-29T16:00:02.1662494+08:00	0x06	-0.5475	0.1286	0.8057	0.1859	169.98	293.76	335.75
2026-05-29T16:00:02.4728635+08:00	0x07	-0.6677	-0.2547	0.6882	-0.1250	168.67	268.56	31.16
2026-05-29T16:00:02.5852131+08:00	0x09	0.1036	0.5081	-0.3788	0.7665	325.49	56.59	32.95
2026-05-29T16:00:02.6981379+08:00	0x05	0.6036	-0.4488	-0.5015	-0.4275	205.99	239.34	284.93
2026-05-29T16:00:03.0063287+08:00	0x07	-0.6663	-0.2189	0.6995	-0.1370	173.41	271.06	29.26
2026-05-29T16:00:03.1014789+08:00	0x08	-0.3948	0.5045	0.4601	0.6148	32.29	55.09	288.26
2026-05-29T16:00:03.1513544+08:00	0x05	0.6200	-0.4228	-0.5172	-0.4116	197.98	246.70	288.63
2026-05-29T16:00:03.2233940+08:00	0x06	-0.6626	0.0370	0.7451	0.0663	177.12	276.92	351.78
2026-05-29T16:00:03.5571634+08:00	0x07	-0.6887	-0.1700	0.6976	-0.1008	174.21	269.60	22.09
2026-05-29T16:00:03.6782718+08:00	0x08	-0.3734	0.6084	0.3766	0.5903	358.73	92.53	295.94
2026-05-29T16:00:03.7386315+08:00	0x06	-0.6708	0.0516	0.7352	0.0819	177.01	275.52	349.29
2026-05-29T16:00:04.0395499+08:00	0x07	-0.6900	-0.1613	0.7002	-0.0866	173.81	269.74	20.21
2026-05-29T16:00:04.2012886+08:00	0x08	-0.3177	0.6165	0.3387	0.6358	3.92	86.18	304.75
2026-05-29T16:00:04.3183564+08:00	0x06	-0.5701	0.0923	0.8033	0.1454	172.23	290.53	341.70
2026-05-29T16:00:04.5679815+08:00	0x07	-0.8321	-0.1120	0.5409	0.0500	166.08	245.79	2.17
2026-05-29T16:00:04.7765971+08:00	0x08	-0.1976	0.2742	0.3881	0.8574	41.91	22.33	326.51
2026-05-29T16:00:04.8853367+08:00	0x06	-0.2176	0.0534	0.9683	0.1105	168.87	335.52	351.29
2026-05-29T16:00:05.1014353+08:00	0x07	-0.8286	-0.1136	0.5463	0.0459	166.19	246.46	2.75
2026-05-29T16:00:05.3014238+08:00	0x08	-0.2019	0.2856	0.3877	0.8529	41.46	23.64	325.55
2026-05-29T16:00:05.3353327+08:00	0x09	0.1036	0.5081	-0.3788	0.7665	325.49	56.59	32.95
2026-05-29T16:00:05.4046197+08:00	0x06	-0.2289	0.0547	0.9654	0.1119	168.85	334.20	350.98
2026-05-29T16:00:05.6516015+08:00	0x07	-0.9438	-0.1626	0.2628	0.1170	158.16	212.62	352.22
2026-05-29T16:00:05.8637513+08:00	0x08	-0.1825	-0.0149	0.4473	0.8754	55.94	348.52	342.17
2026-05-29T16:00:05.9867379+08:00	0x06	-0.0006	0.1318	0.9883	0.0773	170.90	1.14	344.90
2026-05-29T16:00:06.1855290+08:00	0x07	-0.9405	-0.2372	0.2251	0.0921	150.74	207.91	356.19
2026-05-29T16:00:06.3394530+08:00	0x08	-0.1557	-0.0735	0.5154	0.8394	64.69	343.20	349.30
2026-05-29T16:00:06.4905954+08:00	0x09	0.1036	0.5081	-0.3788	0.7665	325.49	56.59	32.95
2026-05-29T16:00:06.5023362+08:00	0x06	0.0283	0.1623	0.9863	-0.0028	179.78	3.33	341.31
2026-05-29T16:00:06.7196351+08:00	0x07	-0.9267	-0.2922	0.2292	0.0583	145.36	207.33	1.48
2026-05-29T16:00:06.9774722+08:00	0x08	-0.1463	-0.0467	0.5641	0.8113	70.94	345.81	349.36
2026-05-29T16:00:07.0206225+08:00	0x09	0.1036	0.5081	-0.3788	0.7665	325.49	56.59	32.95
2026-05-29T16:00:07.3074665+08:00	0x07	-0.8924	-0.2709	0.3607	0.0038	150.32	221.13	10.88
2026-05-29T16:00:07.5354602+08:00	0x08	-0.3283	0.2203	0.6653	0.6333	98.22	347.07	314.85
2026-05-29T16:00:07.5697435+08:00	0x06	-0.3375	0.0438	0.9393	0.0433	177.02	320.63	353.60
2026-05-29T16:00:07.8438945+08:00	0x07	-0.7555	-0.2216	0.6034	-0.1267	168.19	254.35	27.32
2026-05-29T16:00:08.0612599+08:00	0x08	-0.4700	0.4622	0.5259	0.5375	87.83	1.06	277.53
2026-05-29T16:00:08.1053688+08:00	0x09	0.1036	0.5081	-0.3788	0.7665	325.49	56.59	32.95
2026-05-29T16:00:08.3919622+08:00	0x07	-0.6846	-0.1192	0.7127	-0.0956	178.38	272.06	17.51
2026-05-29T16:00:08.6589260+08:00	0x08	-0.3294	0.5994	0.3530	0.6385	5.98	83.10	302.46
2026-05-29T16:00:08.6878109+08:00	0x09	0.1036	0.5081	-0.3788	0.7665	325.49	56.59	32.95
2026-05-29T16:00:08.9371580+08:00	0x07	-0.6926	-0.0570	0.7182	-0.0361	178.44	271.98	7.58
2026-05-29T16:00:09.1202303+08:00	0x09	0.1036	0.5081	-0.3788	0.7665	325.49	56.59	32.95
2026-05-29T16:00:09.4602050+08:00	0x07	-0.6921	-0.0073	0.7217	0.0147	178.20	272.41	359.44
2026-05-29T16:00:09.6374962+08:00	0x09	0.1036	0.5081	-0.3788	0.7665	325.49	56.59	32.95
2026-05-29T16:00:09.9611315+08:00	0x05	0.6285	-0.5502	-0.4210	-0.3536	249.86	199.50	294.81
2026-05-29T16:00:10.2192796+08:00	0x09	0.1036	0.5081	-0.3788	0.7665	325.49	56.59	32.95
2026-05-29T16:00:10.5109779+08:00	0x05	0.6293	-0.5493	-0.4229	-0.3513	249.21	200.30	294.93
2026-05-29T16:00:10.5109779+08:00	0x07	-0.6881	0.0437	0.7212	0.0671	177.88	272.86	351.06
2026-05-29T16:02:35.4348749+08:00	0x09	0.1036	0.5081	-0.3788	0.7665	325.49	56.59	32.95
2026-05-29T16:02:35.4348749+08:00	0x06	-0.6272	0.0864	0.7696	0.0829	178.87	281.78	346.30
2026-05-29T16:02:35.4348749+08:00	0x05	0.6263	-0.5515	-0.4225	-0.3538	250.15	199.48	294.62
2026-05-29T16:02:35.4348749+08:00	0x07	-0.6852	0.0655	0.7201	0.0876	177.87	273.08	347.63
2026-05-29T16:02:35.4348749+08:00	0x09	0.1036	0.5081	-0.3788	0.7665	325.49	56.59	32.95
2026-05-29T16:02:35.4348749+08:00	0x08	-0.3340	0.5959	0.3586	0.6362	6.39	82.68	301.52
2026-05-29T16:02:35.4348749+08:00	0x06	-0.6257	0.0846	0.7715	0.0784	179.11	282.01	346.78
2026-05-29T16:02:35.4348749+08:00	0x07	-0.6814	0.0772	0.7214	0.0968	177.97	273.52	345.92
2026-05-29T16:02:35.4348749+08:00	0x08	0.1086	0.6831	-0.0857	0.7171	1.52	87.42	15.83
2026-05-29T16:02:35.4348749+08:00	0x07	-0.6774	0.0877	0.7225	0.1067	177.89	273.98	344.26
2026-05-29T16:02:35.4348749+08:00	0x08	0.1599	0.6727	-0.1395	0.7089	1.09	87.23	24.48
2026-05-29T16:02:35.4348749+08:00	0x09	0.1036	0.5081	-0.3788	0.7665	325.49	56.59	32.95
2026-05-29T16:02:35.4348749+08:00	0x07	-0.6751	0.0943	0.7229	0.1131	177.84	274.23	343.20
2026-05-29T16:02:35.4348749+08:00	0x09	0.1036	0.5081	-0.3788	0.7665	325.49	56.59	32.95
2026-05-29T16:02:35.4348749+08:00	0x08	0.1809	0.6666	-0.1620	0.7048	0.83	87.02	28.09
2026-05-29T16:02:35.4348749+08:00	0x05	0.6162	-0.5476	-0.4464	-0.3482	246.55	205.18	293.37
2026-05-29T16:02:35.4348749+08:00	0x09	0.1036	0.5081	-0.3788	0.7665	325.49	56.59	32.95
2026-05-29T16:02:35.4348749+08:00	0x06	-0.5895	0.1217	0.7861	0.1403	175.27	287.14	339.10
2026-05-29T16:02:35.4348749+08:00	0x07	-0.6849	0.1256	0.6960	0.1755	175.44	271.91	335.46
2026-05-29T16:02:35.4348749+08:00	0x09	0.1036	0.5081	-0.3788	0.7665	325.49	56.59	32.95
2026-05-29T16:02:35.4348749+08:00	0x08	0.1935	0.6622	-0.1761	0.7022	0.60	86.80	30.32
2026-05-29T16:02:35.4348749+08:00	0x07	-0.7149	0.0181	0.6905	0.1090	172.72	268.67	349.59
2026-05-29T16:02:35.4348749+08:00	0x09	0.1036	0.5081	-0.3788	0.7665	325.49	56.59	32.95
2026-05-29T16:02:35.4348749+08:00	0x06	-0.3767	-0.0573	0.8842	-0.2701	207.14	318.16	17.75
2026-05-29T16:02:35.4348749+08:00	0x07	-0.7535	-0.0961	0.6503	-0.0068	172.11	261.05	7.77
2026-05-29T16:02:35.4358721+08:00	0x09	0.1036	0.5081	-0.3788	0.7665	325.49	56.59	32.95
2026-05-29T16:02:35.4358721+08:00	0x08	-0.0888	0.4104	0.2043	0.8843	17.76	46.81	341.05
2026-05-29T16:02:35.4358721+08:00	0x07	-0.7527	-0.0927	0.6518	-0.0033	172.17	261.28	7.23
2026-05-29T16:02:35.4358721+08:00	0x09	0.1036	0.5081	-0.3788	0.7665	325.49	56.59	32.95
2026-05-29T16:02:35.4358721+08:00	0x05	0.6165	-0.5477	-0.4457	-0.3484	246.66	205.00	293.41
2026-05-29T16:02:35.4358721+08:00	0x07	-0.6077	-0.2797	0.7185	-0.1905	175.10	277.80	39.30
2026-05-29T16:02:35.4358721+08:00	0x09	0.1036	0.5081	-0.3788	0.7665	325.49	56.59	32.95
2026-05-29T16:02:35.4358721+08:00	0x08	-0.0160	0.4521	-0.0421	0.8908	354.86	53.79	0.55
2026-05-29T16:02:35.4358721+08:00	0x05	0.7130	-0.5441	-0.3700	-0.2422	244.04	203.45	311.58
2026-05-29T16:02:35.4358721+08:00	0x07	-0.8460	-0.2409	0.4647	-0.1011	160.04	233.40	23.27
2026-05-29T16:02:35.4358721+08:00	0x06	-0.3647	0.0706	0.9285	-0.0024	183.24	316.90	352.57
2026-05-29T16:02:35.4358721+08:00	0x09	0.1036	0.5081	-0.3788	0.7665	325.49	56.59	32.95
2026-05-29T16:02:35.4358721+08:00	0x07	-0.8073	0.1189	0.5557	0.1592	180.93	248.89	337.10
2026-05-29T16:02:35.4358721+08:00	0x08	-0.0182	0.4513	-0.0347	0.8915	355.50	53.70	359.94
2026-05-29T16:02:35.4358721+08:00	0x09	0.1036	0.5081	-0.3788	0.7665	325.49	56.59	32.95
2026-05-29T16:02:35.4358721+08:00	0x06	-0.3806	0.0658	0.9210	0.0505	177.50	315.30	350.82
2026-05-29T16:02:35.4358721+08:00	0x07	-0.8505	0.1246	0.4985	0.1120	186.06	239.77	341.66
2026-05-29T16:02:35.4358721+08:00	0x06	-0.4013	0.0231	0.9154	-0.0210	183.27	312.62	358.54
2026-05-29T16:02:35.4358721+08:00	0x09	0.1036	0.5081	-0.3788	0.7665	325.49	56.59	32.95
2026-05-29T16:02:35.4358721+08:00	0x07	-0.8429	0.0317	0.5291	0.0923	177.42	244.48	349.10
2026-05-29T16:02:35.4358721+08:00	0x05	0.5534	-0.5115	-0.3125	-0.5783	313.20	118.92	286.31
2026-05-29T16:02:35.4358721+08:00	0x06	-0.4380	0.0420	0.8976	-0.0250	184.69	307.85	356.94
2026-05-29T16:02:35.4358721+08:00	0x09	0.1036	0.5081	-0.3788	0.7665	325.49	56.59	32.95
2026-05-29T16:02:35.4358721+08:00	0x07	-0.8800	-0.0408	0.4663	0.0811	171.48	236.29	353.99
2026-05-29T16:02:35.4358721+08:00	0x08	0.1424	0.5060	-0.3095	0.7924	335.72	57.92	32.61
2026-05-29T16:02:35.4358721+08:00	0x06	-0.1192	0.0848	0.9864	-0.0743	189.71	345.48	351.40
2026-05-29T16:02:35.4358721+08:00	0x09	0.1036	0.5081	-0.3788	0.7665	325.49	56.59	32.95
2026-05-29T16:02:35.4358721+08:00	0x05	0.4846	-0.5451	-0.3833	-0.5667	338.33	104.57	284.75
2026-05-29T16:02:35.4358721+08:00	0x07	-0.8865	0.0052	0.4574	0.0701	176.83	234.79	352.59
2026-05-29T16:02:35.4358721+08:00	0x08	-0.1169	0.1393	0.0269	0.9830	1.20	15.98	346.28
2026-05-29T16:02:35.4358721+08:00	0x09	0.1036	0.5081	-0.3788	0.7665	325.49	56.59	32.95
2026-05-29T16:02:35.4358721+08:00	0x07	-0.8863	-0.0064	0.4584	0.0656	175.87	234.93	353.66
2026-05-29T16:02:35.4358721+08:00	0x08	-0.1003	0.1264	0.1874	0.9690	20.37	12.34	346.02
2026-05-29T16:02:35.4358721+08:00	0x09	0.1036	0.5081	-0.3788	0.7665	325.49	56.59	32.95
2026-05-29T16:02:35.4358721+08:00	0x07	-0.8632	-0.0110	0.4996	0.0716	174.78	240.41	353.53
2026-05-29T16:02:35.4358721+08:00	0x08	-0.1067	0.0963	0.3137	0.9386	36.06	6.77	344.89
2026-05-29T16:02:35.4358721+08:00	0x06	-0.0819	0.0734	0.9888	-0.1004	192.26	349.73	352.61
2026-05-29T16:02:35.4358721+08:00	0x09	0.1036	0.5081	-0.3788	0.7665	325.49	56.59	32.95
2026-05-29T16:02:35.4358721+08:00	0x07	-0.8219	-0.0546	0.5534	0.1236	166.77	248.86	351.80
2026-05-29T16:02:35.4358721+08:00	0x08	-0.1196	0.0848	0.4216	0.8949	50.01	3.04	343.41
2026-05-29T16:02:35.4358721+08:00	0x09	0.1036	0.5081	-0.3788	0.7665	325.49	56.59	32.95
2026-05-29T16:02:35.4358721+08:00	0x05	0.5482	-0.4801	-0.4810	-0.4874	221.97	223.75	274.93
2026-05-29T16:02:35.4358721+08:00	0x08	-0.1274	0.0758	0.4791	0.8651	57.87	0.55	342.96
2026-05-29T16:02:35.4358721+08:00	0x06	-0.0807	0.0564	0.9890	-0.1106	193.23	350.04	354.62
2026-05-29T16:02:35.4358721+08:00	0x09	0.1036	0.5081	-0.3788	0.7665	325.49	56.59	32.95
2026-05-29T16:02:35.4358721+08:00	0x07	-0.8219	-0.0555	0.5547	0.1173	167.10	248.89	352.45
2026-05-29T16:02:35.4358721+08:00	0x08	-0.1323	0.0686	0.5200	0.8411	63.65	358.67	342.91
2026-05-29T16:02:35.4358721+08:00	0x09	0.1036	0.5081	-0.3788	0.7665	325.49	56.59	32.95
2026-05-29T16:02:35.4358721+08:00	0x07	-0.8230	-0.0605	0.5530	0.1145	166.82	248.60	353.02
2026-05-29T16:02:35.4358721+08:00	0x08	-0.1346	0.0617	0.5545	0.8189	68.63	357.11	343.21
2026-05-29T16:02:35.4358721+08:00	0x09	0.1036	0.5081	-0.3788	0.7665	325.49	56.59	32.95
2026-05-29T16:02:35.4358721+08:00	0x07	-0.8227	-0.0620	0.5535	0.1136	166.74	248.65	353.21
2026-05-29T16:02:35.4358721+08:00	0x08	-0.1369	0.0542	0.5926	0.7920	74.27	355.43	343.68
2026-05-29T16:02:35.4358721+08:00	0x06	-0.0833	0.0549	0.9883	-0.1156	193.81	349.74	354.88
2026-05-29T16:02:35.4358721+08:00	0x07	-0.8224	-0.0628	0.5541	0.1127	166.71	248.72	353.35
2026-05-29T16:02:35.4358721+08:00	0x06	-0.0822	0.0547	0.9883	-0.1164	193.88	349.87	354.90
2026-05-29T16:02:35.4358721+08:00	0x09	0.1036	0.5081	-0.3788	0.7665	325.49	56.59	32.95
2026-05-29T16:02:35.4358721+08:00	0x07	-0.8222	-0.0634	0.5545	0.1121	166.70	248.76	353.45
2026-05-29T16:02:35.4358721+08:00	0x05	0.5722	-0.4738	-0.4773	-0.4694	220.44	224.36	278.34
2026-05-29T16:02:35.4358721+08:00	0x06	-0.0816	0.0547	0.9883	-0.1169	193.94	349.94	354.90
2026-05-29T16:02:35.4358721+08:00	0x09	0.1036	0.5081	-0.3788	0.7665	325.49	56.59	32.95
2026-05-29T16:02:35.4358721+08:00	0x05	0.5717	-0.4737	-0.4781	-0.4694	219.96	224.91	278.30
2026-05-29T16:02:35.4369141+08:00	0x07	-0.8219	-0.0640	0.5549	0.1115	166.68	248.80	353.55
2026-05-29T16:02:35.4369141+08:00	0x08	-0.1388	0.0465	0.6163	0.7738	77.89	354.09	344.21
2026-05-29T16:02:35.4369141+08:00	0x09	0.1036	0.5081	-0.3788	0.7665	325.49	56.59	32.95
2026-05-29T16:02:35.4369141+08:00	0x07	-0.8225	-0.0680	0.5537	0.1110	166.34	248.63	353.84
2026-05-29T16:02:35.4369141+08:00	0x08	-0.1466	0.0367	0.6282	0.7633	79.96	352.35	344.34
2026-05-29T16:02:35.4369141+08:00	0x09	0.1036	0.5081	-0.3788	0.7665	325.49	56.59	32.95
2026-05-29T16:02:35.4369141+08:00	0x07	-0.8285	-0.1030	0.5411	0.1006	163.74	246.75	356.84
2026-05-29T16:02:35.4369141+08:00	0x08	-0.1401	0.0348	0.6273	0.7653	79.64	352.71	345.04
2026-05-29T16:02:35.4369141+08:00	0x06	-0.1083	0.0515	0.9838	-0.1333	195.91	346.86	355.84
2026-05-29T16:02:35.4369141+08:00	0x09	0.1036	0.5081	-0.3788	0.7665	325.49	56.59	32.95
2026-05-29T16:02:35.4369141+08:00	0x07	-0.8291	-0.0990	0.5413	0.0994	164.20	246.73	356.70
2026-05-29T16:02:35.4369141+08:00	0x08	-0.1323	0.0379	0.6238	0.7694	78.88	353.67	345.47
2026-05-29T16:02:35.4369141+08:00	0x09	0.1036	0.5081	-0.3788	0.7665	325.49	56.59	32.95
2026-05-29T16:02:35.4369141+08:00	0x07	-0.8288	-0.1005	0.5415	0.0983	164.13	246.75	356.90
2026-05-29T16:02:35.4369141+08:00	0x08	-0.1323	0.0382	0.6240	0.7692	78.90	353.69	345.45
2026-05-29T16:02:35.4369141+08:00	0x09	0.1036	0.5081	-0.3788	0.7665	325.49	56.59	32.95
2026-05-29T16:02:35.4369141+08:00	0x05	0.5652	-0.4950	-0.4824	-0.4504	230.17	217.63	279.36
2026-05-29T16:02:35.4369141+08:00	0x07	-0.8288	-0.1004	0.5416	0.0981	164.15	246.75	356.91
2026-05-29T16:02:35.4369141+08:00	0x08	-0.1321	0.0379	0.6241	0.7692	78.91	353.68	345.50
2026-05-29T16:02:35.4369141+08:00	0x09	0.1036	0.5081	-0.3788	0.7665	325.49	56.59	32.95
2026-05-29T16:02:35.4369141+08:00	0x07	-0.8289	-0.1007	0.5416	0.0977	164.15	246.74	356.97
2026-05-29T16:02:35.4369141+08:00	0x08	-0.1320	0.0379	0.6242	0.7691	78.93	353.69	345.51
2026-05-29T16:02:35.4369141+08:00	0x09	0.1036	0.5081	-0.3788	0.7665	325.49	56.59	32.95
2026-05-29T16:02:35.4369141+08:00	0x07	-0.8289	-0.1006	0.5416	0.0973	164.19	246.73	357.00
2026-05-29T16:02:35.4369141+08:00	0x08	-0.1320	0.0381	0.6244	0.7689	78.96	353.70	345.49
2026-05-29T16:02:35.4369141+08:00	0x09	0.1036	0.5081	-0.3788	0.7665	325.49	56.59	32.95
2026-05-29T16:02:35.4369141+08:00	0x07	-0.8290	-0.1006	0.5415	0.0973	164.19	246.72	356.99
2026-05-29T16:02:35.4369141+08:00	0x08	-0.1318	0.0381	0.6246	0.7688	78.98	353.71	345.51
2026-05-29T16:02:35.4369141+08:00	0x09	0.1036	0.5081	-0.3788	0.7665	325.49	56.59	32.95
2026-05-29T16:02:35.4369141+08:00	0x06	-0.1067	0.0510	0.9840	-0.1334	195.91	347.05	355.88
2026-05-29T16:02:35.4369141+08:00	0x05	0.5699	-0.4861	-0.4875	-0.4485	223.08	224.34	279.85
2026-05-29T16:02:35.4369141+08:00	0x07	-0.8290	-0.1004	0.5416	0.0967	164.24	246.72	357.04
2026-05-29T16:02:35.4369141+08:00	0x06	-0.1067	0.0510	0.9840	-0.1334	195.91	347.05	355.88
2026-05-29T16:02:35.4369141+08:00	0x05	0.5697	-0.4859	-0.4884	-0.4481	222.57	224.93	279.87
2026-05-29T16:02:35.4369141+08:00	0x09	0.1036	0.5081	-0.3788	0.7665	325.49	56.59	32.95
2026-05-29T16:02:35.4369141+08:00	0x07	-0.8290	-0.1006	0.5417	0.0964	164.24	246.73	357.09
2026-05-29T16:02:35.4369141+08:00	0x06	-0.1066	0.0510	0.9840	-0.1333	195.90	347.05	355.87
2026-05-29T16:02:35.4369141+08:00	0x07	-0.8290	-0.1007	0.5416	0.0962	164.25	246.71	357.10
2026-05-29T16:02:35.4369141+08:00	0x08	-0.1312	0.0380	0.6250	0.7686	79.03	353.74	345.57
2026-05-29T16:02:35.4369141+08:00	0x06	-0.1069	0.0511	0.9839	-0.1336	195.93	347.02	355.88
2026-05-29T16:02:35.4369141+08:00	0x07	-0.8291	-0.1006	0.5416	0.0962	164.25	246.71	357.10
2026-05-29T16:02:35.4369141+08:00	0x09	0.1036	0.5081	-0.3788	0.7665	325.49	56.59	32.95
2026-05-29T16:02:35.4369141+08:00	0x08	-0.1310	0.0380	0.6252	0.7684	79.05	353.76	345.59
2026-05-29T16:02:35.4378667+08:00	0x06	-0.1069	0.0510	0.9839	-0.1339	195.96	347.02	355.89
2026-05-29T16:02:35.4378667+08:00	0x07	-0.8291	-0.1006	0.5415	0.0962	164.26	246.70	357.11
2026-05-29T16:02:35.4378667+08:00	0x09	0.1036	0.5081	-0.3788	0.7665	325.49	56.59	32.95
2026-05-29T16:02:35.4378667+08:00	0x08	-0.1311	0.0382	0.6253	0.7683	79.07	353.77	345.57
2026-05-29T16:02:35.4378667+08:00	0x07	-0.8291	-0.1006	0.5415	0.0961	164.26	246.70	357.11
2026-05-29T16:02:35.4378667+08:00	0x05	0.5698	-0.4818	-0.4918	-0.4486	219.02	228.40	279.87
2026-05-29T16:02:35.4378667+08:00	0x08	-0.1337	0.0379	0.6250	0.7682	79.09	353.54	345.36
2026-05-29T16:02:35.4378667+08:00	0x07	-0.8303	-0.1305	0.5373	0.0692	163.07	245.60	1.45
2026-05-29T16:02:35.4378667+08:00	0x06	-0.1060	0.0512	0.9840	-0.1337	195.95	347.12	355.84
2026-05-29T16:02:35.4378667+08:00	0x09	0.1036	0.5081	-0.3788	0.7665	325.49	56.59	32.95
2026-05-29T16:02:35.4378667+08:00	0x08	-0.1445	0.0597	0.6249	0.7649	79.31	354.64	342.80
2026-05-29T16:02:35.4378667+08:00	0x07	-0.8276	-0.1451	0.5395	0.0548	162.55	245.63	3.77
2026-05-29T16:02:35.4378667+08:00	0x09	0.1036	0.5081	-0.3788	0.7665	325.49	56.59	32.95
2026-05-29T16:02:35.4378667+08:00	0x08	-0.1463	0.0707	0.6267	0.7621	79.59	355.44	341.84
2026-05-29T16:02:35.4378667+08:00	0x07	-0.8289	-0.1466	0.5373	0.0532	162.49	245.29	3.98
2026-05-29T16:02:35.4378667+08:00	0x06	-0.1022	0.0575	0.9836	-0.1374	196.44	347.43	355.12
2026-05-29T16:02:35.4378667+08:00	0x09	0.1036	0.5081	-0.3788	0.7665	325.49	56.59	32.95
2026-05-29T16:02:35.4378667+08:00	0x05	0.6286	-0.4572	-0.4320	-0.4574	227.67	210.95	284.05
2026-05-29T16:02:35.4378667+08:00	0x07	-0.8295	-0.1430	0.5372	0.0543	162.77	245.31	3.64
2026-05-29T16:02:35.4378667+08:00	0x09	0.1036	0.5081	-0.3788	0.7665	325.49	56.59	32.95
2026-05-29T16:02:35.4378667+08:00	0x05	0.6231	-0.4585	-0.4310	-0.4645	229.13	209.43	283.07
2026-05-29T16:02:35.4378667+08:00	0x08	-0.1423	0.0677	0.6293	0.7610	79.89	355.43	342.44
2026-05-29T16:02:35.4378667+08:00	0x07	-0.8297	-0.1405	0.5374	0.0554	162.95	245.35	3.39
2026-05-29T16:02:35.4378667+08:00	0x09	0.1036	0.5081	-0.3788	0.7665	325.49	56.59	32.95
2026-05-29T16:02:35.4378667+08:00	0x06	-0.1005	0.0594	0.9837	-0.1368	196.39	347.59	354.87
2026-05-29T16:02:35.4378667+08:00	0x05	0.6192	-0.4607	-0.4320	-0.4666	230.08	208.77	282.60
2026-05-29T16:02:35.4378667+08:00	0x08	-0.1430	0.0671	0.6296	0.7607	79.94	355.32	342.42
2026-05-29T16:02:35.4378667+08:00	0x07	-0.8294	-0.1389	0.5383	0.0559	163.08	245.48	3.26
2026-05-29T16:02:35.4378667+08:00	0x09	0.1036	0.5081	-0.3788	0.7665	325.49	56.59	32.95
2026-05-29T16:02:35.4378667+08:00	0x06	-0.0999	0.0601	0.9838	-0.1364	196.35	347.65	354.78
2026-05-29T16:02:35.4378667+08:00	0x08	-0.1423	0.0667	0.6296	0.7609	79.93	355.33	342.50
2026-05-29T16:02:35.4378667+08:00	0x07	-0.8295	-0.1376	0.5383	0.0565	163.16	245.50	3.12
2026-05-29T16:02:35.4378667+08:00	0x09	0.1036	0.5081	-0.3788	0.7665	325.49	56.59	32.95
2026-05-29T16:02:35.4378667+08:00	0x06	-0.1002	0.0606	0.9838	-0.1361	196.32	347.61	354.73
2026-05-29T16:02:35.4378667+08:00	0x08	-0.1425	0.0668	0.6298	0.7607	79.97	355.31	342.49
2026-05-29T16:02:35.4378667+08:00	0x05	0.6187	-0.4668	-0.4270	-0.4658	234.08	204.91	282.82
2026-05-29T16:02:35.4378667+08:00	0x07	-0.8295	-0.1384	0.5382	0.0563	163.10	245.48	3.19
2026-05-29T16:02:35.4378667+08:00	0x06	-0.1001	0.0609	0.9838	-0.1356	196.27	347.62	354.68
2026-05-29T16:02:35.4378667+08:00	0x05	0.6208	-0.4687	-0.4229	-0.4648	235.74	203.05	283.20
2026-05-29T16:02:35.4378667+08:00	0x08	-0.1422	0.0667	0.6294	0.7610	79.90	355.34	342.52
2026-05-29T16:02:35.4378667+08:00	0x08	-0.1419	0.0663	0.6295	0.7611	79.90	355.33	342.57
2026-05-29T16:02:35.4378667+08:00	0x06	-0.0973	0.0635	0.9842	-0.1333	196.03	347.91	354.31
2026-05-29T16:02:35.4378667+08:00	0x05	0.6125	-0.4625	-0.4265	-0.4786	234.21	204.13	281.26
2026-05-29T16:02:35.4378667+08:00	0x06	-0.0974	0.0635	0.9842	-0.1334	196.04	347.90	354.32
2026-05-29T16:02:35.4378667+08:00	0x07	-0.8293	-0.1323	0.5398	0.0586	163.56	245.74	2.62
2026-05-29T16:02:35.4378667+08:00	0x09	0.1036	0.5081	-0.3788	0.7665	325.49	56.59	32.95
2026-05-29T16:02:35.4378667+08:00	0x08	-0.1423	0.0675	0.6297	0.7607	79.95	355.40	342.46
2026-05-29T16:02:35.4378667+08:00	0x05	0.6071	-0.4588	-0.4311	-0.4849	231.97	206.39	280.16
2026-05-29T16:02:35.4378667+08:00	0x06	-0.0975	0.0635	0.9842	-0.1334	196.04	347.88	354.32
2026-05-29T16:02:35.4378667+08:00	0x07	-0.8293	-0.1325	0.5397	0.0586	163.55	245.73	2.63
2026-05-29T16:02:35.4378667+08:00	0x08	-0.1423	0.0676	0.6297	0.7607	79.95	355.40	342.44
2026-05-29T16:02:35.4378667+08:00	0x06	-0.0970	0.0636	0.9843	-0.1332	196.01	347.95	354.30
2026-05-29T16:02:35.4378667+08:00	0x06	-0.0974	0.0636	0.9842	-0.1332	196.02	347.90	354.30
2026-05-29T16:02:35.4378667+08:00	0x08	-0.1423	0.0676	0.6298	0.7606	79.97	355.40	342.45
2026-05-29T16:02:35.4388641+08:00	0x06	-0.0975	0.0634	0.9842	-0.1333	196.03	347.88	354.33
2026-05-29T16:02:35.4388641+08:00	0x08	-0.1425	0.0678	0.6299	0.7605	79.97	355.40	342.41
2026-05-29T16:02:35.4388641+08:00	0x09	0.1036	0.5081	-0.3788	0.7665	325.49	56.59	32.95
2026-05-29T16:02:35.4388641+08:00	0x08	-0.1425	0.0677	0.6300	0.7604	80.00	355.39	342.42
2026-05-29T16:02:35.4388641+08:00	0x07	-0.8293	-0.1335	0.5395	0.0587	163.44	245.71	2.67
2026-05-29T16:02:35.4388641+08:00	0x06	-0.0983	0.0630	0.9841	-0.1339	196.10	347.80	354.39
2026-05-29T16:02:35.4388641+08:00	0x08	-0.1430	0.0681	0.6300	0.7603	80.01	355.39	342.35
2026-05-29T16:02:35.4388641+08:00	0x07	-0.8293	-0.1335	0.5394	0.0587	163.43	245.70	2.67
2026-05-29T16:02:35.4388641+08:00	0x05	0.6153	-0.4621	-0.4254	-0.4764	233.91	204.31	281.66
2026-05-29T16:02:35.4388641+08:00	0x09	0.1036	0.5081	-0.3788	0.7665	325.49	56.59	32.95
2026-05-29T16:02:35.4388641+08:00	0x06	-0.0981	0.0631	0.9841	-0.1339	196.09	347.81	354.38
2026-05-29T16:02:35.4388641+08:00	0x07	-0.8294	-0.1330	0.5395	0.0589	163.47	245.70	2.62
2026-05-29T16:02:35.4388641+08:00	0x08	-0.1429	0.0680	0.6300	0.7603	80.01	355.39	342.36
2026-05-29T16:02:35.4388641+08:00	0x05	0.6169	-0.4656	-0.4217	-0.4741	236.20	202.04	282.12
2026-05-29T16:02:35.4388641+08:00	0x09	0.1036	0.5081	-0.3788	0.7665	325.49	56.59	32.95
2026-05-29T16:02:35.4388641+08:00	0x08	-0.1423	0.0679	0.6301	0.7604	80.00	355.43	342.42
2026-05-29T16:02:35.4388641+08:00	0x07	-0.8295	-0.1328	0.5392	0.0591	163.48	245.68	2.59
2026-05-29T16:02:35.4388641+08:00	0x06	-0.0984	0.0635	0.9841	-0.1339	196.10	347.78	354.34
2026-05-29T16:02:35.4388641+08:00	0x05	0.6132	-0.4647	-0.4247	-0.4772	235.60	202.81	281.51
2026-05-29T16:02:35.4388641+08:00	0x09	0.1036	0.5081	-0.3788	0.7665	325.49	56.59	32.95
2026-05-29T16:02:35.4388641+08:00	0x07	-0.8295	-0.1325	0.5394	0.0591	163.50	245.70	2.57
2026-05-29T16:02:35.4388641+08:00	0x09	0.1036	0.5081	-0.3788	0.7665	325.49	56.59	32.95
2026-05-29T16:02:35.4388641+08:00	0x08	-0.1428	0.0679	0.6301	0.7602	80.03	355.39	342.38
2026-05-29T16:02:35.4388641+08:00	0x06	-0.0981	0.0630	0.9841	-0.1341	196.12	347.83	354.39
2026-05-29T16:02:35.4388641+08:00	0x07	-0.8293	-0.1329	0.5395	0.0592	163.47	245.71	2.59
2026-05-29T16:02:35.4388641+08:00	0x08	-0.1430	0.0681	0.6301	0.7602	80.02	355.39	342.35
2026-05-29T16:02:35.4388641+08:00	0x06	-0.0982	0.0630	0.9840	-0.1343	196.14	347.80	354.40
2026-05-29T16:02:35.4388641+08:00	0x05	0.6131	-0.4620	-0.4271	-0.4778	233.67	204.69	281.34
2026-05-29T16:02:35.4388641+08:00	0x08	-0.1429	0.0681	0.6301	0.7602	80.02	355.40	342.36
2026-05-29T16:02:35.4388641+08:00	0x09	0.1036	0.5081	-0.3788	0.7665	325.49	56.59	32.95
2026-05-29T16:02:35.4388641+08:00	0x06	-0.0980	0.0630	0.9841	-0.1344	196.15	347.83	354.40
2026-05-29T16:02:35.4388641+08:00	0x05	0.6148	-0.4626	-0.4248	-0.4771	234.45	203.75	281.59
2026-05-29T16:02:35.4388641+08:00	0x07	-0.8294	-0.1328	0.5395	0.0592	163.48	245.71	2.58
2026-05-29T16:02:35.4388641+08:00	0x08	-0.1423	0.0680	0.6302	0.7603	80.02	355.43	342.41
2026-05-29T16:02:35.4388641+08:00	0x07	-0.8292	-0.1332	0.5395	0.0592	163.43	245.72	2.61
2026-05-29T16:02:35.4388641+08:00	0x08	-0.1424	0.0677	0.6304	0.7601	80.05	355.39	342.44
2026-05-29T16:02:35.4388641+08:00	0x09	0.1036	0.5081	-0.3788	0.7665	325.49	56.59	32.95
2026-05-29T16:02:35.4388641+08:00	0x07	-0.8294	-0.1321	0.5396	0.0598	163.51	245.73	2.49
2026-05-29T16:02:35.4398620+08:00	0x05	0.6111	-0.4603	-0.4263	-0.4826	233.86	204.20	280.79
2026-05-29T16:02:35.4398620+08:00	0x08	-0.1424	0.0679	0.6305	0.7600	80.07	355.40	342.41
2026-05-29T16:02:35.4398620+08:00	0x09	0.1036	0.5081	-0.3788	0.7665	325.49	56.59	32.95
2026-05-29T16:02:35.4398620+08:00	0x06	-0.0980	0.0634	0.9840	-0.1344	196.16	347.82	354.35
2026-05-29T16:02:35.4398620+08:00	0x07	-0.8293	-0.1328	0.5395	0.0595	163.46	245.72	2.56
2026-05-29T16:02:35.4398620+08:00	0x05	0.6147	-0.4613	-0.4238	-0.4794	234.47	203.47	281.39
2026-05-29T16:02:35.4398620+08:00	0x09	0.1036	0.5081	-0.3788	0.7665	325.49	56.59	32.95
2026-05-29T16:02:35.4398620+08:00	0x08	-0.1424	0.0681	0.6303	0.7601	80.05	355.42	342.40
2026-05-29T16:02:35.4398620+08:00	0x07	-0.8294	-0.1327	0.5394	0.0596	163.46	245.71	2.54
2026-05-29T16:02:35.4398620+08:00	0x06	-0.0982	0.0632	0.9841	-0.1342	196.13	347.81	354.38
2026-05-29T16:02:35.4398620+08:00	0x05	0.6179	-0.4630	-0.4210	-0.4759	235.41	202.48	282.03
2026-05-29T16:02:35.4398620+08:00	0x09	0.1036	0.5081	-0.3788	0.7665	325.49	56.59	32.95
2026-05-29T16:02:35.4398620+08:00	0x08	-0.1423	0.0681	0.6302	0.7603	80.01	355.44	342.41
2026-05-29T16:02:35.4398620+08:00	0x07	-0.8292	-0.1321	0.5397	0.0602	163.48	245.76	2.45
2026-05-29T16:02:35.4398620+08:00	0x09	0.1036	0.5081	-0.3788	0.7665	325.49	56.59	32.95
2026-05-29T16:02:35.4398620+08:00	0x06	-0.0981	0.0632	0.9841	-0.1343	196.14	347.81	354.38
2026-05-29T16:02:35.4398620+08:00	0x07	-0.8294	-0.1320	0.5395	0.0602	163.49	245.73	2.44
2026-05-29T16:02:35.4398620+08:00	0x05	0.6113	-0.4610	-0.4273	-0.4808	233.58	204.67	280.94
2026-05-29T16:02:35.4398620+08:00	0x09	0.1036	0.5081	-0.3788	0.7665	325.49	56.59	32.95
2026-05-29T16:02:35.4398620+08:00	0x07	-0.8293	-0.1319	0.5396	0.0601	163.51	245.75	2.44
2026-05-29T16:02:35.4398620+08:00	0x06	-0.0984	0.0630	0.9840	-0.1344	196.16	347.78	354.40
2026-05-29T16:02:35.4398620+08:00	0x05	0.6085	-0.4601	-0.4254	-0.4869	234.89	203.02	280.26
2026-05-29T16:02:35.4398620+08:00	0x09	0.1036	0.5081	-0.3788	0.7665	325.49	56.59	32.95
2026-05-29T16:02:35.4398620+08:00	0x08	-0.1422	0.0681	0.6297	0.7607	79.94	355.46	342.42
2026-05-29T16:02:35.4398620+08:00	0x06	-0.0984	0.0633	0.9840	-0.1342	196.14	347.78	354.36
2026-05-29T16:02:35.4398620+08:00	0x07	-0.8295	-0.1313	0.5394	0.0604	163.55	245.73	2.37
2026-05-29T16:02:35.4398620+08:00	0x05	0.6108	-0.4609	-0.4255	-0.4831	234.52	203.51	280.76
2026-05-29T16:02:35.4398620+08:00	0x09	0.1036	0.5081	-0.3788	0.7665	325.49	56.59	32.95
2026-05-29T16:02:35.4398620+08:00	0x08	-0.1425	0.0680	0.6299	0.7604	79.99	355.42	342.40
2026-05-29T16:02:35.4398620+08:00	0x06	-0.0982	0.0624	0.9840	-0.1346	196.16	347.81	354.47
2026-05-29T16:02:35.4398620+08:00	0x07	-0.8289	-0.1327	0.5400	0.0603	163.42	245.80	2.49
2026-05-29T16:02:35.4398620+08:00	0x09	0.1036	0.5081	-0.3788	0.7665	325.49	56.59	32.95
2026-05-29T16:02:35.4398620+08:00	0x08	-0.1434	0.0689	0.6297	0.7604	79.98	355.43	342.25
2026-05-29T16:02:35.4398620+08:00	0x06	-0.0978	0.0620	0.9840	-0.1355	196.26	347.86	354.52
2026-05-29T16:02:35.4408587+08:00	0x07	-0.8288	-0.1331	0.5400	0.0606	163.36	245.81	2.49
2026-05-29T16:02:35.4408587+08:00	0x09	0.1036	0.5081	-0.3788	0.7665	325.49	56.59	32.95
2026-05-29T16:02:35.4408587+08:00	0x06	-0.0967	0.0619	0.9841	-0.1355	196.25	348.00	354.51
2026-05-29T16:02:35.4408587+08:00	0x07	-0.8286	-0.1329	0.5404	0.0606	163.38	245.86	2.47
2026-05-29T16:02:35.4408587+08:00	0x05	0.6140	-0.4602	-0.4217	-0.4831	235.19	202.39	281.07
2026-05-29T16:02:35.4408587+08:00	0x06	-0.0974	0.0627	0.9841	-0.1349	196.20	347.90	354.43
2026-05-29T16:02:35.4408587+08:00	0x07	-0.8292	-0.1311	0.5399	0.0613	163.51	245.80	2.29
2026-05-29T16:02:35.4408587+08:00	0x05	0.6093	-0.4615	-0.4230	-0.4867	236.33	201.49	280.42
2026-05-29T16:02:35.4408587+08:00	0x09	0.1036	0.5081	-0.3788	0.7665	325.49	56.59	32.95
2026-05-29T16:02:35.4408587+08:00	0x08	-0.1427	0.0689	0.6297	0.7605	79.95	355.49	342.31
2026-05-29T16:02:35.4408587+08:00	0x06	-0.0978	0.0629	0.9840	-0.1348	196.20	347.85	354.41
2026-05-29T16:02:35.4408587+08:00	0x05	0.6141	-0.4610	-0.4225	-0.4815	235.06	202.70	281.21
2026-05-29T16:02:35.4408587+08:00	0x09	0.1036	0.5081	-0.3788	0.7665	325.49	56.59	32.95
2026-05-29T16:02:35.4408587+08:00	0x08	-0.1424	0.0686	0.6296	0.7606	79.94	355.49	342.36
2026-05-29T16:02:35.4408587+08:00	0x06	-0.0976	0.0629	0.9840	-0.1349	196.20	347.87	354.41
2026-05-29T16:02:35.4408587+08:00	0x05	0.6206	-0.4640	-0.4178	-0.4744	236.36	201.33	282.45
2026-05-29T16:02:35.4408587+08:00	0x09	0.1036	0.5081	-0.3788	0.7665	325.49	56.59	32.95
2026-05-29T16:02:35.4408587+08:00	0x08	-0.1423	0.0686	0.6295	0.7608	79.91	355.49	342.37
2026-05-29T16:02:35.4408587+08:00	0x06	-0.0978	0.0629	0.9840	-0.1348	196.19	347.86	354.41
2026-05-29T16:02:35.4408587+08:00	0x07	-0.8293	-0.1311	0.5398	0.0611	163.53	245.79	2.30
2026-05-29T16:02:35.4408587+08:00	0x09	0.1036	0.5081	-0.3788	0.7665	325.49	56.59	32.95
2026-05-29T16:02:35.4408587+08:00	0x08	-0.1425	0.0686	0.6296	0.7606	79.93	355.48	342.35
2026-05-29T16:02:35.4408587+08:00	0x07	-0.8295	-0.1307	0.5395	0.0613	163.54	245.76	2.25
2026-05-29T16:02:35.4408587+08:00	0x09	0.1036	0.5081	-0.3788	0.7665	325.49	56.59	32.95
2026-05-29T16:02:35.4408587+08:00	0x08	-0.1425	0.0685	0.6296	0.7607	79.93	355.47	342.36
2026-05-29T16:02:35.4408587+08:00	0x07	-0.8294	-0.1310	0.5396	0.0613	163.52	245.76	2.27
2026-05-29T16:02:35.4408587+08:00	0x06	-0.0981	0.0630	0.9840	-0.1348	196.20	347.81	354.40
2026-05-29T16:02:35.4408587+08:00	0x09	0.1036	0.5081	-0.3788	0.7665	325.49	56.59	32.95
2026-05-29T16:02:35.4408587+08:00	0x05	0.6100	-0.4626	-0.4255	-0.4826	235.34	202.87	280.76
2026-05-29T16:02:35.4408587+08:00	0x08	-0.1426	0.0685	0.6297	0.7606	79.94	355.47	342.35
2026-05-29T16:02:35.4408587+08:00	0x07	-0.8294	-0.1312	0.5396	0.0613	163.50	245.76	2.29
2026-05-29T16:02:35.4408587+08:00	0x05	0.6139	-0.4619	-0.4250	-0.4787	234.32	203.82	281.37
2026-05-29T16:02:35.4408587+08:00	0x08	-0.1428	0.0688	0.6294	0.7607	79.91	355.48	342.31
2026-05-29T16:02:35.4408587+08:00	0x07	-0.8293	-0.1325	0.5395	0.0604	163.43	245.73	2.45
2026-05-29T16:02:35.4408587+08:00	0x06	-0.0984	0.0629	0.9840	-0.1346	196.17	347.79	354.41
2026-05-29T16:02:35.4408587+08:00	0x05	0.6182	-0.4641	-0.4208	-0.4748	235.79	202.20	282.16
2026-05-29T16:02:35.4408587+08:00	0x09	0.1036	0.5081	-0.3788	0.7665	325.49	56.59	32.95
2026-05-29T16:02:35.4408587+08:00	0x08	-0.1427	0.0690	0.6292	0.7609	79.87	355.51	342.30
2026-05-29T16:02:35.4408587+08:00	0x07	-0.8294	-0.1322	0.5394	0.0606	163.44	245.73	2.41
2026-05-29T16:02:35.4408587+08:00	0x09	0.1036	0.5081	-0.3788	0.7665	325.49	56.59	32.95
2026-05-29T16:02:35.4418559+08:00	0x08	-0.1423	0.0685	0.6289	0.7612	79.82	355.51	342.37
2026-05-29T16:02:35.4418559+08:00	0x07	-0.8293	-0.1316	0.5396	0.0609	163.48	245.76	2.35
2026-05-29T16:02:35.4418559+08:00	0x09	0.1036	0.5081	-0.3788	0.7665	325.49	56.59	32.95
2026-05-29T16:02:35.4418559+08:00	0x08	-0.1425	0.0687	0.6289	0.7613	79.82	355.51	342.34
2026-05-29T16:02:35.4418559+08:00	0x07	-0.8294	-0.1319	0.5394	0.0609	163.46	245.74	2.37
2026-05-29T16:02:35.4418559+08:00	0x06	-0.0983	0.0631	0.9840	-0.1342	196.13	347.79	354.38
2026-05-29T16:02:35.4418559+08:00	0x09	0.1036	0.5081	-0.3788	0.7665	325.49	56.59	32.95
2026-05-29T16:02:35.4418559+08:00	0x08	-0.1427	0.0689	0.6287	0.7613	79.80	355.52	342.31
2026-05-29T16:02:35.4418559+08:00	0x07	-0.8294	-0.1318	0.5395	0.0609	163.46	245.74	2.36
2026-05-29T16:02:35.4418559+08:00	0x09	0.1036	0.5081	-0.3788	0.7665	325.49	56.59	32.95
2026-05-29T16:02:35.4418559+08:00	0x08	-0.1423	0.0686	0.6287	0.7614	79.79	355.52	342.36
2026-05-29T16:02:35.4418559+08:00	0x07	-0.8297	-0.1298	0.5393	0.0619	163.60	245.74	2.14
2026-05-29T16:02:35.4418559+08:00	0x09	0.1036	0.5081	-0.3788	0.7665	325.49	56.59	32.95
2026-05-29T16:02:35.4418559+08:00	0x08	-0.1419	0.0683	0.6290	0.7613	79.82	355.51	342.42
2026-05-29T16:02:35.4418559+08:00	0x07	-0.8293	-0.1313	0.5396	0.0613	163.49	245.77	2.30
2026-05-29T16:02:35.4418559+08:00	0x09	0.1036	0.5081	-0.3788	0.7665	325.49	56.59	32.95
2026-05-29T16:02:35.4418559+08:00	0x08	-0.1441	0.0697	0.6288	0.7609	79.85	355.47	342.12
2026-05-29T16:02:35.4418559+08:00	0x07	-0.8289	-0.1329	0.5400	0.0608	163.37	245.80	2.45
2026-05-29T16:02:35.4418559+08:00	0x06	-0.0976	0.0630	0.9840	-0.1349	196.21	347.87	354.40
2026-05-29T16:02:35.4418559+08:00	0x09	0.1036	0.5081	-0.3788	0.7665	325.49	56.59	32.95
2026-05-29T16:02:35.4418559+08:00	0x08	-0.1434	0.0698	0.6289	0.7610	79.84	355.53	342.18
2026-05-29T16:02:35.4418559+08:00	0x07	-0.8292	-0.1323	0.5397	0.0611	163.41	245.77	2.38
2026-05-29T16:02:35.4418559+08:00	0x06	-0.0978	0.0629	0.9840	-0.1352	196.24	347.85	354.41
2026-05-29T16:02:35.4418559+08:00	0x09	0.1036	0.5081	-0.3788	0.7665	325.49	56.59	32.95
2026-05-29T16:02:35.4418559+08:00	0x08	-0.1431	0.0695	0.6290	0.7610	79.85	355.53	342.23
2026-05-29T16:02:35.4418559+08:00	0x07	-0.8292	-0.1318	0.5397	0.0614	163.44	245.78	2.31
2026-05-29T16:02:35.4418559+08:00	0x09	0.1036	0.5081	-0.3788	0.7665	325.49	56.59	32.95
2026-05-29T16:02:35.4418559+08:00	0x08	-0.1426	0.0696	0.6294	0.7607	79.90	355.56	342.27
2026-05-29T16:02:35.4418559+08:00	0x07	-0.8295	-0.1311	0.5394	0.0616	163.49	245.74	2.25
2026-05-29T16:02:35.4418559+08:00	0x09	0.1036	0.5081	-0.3788	0.7665	325.49	56.59	32.95
2026-05-29T16:02:35.4418559+08:00	0x08	-0.1427	0.0695	0.6292	0.7608	79.88	355.55	342.26
2026-05-29T16:02:35.4418559+08:00	0x05	0.6154	-0.4605	-0.4255	-0.4776	233.24	204.81	281.54
2026-05-29T16:02:35.4418559+08:00	0x06	-0.0983	0.0627	0.9839	-0.1357	196.30	347.79	354.45
2026-05-29T16:02:35.4418559+08:00	0x09	0.1036	0.5081	-0.3788	0.7665	325.49	56.59	32.95
2026-05-29T16:02:35.4418559+08:00	0x08	-0.1429	0.0694	0.6293	0.7607	79.90	355.53	342.25
2026-05-29T16:02:35.4418559+08:00	0x07	-0.8294	-0.1315	0.5394	0.0615	163.46	245.74	2.29
2026-05-29T16:02:35.4418559+08:00	0x06	-0.0986	0.0629	0.9839	-0.1351	196.24	347.76	354.43
2026-05-29T16:02:35.4418559+08:00	0x09	0.1036	0.5081	-0.3788	0.7665	325.49	56.59	32.95
2026-05-29T16:02:35.4418559+08:00	0x08	-0.1426	0.0689	0.6294	0.7608	79.90	355.51	342.32
2026-05-29T16:02:35.4428530+08:00	0x07	-0.8293	-0.1307	0.5397	0.0619	163.51	245.80	2.20
2026-05-29T16:02:35.4428530+08:00	0x06	-0.0981	0.0632	0.9839	-0.1350	196.23	347.81	354.38
2026-05-29T16:02:35.4428530+08:00	0x09	0.1036	0.5081	-0.3788	0.7665	325.49	56.59	32.95
2026-05-29T16:02:35.4428530+08:00	0x08	-0.1428	0.0689	0.6296	0.7606	79.93	355.49	342.30
2026-05-29T16:02:35.4428530+08:00	0x07	-0.8294	-0.1306	0.5397	0.0620	163.51	245.79	2.18
2026-05-29T16:02:35.4428530+08:00	0x06	-0.0983	0.0631	0.9840	-0.1349	196.21	347.79	354.40
2026-05-29T16:02:35.4428530+08:00	0x09	0.1036	0.5081	-0.3788	0.7665	325.49	56.59	32.95
2026-05-29T16:02:35.4428530+08:00	0x08	-0.1413	0.0682	0.6301	0.7605	79.97	355.53	342.48
2026-05-29T16:02:35.4428530+08:00	0x07	-0.8296	-0.1294	0.5395	0.0624	163.61	245.77	2.07
2026-05-29T16:02:35.4428530+08:00	0x06	-0.0994	0.0633	0.9838	-0.1350	196.23	347.66	354.39
2026-05-29T16:02:35.4428530+08:00	0x09	0.1036	0.5081	-0.3788	0.7665	325.49	56.59	32.95
2026-05-29T16:02:35.4428530+08:00	0x08	-0.1431	0.0692	0.6299	0.7603	79.99	355.48	342.26
2026-05-29T16:02:35.4428530+08:00	0x07	-0.8295	-0.1313	0.5394	0.0616	163.47	245.74	2.26
2026-05-29T16:02:35.4428530+08:00	0x05	0.6175	-0.4613	-0.4210	-0.4782	234.95	202.73	281.77
2026-05-29T16:02:35.4428530+08:00	0x06	-0.0981	0.0635	0.9840	-0.1348	196.20	347.80	354.35
2026-05-29T16:02:35.4428530+08:00	0x09	0.1036	0.5081	-0.3788	0.7665	325.49	56.59	32.95
2026-05-29T16:02:35.4428530+08:00	0x08	-0.1422	0.0688	0.6300	0.7604	79.98	355.52	342.37
2026-05-29T16:02:35.4428530+08:00	0x07	-0.8297	-0.1303	0.5392	0.0619	163.55	245.73	2.17
2026-05-29T16:02:35.4428530+08:00	0x06	-0.0989	0.0639	0.9839	-0.1347	196.20	347.71	354.32
2026-05-29T16:02:35.4428530+08:00	0x09	0.1036	0.5081	-0.3788	0.7665	325.49	56.59	32.95
2026-05-29T16:02:35.4428530+08:00	0x08	-0.1423	0.0689	0.6297	0.7606	79.94	355.53	342.35
2026-05-29T16:02:35.4428530+08:00	0x06	-0.0985	0.0635	0.9839	-0.1349	196.22	347.76	354.35
2026-05-29T16:02:35.4428530+08:00	0x09	0.1036	0.5081	-0.3788	0.7665	325.49	56.59	32.95
2026-05-29T16:02:35.4428530+08:00	0x08	-0.1422	0.0686	0.6297	0.7606	79.94	355.51	342.38
2026-05-29T16:02:35.4428530+08:00	0x06	-0.0987	0.0635	0.9839	-0.1347	196.20	347.74	354.36
2026-05-29T16:02:35.4428530+08:00	0x09	0.1036	0.5081	-0.3788	0.7665	325.49	56.59	32.95
2026-05-29T16:02:35.4428530+08:00	0x07	-0.8294	-0.1309	0.5395	0.0620	163.49	245.76	2.20
2026-05-29T16:02:35.4428530+08:00	0x08	-0.1423	0.0685	0.6295	0.7608	79.91	355.50	342.37
2026-05-29T16:02:35.4428530+08:00	0x06	-0.0989	0.0636	0.9839	-0.1346	196.18	347.72	354.35
2026-05-29T16:02:35.4428530+08:00	0x09	0.1036	0.5081	-0.3788	0.7665	325.49	56.59	32.95
2026-05-29T16:02:35.4428530+08:00	0x07	-0.8294	-0.1311	0.5395	0.0619	163.47	245.76	2.22
2026-05-29T16:02:35.4428530+08:00	0x08	-0.1417	0.0684	0.6295	0.7609	79.89	355.53	342.44
2026-05-29T16:02:35.4428530+08:00	0x06	-0.0991	0.0628	0.9838	-0.1357	196.31	347.70	354.45
2026-05-29T16:02:35.4428530+08:00	0x09	0.1036	0.5081	-0.3788	0.7665	325.49	56.59	32.95
2026-05-29T16:02:35.4428530+08:00	0x07	-0.8291	-0.1331	0.5395	0.0619	163.28	245.76	2.35
2026-05-29T16:02:35.4428530+08:00	0x06	-0.0981	0.0631	0.9840	-0.1344	196.16	347.82	354.39
2026-05-29T16:02:35.4428530+08:00	0x09	0.1036	0.5081	-0.3788	0.7665	325.49	56.59	32.95
2026-05-29T16:02:35.4428530+08:00	0x07	-0.8295	-0.1303	0.5395	0.0624	163.52	245.77	2.13
2026-05-29T16:02:35.4428530+08:00	0x06	-0.0984	0.0631	0.9840	-0.1345	196.17	347.78	354.39
2026-05-29T16:02:35.4438512+08:00	0x09	0.1036	0.5081	-0.3788	0.7665	325.49	56.59	32.95
2026-05-29T16:02:35.4438512+08:00	0x07	-0.8295	-0.1310	0.5394	0.0620	163.47	245.76	2.20
2026-05-29T16:02:35.4438512+08:00	0x06	-0.0983	0.0631	0.9840	-0.1347	196.19	347.79	354.39
2026-05-29T16:02:35.4438512+08:00	0x09	0.1036	0.5081	-0.3788	0.7665	325.49	56.59	32.95
2026-05-29T16:02:35.4438512+08:00	0x07	-0.8296	-0.1317	0.5391	0.0619	163.42	245.71	2.26
2026-05-29T16:02:35.4438512+08:00	0x08	-0.1440	0.0706	0.6295	0.7603	79.95	355.54	342.08
2026-05-29T16:02:35.4438512+08:00	0x09	0.1036	0.5081	-0.3788	0.7665	325.49	56.59	32.95
2026-05-29T16:02:35.4438512+08:00	0x07	-0.8296	-0.1310	0.5392	0.0620	163.48	245.73	2.20
2026-05-29T16:02:35.4438512+08:00	0x06	-0.0994	0.0634	0.9838	-0.1351	196.25	347.66	354.38
2026-05-29T16:02:35.4438512+08:00	0x09	0.1036	0.5081	-0.3788	0.7665	325.49	56.59	32.95
2026-05-29T16:02:35.4438512+08:00	0x05	0.6230	-0.4722	-0.4158	-0.4648	238.83	199.63	283.64
2026-05-29T16:02:35.4438512+08:00	0x07	-0.8295	-0.1318	0.5391	0.0619	163.41	245.71	2.26
2026-05-29T16:02:35.4438512+08:00	0x08	-0.1423	0.0690	0.6297	0.7605	79.94	355.53	342.34
2026-05-29T16:02:35.4438512+08:00	0x09	0.1036	0.5081	-0.3788	0.7665	325.49	56.59	32.95
2026-05-29T16:02:35.4438512+08:00	0x07	-0.8295	-0.1321	0.5392	0.0618	163.38	245.71	2.29
2026-05-29T16:02:35.4438512+08:00	0x09	0.1036	0.5081	-0.3788	0.7665	325.49	56.59	32.95
2026-05-29T16:02:35.4438512+08:00	0x08	-0.1425	0.0691	0.6296	0.7606	79.93	355.53	342.32
2026-05-29T16:02:35.4438512+08:00	0x09	0.1036	0.5081	-0.3788	0.7665	325.49	56.59	32.95
2026-05-29T16:02:35.4438512+08:00	0x07	-0.8296	-0.1307	0.5392	0.0623	163.48	245.73	2.16
2026-05-29T16:02:35.4438512+08:00	0x08	-0.1423	0.0692	0.6293	0.7609	79.88	355.56	342.32
2026-05-29T16:02:35.4438512+08:00	0x06	-0.0991	0.0635	0.9839	-0.1343	196.16	347.69	354.36
2026-05-29T16:02:35.4438512+08:00	0x07	-0.8295	-0.1314	0.5392	0.0621	163.43	245.73	2.22
2026-05-29T16:02:35.4438512+08:00	0x07	-0.8298	-0.1316	0.5388	0.0620	163.41	245.67	2.23
2026-05-29T16:02:35.4438512+08:00	0x06	-0.0996	0.0645	0.9838	-0.1343	196.18	347.62	354.25
2026-05-29T16:02:35.4438512+08:00	0x06	-0.0990	0.0646	0.9839	-0.1340	196.14	347.69	354.22
2026-05-29T16:02:35.4438512+08:00	0x07	-0.8299	-0.1302	0.5389	0.0626	163.51	245.70	2.09
2026-05-29T16:02:35.4438512+08:00	0x06	-0.0989	0.0644	0.9839	-0.1342	196.15	347.70	354.25
2026-05-29T16:02:35.4438512+08:00	0x07	-0.8297	-0.1309	0.5390	0.0624	163.46	245.71	2.15
2026-05-29T16:02:35.4438512+08:00	0x05	0.6245	-0.4677	-0.4167	-0.4665	236.92	201.13	283.48
2026-05-29T16:02:35.4438512+08:00	0x07	-0.8294	-0.1311	0.5395	0.0625	163.44	245.77	2.17
2026-05-29T16:02:35.4438512+08:00	0x09	0.1036	0.5081	-0.3788	0.7665	325.49	56.59	32.95
2026-05-29T16:02:35.4438512+08:00	0x07	-0.8292	-0.1316	0.5397	0.0623	163.40	245.79	2.22
2026-05-29T16:02:35.4438512+08:00	0x06	-0.0982	0.0635	0.9840	-0.1344	196.16	347.80	354.34
2026-05-29T16:02:35.4438512+08:00	0x08	-0.1436	0.0701	0.6288	0.7610	79.83	355.54	342.14
2026-05-29T16:02:35.4438512+08:00	0x07	-0.8292	-0.1319	0.5395	0.0621	163.38	245.77	2.25
2026-05-29T16:02:35.4438512+08:00	0x09	0.1036	0.5081	-0.3788	0.7665	325.49	56.59	32.95
2026-05-29T16:02:35.4438512+08:00	0x07	-0.8294	-0.1307	0.5396	0.0626	163.47	245.78	2.13
2026-05-29T16:02:35.4438512+08:00	0x06	-0.0977	0.0638	0.9840	-0.1343	196.15	347.85	354.30
2026-05-29T16:02:35.4438512+08:00	0x09	0.1036	0.5081	-0.3788	0.7665	325.49	56.59	32.95
2026-05-29T16:02:35.4438512+08:00	0x06	-0.0979	0.0637	0.9840	-0.1342	196.14	347.83	354.32
2026-05-29T16:02:35.4438512+08:00	0x05	0.6223	-0.4662	-0.4168	-0.4709	237.03	200.84	282.93
2026-05-29T16:02:35.4438512+08:00	0x06	-0.0986	0.0642	0.9839	-0.1343	196.15	347.74	354.27
2026-05-29T16:02:35.4438512+08:00	0x09	0.1036	0.5081	-0.3788	0.7665	325.49	56.59	32.95
2026-05-29T16:02:35.4438512+08:00	0x07	-0.8296	-0.1302	0.5392	0.0631	163.48	245.75	2.05
2026-05-29T16:02:35.4438512+08:00	0x08	-0.1430	0.0699	0.6288	0.7611	79.83	355.58	342.20
2026-05-29T16:02:35.4438512+08:00	0x06	-0.0983	0.0641	0.9840	-0.1342	196.14	347.78	354.28
2026-05-29T16:02:35.4438512+08:00	0x07	-0.8296	-0.1301	0.5393	0.0629	163.50	245.76	2.06
2026-05-29T16:02:35.4438512+08:00	0x06	-0.0987	0.0665	0.9840	-0.1326	196.00	347.70	353.99
2026-05-29T16:02:35.4438512+08:00	0x08	-0.1422	0.0699	0.6295	0.7607	79.90	355.63	342.28
2026-05-29T16:02:35.4438512+08:00	0x06	-0.1389	0.1020	0.9807	-0.0927	192.32	342.79	349.96
2026-05-29T16:02:35.4438512+08:00	0x08	-0.2037	0.0564	0.6413	0.7376	84.15	348.94	338.11
2026-05-29T16:02:35.4438512+08:00	0x06	-0.0158	0.1183	0.9916	-0.0490	185.95	357.47	346.52
2026-05-29T16:02:35.4438512+08:00	0x09	0.1036	0.5081	-0.3788	0.7665	325.49	56.59	32.95
2026-05-29T16:02:35.4448929+08:00	0x08	-0.0981	-0.0357	0.6068	0.7880	75.77	349.84	353.61
2026-05-29T16:02:35.4448929+08:00	0x07	-0.8458	-0.0218	0.5309	0.0493	174.88	244.39	356.55
2026-05-29T16:02:35.4448929+08:00	0x09	0.1036	0.5081	-0.3788	0.7665	325.49	56.59	32.95
2026-05-29T16:02:35.4448929+08:00	0x08	-0.0897	-0.0840	0.6282	0.7683	78.78	346.01	358.15
2026-05-29T16:02:35.4448929+08:00	0x09	0.1036	0.5081	-0.3788	0.7665	325.49	56.59	32.95
2026-05-29T16:02:35.4448929+08:00	0x07	-0.8557	-0.2164	0.4701	0.0045	157.55	235.32	11.29
2026-05-29T16:02:35.4448929+08:00	0x08	0.0072	-0.1087	0.5678	0.8159	69.00	350.16	7.77
2026-05-29T16:02:35.4448929+08:00	0x06	-0.0779	0.0457	0.9915	-0.0933	191.11	350.59	355.63
2026-05-29T16:02:35.4448929+08:00	0x07	-0.8521	-0.2277	0.4713	0.0012	156.53	235.34	12.28
2026-05-29T16:02:35.4448929+08:00	0x06	-0.0853	0.0466	0.9911	-0.0905	190.83	349.75	355.58
2026-05-29T16:02:35.4448929+08:00	0x09	0.1036	0.5081	-0.3788	0.7665	325.49	56.59	32.95
2026-05-29T16:02:35.4448929+08:00	0x07	-0.8608	-0.2179	0.4585	-0.0368	159.27	233.28	15.26
2026-05-29T16:02:35.4448929+08:00	0x06	-0.0806	0.0453	0.9912	-0.0946	191.27	350.28	355.73
2026-05-29T16:02:35.4448929+08:00	0x05	0.5210	-0.4476	-0.5039	-0.5237	129.53	315.12	274.57
2026-05-29T16:02:35.4448929+08:00	0x07	-0.8559	-0.2326	0.4586	-0.0551	158.57	232.95	17.92
2026-05-29T16:02:35.4448929+08:00	0x09	0.1036	0.5081	-0.3788	0.7665	325.49	56.59	32.95
2026-05-29T16:02:35.4448929+08:00	0x08	-0.0357	-0.0414	0.6388	0.7674	79.55	353.73	359.90
2026-05-29T16:02:35.4448929+08:00	0x07	-0.8538	-0.2400	0.4568	-0.0688	158.38	232.51	19.68
2026-05-29T16:02:35.4448929+08:00	0x08	-0.0301	-0.0480	0.6512	0.7568	81.37	353.57	0.98
2026-05-29T16:02:35.4448929+08:00	0x07	-0.8517	-0.2473	0.4556	-0.0767	157.92	232.17	20.86
2026-05-29T16:02:35.4448929+08:00	0x08	-0.0267	-0.0484	0.6581	0.7509	82.40	353.81	1.35
2026-05-29T16:02:35.4448929+08:00	0x06	-0.0794	0.0482	0.9908	-0.0986	191.76	350.36	355.42
2026-05-29T16:02:35.4448929+08:00	0x07	-0.8506	-0.2505	0.4554	-0.0792	157.67	232.08	21.27
2026-05-29T16:02:35.4448929+08:00	0x09	0.1036	0.5081	-0.3788	0.7665	325.49	56.59	32.95
2026-05-29T16:02:35.4448929+08:00	0x06	-0.0800	0.0479	0.9909	-0.0972	191.59	350.30	355.44
2026-05-29T16:02:35.4448929+08:00	0x05	0.5140	-0.4273	-0.5162	-0.5355	118.34	325.58	277.42
2026-05-29T16:02:35.4448929+08:00	0x09	0.1036	0.5081	-0.3788	0.7665	325.49	56.59	32.95
2026-05-29T16:02:35.4448929+08:00	0x06	-0.0806	0.0477	0.9908	-0.0981	191.70	350.24	355.49
2026-05-29T16:02:35.4448929+08:00	0x08	-0.0331	-0.0507	0.6654	0.7441	83.55	353.14	1.05
2026-05-29T16:02:35.4448929+08:00	0x07	-0.8483	-0.2582	0.4549	-0.0824	156.94	231.86	22.01
2026-05-29T16:02:35.4448929+08:00	0x09	0.1036	0.5081	-0.3788	0.7665	325.49	56.59	32.95
2026-05-29T16:02:35.4448929+08:00	0x08	-0.0414	-0.0560	0.6683	0.7406	84.07	352.05	0.77
2026-05-29T16:02:35.4448929+08:00	0x07	-0.8484	-0.2586	0.4544	-0.0831	156.92	231.78	22.09
2026-05-29T16:02:35.4448929+08:00	0x09	0.1036	0.5081	-0.3788	0.7665	325.49	56.59	32.95
2026-05-29T16:02:35.4448929+08:00	0x06	-0.0794	0.0476	0.9909	-0.0975	191.62	350.38	355.47
2026-05-29T16:02:35.4448929+08:00	0x07	-0.8474	-0.2605	0.4549	-0.0847	156.79	231.80	22.37
2026-05-29T16:02:35.4448929+08:00	0x06	-0.0790	0.0478	0.9910	-0.0970	191.56	350.42	355.45
2026-05-29T16:02:35.4448929+08:00	0x07	-0.8471	-0.2612	0.4548	-0.0854	156.74	231.78	22.48
2026-05-29T16:02:35.4448929+08:00	0x09	0.1036	0.5081	-0.3788	0.7665	325.49	56.59	32.95
2026-05-29T16:02:35.4448929+08:00	0x08	-0.0506	-0.0560	0.6684	0.7399	84.19	351.34	0.00
2026-05-29T16:02:35.4448929+08:00	0x05	0.5218	-0.4127	-0.5200	-0.5357	124.00	318.83	278.78
2026-05-29T16:02:35.4448929+08:00	0x09	0.1036	0.5081	-0.3788	0.7665	325.49	56.59	32.95
2026-05-29T16:02:35.4448929+08:00	0x08	-0.0470	-0.0605	0.6683	0.7400	84.12	351.24	0.64
2026-05-29T16:02:35.4448929+08:00	0x07	-0.8470	-0.2617	0.4547	-0.0857	156.70	231.75	22.52
2026-05-29T16:02:35.4448929+08:00	0x09	0.1036	0.5081	-0.3788	0.7665	325.49	56.59	32.95
2026-05-29T16:02:35.4448929+08:00	0x07	-0.8467	-0.2631	0.4543	-0.0866	156.56	231.66	22.68
2026-05-29T16:02:35.4448929+08:00	0x09	0.1036	0.5081	-0.3788	0.7665	325.49	56.59	32.95
2026-05-29T16:02:35.4448929+08:00	0x06	-0.0800	0.0479	0.9909	-0.0973	191.60	350.31	355.45
2026-05-29T16:02:35.4448929+08:00	0x07	-0.8466	-0.2639	0.4540	-0.0867	156.48	231.61	22.73
2026-05-29T16:02:35.4448929+08:00	0x05	0.5160	-0.4071	-0.5260	-0.5397	120.18	322.76	279.84
2026-05-29T16:02:35.4448929+08:00	0x09	0.1036	0.5081	-0.3788	0.7665	325.49	56.59	32.95
2026-05-29T16:02:35.4448929+08:00	0x06	-0.0801	0.0477	0.9909	-0.0975	191.63	350.30	355.47
2026-05-29T16:02:35.4448929+08:00	0x05	0.5066	-0.4056	-0.5306	-0.5452	114.49	328.85	280.61
2026-05-29T16:02:35.4448929+08:00	0x06	-0.0801	0.0476	0.9909	-0.0975	191.62	350.29	355.48
2026-05-29T16:02:35.4448929+08:00	0x09	0.1036	0.5081	-0.3788	0.7665	325.49	56.59	32.95
2026-05-29T16:02:35.4448929+08:00	0x06	-0.0801	0.0476	0.9908	-0.0980	191.68	350.29	355.49
2026-05-29T16:02:35.4448929+08:00	0x07	-0.8463	-0.2650	0.4537	-0.0874	156.38	231.55	22.86
2026-05-29T16:02:35.4448929+08:00	0x06	-0.0802	0.0475	0.9908	-0.0979	191.67	350.29	355.50
2026-05-29T16:02:35.4448929+08:00	0x08	-0.0552	-0.0478	0.6649	0.7433	83.71	351.69	358.94
2026-05-29T16:02:35.4448929+08:00	0x08	-0.0552	-0.0476	0.6649	0.7434	83.70	351.71	358.92
2026-05-29T16:02:35.4448929+08:00	0x06	-0.0800	0.0475	0.9908	-0.0978	191.66	350.31	355.50
2026-05-29T16:02:35.4448929+08:00	0x07	-0.8462	-0.2653	0.4537	-0.0877	156.35	231.54	22.90
2026-05-29T16:02:35.4448929+08:00	0x08	-0.0554	-0.0470	0.6650	0.7433	83.71	351.75	358.86
2026-05-29T16:02:35.4458885+08:00	0x07	-0.8463	-0.2652	0.4537	-0.0876	156.36	231.54	22.88
2026-05-29T16:02:35.4458885+08:00	0x06	-0.0797	0.0472	0.9909	-0.0979	191.66	350.35	355.53
2026-05-29T16:02:35.4458885+08:00	0x07	-0.8462	-0.2652	0.4538	-0.0875	156.36	231.55	22.88
2026-05-29T16:02:35.4458885+08:00	0x08	-0.0553	-0.0470	0.6652	0.7431	83.75	351.75	358.87
2026-05-29T16:02:35.4458885+08:00	0x07	-0.8462	-0.2653	0.4537	-0.0877	156.35	231.54	22.90
2026-05-29T16:02:35.4458885+08:00	0x09	0.1036	0.5081	-0.3788	0.7665	325.49	56.59	32.95
2026-05-29T16:02:35.4458885+08:00	0x09	0.1036	0.5081	-0.3788	0.7665	325.49	56.59	32.95
2026-05-29T16:02:35.4458885+08:00	0x08	-0.0553	-0.0461	0.6653	0.7431	83.76	351.83	358.80
2026-05-29T16:02:35.4458885+08:00	0x07	-0.8463	-0.2652	0.4537	-0.0875	156.36	231.54	22.88
2026-05-29T16:02:35.4458885+08:00	0x08	-0.0555	-0.0460	0.6653	0.7430	83.77	351.83	358.78
2026-05-29T16:02:35.4458885+08:00	0x09	0.1036	0.5081	-0.3788	0.7665	325.49	56.59	32.95
2026-05-29T16:02:35.4458885+08:00	0x07	-0.8463	-0.2652	0.4536	-0.0876	156.36	231.53	22.89
2026-05-29T16:02:35.4458885+08:00	0x09	0.1036	0.5081	-0.3788	0.7665	325.49	56.59	32.95
2026-05-29T16:02:35.4458885+08:00	0x09	0.1036	0.5081	-0.3788	0.7665	325.49	56.59	32.95
2026-05-29T16:02:35.4458885+08:00	0x07	-0.8464	-0.2650	0.4536	-0.0873	156.37	231.54	22.85
2026-05-29T16:02:35.4458885+08:00	0x07	-0.8459	-0.2642	0.4541	-0.0919	156.68	231.59	23.30
2026-05-29T16:02:35.4458885+08:00	0x09	0.1036	0.5081	-0.3788	0.7665	325.49	56.59	32.95
2026-05-29T16:02:35.4458885+08:00	0x07	-0.8423	-0.2529	0.4635	-0.1084	159.01	233.01	24.65
2026-05-29T16:02:35.4458885+08:00	0x08	-0.0581	-0.0309	0.6699	0.7395	84.51	352.90	357.44
2026-05-29T16:02:35.4458885+08:00	0x09	0.1036	0.5081	-0.3788	0.7665	325.49	56.59	32.95
2026-05-29T16:02:35.4458885+08:00	0x07	-0.8404	-0.2524	0.4663	-0.1122	159.34	233.40	25.08
2026-05-29T16:02:35.4458885+08:00	0x09	0.1036	0.5081	-0.3788	0.7665	325.49	56.59	32.95
2026-05-29T16:02:35.4458885+08:00	0x08	-0.0580	-0.0292	0.6697	0.7398	84.47	353.05	357.33
2026-05-29T16:02:35.4458885+08:00	0x05	0.5069	-0.4057	-0.5305	-0.5451	114.65	328.68	280.59
2026-05-29T16:02:35.4458885+08:00	0x07	-0.8397	-0.2520	0.4674	-0.1135	159.47	233.56	25.22
2026-05-29T16:02:35.4458885+08:00	0x06	-0.0581	0.0607	0.9920	-0.0938	191.20	352.68	353.71
2026-05-29T16:02:35.4458885+08:00	0x08	-0.0591	-0.0297	0.6695	0.7399	84.45	352.92	357.27
2026-05-29T16:02:35.4458885+08:00	0x07	-0.8396	-0.2520	0.4676	-0.1137	159.49	233.59	25.25
2026-05-29T16:02:35.4458885+08:00	0x06	-0.0577	0.0609	0.9921	-0.0929	191.10	352.73	353.68
2026-05-29T16:02:35.4458885+08:00	0x09	0.1036	0.5081	-0.3788	0.7665	325.49	56.59	32.95
2026-05-29T16:02:35.4458885+08:00	0x08	-0.0598	-0.0296	0.6692	0.7401	84.41	352.88	357.20
2026-05-29T16:02:35.4458885+08:00	0x07	-0.8392	-0.2525	0.4679	-0.1141	159.47	233.62	25.32
2026-05-29T16:02:35.4458885+08:00	0x06	-0.0574	0.0609	0.9922	-0.0924	191.04	352.76	353.67
2026-05-29T16:02:35.4458885+08:00	0x09	0.1036	0.5081	-0.3788	0.7665	325.49	56.59	32.95
2026-05-29T16:02:35.4458885+08:00	0x07	-0.8396	-0.2517	0.4679	-0.1137	159.54	233.63	25.24
2026-05-29T16:02:35.4458885+08:00	0x06	-0.0575	0.0607	0.9922	-0.0921	191.00	352.76	353.69
2026-05-29T16:02:35.4458885+08:00	0x09	0.1036	0.5081	-0.3788	0.7665	325.49	56.59	32.95
2026-05-29T16:02:35.4458885+08:00	0x08	-0.0558	-0.0260	0.6699	0.7399	84.47	353.49	357.26
2026-05-29T16:02:35.4458885+08:00	0x07	-0.8400	-0.2497	0.4684	-0.1124	159.72	233.74	25.01
2026-05-29T16:02:35.4458885+08:00	0x06	-0.0566	0.0608	0.9923	-0.0918	190.96	352.86	353.67
2026-05-29T16:02:35.4458885+08:00	0x09	0.1036	0.5081	-0.3788	0.7665	325.49	56.59	32.95
2026-05-29T16:02:35.4458885+08:00	0x05	0.2131	-0.6375	-0.0111	-0.7403	344.31	84.14	340.76
2026-05-29T16:02:35.4458885+08:00	0x07	-0.8401	-0.2495	0.4685	-0.1117	159.70	233.76	24.92
2026-05-29T16:02:35.4458885+08:00	0x06	-0.0564	0.0605	0.9924	-0.0911	190.88	352.90	353.70
2026-05-29T16:02:35.4458885+08:00	0x09	0.1036	0.5081	-0.3788	0.7665	325.49	56.59	32.95
2026-05-29T16:02:35.4458885+08:00	0x07	-0.8406	-0.2478	0.4688	-0.1105	159.85	233.84	24.72
2026-05-29T16:02:35.4458885+08:00	0x09	0.1036	0.5081	-0.3788	0.7665	325.49	56.59	32.95
2026-05-29T16:02:35.4458885+08:00	0x08	-0.0552	-0.0331	0.6701	0.7395	84.49	352.93	357.86
2026-05-29T16:02:35.4458885+08:00	0x07	-0.8412	-0.2481	0.4679	-0.1092	159.72	233.71	24.57
2026-05-29T16:02:35.4458885+08:00	0x06	-0.0611	0.0586	0.9922	-0.0914	190.93	352.38	353.96
2026-05-29T16:02:35.4458885+08:00	0x09	0.1036	0.5081	-0.3788	0.7665	325.49	56.59	32.95
2026-05-29T16:02:35.4458885+08:00	0x08	-0.0548	-0.0333	0.6708	0.7389	84.60	352.94	357.92
2026-05-29T16:02:35.4458885+08:00	0x07	-0.8412	-0.2490	0.4672	-0.1098	159.63	233.59	24.67
2026-05-29T16:02:35.4458885+08:00	0x09	0.1036	0.5081	-0.3788	0.7665	325.49	56.59	32.95
2026-05-29T16:02:35.4458885+08:00	0x08	-0.0548	-0.0315	0.6705	0.7392	84.56	353.10	357.78
2026-05-29T16:02:35.4458885+08:00	0x06	-0.0595	0.0593	0.9921	-0.0934	191.15	352.54	353.88
2026-05-29T16:02:35.4458885+08:00	0x07	-0.8410	-0.2493	0.4672	-0.1109	159.65	233.59	24.80
2026-05-29T16:02:35.4458885+08:00	0x09	0.1036	0.5081	-0.3788	0.7665	325.49	56.59	32.95
2026-05-29T16:02:35.4458885+08:00	0x06	-0.0638	0.0563	0.9921	-0.0924	191.04	352.08	354.27
2026-05-29T16:02:35.4458885+08:00	0x05	0.4630	-0.4812	-0.4426	-0.5985	25.13	56.93	281.43
2026-05-29T16:02:35.4458885+08:00	0x09	0.1036	0.5081	-0.3788	0.7665	325.49	56.59	32.95
2026-05-29T16:02:35.4458885+08:00	0x06	-0.0733	0.0515	0.9917	-0.0924	191.04	351.06	354.92
2026-05-29T16:02:35.4458885+08:00	0x09	0.1036	0.5081	-0.3788	0.7665	325.49	56.59	32.95
2026-05-29T16:02:35.4468862+08:00	0x07	-0.8456	-0.2538	0.4594	-0.0979	158.28	232.46	23.50
2026-05-29T16:02:35.4468862+08:00	0x08	-0.0618	-0.0469	0.6649	0.7429	83.79	351.26	358.31
2026-05-29T16:02:35.4468862+08:00	0x06	-0.0746	0.0500	0.9915	-0.0945	191.28	350.91	355.12
2026-05-29T16:02:35.4468862+08:00	0x09	0.1036	0.5081	-0.3788	0.7665	325.49	56.59	32.95
2026-05-29T16:02:35.4468862+08:00	0x07	-0.8452	-0.2551	0.4590	-0.0989	158.17	232.39	23.66
2026-05-29T16:02:35.4468862+08:00	0x08	-0.0614	-0.0491	0.6655	0.7423	83.87	351.10	358.52
2026-05-29T16:02:35.4468862+08:00	0x09	0.1036	0.5081	-0.3788	0.7665	325.49	56.59	32.95
2026-05-29T16:02:35.4468862+08:00	0x05	0.5768	-0.4046	-0.4416	-0.5556	156.66	276.88	273.45
2026-05-29T16:02:35.4468862+08:00	0x06	-0.0478	0.0672	0.9913	-0.1022	192.16	353.72	352.91
2026-05-29T16:02:35.4468862+08:00	0x07	-0.8347	-0.2468	0.4765	-0.1238	160.87	234.94	26.23
2026-05-29T16:02:35.4468862+08:00	0x05	0.6088	-0.3843	-0.4000	-0.5672	193.09	234.31	273.60
2026-05-29T16:02:35.4468862+08:00	0x08	-0.0865	-0.0547	0.6741	0.7315	85.63	348.64	356.97
2026-05-29T16:02:35.4468862+08:00	0x06	-0.0416	0.0714	0.9915	-0.1007	191.98	354.39	352.34
2026-05-29T16:02:35.4468862+08:00	0x07	-0.8256	-0.2451	0.4888	-0.1392	162.29	236.81	27.99
2026-05-29T16:02:35.4468862+08:00	0x09	0.1036	0.5081	-0.3788	0.7665	325.49	56.59	32.95
2026-05-29T16:02:35.4468862+08:00	0x06	-0.0375	0.0736	0.9918	-0.0974	191.57	354.86	352.03
2026-05-29T16:02:35.4468862+08:00	0x09	0.1036	0.5081	-0.3788	0.7665	325.49	56.59	32.95
2026-05-29T16:02:35.4468862+08:00	0x08	-0.0914	-0.0594	0.6594	0.7439	83.46	347.92	356.69
2026-05-29T16:02:35.4468862+08:00	0x07	-0.8217	-0.2443	0.4938	-0.1459	162.93	237.60	28.75
2026-05-29T16:02:35.4468862+08:00	0x09	0.1036	0.5081	-0.3788	0.7665	325.49	56.59	32.95
2026-05-29T16:02:35.4468862+08:00	0x08	-0.0755	-0.0372	0.6504	0.7549	81.78	351.10	356.24
2026-05-29T16:02:35.4468862+08:00	0x06	-0.0507	0.0702	0.9924	-0.0873	190.48	353.46	352.50
2026-05-29T16:02:35.4468862+08:00	0x09	0.1036	0.5081	-0.3788	0.7665	325.49	56.59	32.95
2026-05-29T16:02:35.4468862+08:00	0x08	-0.0749	-0.0382	0.6555	0.7505	82.55	351.04	356.42
2026-05-29T16:02:35.4468862+08:00	0x07	-0.8255	-0.2457	0.4883	-0.1403	162.26	236.73	28.14
2026-05-29T16:02:35.4468862+08:00	0x09	0.1036	0.5081	-0.3788	0.7665	325.49	56.59	32.95
2026-05-29T16:02:35.4468862+08:00	0x08	-0.0762	-0.0393	0.6565	0.7495	82.72	350.84	356.41
2026-05-29T16:02:35.4468862+08:00	0x07	-0.8256	-0.2468	0.4877	-0.1401	162.10	236.62	28.17
2026-05-29T16:02:35.4468862+08:00	0x09	0.1036	0.5081	-0.3788	0.7665	325.49	56.59	32.95
2026-05-29T16:02:35.4468862+08:00	0x08	-0.1161	-0.0585	0.6539	0.7453	83.20	346.11	354.46
2026-05-29T16:02:35.4468862+08:00	0x06	-0.0345	0.0819	0.9927	-0.0817	189.79	355.24	350.97
2026-05-29T16:02:35.4468862+08:00	0x09	0.1036	0.5081	-0.3788	0.7665	325.49	56.59	32.95
2026-05-29T16:02:35.4468862+08:00	0x08	-0.1253	-0.0736	0.6446	0.7506	82.05	344.14	354.65
2026-05-29T16:02:35.4468862+08:00	0x06	-0.0295	0.0738	0.9931	-0.0868	190.28	355.87	351.87
2026-05-29T16:02:35.4468862+08:00	0x09	0.1036	0.5081	-0.3788	0.7665	325.49	56.59	32.95
2026-05-29T16:02:35.4468862+08:00	0x08	-0.1903	-0.1044	0.6201	0.7539	80.76	336.52	350.94
2026-05-29T16:02:35.4468862+08:00	0x07	-0.7717	-0.3409	0.5289	-0.0918	150.25	240.67	30.16
2026-05-29T16:02:35.4468862+08:00	0x09	0.1036	0.5081	-0.3788	0.7665	325.49	56.59	32.95
2026-05-29T16:02:35.4468862+08:00	0x07	-0.7729	-0.3355	0.5310	-0.0897	150.84	241.10	29.66
2026-05-29T16:02:35.4468862+08:00	0x06	-0.0090	0.0321	0.9945	-0.0993	191.45	358.61	356.44
2026-05-29T16:02:35.4468862+08:00	0x05	0.6079	-0.3850	-0.4012	-0.5668	192.13	235.46	273.58
2026-05-29T16:02:35.4468862+08:00	0x08	-0.1776	-0.1088	0.6213	0.7554	80.42	337.14	352.35
2026-05-29T16:02:35.4468862+08:00	0x07	-0.7743	-0.3249	0.5357	-0.0891	152.19	242.00	29.09
2026-05-29T16:02:35.4468862+08:00	0x05	0.3106	-0.5862	-0.0801	-0.7440	342.86	81.71	326.22
2026-05-29T16:02:35.4468862+08:00	0x09	0.1036	0.5081	-0.3788	0.7665	325.49	56.59	32.95
2026-05-29T16:02:35.4468862+08:00	0x08	-0.0828	-0.0837	0.6309	0.7669	79.03	346.53	358.77
2026-05-29T16:02:35.4468862+08:00	0x07	-0.8038	-0.2466	0.5372	-0.0672	159.55	243.51	21.90
2026-05-29T16:02:35.4468862+08:00	0x09	0.1036	0.5081	-0.3788	0.7665	325.49	56.59	32.95
2026-05-29T16:02:35.4468862+08:00	0x07	-0.8091	-0.2684	0.5189	-0.0637	156.52	240.63	22.44
2026-05-29T16:02:35.4468862+08:00	0x06	-0.0385	0.0736	0.9935	-0.0783	189.37	354.89	351.94
2026-05-29T16:02:35.4468862+08:00	0x08	-0.0574	-0.0727	0.6435	0.7598	80.49	349.38	0.37
2026-05-29T16:02:35.4468862+08:00	0x06	-0.0161	0.0870	0.9930	-0.0781	189.22	357.35	350.20
2026-05-29T16:02:35.4468862+08:00	0x09	0.1036	0.5081	-0.3788	0.7665	325.49	56.59	32.95
2026-05-29T16:02:35.4468862+08:00	0x05	0.3109	-0.5871	-0.0762	-0.7435	342.43	81.92	326.51
2026-05-29T16:02:35.4468862+08:00	0x07	-0.8024	-0.2517	0.5359	-0.0757	159.47	243.25	23.03
2026-05-29T16:02:35.4468862+08:00	0x05	0.0463	-0.6619	0.2666	-0.6991	333.05	82.83	16.75
2026-05-29T16:02:35.4468862+08:00	0x08	-0.1704	-0.1635	0.6758	0.6982	88.37	332.70	359.03
2026-05-29T16:02:35.4468862+08:00	0x07	-0.8035	-0.2455	0.5369	-0.0765	160.20	243.49	22.74
2026-05-29T16:02:35.4468862+08:00	0x05	0.2988	-0.5741	0.0209	-0.7621	335.45	79.63	334.45
2026-05-29T16:02:35.4468862+08:00	0x09	0.1036	0.5081	-0.3788	0.7665	325.49	56.59	32.95
2026-05-29T16:02:35.4468862+08:00	0x06	-0.0066	0.0737	0.9944	-0.0753	188.76	358.59	351.63
2026-05-29T16:02:35.4468862+08:00	0x07	-0.7948	-0.2638	0.5400	-0.0847	158.83	243.68	24.81
2026-05-29T16:02:35.4468862+08:00	0x09	0.1036	0.5081	-0.3788	0.7665	325.49	56.59	32.95
2026-05-29T16:02:35.4468862+08:00	0x06	-0.0038	0.0786	0.9941	-0.0742	188.62	358.89	351.04
2026-05-29T16:02:35.4478827+08:00	0x09	0.1036	0.5081	-0.3788	0.7665	325.49	56.59	32.95
2026-05-29T16:02:35.4478827+08:00	0x08	-0.2254	-0.1743	0.5993	0.7481	79.54	327.63	352.62
2026-05-29T16:02:35.4478827+08:00	0x09	0.1036	0.5081	-0.3788	0.7665	325.49	56.59	32.95
2026-05-29T16:02:35.4478827+08:00	0x06	-0.0072	0.0806	0.9940	-0.0737	188.60	358.48	350.84
2026-05-29T16:02:35.4478827+08:00	0x07	-0.8011	-0.2541	0.5336	-0.0944	160.24	242.92	24.99
2026-05-29T16:02:35.4478827+08:00	0x05	0.5115	-0.4445	-0.2555	-0.6896	343.53	76.95	291.16
2026-05-29T16:02:35.4478827+08:00	0x06	-0.0375	0.0631	0.9937	-0.0842	189.98	355.08	353.16
2026-05-29T16:02:35.4478827+08:00	0x08	-0.1913	-0.1347	0.5527	0.7999	71.34	334.38	350.96
2026-05-29T16:02:35.4478827+08:00	0x05	0.5188	-0.4252	-0.2760	-0.6884	348.83	71.48	288.38
2026-05-29T16:02:35.4478827+08:00	0x09	0.1036	0.5081	-0.3788	0.7665	325.49	56.59	32.95
2026-05-29T16:02:35.4478827+08:00	0x06	-0.0409	0.0610	0.9933	-0.0892	190.57	354.68	353.46
2026-05-29T16:02:35.4478827+08:00	0x09	0.1036	0.5081	-0.3788	0.7665	325.49	56.59	32.95
2026-05-29T16:02:35.4478827+08:00	0x06	-0.0423	0.0607	0.9929	-0.0927	190.98	354.50	353.53
2026-05-29T16:02:35.4478827+08:00	0x07	-0.8104	-0.2631	0.5059	-0.1350	160.65	238.90	29.01
2026-05-29T16:02:35.4478827+08:00	0x08	-0.1763	-0.1243	0.5419	0.8123	69.23	336.58	351.27
2026-05-29T16:02:35.4478827+08:00	0x09	0.1036	0.5081	-0.3788	0.7665	325.49	56.59	32.95
2026-05-29T16:02:35.4478827+08:00	0x06	-0.0427	0.0603	0.9928	-0.0946	191.20	354.45	353.59
2026-05-29T16:02:35.4478827+08:00	0x09	0.1036	0.5081	-0.3788	0.7665	325.49	56.59	32.95
2026-05-29T16:02:35.4478827+08:00	0x07	-0.8104	-0.2638	0.5052	-0.1360	160.60	238.79	29.14
2026-05-29T16:02:35.4478827+08:00	0x08	-0.1740	-0.1236	0.5427	0.8124	69.25	336.80	351.46
2026-05-29T16:02:35.4478827+08:00	0x06	-0.0434	0.0603	0.9926	-0.0963	191.40	354.36	353.60
2026-05-29T16:02:35.4478827+08:00	0x09	0.1036	0.5081	-0.3788	0.7665	325.49	56.59	32.95
2026-05-29T16:02:35.4478827+08:00	0x08	-0.1734	-0.1237	0.5437	0.8118	69.36	336.82	351.54
2026-05-29T16:02:35.4478827+08:00	0x07	-0.8104	-0.2639	0.5049	-0.1362	160.59	238.75	29.16
2026-05-29T16:02:35.4478827+08:00	0x05	0.5570	-0.3546	-0.3533	-0.6627	29.42	30.84	278.57
2026-05-29T16:02:35.4478827+08:00	0x09	0.1036	0.5081	-0.3788	0.7665	325.49	56.59	32.95
2026-05-29T16:02:35.4478827+08:00	0x08	-0.1737	-0.1241	0.5447	0.8110	69.51	336.75	351.56
2026-05-29T16:02:35.4478827+08:00	0x06	-0.0436	0.0603	0.9924	-0.0982	191.62	354.32	353.62
2026-05-29T16:02:35.4478827+08:00	0x09	0.1036	0.5081	-0.3788	0.7665	325.49	56.59	32.95
2026-05-29T16:02:35.4478827+08:00	0x08	-0.1695	-0.1226	0.5454	0.8117	69.44	337.18	351.87
2026-05-29T16:02:35.4478827+08:00	0x07	-0.8102	-0.2646	0.5047	-0.1375	160.57	238.71	29.33
2026-05-29T16:02:35.4478827+08:00	0x06	-0.0438	0.0610	0.9923	-0.0983	191.64	354.28	353.54
2026-05-29T16:02:35.4478827+08:00	0x09	0.1036	0.5081	-0.3788	0.7665	325.49	56.59	32.95
2026-05-29T16:02:35.4478827+08:00	0x08	-0.1667	-0.1219	0.5467	0.8115	69.51	337.43	352.11
2026-05-29T16:02:35.4478827+08:00	0x06	-0.0442	0.0613	0.9923	-0.0984	191.65	354.24	353.51
2026-05-29T16:02:35.4478827+08:00	0x07	-0.8103	-0.2646	0.5044	-0.1376	160.57	238.67	29.33
2026-05-29T16:02:35.4478827+08:00	0x09	0.1036	0.5081	-0.3788	0.7665	325.49	56.59	32.95
2026-05-29T16:02:35.4478827+08:00	0x07	-0.8103	-0.2649	0.5042	-0.1379	160.55	238.64	29.38
2026-05-29T16:02:35.4478827+08:00	0x06	-0.0446	0.0612	0.9922	-0.0987	191.69	354.18	353.54
2026-05-29T16:02:35.4478827+08:00	0x09	0.1036	0.5081	-0.3788	0.7665	325.49	56.59	32.95
2026-05-29T16:02:35.4478827+08:00	0x08	-0.1635	-0.1206	0.5481	0.8114	69.58	337.77	352.35
2026-05-29T16:02:35.4478827+08:00	0x07	-0.8103	-0.2651	0.5041	-0.1377	160.51	238.62	29.37
2026-05-29T16:02:35.4478827+08:00	0x05	0.5540	-0.3350	-0.3722	-0.6651	48.62	11.62	279.51
2026-05-29T16:02:35.4478827+08:00	0x09	0.1036	0.5081	-0.3788	0.7665	325.49	56.59	32.95
2026-05-29T16:02:35.4478827+08:00	0x08	-0.1597	-0.1195	0.5488	0.8118	69.55	338.14	352.64
2026-05-29T16:02:35.4478827+08:00	0x07	-0.8104	-0.2655	0.5038	-0.1376	160.44	238.56	29.38
2026-05-29T16:02:35.4478827+08:00	0x05	0.5501	-0.3325	-0.3773	-0.6666	51.29	9.23	280.13
2026-05-29T16:02:35.4478827+08:00	0x09	0.1036	0.5081	-0.3788	0.7665	325.49	56.59	32.95
2026-05-29T16:02:35.4478827+08:00	0x08	-0.1715	-0.1235	0.5514	0.8070	70.35	336.89	351.92
2026-05-29T16:02:35.4478827+08:00	0x07	-0.8119	-0.2580	0.5056	-0.1364	161.28	238.98	28.84
2026-05-29T16:02:35.4478827+08:00	0x09	0.1036	0.5081	-0.3788	0.7665	325.49	56.59	32.95
2026-05-29T16:02:35.4478827+08:00	0x08	-0.1814	-0.1285	0.5543	0.8021	71.14	335.68	351.46
2026-05-29T16:02:35.4478827+08:00	0x09	0.1036	0.5081	-0.3788	0.7665	325.49	56.59	32.95
2026-05-29T16:02:35.4478827+08:00	0x06	-0.0316	0.0749	0.9927	-0.0888	190.54	355.60	351.77
2026-05-29T16:02:35.4478827+08:00	0x08	-0.1795	-0.1269	0.5518	0.8045	70.72	335.99	351.44
2026-05-29T16:02:35.4478827+08:00	0x09	0.1036	0.5081	-0.3788	0.7665	325.49	56.59	32.95
2026-05-29T16:02:35.4478827+08:00	0x06	-0.0321	0.0739	0.9929	-0.0880	190.45	355.55	351.88
2026-05-29T16:02:35.4478827+08:00	0x08	-0.1796	-0.1265	0.5507	0.8053	70.57	336.04	351.38
2026-05-29T16:02:35.4478827+08:00	0x05	0.5783	-0.3328	-0.3653	-0.6491	54.27	4.98	276.31
2026-05-29T16:02:35.4478827+08:00	0x09	0.1036	0.5081	-0.3788	0.7665	325.49	56.59	32.95
2026-05-29T16:02:35.4478827+08:00	0x06	-0.0324	0.0734	0.9929	-0.0877	190.41	355.53	351.95
2026-05-29T16:02:35.4478827+08:00	0x08	-0.1783	-0.1255	0.5498	0.8064	70.39	336.24	351.40
2026-05-29T16:02:35.4478827+08:00	0x05	0.5752	-0.3346	-0.3641	-0.6516	50.76	8.56	276.64
2026-05-29T16:02:35.4488791+08:00	0x09	0.1036	0.5081	-0.3788	0.7665	325.49	56.59	32.95
2026-05-29T16:02:35.4488791+08:00	0x06	-0.0326	0.0737	0.9929	-0.0875	190.39	355.50	351.91
2026-05-29T16:02:35.4488791+08:00	0x08	-0.1770	-0.1249	0.5493	0.8071	70.27	336.39	351.47
2026-05-29T16:02:35.4488791+08:00	0x09	0.1036	0.5081	-0.3788	0.7665	325.49	56.59	32.95
2026-05-29T16:02:35.4488791+08:00	0x06	-0.0326	0.0739	0.9929	-0.0873	190.37	355.50	351.89
2026-05-29T16:02:35.4488791+08:00	0x07	-0.8143	-0.2466	0.5076	-0.1361	162.62	239.49	28.16
2026-05-29T16:02:35.4488791+08:00	0x09	0.1036	0.5081	-0.3788	0.7665	325.49	56.59	32.95
2026-05-29T16:02:35.4488791+08:00	0x06	-0.0326	0.0737	0.9929	-0.0873	190.37	355.50	351.92
2026-05-29T16:02:35.4488791+08:00	0x07	-0.8141	-0.2471	0.5076	-0.1364	162.57	239.47	28.22
2026-05-29T16:02:35.4488791+08:00	0x08	-0.1751	-0.1238	0.5494	0.8076	70.20	336.63	351.57
2026-05-29T16:02:35.4488791+08:00	0x09	0.1036	0.5081	-0.3788	0.7665	325.49	56.59	32.95
2026-05-29T16:02:35.4488791+08:00	0x06	-0.0325	0.0736	0.9929	-0.0873	190.36	355.52	351.92
2026-05-29T16:02:35.4488791+08:00	0x08	-0.1754	-0.1241	0.5498	0.8072	70.27	336.58	351.56
2026-05-29T16:02:35.4488791+08:00	0x05	0.5714	-0.3369	-0.3631	-0.6543	47.28	12.19	277.04
2026-05-29T16:02:35.4488791+08:00	0x09	0.1036	0.5081	-0.3788	0.7665	325.49	56.59	32.95
2026-05-29T16:02:35.4488791+08:00	0x06	-0.0325	0.0734	0.9929	-0.0873	190.37	355.52	351.94
2026-05-29T16:02:35.4488791+08:00	0x08	-0.1755	-0.1240	0.5497	0.8073	70.26	336.58	351.55
2026-05-29T16:02:35.4488791+08:00	0x07	-0.8138	-0.2475	0.5077	-0.1367	162.55	239.49	28.29
2026-05-29T16:02:35.4488791+08:00	0x05	0.5725	-0.3369	-0.3635	-0.6532	47.99	11.50	276.89
2026-05-29T16:02:35.4488791+08:00	0x09	0.1036	0.5081	-0.3788	0.7665	325.49	56.59	32.95
2026-05-29T16:02:35.4488791+08:00	0x06	-0.0324	0.0735	0.9929	-0.0875	190.39	355.52	351.94
2026-05-29T16:02:35.4488791+08:00	0x08	-0.1748	-0.1237	0.5498	0.8074	70.25	336.66	351.60
2026-05-29T16:02:35.4488791+08:00	0x07	-0.8139	-0.2471	0.5078	-0.1364	162.59	239.51	28.23
2026-05-29T16:02:35.4488791+08:00	0x09	0.1036	0.5081	-0.3788	0.7665	325.49	56.59	32.95
2026-05-29T16:02:35.4488791+08:00	0x06	-0.0326	0.0732	0.9929	-0.0874	190.38	355.51	351.97
2026-05-29T16:02:35.4488791+08:00	0x08	-0.1754	-0.1239	0.5502	0.8070	70.32	336.59	351.56
2026-05-29T16:02:35.4488791+08:00	0x07	-0.8136	-0.2480	0.5077	-0.1369	162.51	239.48	28.33
2026-05-29T16:02:35.4488791+08:00	0x09	0.1036	0.5081	-0.3788	0.7665	325.49	56.59	32.95
2026-05-29T16:02:35.4488791+08:00	0x06	-0.0327	0.0733	0.9929	-0.0874	190.38	355.49	351.96
2026-05-29T16:02:35.4488791+08:00	0x08	-0.1750	-0.1235	0.5505	0.8068	70.36	336.65	351.58
2026-05-29T16:02:35.4488791+08:00	0x07	-0.8135	-0.2482	0.5077	-0.1370	162.49	239.47	28.36
2026-05-29T16:02:35.4488791+08:00	0x05	0.5735	-0.3367	-0.3602	-0.6542	45.84	13.32	276.82
2026-05-29T16:02:35.4488791+08:00	0x06	-0.0324	0.0733	0.9930	-0.0873	190.36	355.53	351.96
2026-05-29T16:02:35.4488791+08:00	0x08	-0.1744	-0.1231	0.5506	0.8070	70.34	336.74	351.61
2026-05-29T16:02:35.4488791+08:00	0x07	-0.8137	-0.2477	0.5078	-0.1370	162.55	239.50	28.33
2026-05-29T16:02:35.4488791+08:00	0x05	0.5720	-0.3384	-0.3603	-0.6546	44.48	14.85	276.93
2026-05-29T16:02:35.4488791+08:00	0x09	0.1036	0.5081	-0.3788	0.7665	325.49	56.59	32.95
2026-05-29T16:02:35.4488791+08:00	0x06	-0.0323	0.0735	0.9929	-0.0873	190.36	355.54	351.93
2026-05-29T16:02:35.4488791+08:00	0x08	-0.1737	-0.1230	0.5510	0.8069	70.37	336.79	351.67
2026-05-29T16:02:35.4488791+08:00	0x07	-0.8137	-0.2475	0.5078	-0.1370	162.57	239.50	28.32
2026-05-29T16:02:35.4488791+08:00	0x09	0.1036	0.5081	-0.3788	0.7665	325.49	56.59	32.95
2026-05-29T16:02:35.4488791+08:00	0x08	-0.1741	-0.1233	0.5512	0.8067	70.41	336.73	351.67
2026-05-29T16:02:35.4488791+08:00	0x07	-0.8138	-0.2474	0.5078	-0.1368	162.57	239.51	28.29
2026-05-29T16:02:35.4488791+08:00	0x09	0.1036	0.5081	-0.3788	0.7665	325.49	56.59	32.95
2026-05-29T16:02:35.4488791+08:00	0x06	-0.0326	0.0730	0.9930	-0.0874	190.37	355.52	351.99
2026-05-29T16:02:35.4488791+08:00	0x08	-0.1744	-0.1235	0.5516	0.8063	70.47	336.69	351.67
2026-05-29T16:02:35.4488791+08:00	0x07	-0.8135	-0.2483	0.5077	-0.1372	162.49	239.47	28.38
2026-05-29T16:02:35.4488791+08:00	0x09	0.1036	0.5081	-0.3788	0.7665	325.49	56.59	32.95
2026-05-29T16:02:35.4488791+08:00	0x06	-0.0327	0.0711	0.9930	-0.0880	190.44	355.51	352.21
2026-05-29T16:02:35.4488791+08:00	0x08	-0.1747	-0.1225	0.5515	0.8064	70.47	336.76	351.57
2026-05-29T16:02:35.4488791+08:00	0x09	0.1036	0.5081	-0.3788	0.7665	325.49	56.59	32.95
2026-05-29T16:02:35.4488791+08:00	0x07	-0.8134	-0.2505	0.5062	-0.1394	162.32	239.24	28.71
2026-05-29T16:02:35.4488791+08:00	0x09	0.1036	0.5081	-0.3788	0.7665	325.49	56.59	32.95
2026-05-29T16:02:35.4488791+08:00	0x06	-0.0377	0.0739	0.9925	-0.0895	190.67	354.90	351.95
2026-05-29T16:02:35.4488791+08:00	0x08	-0.1416	-0.1278	0.5594	0.8067	70.40	338.54	355.10
2026-05-29T16:02:35.4488791+08:00	0x05	0.5346	-0.4428	-0.3853	-0.6081	357.89	73.97	277.57
2026-05-29T16:02:35.4488791+08:00	0x09	0.1036	0.5081	-0.3788	0.7665	325.49	56.59	32.95
2026-05-29T16:02:35.4488791+08:00	0x06	-0.0407	0.0689	0.9928	-0.0890	190.59	354.62	352.55
2026-05-29T16:02:35.4488791+08:00	0x08	-0.1261	-0.1209	0.5598	0.8100	69.99	340.25	356.05
2026-05-29T16:02:35.4488791+08:00	0x07	-0.8108	-0.2603	0.5054	-0.1394	161.20	238.92	29.29
2026-05-29T16:02:35.4488791+08:00	0x09	0.1036	0.5081	-0.3788	0.7665	325.49	56.59	32.95
2026-05-29T16:02:35.4488791+08:00	0x08	-0.0972	-0.1019	0.5565	0.8188	68.77	344.01	357.37
2026-05-29T16:02:35.4498769+08:00	0x07	-0.8132	-0.2686	0.4995	-0.1309	159.56	237.83	28.77
2026-05-29T16:02:35.4498769+08:00	0x09	0.1036	0.5081	-0.3788	0.7665	325.49	56.59	32.95
2026-05-29T16:02:35.4498769+08:00	0x06	-0.0603	0.0611	0.9921	-0.0910	190.90	352.44	353.67
2026-05-29T16:02:35.4498769+08:00	0x08	-0.0875	-0.0992	0.5654	0.8141	69.79	344.90	358.26
2026-05-29T16:02:35.4498769+08:00	0x07	-0.8132	-0.2744	0.4976	-0.1258	158.57	237.41	28.53
2026-05-29T16:02:35.4498769+08:00	0x09	0.1036	0.5081	-0.3788	0.7665	325.49	56.59	32.95
2026-05-29T16:02:35.4498769+08:00	0x06	-0.0637	0.0592	0.9918	-0.0933	191.17	352.05	353.94
2026-05-29T16:02:35.4498769+08:00	0x07	-0.8130	-0.2751	0.4977	-0.1249	158.44	237.42	28.49
2026-05-29T16:02:35.4498769+08:00	0x05	0.4835	-0.5250	-0.4524	-0.5348	349.03	98.62	277.21
2026-05-29T16:02:35.4498769+08:00	0x09	0.1036	0.5081	-0.3788	0.7665	325.49	56.59	32.95
2026-05-29T16:02:35.4498769+08:00	0x06	-0.0637	0.0590	0.9917	-0.0945	191.30	352.05	353.98
2026-05-29T16:02:35.4498769+08:00	0x08	-0.0839	-0.0998	0.5811	0.8034	71.90	345.06	358.92
2026-05-29T16:02:35.4498769+08:00	0x07	-0.8131	-0.2748	0.4979	-0.1240	158.43	237.44	28.38
2026-05-29T16:02:35.4498769+08:00	0x09	0.1036	0.5081	-0.3788	0.7665	325.49	56.59	32.95
2026-05-29T16:02:35.4498769+08:00	0x06	-0.0639	0.0587	0.9917	-0.0954	191.41	352.03	354.02
2026-05-29T16:02:35.4498769+08:00	0x08	-0.0831	-0.1003	0.5869	0.7991	72.70	345.05	359.13
2026-05-29T16:02:35.4498769+08:00	0x07	-0.8131	-0.2739	0.4990	-0.1220	158.47	237.62	28.15
2026-05-29T16:02:35.4498769+08:00	0x09	0.1036	0.5081	-0.3788	0.7665	325.49	56.59	32.95
2026-05-29T16:02:35.4498769+08:00	0x08	-0.0843	-0.1019	0.5898	0.7967	73.13	344.82	359.19
2026-05-29T16:02:35.4498769+08:00	0x07	-0.8128	-0.2753	0.4992	-0.1200	158.21	237.61	28.03
2026-05-29T16:02:35.4498769+08:00	0x09	0.1036	0.5081	-0.3788	0.7665	325.49	56.59	32.95
2026-05-29T16:02:35.4498769+08:00	0x07	-0.8122	-0.2767	0.4996	-0.1189	158.01	237.65	28.01
2026-05-29T16:02:35.4498769+08:00	0x09	0.1036	0.5081	-0.3788	0.7665	325.49	56.59	32.95
2026-05-29T16:02:35.4498769+08:00	0x06	-0.0650	0.0581	0.9918	-0.0938	191.22	351.92	354.09
2026-05-29T16:02:35.4498769+08:00	0x08	-0.0858	-0.1012	0.5929	0.7942	73.61	344.77	359.07
2026-05-29T16:02:35.4498769+08:00	0x07	-0.8117	-0.2769	0.5003	-0.1195	158.03	237.74	28.10
2026-05-29T16:02:35.4498769+08:00	0x09	0.1036	0.5081	-0.3788	0.7665	325.49	56.59	32.95
2026-05-29T16:02:35.4498769+08:00	0x06	-0.0649	0.0581	0.9918	-0.0934	191.18	351.94	354.08
2026-05-29T16:02:35.4498769+08:00	0x08	-0.0845	-0.1003	0.5946	0.7933	73.82	344.95	359.16
2026-05-29T16:02:35.4498769+08:00	0x07	-0.8117	-0.2788	0.4991	-0.1198	157.80	237.53	28.22
2026-05-29T16:02:35.4498769+08:00	0x09	0.1036	0.5081	-0.3788	0.7665	325.49	56.59	32.95
2026-05-29T16:02:35.4498769+08:00	0x06	-0.0692	0.0578	0.9915	-0.0939	191.26	351.44	354.17
2026-05-29T16:02:35.4498769+08:00	0x08	-0.0837	-0.1000	0.5970	0.7916	74.14	345.03	359.26
2026-05-29T16:02:35.4498769+08:00	0x07	-0.8120	-0.2800	0.4981	-0.1194	157.61	237.36	28.22
2026-05-29T16:02:35.4498769+08:00	0x06	-0.0691	0.0575	0.9914	-0.0947	191.34	351.45	354.21
2026-05-29T16:02:35.4498769+08:00	0x09	0.1036	0.5081	-0.3788	0.7665	325.49	56.59	32.95
2026-05-29T16:02:35.4498769+08:00	0x08	-0.0835	-0.1000	0.5985	0.7905	74.35	345.05	359.30
2026-05-29T16:02:35.5167616+08:00	0x07	-0.8120	-0.2794	0.4983	-0.1193	157.67	237.40	28.18
2026-05-29T16:02:35.5658454+08:00	0x09	0.1036	0.5081	-0.3788	0.7665	325.49	56.59	32.95
2026-05-29T16:02:35.6497656+08:00	0x06	-0.0693	0.0577	0.9913	-0.0957	191.46	351.42	354.20
2026-05-29T16:02:35.6916550+08:00	0x08	-0.0823	-0.0993	0.5998	0.7897	74.51	345.19	359.38
2026-05-29T16:02:36.0524990+08:00	0x07	-0.8120	-0.2809	0.4974	-0.1198	157.50	237.24	28.29
2026-05-29T16:02:36.1496947+08:00	0x09	0.1036	0.5081	-0.3788	0.7665	325.49	56.59	32.95
2026-05-29T16:02:36.1993908+08:00	0x08	-0.0808	-0.0992	0.6007	0.7891	74.62	345.30	359.52
2026-05-29T16:02:36.5843125+08:00	0x07	-0.8121	-0.2819	0.4964	-0.1210	157.41	237.07	28.45
2026-05-29T16:02:36.7171788+08:00	0x09	0.1036	0.5081	-0.3788	0.7665	325.49	56.59	32.95
2026-05-29T16:02:36.7700094+08:00	0x08	-0.0794	-0.0992	0.6004	0.7896	74.54	345.40	359.64
