timestamp	device	q0	q1	q2	q3	yaw	pitch	roll
2026-06-05T17:12:51.1673914+08:00	0x01	-0.6505	-0.1029	0.4666	-0.5904	235.96	285.27	59.78
2026-06-05T17:12:51.3475612+08:00	0x02	-0.7811	-0.0165	0.6095	-0.1349	188.20	256.89	13.35
2026-06-05T17:12:51.4442350+08:00	0x03	0.4357	-0.4070	-0.6024	-0.5307	110.31	342.19	287.67
2026-06-05T17:12:51.4623508+08:00	0x04	-0.4919	0.6679	0.5489	0.1036	260.96	226.88	303.38
2026-06-05T17:12:51.5453425+08:00	0x07	-0.5697	0.2323	0.7128	0.3367	162.06	290.32	314.37
2026-06-05T17:12:51.7299614+08:00	0x01	-0.5653	-0.2690	0.5673	-0.5350	226.96	301.43	65.52
2026-06-05T17:12:51.8996072+08:00	0x06	0.6770	0.0446	-0.7338	0.0343	179.42	274.58	6.42
2026-06-05T17:12:51.9355045+08:00	0x02	-0.6964	-0.0853	0.6872	0.1887	157.53	270.90	351.63
2026-06-05T17:12:51.9520844+08:00	0x04	-0.4919	0.6679	0.5489	0.1036	260.96	226.88	303.38
2026-06-05T17:12:52.1289565+08:00	0x08	0.1898	0.6992	-0.1298	0.6769	5.73	93.18	26.00
2026-06-05T17:12:52.2325935+08:00	0x01	-0.5583	-0.3334	0.6817	-0.3352	188.72	286.01	55.99
2026-06-05T17:12:52.3760306+08:00	0x02	-0.7087	-0.0319	0.5865	0.3909	143.96	269.57	328.90
2026-06-05T17:12:52.4683130+08:00	0x06	0.6909	0.0420	-0.7215	0.0185	178.19	272.40	4.94
2026-06-05T17:12:52.5486295+08:00	0x03	0.4608	-0.4211	-0.6214	-0.4734	134.53	321.74	286.32
2026-06-05T17:12:52.6624810+08:00	0x07	-0.6212	0.2595	0.6555	0.3423	168.68	278.37	310.06
2026-06-05T17:12:52.7328833+08:00	0x01	-0.5598	-0.3633	0.6591	-0.3468	185.82	282.68	60.13
2026-06-05T17:12:52.9992783+08:00	0x06	0.6879	0.0543	-0.7230	0.0328	178.43	272.76	7.10
2026-06-05T17:12:53.0259784+08:00	0x02	-0.7513	-0.1207	0.5898	0.2705	148.75	260.58	344.69
2026-06-05T17:12:53.0493049+08:00	0x04	-0.4919	0.6679	0.5489	0.1036	260.96	226.88	303.38
2026-06-05T17:12:53.2131276+08:00	0x07	-0.6199	0.2504	0.6632	0.3364	168.18	279.21	311.48
2026-06-05T17:12:53.4677579+08:00	0x02	-0.7560	-0.1005	0.5845	0.2769	150.08	260.14	342.47
2026-06-05T17:12:53.5783009+08:00	0x06	0.6850	0.0502	-0.7262	0.0303	178.57	273.27	6.57
2026-06-05T17:12:53.6474195+08:00	0x03	0.4893	-0.4263	-0.6074	-0.4583	147.20	307.77	284.93
2026-06-05T17:12:53.7455724+08:00	0x08	0.0015	0.7239	0.0467	0.6884	3.81	92.75	356.24
2026-06-05T17:12:53.8113899+08:00	0x01	-0.5787	-0.3428	0.6535	-0.3471	186.20	280.39	58.19
2026-06-05T17:12:53.9990946+08:00	0x02	-0.7677	-0.0676	0.5713	0.2823	152.86	258.40	339.13
2026-06-05T17:12:54.0955238+08:00	0x04	-0.4919	0.6679	0.5489	0.1036	260.96	226.88	303.38
2026-06-05T17:12:54.1871709+08:00	0x03	0.5078	-0.4310	-0.5895	-0.4571	154.34	298.87	283.52
2026-06-05T17:12:54.2782169+08:00	0x07	-0.6152	0.2380	0.6741	0.3324	166.86	280.94	313.13
2026-06-05T17:12:54.3985133+08:00	0x01	-0.5885	-0.3281	0.6587	-0.3348	185.60	279.40	55.72
2026-06-05T17:12:54.5653856+08:00	0x02	-0.7630	-0.0660	0.5741	0.2897	152.24	259.28	338.51
2026-06-05T17:12:54.6620212+08:00	0x06	0.6887	0.0397	-0.7238	0.0184	178.38	272.78	4.75
2026-06-05T17:12:54.7308971+08:00	0x03	0.5034	-0.4338	-0.5923	-0.4556	153.72	300.16	283.45
2026-06-05T17:12:54.8565102+08:00	0x08	-0.0839	0.7179	0.1262	0.6794	3.06	92.70	342.84
2026-06-05T17:12:54.8714654+08:00	0x07	-0.6153	0.2411	0.6703	0.3375	166.64	280.81	312.39
2026-06-05T17:12:55.0785501+08:00	0x02	-0.7635	-0.0703	0.5787	0.2780	152.82	259.22	339.93
2026-06-05T17:12:55.2302066+08:00	0x04	-0.4919	0.6679	0.5489	0.1036	260.96	226.88	303.38
2026-06-05T17:12:55.2462013+08:00	0x06	0.6857	0.0397	-0.7266	0.0177	178.35	273.25	4.70
2026-06-05T17:12:55.3000998+08:00	0x03	0.5050	-0.4362	-0.5920	-0.4520	155.86	298.25	283.36
2026-06-05T17:12:55.4303149+08:00	0x07	-0.6145	0.2359	0.6743	0.3347	166.35	281.25	313.15
2026-06-05T17:12:55.6668664+08:00	0x02	-0.7619	-0.0730	0.5845	0.2695	153.20	259.55	341.01
2026-06-05T17:12:55.7641220+08:00	0x04	-0.4919	0.6679	0.5489	0.1036	260.96	226.88	303.38
2026-06-05T17:12:55.8684480+08:00	0x03	0.5126	-0.4311	-0.5970	-0.4416	160.30	293.97	284.67
2026-06-05T17:12:55.9376132+08:00	0x07	-0.6222	0.2268	0.6792	0.3163	168.05	279.93	315.44
2026-06-05T17:12:56.0503279+08:00	0x01	-0.5825	-0.3354	0.6486	-0.3572	187.95	280.59	58.34
2026-06-05T17:12:56.1835990+08:00	0x02	-0.7633	-0.0845	0.5874	0.2554	153.36	259.19	343.11
2026-06-05T17:12:56.2929369+08:00	0x04	-0.4919	0.6679	0.5489	0.1036	260.96	226.88	303.38
2026-06-05T17:12:56.3505412+08:00	0x03	0.5347	-0.4228	-0.5894	-0.4335	167.53	285.01	285.85
2026-06-05T17:12:56.5154160+08:00	0x08	-0.0924	0.6908	0.1489	0.7015	4.94	88.27	340.40
2026-06-05T17:12:56.5652863+08:00	0x01	-0.6449	-0.2357	0.5801	-0.4382	202.04	276.01	57.00
2026-06-05T17:12:56.7473002+08:00	0x02	-0.7936	0.0400	0.6066	-0.0267	185.51	254.77	359.65
2026-06-05T17:12:56.8623123+08:00	0x04	-0.4919	0.6679	0.5489	0.1036	260.96	226.88	303.38
2026-06-05T17:12:56.9502487+08:00	0x03	0.6096	-0.4374	-0.4950	-0.4383	203.08	240.25	284.68
2026-06-05T17:12:57.0126103+08:00	0x08	-0.1464	0.6096	0.2342	0.7430	11.31	75.67	329.80
2026-06-05T17:12:57.0795778+08:00	0x07	-0.5832	0.1944	0.7170	0.3286	160.96	289.02	318.54
2026-06-05T17:12:57.2648167+08:00	0x02	-0.7938	0.0363	0.6069	-0.0182	184.57	254.76	359.13
2026-06-05T17:12:57.4242655+08:00	0x06	0.5852	-0.0457	-0.8076	-0.0574	177.73	288.30	351.90
2026-06-05T17:12:57.4631579+08:00	0x03	0.6364	-0.4623	-0.4627	-0.4089	221.42	221.60	288.51
2026-06-05T17:12:57.5906725+08:00	0x08	-0.1448	0.6122	0.2317	0.7420	11.07	76.09	330.10
2026-06-05T17:12:57.7124746+08:00	0x01	-0.6433	-0.2388	0.5824	-0.4359	201.62	276.15	57.03
2026-06-05T17:12:57.8461777+08:00	0x02	-0.7950	0.1516	0.5332	-0.2465	211.19	251.43	13.32
2026-06-05T17:12:57.9293670+08:00	0x04	-0.4919	0.6679	0.5489	0.1036	260.96	226.88	303.38
2026-06-05T17:12:58.0193289+08:00	0x03	0.6938	-0.4652	-0.4229	-0.3511	227.40	213.33	298.27
2026-06-05T17:12:58.1173265+08:00	0x08	-0.1756	0.5204	0.3077	0.7770	21.52	60.49	323.63
2026-06-05T17:12:58.2317253+08:00	0x01	-0.6946	0.0677	0.3541	-0.6226	248.05	272.58	54.77
2026-06-05T17:12:58.3134437+08:00	0x02	-0.7978	0.1869	0.4927	-0.2930	217.74	249.06	16.45
2026-06-05T17:12:58.4634897+08:00	0x04	-0.4919	0.6679	0.5489	0.1036	260.96	226.88	303.38
2026-06-05T17:12:58.5632786+08:00	0x03	0.7039	-0.4539	-0.4269	-0.3411	224.38	215.87	299.81
2026-06-05T17:12:58.7050321+08:00	0x08	-0.2306	0.4748	0.3926	0.7532	32.46	50.35	313.94
2026-06-05T17:12:58.8443637+08:00	0x01	-0.6749	0.0711	0.3348	-0.6537	255.78	278.23	56.59
2026-06-05T17:12:58.9430746+08:00	0x02	-0.7969	0.1494	0.4979	-0.3078	215.41	250.43	19.98
2026-06-05T17:12:59.0628034+08:00	0x04	-0.4919	0.6679	0.5489	0.1036	260.96	226.88	303.38
2026-06-05T17:12:59.0807513+08:00	0x06	0.5752	-0.0207	-0.8165	-0.0448	177.16	289.80	355.10
2026-06-05T17:12:59.1965925+08:00	0x07	-0.6135	0.1374	0.7199	0.2941	162.11	284.63	326.03
2026-06-05T17:12:59.2374320+08:00	0x08	-0.2799	0.4425	0.4636	0.7148	45.11	39.55	305.86
2026-06-05T17:12:59.5045927+08:00	0x02	-0.8018	0.1308	0.4921	-0.3130	213.92	249.84	21.91
2026-06-05T17:12:59.5791650+08:00	0x03	0.7007	-0.4519	-0.4243	-0.3533	224.29	215.19	298.54
2026-06-05T17:12:59.7156835+08:00	0x04	-0.4919	0.6679	0.5489	0.1036	260.96	226.88	303.38
2026-06-05T17:12:59.8042303+08:00	0x01	-0.6773	0.0645	0.3487	-0.6446	253.34	277.60	55.92
2026-06-05T17:13:00.0212872+08:00	0x02	-0.8084	0.1074	0.5072	-0.2787	209.05	249.43	19.98
2026-06-05T17:13:00.0668845+08:00	0x06	0.5841	-0.0116	-0.8109	-0.0351	177.51	288.54	356.57
2026-06-05T17:13:00.1156169+08:00	0x03	0.6844	-0.4481	-0.4371	-0.3739	221.95	217.88	295.38
2026-06-05T17:13:00.2974119+08:00	0x07	-0.6242	0.1405	0.7162	0.2789	164.45	282.53	326.68
2026-06-05T17:13:00.3683563+08:00	0x01	-0.6258	-0.1224	0.5072	-0.5798	235.60	290.76	58.19
2026-06-05T17:13:00.5130910+08:00	0x02	-0.7374	-0.0264	0.6749	-0.0111	178.63	264.89	2.99
2026-06-05T17:13:00.5795510+08:00	0x04	-0.4919	0.6679	0.5489	0.1036	260.96	226.88	303.38
2026-06-05T17:13:00.6474688+08:00	0x06	0.6524	0.0706	-0.7531	0.0475	178.81	278.09	9.69
2026-06-05T17:13:00.7062245+08:00	0x03	0.4758	-0.4622	-0.4971	-0.5594	65.50	20.14	277.35
2026-06-05T17:13:00.8304725+08:00	0x07	-0.6414	0.1844	0.6937	0.2708	169.94	277.87	322.90
2026-06-05T17:13:00.9098628+08:00	0x01	-0.4927	-0.3439	0.5530	-0.5772	252.05	332.00	71.65
2026-06-05T17:13:01.0305374+08:00	0x02	-0.6866	-0.1497	0.7095	-0.0524	172.13	270.73	16.52
2026-06-05T17:13:01.1758329+08:00	0x04	-0.4919	0.6679	0.5489	0.1036	260.96	226.88	303.38
2026-06-05T17:13:01.2144432+08:00	0x06	0.6800	0.0416	-0.7320	0.0043	177.11	274.13	3.83
2026-06-05T17:13:01.2492713+08:00	0x03	0.4659	-0.3835	-0.4178	-0.6792	44.12	25.85	287.58
2026-06-05T17:13:01.4185970+08:00	0x07	-0.6396	0.2063	0.6817	0.2891	170.11	277.32	319.37
2026-06-05T17:13:01.4469207+08:00	0x08	-0.3282	0.6321	0.3642	0.6001	2.45	91.60	301.31
2026-06-05T17:13:01.5985586+08:00	0x02	-0.6905	-0.1580	0.7035	-0.0582	171.78	269.80	17.62
2026-06-05T17:13:01.6979474+08:00	0x04	-0.4919	0.6679	0.5489	0.1036	260.96	226.88	303.38
2026-06-05T17:13:01.8520107+08:00	0x03	0.5418	-0.3915	-0.5614	-0.4878	150.43	295.13	284.48
2026-06-05T17:13:01.8664018+08:00	0x06	0.6883	0.0534	-0.7232	0.0168	177.17	272.69	5.76
2026-06-05T17:13:01.9594439+08:00	0x08	-0.3156	0.6502	0.3428	0.6001	0.11	94.53	304.46
2026-06-05T17:13:02.0489436+08:00	0x01	-0.4978	-0.2755	0.4741	-0.6720	278.61	343.91	68.47
2026-06-05T17:13:02.1135558+08:00	0x02	-0.7086	-0.1321	0.6909	-0.0551	173.39	267.67	15.11
2026-06-05T17:13:02.3097076+08:00	0x06	0.6963	0.0539	-0.7155	0.0198	177.31	271.42	6.01
2026-06-05T17:13:02.4143447+08:00	0x03	0.5683	-0.3577	-0.6386	-0.3759	170.94	282.13	297.86
2026-06-05T17:13:02.4143447+08:00	0x04	-0.4919	0.6679	0.5489	0.1036	260.96	226.88	303.38
2026-06-05T17:13:02.5401543+08:00	0x08	-0.2729	0.6792	0.2959	0.6137	359.36	96.08	312.53
2026-06-05T17:13:02.5541249+08:00	0x01	-0.3841	-0.2199	0.4720	-0.7625	295.22	357.43	52.49
2026-06-05T17:13:02.6664189+08:00	0x07	-0.6484	0.1936	0.6870	0.2649	171.80	276.11	322.45
2026-06-05T17:13:02.8229350+08:00	0x04	-0.4919	0.6679	0.5489	0.1036	260.96	226.88	303.38
2026-06-05T17:13:02.9175265+08:00	0x03	0.5605	-0.3606	-0.6373	-0.3869	168.57	284.40	296.71
2026-06-05T17:13:02.9465188+08:00	0x06	0.6964	0.0573	-0.7148	0.0287	177.76	271.35	7.01
2026-06-05T17:13:03.0167191+08:00	0x08	-0.2073	0.7060	0.2368	0.6345	0.55	95.93	323.31
2026-06-05T17:13:03.0922803+08:00	0x07	-0.6434	0.1957	0.6906	0.2661	171.58	276.95	322.22
2026-06-05T17:13:03.1515976+08:00	0x01	-0.4693	-0.4011	0.5978	-0.5113	236.50	327.57	73.65
2026-06-05T17:13:03.2300684+08:00	0x02	-0.7081	-0.1329	0.6913	-0.0552	173.34	267.74	15.18
2026-06-05T17:13:03.3654341+08:00	0x04	-0.4919	0.6679	0.5489	0.1036	260.96	226.88	303.38
2026-06-05T17:13:03.4183010+08:00	0x06	0.7032	0.0519	-0.7088	0.0213	177.53	270.33	5.94
2026-06-05T17:13:03.5148360+08:00	0x08	-0.1498	0.7214	0.1809	0.6515	1.26	95.52	332.87
2026-06-05T17:13:03.6177512+08:00	0x07	-0.6443	0.1974	0.6879	0.2696	171.46	276.72	321.76
2026-06-05T17:13:03.7697786+08:00	0x01	-0.5277	-0.3837	0.5395	-0.5322	230.57	312.68	77.35
2026-06-05T17:13:03.9286302+08:00	0x04	-0.4919	0.6679	0.5489	0.1036	260.96	226.88	303.38
2026-06-05T17:13:03.9971497+08:00	0x03	0.5356	-0.4610	-0.4080	-0.5781	346.68	89.25	275.51
2026-06-05T17:13:04.1177925+08:00	0x08	-0.0351	0.6707	0.0656	0.7380	2.88	84.32	351.97
2026-06-05T17:13:04.2282080+08:00	0x01	-0.5888	-0.1682	0.7023	-0.3630	204.63	289.52	41.58
2026-06-05T17:13:04.3512894+08:00	0x02	-0.6557	-0.1069	0.7344	0.1393	159.83	276.74	358.53
2026-06-05T17:13:04.4651275+08:00	0x04	-0.4919	0.6679	0.5489	0.1036	260.96	226.88	303.38
2026-06-05T17:13:04.4969618+08:00	0x03	0.5609	-0.4841	-0.2903	-0.6056	316.57	110.59	286.17
2026-06-05T17:13:04.5189422+08:00	0x06	0.6514	-0.0752	-0.7420	-0.1398	173.42	278.43	342.92
2026-06-05T17:13:04.6149092+08:00	0x08	-0.1472	0.6350	0.1803	0.7366	5.04	80.34	333.52
2026-06-05T17:13:04.7144482+08:00	0x07	-0.6075	0.1566	0.6948	0.3518	157.00	286.17	319.84
2026-06-05T17:13:04.8062752+08:00	0x01	-0.6018	-0.2369	0.6919	-0.3209	193.13	283.50	45.57
2026-06-05T17:13:05.0462240+08:00	0x04	-0.4919	0.6679	0.5489	0.1036	260.96	226.88	303.38
2026-06-05T17:13:05.1803310+08:00	0x08	-0.2688	0.6265	0.3068	0.6642	6.05	83.97	312.14
2026-06-05T17:13:05.2845834+08:00	0x07	-0.6346	0.1478	0.7021	0.2872	164.75	280.60	325.11
2026-06-05T17:13:05.4475622+08:00	0x02	-0.6362	0.0836	0.6750	0.3643	151.87	282.48	324.80
2026-06-05T17:13:05.5822926+08:00	0x04	-0.4919	0.6679	0.5489	0.1036	260.96	226.88	303.38
2026-06-05T17:13:05.6154152+08:00	0x06	0.6803	0.0109	-0.7315	-0.0433	175.51	274.25	357.54
2026-06-05T17:13:05.6334918+08:00	0x03	0.4644	-0.4679	-0.4889	-0.5713	53.86	31.61	278.84
2026-06-05T17:13:05.7644533+08:00	0x08	-0.3026	0.6080	0.3588	0.6403	9.30	82.14	304.53
2026-06-05T17:13:05.8274712+08:00	0x07	-0.6507	0.1453	0.6985	0.2601	168.04	277.59	327.22
2026-06-05T17:13:05.9606432+08:00	0x02	-0.6455	-0.0352	0.6869	0.3321	147.15	280.23	337.64
2026-06-05T17:13:06.1017883+08:00	0x04	-0.4919	0.6679	0.5489	0.1036	260.96	226.88	303.38
2026-06-05T17:13:06.1597077+08:00	0x03	0.5633	-0.4362	-0.5086	-0.4834	179.92	264.23	278.74
2026-06-05T17:13:06.2873666+08:00	0x08	-0.3213	0.5390	0.4219	0.6544	25.19	63.94	298.92
2026-06-05T17:13:06.4327248+08:00	0x01	-0.5761	-0.1825	0.7211	-0.3387	201.57	290.86	40.81
2026-06-05T17:13:06.5318815+08:00	0x02	-0.6448	-0.0375	0.6880	0.3310	147.07	280.30	337.96
2026-06-05T17:13:06.6284005+08:00	0x06	0.5790	-0.1309	-0.7951	-0.1243	177.18	288.38	339.38
2026-06-05T17:13:06.6944592+08:00	0x03	0.4999	-0.5455	-0.4359	-0.5124	320.63	127.60	278.94
2026-06-05T17:13:06.7073583+08:00	0x04	-0.4919	0.6679	0.5489	0.1036	260.96	226.88	303.38
2026-06-05T17:13:06.8484289+08:00	0x08	-0.2146	0.4780	0.3222	0.7884	23.39	53.78	319.72
2026-06-05T17:13:06.8955527+08:00	0x07	-0.7488	0.1274	0.6136	0.2158	175.16	259.90	331.34
2026-06-05T17:13:06.9821521+08:00	0x01	-0.5614	0.0449	0.7337	-0.3803	220.72	293.09	21.17
2026-06-05T17:13:07.0630092+08:00	0x02	-0.5857	0.0761	0.6986	0.4039	144.33	291.78	324.59
2026-06-05T17:13:07.2146641+08:00	0x04	-0.4919	0.6679	0.5489	0.1036	260.96	226.88	303.38
2026-06-05T17:13:07.2357177+08:00	0x03	0.4754	-0.5884	-0.3647	-0.5429	329.89	116.32	289.02
2026-06-05T17:13:07.3653725+08:00	0x08	-0.1932	0.4355	0.3349	0.8129	28.22	46.66	322.71
2026-06-05T17:13:07.4475154+08:00	0x07	-0.7729	0.0370	0.6064	0.1830	169.96	257.94	340.86
2026-06-05T17:13:07.4823242+08:00	0x01	-0.5056	0.0931	0.7440	-0.4268	229.70	299.54	17.04
2026-06-05T17:13:07.6315848+08:00	0x02	-0.4867	0.0391	0.6959	0.5267	122.47	309.43	325.45
2026-06-05T17:13:07.7204681+08:00	0x06	0.4838	-0.2087	-0.8068	-0.2673	163.42	303.62	323.46
2026-06-05T17:13:07.7492746+08:00	0x04	-0.4919	0.6679	0.5489	0.1036	260.96	226.88	303.38
2026-06-05T17:13:07.8453091+08:00	0x03	0.4671	-0.6015	-0.3489	-0.5462	330.55	115.78	291.57
2026-06-05T17:13:07.9483775+08:00	0x08	-0.2421	0.3799	0.4292	0.7828	43.50	33.08	315.16
2026-06-05T17:13:07.9822866+08:00	0x01	-0.4937	0.1115	0.7361	-0.4495	233.50	300.53	16.24
2026-06-05T17:13:08.0490074+08:00	0x07	-0.7745	-0.0359	0.6226	0.1065	169.08	258.25	353.09
2026-06-05T17:13:08.1507866+08:00	0x02	-0.4486	0.0860	0.7470	0.4831	128.81	314.78	325.81
2026-06-05T17:13:08.2486394+08:00	0x06	0.4914	-0.2036	-0.8112	-0.2432	166.32	301.88	325.30
2026-06-05T17:13:08.2835434+08:00	0x04	-0.4919	0.6679	0.5489	0.1036	260.96	226.88	303.38
2026-06-05T17:13:08.3733531+08:00	0x03	0.5062	-0.5779	-0.3473	-0.5377	319.34	123.76	288.94
2026-06-05T17:13:08.5163419+08:00	0x08	-0.2762	0.3508	0.4929	0.7468	56.31	22.71	310.69
2026-06-05T17:13:08.6164496+08:00	0x07	-0.7625	-0.0914	0.6387	0.0484	168.38	259.65	2.46
2026-06-05T17:13:08.8121005+08:00	0x06	0.4899	-0.2051	-0.8129	-0.2390	166.83	301.97	325.42
2026-06-05T17:13:08.8356779+08:00	0x04	-0.4919	0.6679	0.5489	0.1036	260.96	226.88	303.38
2026-06-05T17:13:08.8994246+08:00	0x03	0.5181	-0.5715	-0.3579	-0.5262	313.83	129.51	287.39
2026-06-05T17:13:09.0871783+08:00	0x01	-0.6547	0.1448	0.6380	-0.3786	225.05	276.08	18.12
2026-06-05T17:13:09.1527135+08:00	0x07	-0.7672	-0.1147	0.6309	0.0176	168.49	258.18	6.76
2026-06-05T17:13:09.3891800+08:00	0x06	0.4296	-0.2173	-0.8301	-0.2813	159.44	312.23	322.95
2026-06-05T17:13:09.4176710+08:00	0x04	-0.4919	0.6679	0.5489	0.1036	260.96	226.88	303.38
2026-06-05T17:13:09.6453116+08:00	0x01	-0.6503	0.1439	0.6413	-0.3810	225.32	276.82	18.12
2026-06-05T17:13:09.8158324+08:00	0x02	-0.4487	0.0860	0.7463	0.4840	128.68	314.80	325.76
2026-06-05T17:13:09.9066206+08:00	0x06	0.4293	-0.2116	-0.8324	-0.2793	159.42	312.24	323.69
2026-06-05T17:13:10.0027541+08:00	0x04	-0.4919	0.6679	0.5489	0.1036	260.96	226.88	303.38
2026-06-05T17:13:10.2285367+08:00	0x01	-0.7870	0.0513	0.6094	-0.0811	190.37	255.84	3.74
2026-06-05T17:13:10.2535014+08:00	0x07	-0.7815	-0.1410	0.6075	-0.0161	168.18	254.54	11.34
2026-06-05T17:13:10.2734112+08:00	0x08	-0.2758	0.2695	0.5681	0.7271	73.36	6.37	314.99
2026-06-05T17:13:10.3970840+08:00	0x02	-0.8175	0.1839	0.4729	0.2725	183.13	239.01	321.72
2026-06-05T17:13:10.4837151+08:00	0x06	0.4420	-0.2094	-0.8281	-0.2739	160.59	310.19	323.92
2026-06-05T17:13:10.5366514+08:00	0x03	0.5139	-0.5685	-0.3209	-0.5566	319.50	119.94	290.47
2026-06-05T17:13:10.7322765+08:00	0x01	-0.7911	0.0412	0.6025	-0.0971	190.56	255.14	5.97
2026-06-05T17:13:10.9202334+08:00	0x02	-0.8176	0.1830	0.4822	0.2561	183.73	239.83	323.47
2026-06-05T17:13:10.9912386+08:00	0x06	0.4520	-0.2171	-0.8189	-0.2792	160.81	308.77	322.56
2026-06-05T17:13:11.0651945+08:00	0x04	-0.4919	0.6679	0.5489	0.1036	260.96	226.88	303.38
2026-06-05T17:13:11.1323188+08:00	0x03	0.5166	-0.5707	-0.3244	-0.5497	317.68	122.34	290.24
2026-06-05T17:13:11.2182410+08:00	0x01	-0.7930	0.0577	0.5997	-0.0908	191.59	254.63	4.29
2026-06-05T17:13:11.2847238+08:00	0x08	-0.2904	0.2777	0.5794	0.7092	76.38	4.84	312.81
2026-06-05T17:13:11.3485664+08:00	0x07	-0.7802	-0.1627	0.6010	-0.0605	169.09	253.60	16.86
2026-06-05T17:13:11.5785219+08:00	0x06	0.5226	-0.2024	-0.7918	-0.2427	167.82	297.00	324.95
2026-06-05T17:13:11.6654941+08:00	0x04	-0.4919	0.6679	0.5489	0.1036	260.96	226.88	303.38
2026-06-05T17:13:11.7171105+08:00	0x03	0.5286	-0.6128	-0.2731	-0.5200	308.75	131.63	297.81
2026-06-05T17:13:11.8016268+08:00	0x08	-0.3575	0.3606	0.6051	0.6132	88.58	1.13	298.98
2026-06-05T17:13:11.9036949+08:00	0x07	-0.7682	-0.1497	0.6052	-0.1457	176.63	255.75	23.90
2026-06-05T17:13:12.1532850+08:00	0x06	0.5795	-0.0930	-0.8021	-0.1101	175.89	288.89	343.93
2026-06-05T17:13:12.1672487+08:00	0x04	-0.4919	0.6679	0.5489	0.1036	260.96	226.88	303.38
2026-06-05T17:13:12.2342425+08:00	0x03	0.5922	-0.4692	-0.4470	-0.4789	231.67	209.42	279.37
2026-06-05T17:13:12.3002665+08:00	0x01	-0.6306	-0.1408	0.5956	-0.4773	217.77	284.99	50.32
2026-06-05T17:13:12.4662908+08:00	0x02	-0.8176	0.1831	0.4819	0.2566	183.71	239.81	323.42
2026-06-05T17:13:12.6383540+08:00	0x04	-0.4919	0.6679	0.5489	0.1036	260.96	226.88	303.38
2026-06-05T17:13:12.7666820+08:00	0x06	0.6026	-0.0237	-0.7959	-0.0533	176.75	285.91	354.15
2026-06-05T17:13:12.8196350+08:00	0x01	-0.6129	-0.1620	0.5344	-0.5590	231.03	292.48	59.14
2026-06-05T17:13:12.8595085+08:00	0x03	0.5670	-0.4765	-0.5282	-0.4152	206.84	244.46	283.03
2026-06-05T17:13:13.0272028+08:00	0x02	-0.7609	-0.0392	0.6469	0.0323	174.18	260.74	0.09
2026-06-05T17:13:13.2516994+08:00	0x04	-0.4919	0.6679	0.5489	0.1036	260.96	226.88	303.38
2026-06-05T17:13:13.3832342+08:00	0x03	0.6713	-0.4002	-0.4776	-0.4014	203.29	235.29	292.90
2026-06-05T17:13:13.3997808+08:00	0x01	-0.6746	-0.0845	0.4484	-0.5802	232.44	278.47	59.17
2026-06-05T17:13:13.5664290+08:00	0x02	-0.7879	-0.0220	0.6018	-0.1287	187.09	255.57	13.26
2026-06-05T17:13:13.7501027+08:00	0x04	-0.4919	0.6679	0.5489	0.1036	260.96	226.88	303.38
2026-06-05T17:13:13.8225595+08:00	0x06	0.5815	-0.0070	-0.8125	-0.0401	176.73	288.92	356.67
2026-06-05T17:13:13.8519608+08:00	0x01	-0.7339	0.0108	0.4070	-0.5436	228.28	262.75	52.11
2026-06-05T17:13:13.9163962+08:00	0x03	0.6762	-0.4308	-0.4383	-0.4062	217.18	220.35	292.02
2026-06-05T17:13:14.0406963+08:00	0x08	-0.3530	0.4496	0.5240	0.6315	59.64	29.72	293.53
2026-06-05T17:13:14.1351848+08:00	0x02	-0.8340	0.0575	0.5461	-0.0537	188.89	246.55	1.53
2026-06-05T17:13:14.1673614+08:00	0x07	-0.6397	-0.0393	0.7632	0.0823	169.85	280.29	357.41
2026-06-05T17:13:14.3574164+08:00	0x04	-0.4919	0.6679	0.5489	0.1036	260.96	226.88	303.38
2026-06-05T17:13:14.4466044+08:00	0x03	0.7004	-0.4577	-0.4065	-0.3671	227.72	210.27	297.59
2026-06-05T17:13:14.5537610+08:00	0x08	-0.3517	0.4247	0.5461	0.6306	68.17	21.15	294.84
2026-06-05T17:13:14.6813253+08:00	0x07	-0.6322	-0.0063	0.7632	0.1333	167.63	281.72	350.86
2026-06-05T17:13:14.8996179+08:00	0x06	0.5478	0.0004	-0.8352	-0.0488	175.29	293.60	356.97
2026-06-05T17:13:14.9358655+08:00	0x04	-0.4919	0.6679	0.5489	0.1036	260.96	226.88	303.38
2026-06-05T17:13:15.0059916+08:00	0x03	0.7096	-0.4468	-0.4104	-0.3584	224.67	212.84	298.91
2026-06-05T17:13:15.1163294+08:00	0x08	-0.3704	0.4207	0.5627	0.6076	76.07	14.25	292.55
2026-06-05T17:13:15.2263604+08:00	0x02	-0.8583	0.1086	0.4651	-0.1875	201.72	239.36	12.76
2026-06-05T17:13:15.4184337+08:00	0x04	-0.4919	0.6679	0.5489	0.1036	260.96	226.88	303.38
2026-06-05T17:13:15.4729520+08:00	0x01	-0.7007	-0.0542	0.4547	-0.5471	226.82	271.20	54.68
2026-06-05T17:13:15.5647966+08:00	0x03	0.6991	-0.3865	-0.3658	-0.4776	217.94	207.25	288.10
2026-06-05T17:13:15.6395764+08:00	0x08	-0.4322	0.4884	0.5301	0.5419	67.08	25.48	279.52
2026-06-05T17:13:15.7376730+08:00	0x02	-0.7058	-0.1383	0.6878	-0.0982	176.35	267.91	19.20
2026-06-05T17:13:15.7777588+08:00	0x07	-0.6499	0.0585	0.7455	0.1357	172.48	278.85	344.71
2026-06-05T17:13:15.9423639+08:00	0x04	-0.4919	0.6679	0.5489	0.1036	260.96	226.88	303.38
2026-06-05T17:13:15.9996504+08:00	0x06	0.6785	0.0437	-0.7328	0.0264	178.81	274.35	5.74
2026-06-05T17:13:16.0662901+08:00	0x03	0.3520	-0.4548	-0.5272	-0.6256	59.94	30.32	293.09
2026-06-05T17:13:16.2333023+08:00	0x08	-0.3771	0.6182	0.4118	0.5533	358.39	97.43	292.12
2026-06-05T17:13:16.2673265+08:00	0x07	-0.6848	0.0974	0.7095	0.1348	176.49	272.61	341.16
2026-06-05T17:13:16.4669542+08:00	0x04	-0.4919	0.6679	0.5489	0.1036	260.96	226.88	303.38
2026-06-05T17:13:16.5612424+08:00	0x06	0.6988	0.0378	-0.7141	0.0174	178.39	271.17	4.49
2026-06-05T17:13:16.6173093+08:00	0x03	0.3636	-0.4539	-0.5235	-0.6226	59.79	29.69	291.87
2026-06-05T17:13:16.6833565+08:00	0x08	-0.2834	0.6715	0.3238	0.6032	0.91	95.70	309.03
2026-06-05T17:13:16.7852608+08:00	0x07	-0.6813	0.0812	0.7170	0.1229	176.08	273.49	343.51
2026-06-05T17:13:17.0368380+08:00	0x04	-0.4919	0.6679	0.5489	0.1036	260.96	226.88	303.38
2026-06-05T17:13:17.1272978+08:00	0x01	-0.7018	-0.0523	0.4534	-0.5470	226.86	270.94	54.60
2026-06-05T17:13:17.2025462+08:00	0x03	0.2214	-0.4299	-0.4416	-0.7557	42.99	40.47	314.41
2026-06-05T17:13:17.2378150+08:00	0x08	-0.2370	0.6895	0.2749	0.6267	1.38	94.92	317.45
2026-06-05T17:13:17.3354410+08:00	0x07	-0.6813	0.0786	0.7161	0.1299	175.27	273.56	343.17
2026-06-05T17:13:17.5708750+08:00	0x04	-0.4919	0.6679	0.5489	0.1036	260.96	226.88	303.38
2026-06-05T17:13:17.7198850+08:00	0x01	-0.1643	-0.4418	0.5395	-0.6976	300.91	38.33	44.91
2026-06-05T17:13:17.7846109+08:00	0x08	-0.2384	0.6890	0.2764	0.6261	1.37	94.94	317.20
2026-06-05T17:13:17.8674302+08:00	0x07	-0.6831	0.0737	0.7153	0.1280	175.08	273.34	343.72
2026-06-05T17:13:18.1673461+08:00	0x04	-0.4919	0.6679	0.5489	0.1036	260.96	226.88	303.38
2026-06-05T17:13:18.2012560+08:00	0x06	0.7000	0.0457	-0.7126	0.0132	177.41	270.91	4.80
2026-06-05T17:13:18.2876456+08:00	0x03	0.1820	-0.4197	-0.4296	-0.7785	42.44	40.53	319.90
2026-06-05T17:13:18.3888937+08:00	0x07	-0.6835	0.0673	0.7166	0.1214	175.13	273.36	344.79
2026-06-05T17:13:18.4168149+08:00	0x08	-0.1917	0.7089	0.2237	0.6409	1.04	95.45	325.75
2026-06-05T17:13:18.4357697+08:00	0x02	-0.7113	-0.1327	0.6827	-0.1012	176.93	267.14	18.98
2026-06-05T17:13:18.6902737+08:00	0x04	-0.4919	0.6679	0.5489	0.1036	260.96	226.88	303.38
2026-06-05T17:13:18.8130866+08:00	0x03	0.1801	-0.4394	-0.4406	-0.7619	43.17	42.93	318.59
2026-06-05T17:13:18.8708969+08:00	0x07	-0.6814	0.0666	0.7190	0.1196	175.18	273.71	345.00
2026-06-05T17:13:18.9203412+08:00	0x02	0.0222	-0.5143	0.4164	-0.7494	315.23	59.23	23.27
2026-06-05T17:13:19.2223524+08:00	0x04	-0.4919	0.6679	0.5489	0.1036	260.96	226.88	303.38
2026-06-05T17:13:19.3680319+08:00	0x01	-0.1321	-0.4599	0.4957	-0.7248	308.42	44.66	40.35
2026-06-05T17:13:19.4345403+08:00	0x07	-0.6813	0.0630	0.7200	0.1161	175.18	273.78	345.59
2026-06-05T17:13:19.6017714+08:00	0x08	-0.1403	0.7247	0.1737	0.6519	1.48	95.71	334.24
2026-06-05T17:13:19.7487802+08:00	0x04	-0.4919	0.6679	0.5489	0.1036	260.96	226.88	303.38
2026-06-05T17:13:19.9043933+08:00	0x03	0.1818	-0.4313	-0.4455	-0.7632	44.25	41.46	318.57
2026-06-05T17:13:19.9529781+08:00	0x07	-0.6787	0.0593	0.7234	0.1122	175.17	274.23	346.23
2026-06-05T17:13:20.0005517+08:00	0x08	-0.0646	0.7368	0.1057	0.6647	2.68	95.56	346.02
2026-06-05T17:13:20.3509478+08:00	0x04	-0.4919	0.6679	0.5489	0.1036	260.96	226.88	303.38
2026-06-05T17:13:20.4843020+08:00	0x03	0.1849	-0.4323	-0.4465	-0.7613	44.30	41.47	318.12
2026-06-05T17:13:20.5904028+08:00	0x02	0.1018	-0.5157	0.3219	-0.7874	321.59	62.99	9.88
2026-06-05T17:13:20.8225681+08:00	0x04	-0.4919	0.6679	0.5489	0.1036	260.96	226.88	303.38
2026-06-05T17:13:20.9549466+08:00	0x01	-0.1180	-0.4822	0.4883	-0.7177	310.15	48.69	39.81
2026-06-05T17:13:21.0199499+08:00	0x03	0.1836	-0.4288	-0.4515	-0.7606	45.25	40.74	318.20
2026-06-05T17:13:21.1581633+08:00	0x02	0.1568	-0.5007	0.1900	-0.8298	331.74	63.22	355.99
2026-06-05T17:13:21.3550245+08:00	0x04	-0.4919	0.6679	0.5489	0.1036	260.96	226.88	303.38
2026-06-05T17:13:21.5218916+08:00	0x06	0.7009	0.0487	-0.7113	0.0204	177.74	270.73	5.61
2026-06-05T17:13:21.5526102+08:00	0x03	0.1870	-0.4316	-0.4520	-0.7579	45.13	41.03	317.65
2026-06-05T17:13:21.6362301+08:00	0x07	-0.6799	0.0618	0.7224	0.1095	175.62	274.00	346.22
2026-06-05T17:13:21.7738807+08:00	0x09	0.1449	0.7270	-0.1822	0.6460	358.42	96.38	26.88
2026-06-05T17:13:21.8702666+08:00	0x04	-0.4919	0.6679	0.5489	0.1036	260.96	226.88	303.38
2026-06-05T17:13:21.9967530+08:00	0x06	0.7029	0.0460	-0.7096	0.0171	177.68	270.45	5.13
2026-06-05T17:13:22.1053647+08:00	0x03	0.1903	-0.4331	-0.4421	-0.7621	43.48	41.68	317.70
2026-06-05T17:13:22.1566376+08:00	0x02	0.1659	-0.5016	0.1685	-0.8321	333.29	63.62	353.86
2026-06-05T17:13:22.5156638+08:00	0x04	-0.4919	0.6679	0.5489	0.1036	260.96	226.88	303.38
2026-06-05T17:13:22.6044764+08:00	0x06	0.7028	0.0458	-0.7097	0.0151	177.53	270.45	4.95
2026-06-05T17:13:22.6548869+08:00	0x01	-0.1212	-0.4864	0.4643	-0.7302	313.93	50.24	38.95
2026-06-05T17:13:22.7368717+08:00	0x08	-0.0321	0.7363	0.0774	0.6715	3.29	95.01	350.96
2026-06-05T17:13:22.9932847+08:00	0x04	-0.4919	0.6679	0.5489	0.1036	260.96	226.88	303.38
2026-06-05T17:13:23.0845820+08:00	0x06	0.7026	0.0449	-0.7100	0.0140	177.52	270.50	4.79
2026-06-05T17:13:23.1702243+08:00	0x03	0.1922	-0.4316	-0.4401	-0.7636	43.22	41.52	317.67
2026-06-05T17:13:23.3061978+08:00	0x08	0.0661	0.7372	-0.0124	0.6723	4.66	95.53	6.15
2026-06-05T17:13:23.5236679+08:00	0x04	-0.4919	0.6679	0.5489	0.1036	260.96	226.88	303.38
2026-06-05T17:13:23.6577118+08:00	0x06	0.7007	0.0440	-0.7120	0.0144	177.64	270.82	4.75
2026-06-05T17:13:23.7345936+08:00	0x03	0.1909	-0.4340	-0.4407	-0.7622	43.21	41.87	317.66
2026-06-05T17:13:23.7827423+08:00	0x07	-0.6799	0.0582	0.7229	0.1080	175.46	274.04	346.64
2026-06-05T17:13:23.8108252+08:00	0x08	0.0725	0.7359	-0.0177	0.6729	4.79	95.42	7.10
2026-06-05T17:13:24.0938898+08:00	0x04	-0.4919	0.6679	0.5489	0.1036	260.96	226.88	303.38
2026-06-05T17:13:24.1682998+08:00	0x06	0.7006	0.0440	-0.7120	0.0143	177.63	270.83	4.74
2026-06-05T17:13:24.2523493+08:00	0x03	0.1903	-0.4378	-0.4391	-0.7612	42.80	42.53	317.61
2026-06-05T17:13:24.3196634+08:00	0x07	-0.6799	0.0580	0.7230	0.1077	175.47	274.05	346.69
2026-06-05T17:13:24.3903823+08:00	0x08	0.0684	0.7367	-0.0140	0.6726	4.73	95.48	6.47
2026-06-05T17:13:24.5925474+08:00	0x04	-0.4919	0.6679	0.5489	0.1036	260.96	226.88	303.38
2026-06-05T17:13:24.7398590+08:00	0x06	0.7007	0.0438	-0.7120	0.0138	177.60	270.82	4.69
2026-06-05T17:13:24.7946565+08:00	0x01	-0.1344	-0.4821	0.4776	-0.7221	312.18	48.68	40.89
2026-06-05T17:13:24.9304837+08:00	0x02	0.1669	-0.5022	0.1586	-0.8335	334.21	63.71	353.16
2026-06-05T17:13:25.1844738+08:00	0x04	-0.4919	0.6679	0.5489	0.1036	260.96	226.88	303.38
2026-06-05T17:13:25.2573917+08:00	0x06	0.7005	0.0445	-0.7121	0.0142	177.58	270.84	4.77
2026-06-05T17:13:25.3391796+08:00	0x03	0.1937	-0.4395	-0.4406	-0.7584	42.86	42.64	317.07
2026-06-05T17:13:25.4398339+08:00	0x02	0.0226	-0.5120	0.2402	-0.8244	334.63	60.97	12.05
2026-06-05T17:13:25.4398339+08:00	0x07	-0.6799	0.0569	0.7233	0.1066	175.47	274.07	346.86
2026-06-05T17:13:25.7024890+08:00	0x04	-0.4919	0.6679	0.5489	0.1036	260.96	226.88	303.38
2026-06-05T17:13:25.8223891+08:00	0x06	0.7010	0.0443	-0.7117	0.0134	177.52	270.76	4.70
2026-06-05T17:13:25.8858536+08:00	0x01	-0.1384	-0.4876	0.4738	-0.7201	313.12	49.60	41.41
2026-06-05T17:13:25.9685762+08:00	0x07	-0.6806	0.0547	0.7231	0.1045	175.49	273.97	347.22
2026-06-05T17:13:26.0182209+08:00	0x02	0.0072	-0.5188	0.2551	-0.8159	334.03	61.50	14.65
2026-06-05T17:13:26.2362964+08:00	0x04	-0.4919	0.6679	0.5489	0.1036	260.96	226.88	303.38
2026-06-05T17:13:26.4184048+08:00	0x06	0.7011	0.0450	-0.7115	0.0136	177.48	270.74	4.77
2026-06-05T17:13:26.5213879+08:00	0x02	0.0056	-0.5227	0.2584	-0.8124	333.83	61.98	15.13
2026-06-05T17:13:26.7695912+08:00	0x04	-0.4919	0.6679	0.5489	0.1036	260.96	226.88	303.38
2026-06-05T17:13:26.9385879+08:00	0x06	0.7016	0.0443	-0.7111	0.0125	177.45	270.66	4.62
2026-06-05T17:13:26.9808554+08:00	0x03	0.1953	-0.4414	-0.4490	-0.7519	44.01	42.45	316.36
2026-06-05T17:13:27.0572525+08:00	0x07	-0.6811	0.0525	0.7231	0.1025	175.50	273.91	347.56
2026-06-05T17:13:27.3523538+08:00	0x04	-0.4919	0.6679	0.5489	0.1036	260.96	226.88	303.38
2026-06-05T17:13:27.4854017+08:00	0x03	0.1963	-0.4411	-0.4501	-0.7512	44.17	42.32	316.21
2026-06-05T17:13:27.5458038+08:00	0x06	0.7018	0.0446	-0.7109	0.0125	177.42	270.63	4.64
2026-06-05T17:13:27.5881652+08:00	0x07	-0.6814	0.0519	0.7229	0.1019	175.50	273.88	347.65
2026-06-05T17:13:27.8372746+08:00	0x04	-0.4919	0.6679	0.5489	0.1036	260.96	226.88	303.38
2026-06-05T17:13:28.0612645+08:00	0x01	-0.1524	-0.4886	0.4684	-0.7202	314.40	49.69	42.63
2026-06-05T17:13:28.1041456+08:00	0x03	0.2018	-0.4367	-0.4565	-0.7484	45.30	41.16	315.51
2026-06-05T17:13:28.1718584+08:00	0x07	-0.6808	0.0506	0.7237	0.1009	175.47	273.98	347.85
2026-06-05T17:13:28.2226846+08:00	0x02	-0.0228	-0.5269	0.2759	-0.8036	333.65	61.99	19.11
2026-06-05T17:13:28.3906645+08:00	0x07	-0.6806	0.0505	0.7239	0.1007	175.49	274.01	347.87
2026-06-05T17:13:28.5362969+08:00	0x01	-0.1679	-0.4866	0.4678	-0.7185	314.84	49.07	44.14
2026-06-05T17:13:28.6405411+08:00	0x03	0.2096	-0.4319	-0.4631	-0.7451	46.49	39.81	314.58
2026-06-05T17:13:28.7096290+08:00	0x08	0.0724	0.7358	-0.0176	0.6731	4.78	95.40	7.09
2026-06-05T17:13:28.9259118+08:00	0x07	-0.6801	0.0512	0.7243	0.1007	175.52	274.09	347.81
2026-06-05T17:13:28.9528804+08:00	0x04	-0.4919	0.6679	0.5489	0.1036	260.96	226.88	303.38
2026-06-05T17:13:29.0531639+08:00	0x01	-0.1842	-0.4913	0.4570	-0.7182	317.26	50.10	45.53
2026-06-05T17:13:29.1716058+08:00	0x03	0.2296	-0.4363	-0.4585	-0.7394	45.21	40.23	312.31
2026-06-05T17:13:29.2424184+08:00	0x08	0.0680	0.7374	-0.0131	0.6719	4.78	95.59	6.35
2026-06-05T17:13:29.4542170+08:00	0x07	-0.6813	0.0531	0.7228	0.1024	175.55	273.88	347.51
2026-06-05T17:13:29.5391969+08:00	0x04	-0.4919	0.6679	0.5489	0.1036	260.96	226.88	303.38
2026-06-05T17:13:29.6389902+08:00	0x01	-0.2555	-0.4813	0.4700	-0.6943	316.43	46.52	53.83
2026-06-05T17:13:29.6859939+08:00	0x06	0.7009	0.0446	-0.7117	0.0139	177.54	270.77	4.77
2026-06-05T17:13:29.7655084+08:00	0x03	0.3569	-0.4405	-0.4640	-0.6806	45.25	36.92	296.54
2026-06-05T17:13:29.7982784+08:00	0x08	0.0811	0.7366	-0.0236	0.6711	5.08	95.69	8.26
2026-06-05T17:13:29.9562404+08:00	0x09	0.1468	0.7246	-0.1866	0.6470	358.15	96.03	27.41
2026-06-05T17:13:30.0040284+08:00	0x04	-0.4919	0.6679	0.5489	0.1036	260.96	226.88	303.38
2026-06-05T17:13:30.1923390+08:00	0x01	-0.3610	-0.4440	0.4725	-0.6703	313.11	36.37	64.62
2026-06-05T17:13:30.3079545+08:00	0x03	0.3935	-0.4486	-0.4479	-0.6658	40.10	40.39	292.20
2026-06-05T17:13:30.5362766+08:00	0x07	-0.6826	0.0543	0.7217	0.1016	175.74	273.66	347.47
2026-06-05T17:13:30.7196809+08:00	0x01	-0.4292	-0.4274	0.4779	-0.6362	305.92	26.63	72.67
2026-06-05T17:13:30.8567435+08:00	0x03	0.4222	-0.4571	-0.4426	-0.6458	36.40	43.82	288.23
2026-06-05T17:13:31.0666702+08:00	0x07	-0.6829	0.0556	0.7213	0.1012	175.89	273.59	347.38
2026-06-05T17:13:31.2923757+08:00	0x01	-0.4698	-0.4352	0.4907	-0.5908	294.25	16.49	79.20
2026-06-05T17:13:31.4031324+08:00	0x08	0.1106	0.7358	-0.0476	0.6664	5.84	96.31	12.56
2026-06-05T17:13:31.4497227+08:00	0x03	0.4434	-0.4799	-0.4593	-0.6018	34.54	49.34	282.97
2026-06-05T17:13:31.6177169+08:00	0x07	-0.6838	0.0574	0.7203	0.1016	176.01	273.42	347.19
2026-06-05T17:13:31.8276711+08:00	0x06	0.7045	0.0422	-0.7084	0.0137	177.69	270.23	4.54
2026-06-05T17:13:31.9348103+08:00	0x02	-0.0219	-0.5268	0.2754	-0.8038	333.65	61.99	18.99
2026-06-05T17:13:32.1538297+08:00	0x07	-0.6820	0.0543	0.7229	0.0963	176.18	273.74	347.89
2026-06-05T17:13:32.1917827+08:00	0x04	-0.4919	0.6679	0.5489	0.1036	260.96	226.88	303.38
2026-06-05T17:13:32.3404941+08:00	0x06	0.7019	0.0402	-0.7110	0.0142	177.92	270.66	4.42
2026-06-05T17:13:32.4656062+08:00	0x08	0.1332	0.7311	-0.0646	0.6660	6.48	96.23	15.78
2026-06-05T17:13:32.5425033+08:00	0x02	-0.4219	-0.4685	0.7761	0.0086	143.92	287.17	46.06
2026-06-05T17:13:32.6744465+08:00	0x09	0.1484	0.7273	-0.1818	0.6449	358.80	96.59	27.13
2026-06-05T17:13:32.7483211+08:00	0x07	-0.6819	0.0550	0.7231	0.0952	176.32	273.74	347.91
2026-06-05T17:13:32.9073115+08:00	0x06	0.7013	0.0423	-0.7114	0.0174	178.02	270.74	4.85
2026-06-05T17:13:33.0427319+08:00	0x03	0.4448	-0.4540	-0.5044	-0.5845	62.82	23.10	282.06
2026-06-05T17:13:33.2539598+08:00	0x04	-0.4919	0.6679	0.5489	0.1036	260.96	226.88	303.38
2026-06-05T17:13:33.4380616+08:00	0x06	0.7009	0.0438	-0.7117	0.0190	178.02	270.78	5.11
2026-06-05T17:13:33.6238199+08:00	0x03	0.4466	-0.4554	-0.5033	-0.5831	62.30	23.61	281.74
2026-06-05T17:13:33.6477569+08:00	0x02	0.1378	-0.4050	0.5770	0.6957	66.81	327.46	41.23
2026-06-05T17:13:33.7737207+08:00	0x04	-0.4919	0.6679	0.5489	0.1036	260.96	226.88	303.38
2026-06-05T17:13:33.8204952+08:00	0x07	-0.6808	0.0578	0.7236	0.0979	176.30	273.90	347.47
2026-06-05T17:13:34.0120921+08:00	0x06	0.7004	0.0438	-0.7122	0.0185	177.98	270.86	5.06
2026-06-05T17:13:34.1696713+08:00	0x03	0.4505	-0.4655	-0.4906	-0.5829	53.50	32.05	280.94
2026-06-05T17:13:34.3042421+08:00	0x04	-0.4919	0.6679	0.5489	0.1036	260.96	226.88	303.38
2026-06-05T17:13:34.3365569+08:00	0x08	0.1654	0.7244	-0.0935	0.6627	7.11	96.40	20.77
2026-06-05T17:13:34.3844292+08:00	0x07	-0.6812	0.0547	0.7236	0.0971	176.13	273.87	347.79
2026-06-05T17:13:34.4877639+08:00	0x06	0.6998	0.0451	-0.7127	0.0186	177.90	270.95	5.19
2026-06-05T17:13:34.6202124+08:00	0x01	-0.4686	-0.4350	0.4903	-0.5922	294.78	16.98	79.01
2026-06-05T17:13:34.7057407+08:00	0x03	0.4444	-0.4647	-0.4961	-0.5834	55.81	30.33	281.56
2026-06-05T17:13:34.8913288+08:00	0x07	-0.6826	0.0477	0.7238	0.0891	176.27	273.71	349.00
2026-06-05T17:13:35.0903122+08:00	0x06	0.6917	0.0506	-0.7199	0.0287	178.34	272.20	6.46
2026-06-05T17:13:35.1393033+08:00	0x01	-0.2071	-0.5164	0.8082	-0.1930	194.04	340.43	66.16
2026-06-05T17:13:35.1906201+08:00	0x03	0.4481	-0.4680	-0.4911	-0.5822	52.69	33.21	281.04
2026-06-05T17:13:35.2366493+08:00	0x02	0.3465	-0.2314	0.5819	0.6984	82.78	6.99	48.87
2026-06-05T17:13:35.3711731+08:00	0x07	-0.6839	0.0400	0.7251	0.0700	177.29	273.55	351.16
2026-06-05T17:13:35.4237387+08:00	0x04	-0.4919	0.6679	0.5489	0.1036	260.96	226.88	303.38
2026-06-05T17:13:35.6716997+08:00	0x06	0.6844	0.0512	-0.7261	0.0419	179.47	273.35	7.57
2026-06-05T17:13:35.7711936+08:00	0x02	-0.0422	-0.4039	0.3993	0.8220	45.54	313.85	14.66
2026-06-05T17:13:35.9546003+08:00	0x03	0.4555	-0.4737	-0.4787	-0.5822	44.80	40.28	280.29
2026-06-05T17:13:35.9881815+08:00	0x07	-0.7078	0.0503	0.7023	0.0575	179.45	269.60	351.25
2026-06-05T17:13:36.1879028+08:00	0x06	0.6534	0.0273	-0.7554	0.0417	181.57	278.36	5.49
2026-06-05T17:13:36.3047386+08:00	0x01	-0.4371	-0.4768	0.4667	-0.6032	321.28	45.70	76.48
2026-06-05T17:13:36.3553671+08:00	0x08	0.2237	0.7058	-0.1105	0.6630	10.94	96.21	26.92
2026-06-05T17:13:36.3870507+08:00	0x03	0.4548	-0.4802	-0.4713	-0.5835	38.54	46.46	280.47
2026-06-05T17:13:36.4878028+08:00	0x04	-0.4919	0.6679	0.5489	0.1036	260.96	226.88	303.38
2026-06-05T17:13:36.5237109+08:00	0x07	-0.6851	0.2619	0.6397	0.2301	184.87	264.27	319.44
2026-06-05T17:13:36.6707868+08:00	0x06	0.6483	0.0282	-0.7594	0.0485	182.14	279.14	6.06
2026-06-05T17:13:36.8038744+08:00	0x01	-0.4606	-0.4558	0.5230	-0.5536	280.19	8.16	80.69
2026-06-05T17:13:36.8714191+08:00	0x02	-0.5003	-0.3483	0.7591	0.2283	133.22	285.61	17.48
2026-06-05T17:13:36.9103142+08:00	0x03	0.4582	-0.4908	-0.4672	-0.5753	31.45	54.21	279.69
2026-06-05T17:13:37.0225366+08:00	0x04	-0.4919	0.6679	0.5489	0.1036	260.96	226.88	303.38
2026-06-05T17:13:37.0873428+08:00	0x07	-0.6865	0.2558	0.6423	0.2251	184.62	264.52	320.38
2026-06-05T17:13:37.2214717+08:00	0x09	0.1763	0.7332	-0.1486	0.6397	4.38	98.82	26.33
2026-06-05T17:13:37.2684670+08:00	0x06	0.6551	0.0249	-0.7535	0.0491	182.38	278.11	5.84
2026-06-05T17:13:37.2886270+08:00	0x01	-0.4732	-0.4486	0.5359	-0.5363	261.62	350.18	81.27
2026-06-05T17:13:37.3912877+08:00	0x02	-0.6696	-0.1971	0.7160	-0.0130	165.10	271.53	17.43
2026-06-05T17:13:37.4237527+08:00	0x08	0.2649	0.6925	-0.1358	0.6571	12.89	96.77	32.43
2026-06-05T17:13:37.6069311+08:00	0x04	-0.4919	0.6679	0.5489	0.1036	260.96	226.88	303.38
2026-06-05T17:13:37.6757540+08:00	0x09	0.1575	0.7267	-0.1146	0.6588	4.82	96.55	21.97
2026-06-05T17:13:37.7763412+08:00	0x06	0.4127	-0.0565	-0.9090	0.0110	183.84	310.98	354.63
2026-06-05T17:13:37.9328551+08:00	0x01	-0.4886	-0.4279	0.5201	-0.5548	263.43	347.94	80.80
2026-06-05T17:13:37.9924230+08:00	0x03	0.5106	-0.4585	-0.4938	-0.5340	98.81	345.89	273.43
2026-06-05T17:13:38.1713790+08:00	0x07	-0.5949	0.4436	0.5508	0.3821	198.76	252.25	289.41
2026-06-05T17:13:38.2156785+08:00	0x04	-0.4919	0.6679	0.5489	0.1036	260.96	226.88	303.38
2026-06-05T17:13:38.3206766+08:00	0x06	0.4272	-0.0558	-0.9024	0.0026	183.01	309.18	354.35
2026-06-05T17:13:38.4887788+08:00	0x01	-0.5079	-0.4202	0.5410	-0.5224	233.83	319.86	80.13
2026-06-05T17:13:38.5471714+08:00	0x08	0.2795	0.6907	-0.1405	0.6520	14.16	97.64	33.96
2026-06-05T17:13:38.6912225+08:00	0x04	-0.4919	0.6679	0.5489	0.1036	260.96	226.88	303.38
2026-06-05T17:13:38.7554269+08:00	0x07	-0.4228	0.1302	0.7898	0.4249	137.15	317.53	325.60
2026-06-05T17:13:38.9715240+08:00	0x06	0.4304	-0.0183	-0.9021	0.0253	183.51	308.96	359.36
2026-06-05T17:13:39.0499259+08:00	0x02	-0.6826	-0.1636	0.7121	-0.0126	167.75	270.86	14.48
2026-06-05T17:13:39.0884638+08:00	0x08	0.2728	0.6858	-0.1407	0.6599	13.08	96.17	33.58
2026-06-05T17:13:39.2523155+08:00	0x04	-0.4919	0.6679	0.5489	0.1036	260.96	226.88	303.38
2026-06-05T17:13:39.4336592+08:00	0x06	0.4124	-0.0193	-0.9105	0.0245	183.48	311.24	359.14
2026-06-05T17:13:39.5726151+08:00	0x01	-0.5216	-0.4139	0.5388	-0.5160	224.88	310.00	79.86
2026-06-05T17:13:39.6674789+08:00	0x03	0.4933	-0.4595	-0.4930	-0.5499	73.06	11.74	275.33
2026-06-05T17:13:39.7923255+08:00	0x04	-0.4919	0.6679	0.5489	0.1036	260.96	226.88	303.38
2026-06-05T17:13:39.9374441+08:00	0x09	0.1819	0.7085	-0.1379	0.6678	4.69	94.47	25.99
2026-06-05T17:13:40.0434710+08:00	0x01	-0.5368	-0.3875	0.5285	-0.5313	227.15	308.38	78.55
2026-06-05T17:13:40.1712847+08:00	0x02	-0.6931	-0.1366	0.7074	-0.0220	170.65	270.11	12.93
2026-06-05T17:13:40.2713152+08:00	0x08	0.2854	0.6812	-0.1454	0.6583	13.95	96.39	35.02
2026-06-05T17:13:40.3858851+08:00	0x04	-0.4919	0.6679	0.5489	0.1036	260.96	226.88	303.38
2026-06-05T17:13:40.5084237+08:00	0x06	0.7660	0.0247	-0.6410	0.0431	181.01	259.90	5.61
2026-06-05T17:13:40.6713959+08:00	0x01	-0.5374	-0.3738	0.5345	-0.5346	228.71	309.26	76.95
2026-06-05T17:13:40.7409768+08:00	0x08	0.3034	0.6569	-0.1639	0.6705	13.21	93.46	38.48
2026-06-05T17:13:40.7688955+08:00	0x03	0.4663	-0.4915	-0.4488	-0.5827	21.72	62.02	280.06
2026-06-05T17:13:40.8549085+08:00	0x04	-0.4919	0.6679	0.5489	0.1036	260.96	226.88	303.38
2026-06-05T17:13:41.0935216+08:00	0x06	0.7896	0.0378	-0.6096	0.0588	180.69	255.39	7.98
2026-06-05T17:13:41.1249192+08:00	0x01	-0.5455	-0.3222	0.5653	-0.5283	226.37	305.51	70.15
2026-06-05T17:13:41.2222616+08:00	0x03	0.4513	-0.5075	-0.4271	-0.5969	12.82	70.62	283.51
2026-06-05T17:13:41.2712389+08:00	0x02	-0.7124	-0.0174	0.7011	-0.0245	180.55	269.10	3.40
2026-06-05T17:13:41.3721219+08:00	0x04	-0.4919	0.6679	0.5489	0.1036	260.96	226.88	303.38
2026-06-05T17:13:41.4400889+08:00	0x07	-0.7939	0.2756	0.5295	0.1156	200.99	242.04	331.62
2026-06-05T17:13:41.5986776+08:00	0x06	0.8093	0.0521	-0.5806	0.0722	179.97	251.31	10.22
2026-06-05T17:13:41.8061429+08:00	0x02	-0.6966	0.0635	0.7147	0.0003	185.08	271.24	354.77
2026-06-05T17:13:41.8513877+08:00	0x03	0.4669	-0.4752	-0.4046	-0.6265	14.94	62.70	284.17
2026-06-05T17:13:41.8984562+08:00	0x04	-0.4919	0.6679	0.5489	0.1036	260.96	226.88	303.38
2026-06-05T17:13:41.9444140+08:00	0x08	0.3029	0.6741	-0.1606	0.6542	14.54	96.72	37.80
2026-06-05T17:13:42.0061486+08:00	0x07	-0.7837	0.2919	0.5330	0.1285	201.92	242.33	329.17
2026-06-05T17:13:42.1836159+08:00	0x06	0.8148	0.0482	-0.5737	0.0679	179.96	250.29	9.56
2026-06-05T17:13:42.3304004+08:00	0x02	-0.7835	0.0619	0.6095	-0.1043	193.00	256.34	5.05
2026-06-05T17:13:42.3823494+08:00	0x08	0.3109	0.6675	-0.1726	0.6542	14.21	96.29	39.59
2026-06-05T17:13:42.4440074+08:00	0x04	-0.4919	0.6679	0.5489	0.1036	260.96	226.88	303.38
2026-06-05T17:13:42.5252132+08:00	0x07	-0.7758	0.3150	0.5267	0.1469	203.76	240.98	325.96
2026-06-05T17:13:42.7590046+08:00	0x06	0.8197	0.0347	-0.5696	0.0507	180.05	249.59	7.04
2026-06-05T17:13:42.8095019+08:00	0x02	-0.8444	0.0141	0.5314	-0.0668	185.47	244.63	5.62
2026-06-05T17:13:42.9089275+08:00	0x03	0.4560	-0.4547	-0.4259	-0.6356	29.78	48.00	284.78
2026-06-05T17:13:42.9302573+08:00	0x08	0.3344	0.6552	-0.1983	0.6477	14.56	96.55	43.87
2026-06-05T17:13:43.0222624+08:00	0x04	-0.4919	0.6679	0.5489	0.1036	260.96	226.88	303.38
2026-06-05T17:13:43.0730418+08:00	0x07	-0.7728	0.3262	0.5222	0.1537	204.91	240.05	324.67
2026-06-05T17:13:43.2551793+08:00	0x06	0.8214	0.0304	-0.5677	0.0465	180.16	249.31	6.37
2026-06-05T17:13:43.4390093+08:00	0x03	0.4595	-0.4631	-0.4295	-0.6245	27.98	50.96	283.67
2026-06-05T17:13:43.5064263+08:00	0x04	-0.4919	0.6679	0.5489	0.1036	260.96	226.88	303.38
2026-06-05T17:13:43.6164905+08:00	0x02	-0.8784	-0.0349	0.4747	-0.0432	178.84	236.72	6.26
2026-06-05T17:13:43.8474591+08:00	0x06	0.8245	0.0157	-0.5649	0.0269	180.27	248.84	3.56
2026-06-05T17:13:43.8909788+08:00	0x02	-0.8818	-0.0270	0.4703	-0.0216	178.44	236.09	3.64
2026-06-05T17:13:43.9728094+08:00	0x03	0.4490	-0.4776	-0.4165	-0.6299	20.99	58.31	285.52
2026-06-05T17:13:44.0723651+08:00	0x04	-0.4919	0.6679	0.5489	0.1036	260.96	226.88	303.38
2026-06-05T17:13:44.1935326+08:00	0x07	-0.7665	0.3587	0.5005	0.1823	208.52	235.81	320.31
2026-06-05T17:13:44.3582750+08:00	0x01	-0.6601	-0.1130	0.5109	-0.5390	225.58	280.57	55.79
2026-06-05T17:13:44.4058844+08:00	0x02	-0.8816	-0.0502	0.4686	-0.0264	176.33	235.81	5.37
2026-06-05T17:13:44.5317071+08:00	0x03	0.4431	-0.4842	-0.4145	-0.6304	19.52	60.36	286.24
2026-06-05T17:13:44.6125486+08:00	0x04	-0.4919	0.6679	0.5489	0.1036	260.96	226.88	303.38
2026-06-05T17:13:44.7222978+08:00	0x07	-0.7663	0.3611	0.4992	0.1820	208.91	235.52	320.25
2026-06-05T17:13:44.8956019+08:00	0x01	-0.6609	-0.1054	0.5108	-0.5396	226.18	280.52	55.17
2026-06-05T17:13:44.9434252+08:00	0x09	0.2216	0.6809	-0.1861	0.6728	3.53	91.75	33.48
2026-06-05T17:13:44.9903480+08:00	0x03	0.4447	-0.4789	-0.4125	-0.6346	20.28	58.83	286.35
2026-06-05T17:13:45.1055570+08:00	0x08	0.3786	0.6311	-0.2412	0.6326	16.13	97.70	51.58
2026-06-05T17:13:45.1942159+08:00	0x04	-0.4919	0.6679	0.5489	0.1036	260.96	226.88	303.38
2026-06-05T17:13:45.2594723+08:00	0x07	-0.7662	0.3631	0.4988	0.1798	209.30	235.37	320.38
2026-06-05T17:13:45.4580932+08:00	0x01	-0.6555	-0.1084	0.5092	-0.5471	227.68	282.04	55.86
2026-06-05T17:13:45.5920957+08:00	0x03	0.4523	-0.4780	-0.4211	-0.6242	21.57	58.17	284.70
2026-06-05T17:13:45.6877357+08:00	0x04	-0.4919	0.6679	0.5489	0.1036	260.96	226.88	303.38
2026-06-05T17:13:45.8565469+08:00	0x07	-0.7658	0.3618	0.5005	0.1795	209.07	235.68	320.43
2026-06-05T17:13:45.9763144+08:00	0x01	-0.6546	-0.1107	0.5097	-0.5472	227.62	282.23	56.02
2026-06-05T17:13:46.0749832+08:00	0x02	-0.8795	-0.0907	0.4653	-0.0417	172.97	235.21	9.08
2026-06-05T17:13:46.1282481+08:00	0x03	0.4510	-0.4772	-0.4195	-0.6268	21.61	57.91	285.03
2026-06-05T17:13:46.2599181+08:00	0x08	0.3908	0.6225	-0.2553	0.6282	16.37	97.86	53.98
2026-06-05T17:13:46.3063409+08:00	0x04	-0.4919	0.6679	0.5489	0.1036	260.96	226.88	303.38
2026-06-05T17:13:46.3942798+08:00	0x07	-0.7650	0.3660	0.4984	0.1801	209.69	235.20	320.18
2026-06-05T17:13:46.5602877+08:00	0x01	-0.6515	-0.1037	0.5206	-0.5420	227.68	282.90	54.51
2026-06-05T17:13:46.6473990+08:00	0x02	-0.8792	-0.0798	0.4687	-0.0321	173.61	235.70	7.54
2026-06-05T17:13:46.6743243+08:00	0x03	0.4434	-0.4902	-0.4076	-0.6301	16.02	63.79	286.60
2026-06-05T17:13:46.7779644+08:00	0x08	0.3987	0.6177	-0.2622	0.6251	16.84	98.20	55.32
2026-06-05T17:13:46.8059337+08:00	0x04	-0.4919	0.6679	0.5489	0.1036	260.96	226.88	303.38
2026-06-05T17:13:46.9290650+08:00	0x07	-0.7639	0.3721	0.4921	0.1895	210.39	233.99	319.03
2026-06-05T17:13:47.0962979+08:00	0x06	0.8283	0.0081	-0.5601	0.0148	180.18	248.13	1.93
2026-06-05T17:13:47.1774621+08:00	0x02	-0.8787	-0.0950	0.4664	-0.0365	172.27	235.32	8.78
2026-06-05T17:13:47.2238642+08:00	0x03	0.4447	-0.4939	-0.4097	-0.6249	15.14	65.25	286.16
2026-06-05T17:13:47.2562745+08:00	0x08	0.3858	0.6306	-0.2446	0.6274	17.12	98.77	52.43
2026-06-05T17:13:47.4032706+08:00	0x04	-0.4919	0.6679	0.5489	0.1036	260.96	226.88	303.38
2026-06-05T17:13:47.4567069+08:00	0x07	-0.7673	0.3522	0.5107	0.1624	208.18	237.55	322.49
2026-06-05T17:13:47.6685112+08:00	0x01	-0.6545	-0.0901	0.5246	-0.5370	227.58	282.16	52.88
2026-06-05T17:13:47.7932302+08:00	0x03	0.4458	-0.4900	-0.3999	-0.6335	13.88	65.14	286.93
2026-06-05T17:13:47.9566613+08:00	0x04	-0.4919	0.6679	0.5489	0.1036	260.96	226.88	303.38
2026-06-05T17:13:48.0127361+08:00	0x07	-0.7653	0.3475	0.5174	0.1605	207.36	238.74	322.75
2026-06-05T17:13:48.2101756+08:00	0x01	-0.6576	-0.0778	0.5296	-0.5302	227.16	281.33	51.23
2026-06-05T17:13:48.3399490+08:00	0x08	0.3435	0.6483	-0.2340	0.6380	12.64	96.54	47.87
2026-06-05T17:13:48.3606572+08:00	0x03	0.4610	-0.4822	-0.3951	-0.6315	11.70	65.83	285.56
2026-06-05T17:13:48.4397336+08:00	0x04	-0.4919	0.6679	0.5489	0.1036	260.96	226.88	303.38
2026-06-05T17:13:48.6119250+08:00	0x07	-0.7662	0.3470	0.5159	0.1624	207.28	238.52	322.63
2026-06-05T17:13:48.7441128+08:00	0x01	-0.6384	-0.1049	0.5215	-0.5563	231.18	286.51	55.05
2026-06-05T17:13:48.7588153+08:00	0x02	-0.8674	-0.1206	0.4802	-0.0490	170.47	236.97	11.58
2026-06-05T17:13:48.8865422+08:00	0x03	0.4725	-0.4801	-0.4233	-0.6059	16.89	63.02	281.77
2026-06-05T17:13:48.9446783+08:00	0x08	0.3845	0.6272	-0.2699	0.6212	14.75	98.22	54.72
2026-06-05T17:13:49.0235357+08:00	0x04	-0.4919	0.6679	0.5489	0.1036	260.96	226.88	303.38
2026-06-05T17:13:49.1271327+08:00	0x07	-0.7685	0.3546	0.5087	0.1578	208.83	237.14	322.89
2026-06-05T17:13:49.2591989+08:00	0x02	-0.8572	-0.1236	0.4974	-0.0492	170.42	239.24	11.97
2026-06-05T17:13:49.3609195+08:00	0x06	0.6911	0.0374	-0.7155	0.0948	184.90	272.45	10.63
2026-06-05T17:13:49.4233135+08:00	0x03	0.4853	-0.4804	-0.4335	-0.5880	15.87	64.96	279.16
2026-06-05T17:13:49.4622387+08:00	0x08	0.3776	0.6349	-0.2584	0.6225	15.18	98.73	52.96
2026-06-05T17:13:49.5611484+08:00	0x04	-0.4919	0.6679	0.5489	0.1036	260.96	226.88	303.38
2026-06-05T17:13:49.6750264+08:00	0x07	-0.8200	0.1944	0.5349	0.0606	195.48	243.78	342.10
2026-06-05T17:13:49.7834028+08:00	0x01	-0.6078	-0.0786	0.5541	-0.5633	236.27	293.03	50.53
2026-06-05T17:13:49.8252696+08:00	0x06	0.5973	-0.0399	-0.7992	-0.0548	177.69	286.60	352.57
2026-06-05T17:13:49.8569465+08:00	0x02	-0.8414	-0.1089	0.5293	0.0023	169.24	243.74	6.40
2026-06-05T17:13:49.9770859+08:00	0x09	0.2189	0.6950	-0.2384	0.6421	359.86	94.49	37.77
2026-06-05T17:13:50.1620868+08:00	0x04	-0.4919	0.6679	0.5489	0.1036	260.96	226.88	303.38
2026-06-05T17:13:50.2521333+08:00	0x07	-0.6372	0.1868	0.6936	0.2793	169.09	278.61	322.05
2026-06-05T17:13:50.3370063+08:00	0x02	-0.8758	-0.1005	0.4712	0.0289	168.26	236.31	2.53
2026-06-05T17:13:50.4772032+08:00	0x06	0.6764	-0.0078	-0.7350	-0.0467	176.66	274.88	355.71
2026-06-05T17:13:50.5075575+08:00	0x03	0.4580	-0.4823	-0.3705	-0.6483	7.19	68.06	287.96
2026-06-05T17:13:50.5275761+08:00	0x08	0.3418	0.5713	-0.3458	0.6613	352.78	77.65	57.90
2026-06-05T17:13:50.6127052+08:00	0x04	-0.4919	0.6679	0.5489	0.1036	260.96	226.88	303.38
2026-06-05T17:13:50.7451578+08:00	0x07	-0.6262	0.1959	0.6821	0.3230	164.72	280.82	317.80
2026-06-05T17:13:50.8618024+08:00	0x01	-0.6219	-0.0584	0.5706	-0.5331	231.59	288.73	46.87
2026-06-05T17:13:50.9276291+08:00	0x02	-0.8654	-0.1205	0.4836	0.0512	165.04	238.18	1.61
2026-06-05T17:13:51.0280275+08:00	0x03	0.4316	-0.4914	-0.3791	-0.6546	11.99	65.42	290.33
2026-06-05T17:13:51.1122481+08:00	0x08	0.1889	0.6874	-0.1258	0.6900	5.48	91.04	25.70
2026-06-05T17:13:51.3384238+08:00	0x07	-0.6429	0.2045	0.6746	0.2995	169.16	276.86	318.62
2026-06-05T17:13:51.4486628+08:00	0x06	0.6918	-0.0050	-0.7207	-0.0441	176.75	272.46	356.09
2026-06-05T17:13:51.6589252+08:00	0x08	0.0776	0.7139	-0.0090	0.6958	5.68	91.82	6.95
2026-06-05T17:13:51.6948371+08:00	0x04	-0.4919	0.6679	0.5489	0.1036	260.96	226.88	303.38
2026-06-05T17:13:51.7904319+08:00	0x03	0.4092	-0.5027	-0.3730	-0.6639	12.24	66.19	293.32
2026-06-05T17:13:51.9675774+08:00	0x01	-0.6129	-0.1118	0.6036	-0.4975	224.01	289.60	48.15
2026-06-05T17:13:51.9945285+08:00	0x07	-0.6301	0.2355	0.6637	0.3271	168.50	277.92	313.54
2026-06-05T17:13:52.0287345+08:00	0x02	-0.7962	-0.0610	0.6000	0.0471	171.16	254.01	359.89
