timestamp	device	q0	q1	q2	q3	yaw	pitch	roll
2026-05-15T15:37:11.5142183+08:00	0x07	0.6670	-0.1571	-0.6889	-0.2363	172.12	274.13	327.88
2026-05-15T15:37:12.0509744+08:00	0x07	0.6884	-0.1595	-0.6715	-0.2228	174.65	270.08	328.60
2026-05-15T15:37:12.6325011+08:00	0x06	0.7109	-0.1061	-0.6820	-0.1347	178.00	267.97	340.35
2026-05-15T15:37:12.6546520+08:00	0x07	0.6917	-0.1513	-0.6731	-0.2135	174.83	269.82	330.07
2026-05-15T15:37:13.1797167+08:00	0x07	0.6935	-0.1448	-0.6750	-0.2058	174.96	269.75	331.25
2026-05-15T15:37:13.7193565+08:00	0x07	0.6944	-0.1414	-0.6760	-0.2020	175.00	269.71	331.85
2026-05-15T15:37:14.2286629+08:00	0x06	0.7117	-0.0866	-0.6874	-0.1161	177.83	268.32	343.49
2026-05-15T15:37:14.2459587+08:00	0x07	0.6953	-0.1376	-0.6767	-0.1992	174.93	269.69	332.41
2026-05-15T15:37:14.8085337+08:00	0x07	0.6964	-0.1344	-0.6770	-0.1965	174.92	269.60	332.89
2026-05-15T15:37:15.3836242+08:00	0x07	0.6973	-0.1305	-0.6776	-0.1939	174.82	269.58	333.44
2026-05-15T15:37:15.3836242+08:00	0x06	0.7144	-0.0771	-0.6872	-0.1071	177.80	268.07	344.99
2026-05-15T15:37:15.8635352+08:00	0x07	0.6977	-0.1284	-0.6781	-0.1923	174.78	269.58	333.74
2026-05-15T15:37:16.4028662+08:00	0x07	0.6980	-0.1250	-0.6793	-0.1890	174.76	269.64	334.30
2026-05-15T15:37:16.4669168+08:00	0x06	0.7138	-0.0734	-0.6887	-0.1039	177.73	268.23	345.56
2026-05-15T15:37:17.0444137+08:00	0x06	0.7143	-0.0750	-0.6878	-0.1053	177.77	268.13	345.31
2026-05-15T15:37:17.0627210+08:00	0x07	0.6980	-0.1243	-0.6796	-0.1883	174.76	269.66	334.42
2026-05-15T15:37:17.5158313+08:00	0x07	0.6991	-0.1242	-0.6787	-0.1876	174.85	269.48	334.48
2026-05-15T15:37:18.0179445+08:00	0x07	0.6992	-0.1211	-0.6801	-0.1843	174.85	269.56	335.01
2026-05-15T15:37:18.1350576+08:00	0x06	0.7141	-0.0676	-0.6899	-0.0975	177.76	268.29	346.55
2026-05-15T15:37:18.5550434+08:00	0x07	0.6999	-0.1201	-0.6799	-0.1829	174.91	269.46	335.21
2026-05-15T15:37:18.6645983+08:00	0x06	0.7147	-0.0668	-0.6895	-0.0966	177.78	268.20	346.69
2026-05-15T15:37:19.0809320+08:00	0x07	0.7001	-0.1183	-0.6806	-0.1809	174.92	269.49	335.52
2026-05-15T15:37:19.2305030+08:00	0x06	0.7147	-0.0654	-0.6899	-0.0947	177.82	268.22	346.96
2026-05-15T15:37:19.6134971+08:00	0x07	0.7118	-0.1354	-0.6621	-0.1914	176.10	266.78	333.13
2026-05-15T15:37:19.7987587+08:00	0x06	0.6351	-0.0764	-0.7613	-0.1058	176.20	280.81	345.48
2026-05-15T15:37:20.1475157+08:00	0x07	0.8307	-0.3102	-0.3973	-0.2362	205.22	221.88	320.28
2026-05-15T15:37:20.3301496+08:00	0x06	0.6295	-0.0748	-0.7699	-0.0742	178.82	281.58	347.97
2026-05-15T15:37:20.7527225+08:00	0x07	0.9168	-0.1683	-0.3349	-0.1375	193.45	217.58	338.60
2026-05-15T15:37:20.9016266+08:00	0x06	0.6174	-0.1193	-0.7696	-0.1108	178.59	282.76	341.31
2026-05-15T15:37:21.2813089+08:00	0x07	0.9339	-0.1237	-0.3103	-0.1276	189.21	215.27	341.64
2026-05-15T15:37:21.4656502+08:00	0x06	0.6227	-0.1995	-0.7503	-0.0974	186.48	279.19	335.12
2026-05-15T15:37:21.8640856+08:00	0x07	0.9334	-0.1251	-0.3111	-0.1279	189.34	215.34	341.55
2026-05-15T15:37:21.9854843+08:00	0x06	0.6097	-0.2156	-0.7569	-0.0938	187.74	280.49	333.84
2026-05-15T15:37:22.3492788+08:00	0x07	0.9353	-0.3279	0.0186	-0.1321	219.49	172.83	346.41
2026-05-15T15:37:22.4689763+08:00	0x06	0.6097	-0.2115	-0.7489	-0.1503	182.17	281.12	329.99
2026-05-15T15:37:22.8819790+08:00	0x07	0.8691	-0.4709	0.0476	-0.1438	238.25	167.12	348.17
2026-05-15T15:37:23.0369903+08:00	0x06	0.6169	-0.1876	-0.7471	-0.1616	179.35	281.08	331.33
2026-05-15T15:37:23.4351166+08:00	0x07	0.7466	-0.6549	0.0826	-0.0832	262.62	166.57	359.08
2026-05-15T15:37:23.6690607+08:00	0x06	0.6119	-0.2347	-0.7303	-0.1928	180.40	279.95	324.64
2026-05-15T15:37:23.9709414+08:00	0x07	0.6436	-0.7605	0.0767	-0.0399	279.21	170.81	3.75
2026-05-15T15:37:24.2322382+08:00	0x06	0.6044	-0.2443	-0.7292	-0.2082	179.40	280.89	322.56
2026-05-15T15:37:24.5477761+08:00	0x07	0.8918	-0.4460	-0.0033	0.0762	233.42	184.27	7.64
2026-05-15T15:37:24.6440795+08:00	0x06	0.6111	-0.2432	-0.7261	-0.2005	180.44	279.68	323.26
2026-05-15T15:37:25.0990176+08:00	0x07	0.9573	-0.2787	0.0136	0.0753	212.53	180.92	8.72
2026-05-15T15:37:25.2318681+08:00	0x06	0.6203	-0.2316	-0.7291	-0.1732	182.40	278.49	326.45
2026-05-15T15:37:25.6883973+08:00	0x07	0.9558	-0.2838	0.0131	0.0753	213.16	181.03	8.71
2026-05-15T15:37:25.7929367+08:00	0x06	0.6291	-0.2161	-0.7304	-0.1552	183.02	277.69	329.28
2026-05-15T15:37:26.2406743+08:00	0x07	0.9901	-0.1204	0.0272	0.0675	193.71	177.82	8.06
2026-05-15T15:37:26.3225533+08:00	0x06	0.6337	-0.2005	-0.7351	-0.1336	183.73	277.55	332.34
2026-05-15T15:37:26.7648816+08:00	0x07	0.9971	-0.0013	0.0362	0.0673	179.87	175.83	7.72
2026-05-15T15:37:26.8866725+08:00	0x06	0.6371	-0.1849	-0.7393	-0.1157	184.08	277.59	335.11
2026-05-15T15:37:27.3317253+08:00	0x07	0.9944	0.0729	0.0410	0.0645	171.29	174.74	7.03
2026-05-15T15:37:27.4751629+08:00	0x06	0.6412	-0.1729	-0.7406	-0.1023	184.36	277.36	337.21
2026-05-15T15:37:27.8961805+08:00	0x07	0.9882	0.1345	0.0447	0.0578	164.19	174.01	5.87
2026-05-15T15:37:28.3732837+08:00	0x07	0.9815	0.1777	0.0464	0.0537	159.19	173.65	5.10
2026-05-15T15:37:28.4505709+08:00	0x06	0.6457	-0.1552	-0.7431	-0.0829	184.71	277.20	340.26
2026-05-15T15:37:28.9720257+08:00	0x07	0.9766	0.2036	0.0472	0.0517	156.18	173.48	4.69
2026-05-15T15:37:29.0762600+08:00	0x06	0.6476	-0.1468	-0.7440	-0.0745	184.79	277.16	341.65
2026-05-15T15:37:29.5610533+08:00	0x06	0.6476	-0.1418	-0.7456	-0.0685	184.90	277.29	342.53
2026-05-15T15:37:30.0234766+08:00	0x07	0.9678	0.2439	0.0473	0.0391	151.54	173.64	3.01
2026-05-15T15:37:30.1187677+08:00	0x06	0.6465	-0.1486	-0.7441	-0.0788	184.53	277.28	341.15
2026-05-15T15:37:30.5704127+08:00	0x07	0.9669	0.2494	0.0465	0.0273	150.99	174.05	1.69
2026-05-15T15:37:31.0927138+08:00	0x07	0.9651	0.2566	0.0468	0.0248	150.15	174.08	1.37
2026-05-15T15:37:31.1044748+08:00	0x06	0.6450	-0.1556	-0.7430	-0.0884	184.24	277.32	339.81
2026-05-15T15:37:31.6810059+08:00	0x06	0.6457	-0.1524	-0.7435	-0.0841	184.37	277.30	340.41
2026-05-15T15:37:31.7046415+08:00	0x07	0.9629	0.2648	0.0457	0.0239	149.19	174.22	1.25
2026-05-15T15:37:32.2040081+08:00	0x06	0.6457	-0.1514	-0.7438	-0.0829	184.39	277.33	340.60
2026-05-15T15:37:32.7856711+08:00	0x07	0.9622	0.2685	0.0441	0.0146	148.80	174.68	0.26
2026-05-15T15:37:33.3019125+08:00	0x06	0.6428	-0.1523	-0.7459	-0.0852	184.18	277.77	340.32
2026-05-15T15:37:33.8223175+08:00	0x07	0.9578	0.2790	0.0521	0.0454	147.31	172.80	3.32
2026-05-15T15:37:34.4146583+08:00	0x07	0.9594	0.2754	0.0494	0.0346	147.84	173.46	2.25
2026-05-15T15:37:34.4404488+08:00	0x06	0.6432	-0.1546	-0.7447	-0.0884	184.10	277.64	339.88
2026-05-15T15:37:34.9676007+08:00	0x06	0.6448	-0.1528	-0.7439	-0.0866	184.17	277.43	340.18
2026-05-15T15:37:35.5006920+08:00	0x07	0.9604	0.2728	0.0478	0.0292	148.19	173.81	1.72
2026-05-15T15:37:35.9904823+08:00	0x06	0.6431	-0.1625	-0.7431	-0.0889	184.72	277.39	339.16
2026-05-15T15:37:36.0347983+08:00	0x07	0.9619	0.2671	0.0480	0.0338	148.84	173.66	2.26
2026-05-15T15:37:36.5169428+08:00	0x06	0.6397	-0.1925	-0.7338	-0.1233	184.18	276.87	333.87
2026-05-15T15:37:36.6173267+08:00	0x07	0.9635	0.2607	0.0510	0.0326	149.60	173.37	2.07
2026-05-15T15:37:37.0842065+08:00	0x06	0.6413	-0.1854	-0.7350	-0.1193	183.95	276.91	334.81
2026-05-15T15:37:37.1067470+08:00	0x07	0.9601	0.2736	0.0493	0.0307	148.09	173.60	1.83
2026-05-15T15:37:37.6445213+08:00	0x07	0.9593	0.2775	0.0468	0.0221	147.69	174.14	0.94
2026-05-15T15:37:38.1849676+08:00	0x06	0.6445	-0.1732	-0.7359	-0.1144	183.44	276.86	336.28
2026-05-15T15:37:38.2181376+08:00	0x07	0.9338	0.3545	0.0460	0.0112	138.45	174.61	359.33
2026-05-15T15:37:38.7571429+08:00	0x06	0.6451	-0.1685	-0.7369	-0.1113	183.33	276.92	336.92
2026-05-15T15:37:38.7829511+08:00	0x07	0.8767	0.4790	0.0444	0.0017	122.78	175.44	357.73
2026-05-15T15:37:39.2742511+08:00	0x06	0.6443	-0.1672	-0.7382	-0.1098	183.32	277.10	337.15
2026-05-15T15:37:39.3687180+08:00	0x07	0.8786	0.4754	0.0445	0.0020	123.25	175.40	357.77
2026-05-15T15:37:39.8509807+08:00	0x06	0.6428	-0.1663	-0.7403	-0.1057	183.56	277.35	337.54
2026-05-15T15:37:40.4181720+08:00	0x06	0.6417	-0.1762	-0.7371	-0.1175	183.33	277.20	335.76
2026-05-15T15:37:40.4399910+08:00	0x07	0.6832	0.7290	0.0405	-0.0133	86.37	177.93	355.58
2026-05-15T15:37:40.9346505+08:00	0x06	0.6368	-0.1825	-0.7367	-0.1361	182.04	277.84	333.75
2026-05-15T15:37:41.5171082+08:00	0x07	0.7236	0.6888	0.0432	-0.0108	92.92	177.26	355.69
2026-05-15T15:37:41.6705009+08:00	0x06	0.6379	-0.1710	-0.7404	-0.1249	182.09	278.06	335.63
2026-05-15T15:37:42.0261392+08:00	0x06	0.6405	-0.1688	-0.7397	-0.1192	182.49	277.70	336.27
2026-05-15T15:37:42.6017049+08:00	0x06	0.6420	-0.1734	-0.7362	-0.1258	182.36	277.31	335.36
2026-05-15T15:37:42.6356020+08:00	0x07	0.3287	0.9437	0.0181	-0.0341	38.32	183.01	356.76
2026-05-15T15:37:43.0854603+08:00	0x06	0.6405	-0.1673	-0.7403	-0.1173	182.54	277.73	336.55
2026-05-15T15:37:43.1575138+08:00	0x07	0.0331	0.9987	0.0007	-0.0400	3.79	184.58	359.77
2026-05-15T15:37:43.7069011+08:00	0x06	0.6434	-0.1508	-0.7444	-0.0957	183.15	277.75	339.65
2026-05-15T15:37:43.7599763+08:00	0x07	-0.0593	0.9975	-0.0094	-0.0383	353.25	184.32	1.34
2026-05-15T15:37:44.1735723+08:00	0x06	0.6441	-0.1447	-0.7462	-0.0860	183.52	277.81	340.93
2026-05-15T15:37:44.2862958+08:00	0x07	-0.1351	0.9901	-0.0098	-0.0364	344.52	183.99	1.67
2026-05-15T15:37:44.7344591+08:00	0x06	0.6433	-0.1498	-0.7451	-0.0928	183.32	277.80	339.97
2026-05-15T15:37:44.8883281+08:00	0x07	-0.1794	0.9831	-0.0062	-0.0359	339.37	183.92	1.43
2026-05-15T15:37:45.2644896+08:00	0x06	0.6437	-0.1456	-0.7465	-0.0847	183.70	277.84	340.94
2026-05-15T15:37:45.3695801+08:00	0x07	-0.2039	0.9783	-0.0136	-0.0351	336.53	183.62	2.34
2026-05-15T15:37:45.7370972+08:00	0x06	0.6436	-0.1467	-0.7459	-0.0884	183.46	277.83	340.57
2026-05-15T15:37:45.9029911+08:00	0x07	-0.2260	0.9735	-0.0109	-0.0345	333.93	183.57	2.11
2026-05-15T15:37:46.3538469+08:00	0x06	0.6417	-0.1490	-0.7469	-0.0905	183.41	278.06	340.20
2026-05-15T15:37:46.4425294+08:00	0x07	-0.2504	0.9674	-0.0149	-0.0337	331.06	183.32	2.62
2026-05-15T15:37:46.8192809+08:00	0x06	0.6408	-0.1551	-0.7451	-0.1007	182.99	278.05	338.89
2026-05-15T15:37:47.0411200+08:00	0x07	-0.2556	0.9661	-0.0178	-0.0331	330.44	183.15	2.94
2026-05-15T15:37:47.4056332+08:00	0x06	0.6433	-0.1521	-0.7436	-0.1002	182.86	277.75	339.20
2026-05-15T15:37:47.5531552+08:00	0x07	-0.2713	0.9617	-0.0195	-0.0340	328.57	183.14	3.20
2026-05-15T15:37:48.0191031+08:00	0x06	0.6468	-0.1319	-0.7476	-0.0734	183.64	277.73	343.01
2026-05-15T15:37:48.0906114+08:00	0x07	-0.2833	0.9584	-0.0124	-0.0337	327.14	183.31	2.46
2026-05-15T15:37:48.6042187+08:00	0x06	0.6521	-0.1095	-0.7485	-0.0506	183.95	277.41	346.71
2026-05-15T15:37:48.7030856+08:00	0x07	-0.2853	0.9577	-0.0209	-0.0318	326.90	182.81	3.34
2026-05-15T15:37:49.0657572+08:00	0x06	0.6543	-0.0954	-0.7495	-0.0339	184.33	277.35	349.20
2026-05-15T15:37:49.2414891+08:00	0x07	-0.2857	0.9575	-0.0225	-0.0311	326.85	182.68	3.49
2026-05-15T15:37:49.6009124+08:00	0x06	0.6544	-0.0861	-0.7510	-0.0204	184.76	277.49	351.02
2026-05-15T15:37:49.7552107+08:00	0x07	-0.2831	0.9584	-0.0165	-0.0323	327.16	183.02	2.86
2026-05-15T15:37:50.1541712+08:00	0x06	0.6575	-0.0891	-0.7477	-0.0272	184.45	276.96	350.27
2026-05-15T15:37:50.3382601+08:00	0x07	-0.2760	0.9602	-0.0251	-0.0337	328.03	182.93	3.83
2026-05-15T15:37:50.6726183+08:00	0x06	0.6608	-0.0823	-0.7459	-0.0153	184.98	276.57	351.78
2026-05-15T15:37:50.8361831+08:00	0x07	-0.2875	0.9570	-0.0193	-0.0336	326.64	183.05	3.23
2026-05-15T15:37:51.2558306+08:00	0x06	0.6605	-0.0815	-0.7463	-0.0154	184.91	276.63	351.83
2026-05-15T15:37:51.3876757+08:00	0x07	-0.2760	0.9603	-0.0248	-0.0317	328.02	182.71	3.74
2026-05-15T15:37:51.8332632+08:00	0x06	0.6562	-0.0986	-0.7472	-0.0367	184.36	276.99	348.73
2026-05-15T15:37:51.9587450+08:00	0x07	-0.2704	0.9617	-0.0310	-0.0327	328.70	182.65	4.43
2026-05-15T15:37:52.3435783+08:00	0x06	0.6496	-0.1129	-0.7502	-0.0496	184.26	277.72	346.48
2026-05-15T15:37:52.4542007+08:00	0x07	-0.2774	0.9597	-0.0317	-0.0317	327.86	182.49	4.50
2026-05-15T15:37:52.9084219+08:00	0x06	0.6520	-0.1147	-0.7472	-0.0586	183.67	277.33	345.65
2026-05-15T15:37:53.0351868+08:00	0x07	-0.2760	0.9599	-0.0371	-0.0320	328.02	182.36	5.09
2026-05-15T15:37:53.4929013+08:00	0x06	0.6488	-0.1133	-0.7504	-0.0548	183.83	277.84	346.04
2026-05-15T15:37:53.5916880+08:00	0x07	-0.2831	0.9581	-0.0322	-0.0303	327.17	182.29	4.52
2026-05-15T15:37:54.0049257+08:00	0x06	0.6456	-0.1180	-0.7521	-0.0605	183.64	278.24	345.19
2026-05-15T15:37:54.1047699+08:00	0x07	-0.2823	0.9584	-0.0317	-0.0283	327.26	182.09	4.41
2026-05-15T15:37:54.5805351+08:00	0x06	0.6444	-0.1197	-0.7526	-0.0628	183.55	278.39	344.86
2026-05-15T15:37:54.6551693+08:00	0x07	-0.2841	0.9579	-0.0313	-0.0277	327.04	182.02	4.34
2026-05-15T15:37:55.1091117+08:00	0x06	0.6439	-0.1206	-0.7529	-0.0641	183.49	278.45	344.69
2026-05-15T15:37:55.2483697+08:00	0x07	-0.2860	0.9573	-0.0331	-0.0279	326.81	181.98	4.54
2026-05-15T15:37:55.6824687+08:00	0x06	0.6485	-0.1072	-0.7523	-0.0460	184.11	278.02	347.24
2026-05-15T15:37:55.7211946+08:00	0x07	-0.2925	0.9553	-0.0340	-0.0264	326.03	181.76	4.61
2026-05-15T15:37:56.2424673+08:00	0x06	0.6550	-0.1023	-0.7474	-0.0431	184.09	277.11	347.91
2026-05-15T15:37:56.7595946+08:00	0x06	0.6531	-0.0977	-0.7501	-0.0374	184.18	277.50	348.74
2026-05-15T15:37:56.8550602+08:00	0x07	-0.2819	0.9583	-0.0379	-0.0258	327.28	181.62	5.00
2026-05-15T15:37:57.3383573+08:00	0x06	0.6489	-0.1050	-0.7520	-0.0496	183.62	278.01	347.16
2026-05-15T15:37:57.3882226+08:00	0x07	-0.2788	0.9590	-0.0428	-0.0259	327.65	181.49	5.54
2026-05-15T15:37:57.8125743+08:00	0x06	0.6462	-0.1162	-0.7511	-0.0683	182.83	278.21	344.77
2026-05-15T15:37:57.9239053+08:00	0x07	-0.2751	0.9600	-0.0427	-0.0289	328.11	181.84	5.62
2026-05-15T15:37:58.3244586+08:00	0x06	0.6139	-0.1504	-0.7672	-0.1087	181.10	282.46	338.64
2026-05-15T15:37:58.5057046+08:00	0x07	-0.2656	0.9638	-0.0169	-0.0181	329.22	181.49	2.42
2026-05-15T15:37:58.9078299+08:00	0x06	0.5375	-0.2310	-0.7794	-0.2243	172.72	293.25	323.04
2026-05-15T15:37:59.0528725+08:00	0x07	-0.2549	0.9669	0.0101	-0.0063	330.45	180.99	359.06
2026-05-15T15:37:59.4777102+08:00	0x06	0.5064	-0.2690	-0.7643	-0.2950	165.32	299.09	314.76
2026-05-15T15:37:59.5762015+08:00	0x07	-0.2579	0.9661	0.0143	0.0007	330.11	180.35	358.39
2026-05-15T15:37:59.9904514+08:00	0x06	0.4959	-0.2951	-0.7442	-0.3363	160.88	301.75	309.39
2026-05-15T15:38:00.1111849+08:00	0x07	-0.2690	0.9629	0.0233	-0.0048	328.76	181.24	357.58
2026-05-15T15:38:00.5734330+08:00	0x06	0.4664	-0.3355	-0.7225	-0.3845	153.14	309.25	302.49
2026-05-15T15:38:00.6566162+08:00	0x07	-0.0405	0.9931	0.1102	0.0008	355.28	180.43	347.35
2026-05-15T15:38:01.0887032+08:00	0x06	0.4596	-0.3470	-0.7127	-0.4005	150.12	311.75	300.37
2026-05-15T15:38:01.2068644+08:00	0x07	-0.0475	0.9931	0.1077	0.0006	354.47	180.53	347.65
2026-05-15T15:38:01.6565781+08:00	0x06	0.4571	-0.3551	-0.7011	-0.4166	147.08	313.72	298.52
2026-05-15T15:38:01.7772826+08:00	0x07	0.2262	0.9699	0.0862	0.0260	26.66	174.80	351.05
2026-05-15T15:38:02.2399707+08:00	0x06	0.4501	-0.3601	-0.6962	-0.4278	144.07	316.47	297.56
2026-05-15T15:38:02.3066377+08:00	0x07	0.4891	0.8692	0.0598	0.0412	58.97	172.51	356.35
2026-05-15T15:38:02.7570394+08:00	0x06	0.4449	-0.3638	-0.6931	-0.4351	141.94	318.51	296.94
2026-05-15T15:38:02.8398953+08:00	0x07	0.6669	0.7419	0.0443	0.0529	83.88	172.09	0.27
2026-05-15T15:38:03.2238901+08:00	0x06	0.4428	-0.3664	-0.6905	-0.4391	140.81	319.50	296.50
2026-05-15T15:38:03.4408133+08:00	0x07	0.7649	0.6406	0.0345	0.0581	99.94	172.68	2.55
2026-05-15T15:38:03.8012970+08:00	0x06	0.4414	-0.3675	-0.6879	-0.4437	139.60	320.44	296.19
2026-05-15T15:38:03.9797015+08:00	0x07	0.8385	0.5412	0.0252	0.0581	114.10	173.96	4.02
2026-05-15T15:38:04.4249045+08:00	0x06	0.4392	-0.3695	-0.6854	-0.4481	138.32	321.54	295.82
2026-05-15T15:38:04.5081771+08:00	0x07	0.8818	0.4678	0.0181	0.0566	123.90	175.12	4.76
2026-05-15T15:38:05.0140271+08:00	0x06	0.4383	-0.3714	-0.6832	-0.4506	137.61	322.13	295.50
2026-05-15T15:38:05.0429587+08:00	0x07	0.6285	0.7760	0.0340	0.0403	78.01	173.96	359.88
2026-05-15T15:38:05.5169505+08:00	0x06	0.4383	-0.3720	-0.6825	-0.4514	137.43	322.26	295.39
2026-05-15T15:38:05.5736787+08:00	0x07	0.4390	0.8971	0.0405	0.0307	52.27	174.79	357.38
2026-05-15T15:38:06.0907218+08:00	0x06	0.4365	-0.3698	-0.6900	-0.4434	139.06	321.53	296.17
2026-05-15T15:38:06.1669766+08:00	0x07	0.2806	0.9580	0.0511	0.0280	32.85	175.26	355.29
2026-05-15T15:38:06.5729068+08:00	0x06	0.4383	-0.3727	-0.6828	-0.4503	137.70	322.12	295.35
2026-05-15T15:38:08.4807023+08:00	0x07	0.2855	0.9566	0.0508	0.0281	33.43	175.24	355.35
2026-05-15T15:38:08.4807023+08:00	0x06	0.4403	-0.3716	-0.6823	-0.4500	138.02	321.60	295.39
2026-05-15T15:38:08.4807023+08:00	0x07	0.1734	0.9838	0.0426	0.0164	20.10	177.30	355.51
2026-05-15T15:38:08.4807023+08:00	0x06	0.4408	-0.3711	-0.6813	-0.4515	137.72	321.69	295.35
2026-05-15T15:38:08.4807023+08:00	0x07	0.0408	0.9984	0.0381	0.0088	4.72	178.81	355.68
2026-05-15T15:38:08.4807023+08:00	0x06	0.4399	-0.3709	-0.6822	-0.4512	137.69	321.84	295.45
2026-05-15T15:38:08.4807023+08:00	0x07	-0.0447	0.9983	0.0365	0.0054	354.89	179.57	355.79
2026-05-15T15:38:12.7872842+08:00	0x06	0.4398	-0.3729	-0.6812	-0.4512	137.67	321.91	295.20
2026-05-15T15:38:12.7872842+08:00	0x07	-0.1064	0.9936	0.0378	0.0033	347.77	180.09	355.65
2026-05-15T15:38:12.7872842+08:00	0x06	0.4388	-0.3757	-0.6798	-0.4519	137.38	322.30	294.86
2026-05-15T15:38:12.7872842+08:00	0x07	-0.1604	0.9864	0.0368	0.0028	341.51	180.36	355.79
2026-05-15T15:38:12.7872842+08:00	0x06	0.4361	-0.3783	-0.6783	-0.4546	136.34	323.41	294.54
2026-05-15T15:38:12.7872842+08:00	0x07	-0.1964	0.9799	0.0350	0.0011	337.31	180.67	356.05
2026-05-15T15:38:12.7872842+08:00	0x06	0.4349	-0.3792	-0.6773	-0.4564	135.72	323.97	294.40
2026-05-15T15:38:12.7882820+08:00	0x06	0.4362	-0.3784	-0.6779	-0.4548	136.30	323.40	294.50
2026-05-15T15:38:12.7882820+08:00	0x07	-0.2530	0.9665	0.0436	-0.0041	330.59	181.72	355.29
2026-05-15T15:38:12.7882820+08:00	0x06	0.4353	-0.3805	-0.6755	-0.4577	135.45	324.11	294.15
2026-05-15T15:38:12.7882820+08:00	0x07	-0.2602	0.9645	0.0438	-0.0052	329.72	181.89	355.31
2026-05-15T15:38:12.7882820+08:00	0x06	0.4355	-0.3823	-0.6733	-0.4591	135.08	324.35	293.83
2026-05-15T15:38:12.7882820+08:00	0x07	-0.2648	0.9634	0.0400	-0.0049	329.19	181.76	355.73
2026-05-15T15:38:12.7882820+08:00	0x06	0.4360	-0.3826	-0.6723	-0.4600	134.93	324.38	293.73
2026-05-15T15:38:12.7882820+08:00	0x07	-0.2695	0.9622	0.0381	-0.0044	328.65	181.67	355.93
2026-05-15T15:38:13.1593771+08:00	0x06	0.4338	-0.3838	-0.6731	-0.4599	134.63	324.94	293.71
2026-05-15T15:38:13.3022130+08:00	0x07	-0.2767	0.9595	0.0523	-0.0069	327.71	182.43	354.46
2026-05-15T15:38:17.5691497+08:00	0x06	0.4336	-0.3799	-0.6773	-0.4572	135.36	324.41	294.35
2026-05-15T15:38:17.5691497+08:00	0x07	-0.2803	0.9585	0.0516	-0.0050	327.29	182.22	354.49
2026-05-15T15:38:17.5691497+08:00	0x06	0.4330	-0.3796	-0.6778	-0.4572	135.28	324.53	294.43
2026-05-15T15:38:17.5691497+08:00	0x07	-0.2811	0.9583	0.0505	-0.0044	327.21	182.12	354.59
2026-05-15T15:38:17.5691497+08:00	0x06	0.4343	-0.3795	-0.6764	-0.4581	135.21	324.39	294.31
2026-05-15T15:38:17.5691497+08:00	0x07	-0.2808	0.9588	0.0435	-0.0041	327.28	181.85	355.35
2026-05-15T15:38:17.5691497+08:00	0x06	0.4365	-0.3771	-0.6788	-0.4543	136.49	323.21	294.68
2026-05-15T15:38:17.5691497+08:00	0x07	-0.2886	0.9566	0.0417	-0.0011	326.37	181.50	355.47
2026-05-15T15:38:17.5691497+08:00	0x06	0.4388	-0.3764	-0.6785	-0.4533	137.04	322.52	294.70
2026-05-15T15:38:17.5691497+08:00	0x07	-0.2883	0.9568	0.0369	-0.0018	326.42	181.42	356.01
2026-05-15T15:38:17.5691497+08:00	0x06	0.4478	-0.3794	-0.6654	-0.4613	136.25	321.69	293.36
2026-05-15T15:38:17.5691497+08:00	0x07	-0.2864	0.9579	0.0178	-0.0019	326.70	180.79	358.11
2026-05-15T15:38:17.5691497+08:00	0x06	0.4490	-0.3808	-0.6636	-0.4617	136.34	321.48	293.09
2026-05-15T15:38:17.5691497+08:00	0x07	-0.2862	0.9581	0.0142	0.0000	326.72	180.47	358.44
2026-05-15T15:38:17.5691497+08:00	0x06	0.4484	-0.3817	-0.6627	-0.4627	136.00	321.80	292.95
2026-05-15T15:38:17.6661880+08:00	0x07	-0.2862	0.9580	0.0166	-0.0017	326.73	180.74	358.23
2026-05-15T15:38:18.0601501+08:00	0x06	0.4473	-0.3791	-0.6659	-0.4612	136.22	321.77	293.43
2026-05-15T15:38:18.1872388+08:00	0x07	-0.2883	0.9574	0.0166	0.0000	326.47	180.55	358.18
2026-05-15T15:38:18.5725243+08:00	0x06	0.4462	-0.3776	-0.6676	-0.4612	136.08	321.99	293.70
2026-05-15T15:38:18.7260472+08:00	0x07	-0.2902	0.9567	0.0212	-0.0003	326.24	180.74	357.69
2026-05-15T15:38:19.1491175+08:00	0x06	0.4488	-0.3744	-0.6713	-0.4559	137.76	320.51	294.24
2026-05-15T15:38:19.2541709+08:00	0x07	-0.2883	0.9574	0.0150	0.0020	326.48	180.28	358.29
2026-05-15T15:38:19.7202374+08:00	0x06	0.4480	-0.3748	-0.6710	-0.4567	137.46	320.81	294.18
2026-05-15T15:38:19.8053827+08:00	0x07	-0.2874	0.9577	0.0138	0.0022	326.59	180.21	358.42
2026-05-15T15:38:20.2434707+08:00	0x06	0.4483	-0.3752	-0.6712	-0.4559	137.70	320.64	294.17
2026-05-15T15:38:20.3251431+08:00	0x07	-0.2877	0.9576	0.0139	0.0023	326.55	180.21	358.40
2026-05-15T15:38:20.7246482+08:00	0x06	0.4487	-0.3753	-0.6707	-0.4561	137.70	320.58	294.12
2026-05-15T15:38:20.8707666+08:00	0x07	-0.2879	0.9576	0.0131	0.0021	326.53	180.20	358.49
2026-05-15T15:38:21.2967082+08:00	0x06	0.4484	-0.3767	-0.6691	-0.4575	137.31	320.89	293.87
2026-05-15T15:38:21.4506667+08:00	0x07	-0.2877	0.9576	0.0123	0.0020	326.55	180.19	358.58
2026-05-15T15:38:21.8162946+08:00	0x06	0.4483	-0.3762	-0.6702	-0.4565	137.55	320.75	294.01
2026-05-15T15:38:22.0571612+08:00	0x07	-0.2881	0.9575	0.0121	0.0021	326.51	180.17	358.60
2026-05-15T15:38:22.3776607+08:00	0x06	0.4497	-0.3765	-0.6689	-0.4567	137.70	320.45	293.88
2026-05-15T15:38:22.5443308+08:00	0x07	-0.2836	0.9589	0.0120	-0.0021	327.03	180.63	358.75
2026-05-15T15:38:22.9017939+08:00	0x06	0.4434	-0.3773	-0.6728	-0.4565	136.85	321.96	294.14
2026-05-15T15:38:23.0825375+08:00	0x07	-0.2861	0.9580	0.0193	0.0010	326.74	180.52	357.85
2026-05-15T15:38:23.4789094+08:00	0x06	0.4411	-0.3785	-0.6741	-0.4559	136.70	322.42	294.16
2026-05-15T15:38:23.6240036+08:00	0x07	-0.2855	0.9582	0.0186	0.0019	326.80	180.41	357.89
2026-05-15T15:38:26.1414536+08:00	0x06	0.4415	-0.3779	-0.6751	-0.4545	137.10	322.11	294.28
2026-05-15T15:38:26.1414536+08:00	0x07	-0.2861	0.9580	0.0197	0.0018	326.73	180.45	357.77
2026-05-15T15:38:26.1414536+08:00	0x06	0.4403	-0.3782	-0.6764	-0.4534	137.21	322.24	294.37
2026-05-15T15:38:26.1414536+08:00	0x07	-0.2873	0.9576	0.0217	0.0023	326.59	180.46	357.54
2026-05-15T15:38:26.1414536+08:00	0x06	0.4403	-0.3794	-0.6758	-0.4533	137.22	322.26	294.22
2026-05-15T15:38:26.1414536+08:00	0x07	-0.2874	0.9576	0.0212	0.0027	326.58	180.41	357.58
2026-05-15T15:38:26.1414536+08:00	0x06	0.4400	-0.3795	-0.6754	-0.4541	137.00	322.43	294.18
2026-05-15T15:38:26.1414536+08:00	0x07	-0.2879	0.9574	0.0202	0.0031	326.52	180.33	357.68
2026-05-15T15:38:26.2467037+08:00	0x06	0.4411	-0.3792	-0.6752	-0.4536	137.27	322.10	294.19
2026-05-15T15:38:26.2849184+08:00	0x07	-0.2885	0.9573	0.0189	0.0032	326.45	180.28	357.82
2026-05-15T15:38:26.8119167+08:00	0x06	0.4416	-0.3787	-0.6756	-0.4528	137.52	321.86	294.25
2026-05-15T15:38:26.8789344+08:00	0x07	-0.2882	0.9574	0.0195	0.0031	326.48	180.30	357.76
2026-05-15T15:38:27.3900930+08:00	0x06	0.4420	-0.3807	-0.6743	-0.4528	137.58	321.81	293.98
2026-05-15T15:38:27.8979628+08:00	0x06	0.4415	-0.3806	-0.6747	-0.4528	137.50	321.94	294.03
2026-05-15T15:38:27.9488052+08:00	0x07	-0.2873	0.9576	0.0191	0.0028	326.59	180.32	357.81
2026-05-15T15:38:28.3633452+08:00	0x06	0.4410	-0.3786	-0.6764	-0.4524	137.54	321.94	294.33
2026-05-15T15:38:28.5358920+08:00	0x07	-0.2893	0.9570	0.0201	0.0034	326.35	180.30	357.68
2026-05-15T15:38:28.9961843+08:00	0x06	0.4406	-0.3770	-0.6781	-0.4515	137.72	321.85	294.60
2026-05-15T15:38:29.0781957+08:00	0x07	-0.2898	0.9569	0.0186	0.0039	326.30	180.19	357.83
2026-05-15T15:38:29.5633860+08:00	0x06	0.4407	-0.3763	-0.6784	-0.4516	137.70	321.84	294.69
2026-05-15T15:38:30.0547225+08:00	0x06	0.4399	-0.3777	-0.6770	-0.4534	137.15	322.32	294.46
2026-05-15T15:38:30.1456297+08:00	0x07	-0.2878	0.9575	0.0165	0.0039	326.54	180.12	358.06
2026-05-15T15:38:30.5568498+08:00	0x06	0.4402	-0.3779	-0.6769	-0.4530	137.29	322.19	294.44
2026-05-15T15:38:30.7309440+08:00	0x07	-0.2880	0.9575	0.0159	0.0041	326.51	180.07	358.12
2026-05-15T15:38:32.5460969+08:00	0x06	0.4406	-0.3783	-0.6770	-0.4521	137.57	321.97	294.40
2026-05-15T15:38:32.5460969+08:00	0x07	-0.2899	0.9569	0.0164	0.0053	326.30	179.96	358.03
2026-05-15T15:38:32.5460969+08:00	0x06	0.4394	-0.3788	-0.6775	-0.4521	137.40	322.27	294.41
2026-05-15T15:38:32.5460969+08:00	0x07	-0.2891	0.9571	0.0173	0.0050	326.38	180.03	357.93
2026-05-15T15:38:32.5460969+08:00	0x06	0.4412	-0.3789	-0.6753	-0.4536	137.26	322.09	294.22
2026-05-15T15:38:32.5460969+08:00	0x07	-0.2895	0.9571	0.0118	0.0055	326.34	179.79	358.52
2026-05-15T15:38:32.6971722+08:00	0x06	0.4409	-0.3776	-0.6769	-0.4526	137.47	321.98	294.45
2026-05-15T15:38:32.8309288+08:00	0x07	-0.2899	0.9569	0.0154	0.0049	326.29	179.98	358.15
2026-05-15T15:38:33.3694812+08:00	0x07	-0.2898	0.9570	0.0152	0.0051	326.31	179.95	358.16
2026-05-15T15:38:33.4026235+08:00	0x06	0.4395	-0.3769	-0.6782	-0.4526	137.31	322.26	294.63
2026-05-15T15:38:41.3348807+08:00	0x06	0.4416	-0.3751	-0.6788	-0.4512	137.93	321.53	294.81
2026-05-15T15:38:41.3348807+08:00	0x07	-0.2914	0.9565	0.0128	0.0055	326.11	179.82	358.42
2026-05-15T15:38:41.3348807+08:00	0x06	0.4420	-0.3748	-0.6784	-0.4517	137.86	321.51	294.80
2026-05-15T15:38:41.3348807+08:00	0x07	-0.2912	0.9566	0.0117	0.0056	326.14	179.77	358.53
2026-05-15T15:38:41.3348807+08:00	0x06	0.4420	-0.3752	-0.6778	-0.4521	137.75	321.58	294.72
2026-05-15T15:38:41.3348807+08:00	0x07	-0.2905	0.9568	0.0107	0.0057	326.22	179.73	358.64
2026-05-15T15:38:41.3348807+08:00	0x06	0.4423	-0.3757	-0.6771	-0.4524	137.71	321.56	294.63
2026-05-15T15:38:41.3348807+08:00	0x07	-0.2898	0.9570	0.0097	0.0058	326.31	179.69	358.75
2026-05-15T15:38:41.3348807+08:00	0x06	0.4416	-0.3774	-0.6761	-0.4533	137.41	321.90	294.41
2026-05-15T15:38:41.3348807+08:00	0x07	-0.2890	0.9572	0.0102	0.0056	326.40	179.72	358.70
2026-05-15T15:38:41.3348807+08:00	0x06	0.4427	-0.3767	-0.6766	-0.4521	137.85	321.45	294.50
2026-05-15T15:38:41.3348807+08:00	0x07	-0.2897	0.9571	0.0099	0.0056	326.32	179.71	358.72
2026-05-15T15:38:41.3348807+08:00	0x06	0.4422	-0.3779	-0.6762	-0.4522	137.77	321.60	294.37
2026-05-15T15:38:41.3348807+08:00	0x07	-0.2901	0.9570	0.0092	0.0056	326.28	179.69	358.80
2026-05-15T15:38:41.3348807+08:00	0x06	0.4409	-0.3796	-0.6751	-0.4536	137.23	322.16	294.14
2026-05-15T15:38:41.3348807+08:00	0x07	-0.2893	0.9572	0.0092	0.0056	326.37	179.70	358.80
2026-05-15T15:38:41.3348807+08:00	0x06	0.4409	-0.3793	-0.6749	-0.4541	137.12	322.22	294.15
2026-05-15T15:38:41.3348807+08:00	0x07	-0.2894	0.9572	0.0079	0.0058	326.36	179.63	358.94
2026-05-15T15:38:41.3348807+08:00	0x06	0.4403	-0.3801	-0.6743	-0.4549	136.82	322.51	294.04
2026-05-15T15:38:41.3348807+08:00	0x07	-0.2893	0.9572	0.0077	0.0056	326.37	179.63	358.97
2026-05-15T15:38:41.3348807+08:00	0x06	0.4413	-0.3798	-0.6745	-0.4539	137.21	322.11	294.08
2026-05-15T15:38:41.3348807+08:00	0x07	-0.2904	0.9569	0.0071	0.0056	326.24	179.62	359.04
2026-05-15T15:38:41.3348807+08:00	0x06	0.4404	-0.3803	-0.6744	-0.4545	136.94	322.44	294.03
2026-05-15T15:38:41.3348807+08:00	0x07	-0.2906	0.9568	0.0071	0.0056	326.21	179.62	359.03
2026-05-15T15:38:41.3348807+08:00	0x06	0.4407	-0.3809	-0.6738	-0.4546	136.96	322.39	293.93
2026-05-15T15:38:41.3348807+08:00	0x07	-0.2902	0.9569	0.0067	0.0055	326.26	179.62	359.08
2026-05-15T15:38:41.3348807+08:00	0x06	0.4408	-0.3801	-0.6739	-0.4550	136.86	322.42	294.01
2026-05-15T15:38:41.3348807+08:00	0x07	-0.2907	0.9568	0.0071	0.0056	326.21	179.62	359.04
2026-05-15T15:38:41.4334026+08:00	0x06	0.4401	-0.3798	-0.6745	-0.4550	136.76	322.57	294.09
2026-05-15T15:38:41.5157008+08:00	0x07	-0.2903	0.9569	0.0069	0.0060	326.25	179.57	359.04
2026-05-15T15:38:41.9552905+08:00	0x06	0.4392	-0.3808	-0.6749	-0.4546	136.76	322.74	294.04
2026-05-15T15:38:42.0432481+08:00	0x07	-0.2891	0.9573	0.0069	0.0057	326.40	179.61	359.05
2026-05-15T15:38:45.7032208+08:00	0x06	0.4399	-0.3810	-0.6745	-0.4543	136.91	322.55	293.98
2026-05-15T15:38:45.7032208+08:00	0x07	-0.2896	0.9571	0.0071	0.0053	326.34	179.65	359.05
2026-05-15T15:38:45.7032208+08:00	0x06	0.4401	-0.3851	-0.6691	-0.4587	135.80	323.29	293.22
2026-05-15T15:38:45.7032208+08:00	0x07	-0.2874	0.9578	-0.0018	0.0055	326.59	179.34	0.01
2026-05-15T15:38:45.7032208+08:00	0x06	0.4416	-0.3828	-0.6681	-0.4605	135.57	323.15	293.33
2026-05-15T15:38:45.7032208+08:00	0x07	-0.2898	0.9570	-0.0071	0.0059	326.30	179.12	0.58
2026-05-15T15:38:45.7032208+08:00	0x06	0.4410	-0.3810	-0.6639	-0.4685	133.41	324.51	293.19
2026-05-15T15:38:45.7032208+08:00	0x07	-0.2940	0.9557	-0.0109	0.0088	325.79	178.67	0.90
2026-05-15T15:38:45.7032208+08:00	0x06	0.4425	-0.3825	-0.6635	-0.4666	134.09	323.91	293.01
2026-05-15T15:38:45.7032208+08:00	0x07	-0.2940	0.9558	-0.0072	0.0083	325.80	178.85	0.50
2026-05-15T15:38:45.7032208+08:00	0x06	0.4417	-0.3818	-0.6664	-0.4637	134.76	323.59	293.28
2026-05-15T15:38:45.7032208+08:00	0x07	-0.2934	0.9560	-0.0036	0.0085	325.88	178.95	0.11
2026-05-15T15:38:45.7676120+08:00	0x06	0.4426	-0.3813	-0.6663	-0.4635	134.96	323.32	293.32
2026-05-15T15:38:45.7994039+08:00	0x07	-0.2926	0.9562	-0.0052	0.0088	325.97	178.86	0.27
2026-05-15T15:38:46.2709318+08:00	0x06	0.4439	-0.3814	-0.6653	-0.4636	135.11	323.04	293.22
2026-05-15T15:38:46.3356091+08:00	0x07	-0.2927	0.9561	-0.0074	0.0089	325.96	178.78	0.51
2026-05-15T15:38:46.8389990+08:00	0x06	0.4445	-0.3813	-0.6653	-0.4630	135.35	322.79	293.22
2026-05-15T15:38:46.9484483+08:00	0x07	-0.2922	0.9563	-0.0085	0.0092	326.01	178.70	0.63
2026-05-15T15:38:47.4180578+08:00	0x06	0.4438	-0.3847	-0.6599	-0.4685	133.74	324.00	292.53
2026-05-15T15:38:47.4574948+08:00	0x07	-0.2907	0.9567	-0.0115	0.0081	326.19	178.73	0.99
2026-05-15T15:41:05.8317082+08:00	0x06	0.4465	-0.3800	-0.6850	-0.4325	143.09	317.84	294.94
2026-05-15T15:41:05.8317082+08:00	0x07	-0.2897	0.9255	0.0127	0.2436	327.49	153.27	350.53
2026-05-15T15:41:05.8327056+08:00	0x06	0.4719	-0.2873	-0.7196	-0.4206	145.21	311.67	305.86
2026-05-15T15:41:05.8327056+08:00	0x06	0.5315	-0.2428	-0.7371	-0.3394	159.61	297.13	314.05
2026-05-15T15:41:05.8327056+08:00	0x07	-0.2900	0.9272	0.0119	0.2367	327.38	154.04	350.82
2026-05-15T15:41:05.8327056+08:00	0x06	0.5298	-0.2442	-0.7368	-0.3419	159.26	297.49	313.78
2026-05-15T15:41:05.8327056+08:00	0x07	-0.6591	0.3280	0.5347	0.4148	178.55	259.00	296.16
2026-05-15T15:41:05.8327056+08:00	0x06	0.3755	-0.0855	-0.8974	-0.2151	160.17	317.82	341.64
2026-05-15T15:41:05.8327056+08:00	0x07	-0.7923	0.2120	0.4498	0.3534	181.56	238.46	311.34
2026-05-15T15:41:05.8327056+08:00	0x06	0.2362	0.0315	-0.9706	-0.0350	175.25	332.54	2.56
2026-05-15T15:41:05.8327056+08:00	0x07	-0.8433	0.0109	0.4440	0.3026	162.96	240.35	328.67
2026-05-15T15:41:05.8327056+08:00	0x06	0.2334	0.0391	-0.9664	0.1003	190.19	333.47	7.03
2026-05-15T15:41:05.8327056+08:00	0x07	-0.8473	-0.1176	0.4678	0.2222	155.01	241.25	344.54
2026-05-15T15:41:05.8327056+08:00	0x06	0.2211	0.0553	-0.9558	0.1860	199.70	335.84	10.84
2026-05-15T15:41:05.8327056+08:00	0x07	-0.8411	-0.1999	0.4788	0.1526	151.10	240.27	356.26
2026-05-15T15:41:05.8327056+08:00	0x06	0.2113	0.0667	-0.9424	0.2504	207.14	337.97	13.39
2026-05-15T15:41:05.8327056+08:00	0x07	-0.8330	-0.2382	0.4844	0.1210	149.05	239.89	1.67
2026-05-15T15:41:05.8327056+08:00	0x06	0.2051	0.0735	-0.9326	0.2879	211.62	339.40	14.78
2026-05-15T15:41:05.8327056+08:00	0x07	-0.8250	-0.2660	0.4884	0.1006	147.35	239.68	5.38
2026-05-15T15:41:05.8327056+08:00	0x06	0.2001	0.0789	-0.9225	0.3206	215.60	340.66	15.89
2026-05-15T15:41:05.8327056+08:00	0x07	-0.8195	-0.2830	0.4903	0.0887	146.24	239.48	7.60
2026-05-15T15:41:05.8327056+08:00	0x06	0.1936	0.0875	-0.9075	0.3623	220.82	342.44	17.41
2026-05-15T15:41:05.8327056+08:00	0x07	-0.8100	-0.3090	0.4932	0.0723	144.40	239.19	10.82
2026-05-15T15:41:05.8327056+08:00	0x06	0.1903	0.0895	-0.9003	0.3811	223.24	343.25	17.83
2026-05-15T15:41:05.8327056+08:00	0x07	-0.8064	-0.3169	0.4946	0.0677	143.81	239.18	11.78
2026-05-15T15:41:05.8327056+08:00	0x06	0.1900	0.0855	-0.8996	0.3839	223.62	343.17	17.44
2026-05-15T15:41:05.8327056+08:00	0x07	-0.8084	-0.3134	0.4940	0.0659	144.27	239.07	11.71
2026-05-15T15:41:05.8327056+08:00	0x06	0.1873	0.0852	-0.8995	0.3853	223.84	343.49	17.32
2026-05-15T15:41:05.8327056+08:00	0x07	-0.8083	-0.3150	0.4937	0.0608	144.36	238.87	12.28
2026-05-15T15:41:05.8327056+08:00	0x06	0.1874	0.0823	-0.8988	0.3876	224.15	343.40	17.06
2026-05-15T15:41:05.8327056+08:00	0x07	-0.8052	-0.3201	0.4957	0.0598	143.89	239.06	12.77
2026-05-15T15:41:05.8327056+08:00	0x06	0.1868	0.0817	-0.8991	0.3872	224.11	343.44	16.96
2026-05-15T15:41:05.8327056+08:00	0x07	-0.8053	-0.3214	0.4948	0.0580	143.83	238.87	12.98
2026-05-15T15:41:05.8327056+08:00	0x06	0.1823	0.0932	-0.8969	0.3919	224.72	344.50	18.06
2026-05-15T15:41:05.8327056+08:00	0x07	-0.8030	-0.3216	0.4987	0.0555	144.00	239.31	13.39
2026-05-15T15:41:05.8327056+08:00	0x06	0.1791	0.0900	-0.8982	0.3911	224.68	344.71	17.57
2026-05-15T15:41:05.8327056+08:00	0x07	-0.8036	-0.3185	0.4999	0.0530	144.49	239.43	13.49
2026-05-15T15:41:05.8327056+08:00	0x06	0.1782	0.0895	-0.8990	0.3899	224.54	344.77	17.45
2026-05-15T15:41:05.8327056+08:00	0x07	-0.8030	-0.3185	0.5012	0.0509	144.61	239.54	13.74
2026-05-15T15:41:05.8327056+08:00	0x06	0.1751	0.0912	-0.8998	0.3890	224.47	345.17	17.47
2026-05-15T15:41:05.8327056+08:00	0x07	-0.8024	-0.3178	0.5028	0.0487	144.83	239.69	13.97
2026-05-15T15:41:05.8327056+08:00	0x06	0.1746	0.0919	-0.8999	0.3888	224.45	345.25	17.52
2026-05-15T15:41:05.8327056+08:00	0x07	-0.8024	-0.3189	0.5022	0.0483	144.73	239.60	14.06
2026-05-15T15:41:05.8327056+08:00	0x06	0.1574	0.0734	-0.9043	0.3900	224.88	346.40	14.81
2026-05-15T15:41:05.8327056+08:00	0x07	-0.7492	-0.2863	0.5897	0.0955	146.49	253.03	11.22
2026-05-15T15:41:05.8327056+08:00	0x06	0.1572	0.0933	-0.8980	0.4001	226.14	347.45	17.06
2026-05-15T15:41:05.8327056+08:00	0x07	-0.7493	-0.3101	0.5801	0.0765	145.19	251.03	14.20
2026-05-15T15:41:05.8327056+08:00	0x06	0.1632	0.0985	-0.8962	0.4005	226.11	347.03	17.89
2026-05-15T15:41:05.8327056+08:00	0x07	-0.7469	-0.3159	0.5803	0.0748	144.70	250.97	14.76
2026-05-15T15:41:05.8327056+08:00	0x06	0.1603	0.0983	-0.8961	0.4020	226.34	347.37	17.76
2026-05-15T15:41:05.8327056+08:00	0x07	-0.7460	-0.3166	0.5812	0.0742	144.69	251.08	14.91
2026-05-15T15:41:05.8327056+08:00	0x06	0.1600	0.0988	-0.8950	0.4045	226.67	347.47	17.84
2026-05-15T15:41:05.8327056+08:00	0x07	-0.7459	-0.3162	0.5815	0.0740	144.74	251.11	14.91
2026-05-15T15:41:05.8327056+08:00	0x06	0.1597	0.1002	-0.8942	0.4061	226.88	347.60	17.99
2026-05-15T15:41:05.8327056+08:00	0x07	-0.7457	-0.3167	0.5815	0.0744	144.67	251.12	14.91
2026-05-15T15:41:05.8327056+08:00	0x06	0.1589	0.1006	-0.8939	0.4070	227.01	347.72	18.01
2026-05-15T15:41:05.8327056+08:00	0x07	-0.7457	-0.3162	0.5817	0.0746	144.71	251.15	14.87
2026-05-15T15:41:05.8327056+08:00	0x06	0.1589	0.1007	-0.8935	0.4078	227.11	347.75	18.04
2026-05-15T15:41:05.8327056+08:00	0x07	-0.7456	-0.3167	0.5816	0.0747	144.65	251.14	14.89
2026-05-15T15:41:05.8327056+08:00	0x06	0.1585	0.1010	-0.8930	0.4088	227.25	347.82	18.06
2026-05-15T15:41:05.8327056+08:00	0x07	-0.7455	-0.3166	0.5817	0.0746	144.67	251.16	14.90
2026-05-15T15:41:05.8327056+08:00	0x06	0.1582	0.1009	-0.8928	0.4094	227.34	347.87	18.04
2026-05-15T15:41:05.8337081+08:00	0x07	-0.7456	-0.3164	0.5818	0.0747	144.69	251.17	14.87
2026-05-15T15:41:05.8337081+08:00	0x06	0.1575	0.1009	-0.8928	0.4098	227.39	347.95	18.02
2026-05-15T15:41:05.8337081+08:00	0x07	-0.7455	-0.3161	0.5819	0.0747	144.71	251.20	14.86
2026-05-15T15:41:05.8337081+08:00	0x06	0.1573	0.1009	-0.8928	0.4099	227.41	347.97	18.01
2026-05-15T15:41:05.8337081+08:00	0x07	-0.7455	-0.3157	0.5823	0.0746	144.77	251.25	14.85
2026-05-15T15:41:05.8337081+08:00	0x06	0.1572	0.1012	-0.8928	0.4098	227.40	348.00	18.03
2026-05-15T15:41:05.8337081+08:00	0x07	-0.7454	-0.3157	0.5824	0.0745	144.78	251.26	14.87
2026-05-15T15:41:05.8337081+08:00	0x06	0.1575	0.1012	-0.8929	0.4095	227.36	347.96	18.04
2026-05-15T15:41:05.8337081+08:00	0x07	-0.7455	-0.3156	0.5823	0.0745	144.79	251.25	14.86
2026-05-15T15:41:05.8337081+08:00	0x06	0.1571	0.1007	-0.8932	0.4092	227.32	347.98	17.96
2026-05-15T15:41:05.8337081+08:00	0x07	-0.7451	-0.3157	0.5828	0.0741	144.81	251.30	14.93
2026-05-15T15:41:05.8337081+08:00	0x06	0.1566	0.1012	-0.8931	0.4094	227.35	348.05	17.99
2026-05-15T15:41:05.8337081+08:00	0x07	-0.7449	-0.3158	0.5830	0.0736	144.83	251.33	14.98
2026-05-15T15:41:05.8337081+08:00	0x06	0.1565	0.1020	-0.8930	0.4095	227.37	348.10	18.07
2026-05-15T15:41:05.8337081+08:00	0x07	-0.7449	-0.3160	0.5831	0.0731	144.85	251.32	15.05
2026-05-15T15:41:05.8337081+08:00	0x06	0.1570	0.1025	-0.8928	0.4097	227.39	348.07	18.16
2026-05-15T15:41:05.8337081+08:00	0x07	-0.7448	-0.3169	0.5827	0.0729	144.77	251.25	15.11
2026-05-15T15:41:05.8337081+08:00	0x06	0.1570	0.1024	-0.8927	0.4098	227.40	348.08	18.15
2026-05-15T15:41:05.8337081+08:00	0x07	-0.7446	-0.3172	0.5828	0.0726	144.76	251.26	15.16
2026-05-15T15:41:05.8337081+08:00	0x06	0.1567	0.1023	-0.8927	0.4099	227.42	348.10	18.13
2026-05-15T15:41:05.8337081+08:00	0x07	-0.7446	-0.3173	0.5829	0.0725	144.75	251.26	15.19
2026-05-15T15:41:05.8337081+08:00	0x06	0.1564	0.1026	-0.8927	0.4101	227.45	348.15	18.14
2026-05-15T15:41:05.8337081+08:00	0x07	-0.7444	-0.3174	0.5830	0.0722	144.75	251.27	15.22
2026-05-15T15:41:05.8337081+08:00	0x06	0.1568	0.1024	-0.8921	0.4112	227.59	348.13	18.16
2026-05-15T15:41:05.8337081+08:00	0x07	-0.7444	-0.3179	0.5828	0.0717	144.74	251.24	15.29
2026-05-15T15:41:05.8337081+08:00	0x06	0.1569	0.1024	-0.8922	0.4109	227.55	348.11	18.16
2026-05-15T15:41:05.8337081+08:00	0x07	-0.7443	-0.3181	0.5828	0.0719	144.71	251.24	15.30
2026-05-15T15:41:05.8337081+08:00	0x06	0.1570	0.1026	-0.8918	0.4117	227.65	348.12	18.20
2026-05-15T15:41:05.8337081+08:00	0x07	-0.7441	-0.3187	0.5827	0.0715	144.66	251.21	15.37
2026-05-15T15:41:05.8337081+08:00	0x06	0.1568	0.1031	-0.8916	0.4122	227.71	348.17	18.25
2026-05-15T15:41:05.8337081+08:00	0x07	-0.7439	-0.3190	0.5829	0.0713	144.66	251.22	15.41
2026-05-15T15:41:05.8337081+08:00	0x06	0.1567	0.1032	-0.8914	0.4125	227.76	348.20	18.26
2026-05-15T15:41:05.8337081+08:00	0x07	-0.7438	-0.3195	0.5829	0.0711	144.62	251.21	15.47
2026-05-15T15:41:05.8337081+08:00	0x07	-0.7437	-0.3196	0.5829	0.0710	144.61	251.21	15.48
2026-05-15T15:41:05.8337081+08:00	0x06	0.1550	0.0977	-0.8931	0.4108	227.56	348.10	17.57
2026-05-15T15:41:05.8337081+08:00	0x07	-0.7440	-0.3203	0.5821	0.0708	144.53	251.09	15.52
2026-05-15T15:41:05.8337081+08:00	0x07	-0.7437	-0.3211	0.5820	0.0710	144.44	251.08	15.55
2026-05-15T15:41:05.8337081+08:00	0x07	-0.7434	-0.3216	0.5822	0.0707	144.41	251.08	15.62
2026-05-15T15:41:05.8337081+08:00	0x06	0.1570	0.1025	-0.8914	0.4127	227.78	348.13	18.19
2026-05-15T15:41:05.8337081+08:00	0x07	-0.7433	-0.3218	0.5822	0.0704	144.40	251.09	15.67
2026-05-15T15:41:05.8337081+08:00	0x06	0.1567	0.1027	-0.8914	0.4126	227.78	348.17	18.20
2026-05-15T15:41:05.8337081+08:00	0x06	0.1566	0.1027	-0.8914	0.4128	227.80	348.19	18.20
2026-05-15T15:41:05.8337081+08:00	0x07	-0.7431	-0.3221	0.5823	0.0701	144.39	251.09	15.72
2026-05-15T15:41:05.8337081+08:00	0x07	-0.7429	-0.3223	0.5825	0.0699	144.40	251.11	15.76
2026-05-15T15:41:05.8337081+08:00	0x06	0.1566	0.1029	-0.8912	0.4131	227.83	348.21	18.22
2026-05-15T15:41:05.8337081+08:00	0x06	0.1568	0.1030	-0.8912	0.4131	227.83	348.19	18.25
2026-05-15T15:41:05.8337081+08:00	0x07	-0.7429	-0.3226	0.5824	0.0696	144.38	251.09	15.80
2026-05-15T15:41:05.8337081+08:00	0x06	0.1573	0.1031	-0.8911	0.4131	227.83	348.14	18.28
2026-05-15T15:41:05.8337081+08:00	0x07	-0.7427	-0.3237	0.5821	0.0692	144.28	251.03	15.91
2026-05-15T15:41:05.8337081+08:00	0x06	0.1571	0.1029	-0.8912	0.4130	227.81	348.15	18.25
2026-05-15T15:41:05.8337081+08:00	0x07	-0.7425	-0.3240	0.5822	0.0688	144.28	251.03	15.97
2026-05-15T15:41:05.8337081+08:00	0x06	0.1566	0.1023	-0.8916	0.4123	227.73	348.16	18.16
2026-05-15T15:41:05.8337081+08:00	0x07	-0.7423	-0.3237	0.5826	0.0686	144.33	251.07	15.99
2026-05-15T15:41:05.8337081+08:00	0x06	0.1488	0.0884	-0.8954	0.4102	227.55	348.34	16.28
2026-05-15T15:41:05.8337081+08:00	0x07	-0.7442	-0.3228	0.5809	0.0669	144.50	250.80	15.99
2026-05-15T15:41:05.8337081+08:00	0x06	0.1608	0.1018	-0.8901	0.4140	227.90	347.72	18.33
2026-05-15T15:41:05.8337081+08:00	0x07	-0.7436	-0.3290	0.5775	0.0722	143.46	250.42	15.82
2026-05-15T15:41:05.8337081+08:00	0x06	0.1625	0.1045	-0.8875	0.4183	228.44	347.74	18.75
2026-05-15T15:41:05.8337081+08:00	0x07	-0.7438	-0.3265	0.5784	0.0748	143.58	250.63	15.45
2026-05-15T15:41:05.8337081+08:00	0x06	0.1608	0.1045	-0.8879	0.4183	228.46	347.93	18.66
2026-05-15T15:41:05.8347041+08:00	0x07	-0.7448	-0.3234	0.5787	0.0758	143.84	250.71	15.15
2026-05-15T15:41:05.8347041+08:00	0x06	0.1604	0.1049	-0.8873	0.4194	228.61	348.01	18.71
2026-05-15T15:41:05.8347041+08:00	0x07	-0.7452	-0.3224	0.5787	0.0763	143.91	250.74	15.04
2026-05-15T15:41:05.8347041+08:00	0x06	0.1601	0.1044	-0.8872	0.4198	228.68	348.04	18.65
2026-05-15T15:41:05.8347041+08:00	0x07	-0.7458	-0.3212	0.5786	0.0769	144.00	250.75	14.89
2026-05-15T15:41:05.8347041+08:00	0x06	0.1600	0.1045	-0.8871	0.4203	228.73	348.06	18.66
2026-05-15T15:41:05.8347041+08:00	0x07	-0.7459	-0.3205	0.5787	0.0772	144.05	250.78	14.82
2026-05-15T15:41:05.8347041+08:00	0x06	0.1600	0.1049	-0.8868	0.4207	228.80	348.08	18.71
2026-05-15T15:41:05.8347041+08:00	0x07	-0.7460	-0.3204	0.5787	0.0774	144.05	250.78	14.80
2026-05-15T15:41:05.8347041+08:00	0x06	0.1601	0.1052	-0.8867	0.4208	228.80	348.09	18.74
2026-05-15T15:41:05.8347041+08:00	0x07	-0.7459	-0.3204	0.5788	0.0776	144.04	250.81	14.78
2026-05-15T15:41:05.8347041+08:00	0x06	0.1595	0.1052	-0.8870	0.4204	228.76	348.15	18.71
2026-05-15T15:41:05.8347041+08:00	0x07	-0.7460	-0.3193	0.5793	0.0778	144.15	250.88	14.71
2026-05-15T15:41:05.8347041+08:00	0x06	0.1593	0.1047	-0.8873	0.4200	228.71	348.14	18.64
2026-05-15T15:41:05.8347041+08:00	0x07	-0.7460	-0.3190	0.5794	0.0778	144.19	250.91	14.69
2026-05-15T15:41:05.8347041+08:00	0x06	0.1591	0.1045	-0.8877	0.4193	228.62	348.14	18.59
2026-05-15T15:41:05.8347041+08:00	0x07	-0.7459	-0.3187	0.5796	0.0777	144.22	250.93	14.69
2026-05-15T15:41:05.8347041+08:00	0x06	0.1584	0.1050	-0.8875	0.4198	228.69	348.25	18.63
2026-05-15T15:41:05.8347041+08:00	0x07	-0.7457	-0.3178	0.5805	0.0771	144.37	251.05	14.71
2026-05-15T15:41:05.8347041+08:00	0x06	0.1579	0.1055	-0.8878	0.4193	228.64	348.31	18.64
2026-05-15T15:41:05.8347041+08:00	0x07	-0.7459	-0.3176	0.5804	0.0771	144.39	251.03	14.69
2026-05-15T15:41:05.8347041+08:00	0x06	0.1579	0.1050	-0.8879	0.4191	228.61	348.29	18.59
2026-05-15T15:41:05.8347041+08:00	0x07	-0.7461	-0.3175	0.5802	0.0771	144.39	251.00	14.68
2026-05-15T15:41:05.8347041+08:00	0x06	0.1580	0.1047	-0.8879	0.4192	228.62	348.26	18.57
2026-05-15T15:41:05.8347041+08:00	0x07	-0.7461	-0.3175	0.5801	0.0770	144.40	250.99	14.68
2026-05-15T15:41:05.8347041+08:00	0x06	0.1578	0.1047	-0.8877	0.4196	228.68	348.29	18.57
2026-05-15T15:41:05.8347041+08:00	0x07	-0.7461	-0.3175	0.5802	0.0768	144.41	251.00	14.70
2026-05-15T15:41:05.8347041+08:00	0x06	0.1579	0.1047	-0.8879	0.4191	228.61	348.28	18.56
2026-05-15T15:41:05.8347041+08:00	0x07	-0.7461	-0.3175	0.5802	0.0767	144.42	251.00	14.71
2026-05-15T15:41:05.8347041+08:00	0x06	0.1580	0.1046	-0.8881	0.4188	228.56	348.25	18.56
2026-05-15T15:41:05.8347041+08:00	0x07	-0.7461	-0.3176	0.5802	0.0765	144.42	250.99	14.73
2026-05-15T15:41:05.8347041+08:00	0x06	0.1584	0.1047	-0.8885	0.4178	228.43	348.20	18.56
2026-05-15T15:41:05.8347041+08:00	0x07	-0.7462	-0.3177	0.5800	0.0764	144.42	250.96	14.75
2026-05-15T15:41:05.8347041+08:00	0x06	0.1584	0.1046	-0.8886	0.4175	228.39	348.18	18.56
2026-05-15T15:41:05.8347041+08:00	0x07	-0.7462	-0.3177	0.5800	0.0765	144.41	250.97	14.74
2026-05-15T15:41:05.8347041+08:00	0x06	0.1583	0.1044	-0.8889	0.4171	228.34	348.17	18.52
2026-05-15T15:41:05.8347041+08:00	0x07	-0.7461	-0.3177	0.5801	0.0763	144.42	250.98	14.76
2026-05-15T15:41:05.8347041+08:00	0x06	0.1582	0.1045	-0.8888	0.4171	228.34	348.19	18.53
2026-05-15T15:41:05.8347041+08:00	0x07	-0.7461	-0.3177	0.5801	0.0764	144.42	250.98	14.75
2026-05-15T15:41:05.8347041+08:00	0x06	0.1581	0.1044	-0.8888	0.4173	228.37	348.20	18.51
2026-05-15T15:41:05.8347041+08:00	0x07	-0.7461	-0.3177	0.5802	0.0763	144.42	250.98	14.76
2026-05-15T15:41:05.8347041+08:00	0x06	0.1581	0.1044	-0.8888	0.4174	228.38	348.20	18.52
2026-05-15T15:41:05.8347041+08:00	0x07	-0.7460	-0.3179	0.5802	0.0760	144.42	250.97	14.80
2026-05-15T15:41:05.8347041+08:00	0x06	0.1582	0.1046	-0.8887	0.4175	228.40	348.20	18.55
2026-05-15T15:41:05.8347041+08:00	0x07	-0.7460	-0.3181	0.5801	0.0758	144.41	250.95	14.83
2026-05-15T15:41:05.8347041+08:00	0x06	0.1585	0.1047	-0.8886	0.4175	228.39	348.17	18.56
2026-05-15T15:41:05.8347041+08:00	0x07	-0.7460	-0.3184	0.5800	0.0756	144.40	250.92	14.86
2026-05-15T15:41:05.8347041+08:00	0x06	0.1583	0.1046	-0.8886	0.4176	228.41	348.20	18.55
2026-05-15T15:41:05.8347041+08:00	0x07	-0.7459	-0.3186	0.5800	0.0755	144.39	250.93	14.89
2026-05-15T15:41:05.8347041+08:00	0x06	0.1581	0.1045	-0.8886	0.4177	228.42	348.22	18.52
2026-05-15T15:41:05.8347041+08:00	0x07	-0.7458	-0.3186	0.5801	0.0755	144.38	250.95	14.90
2026-05-15T15:41:05.8347041+08:00	0x06	0.1580	0.1045	-0.8886	0.4177	228.43	348.22	18.53
2026-05-15T15:41:05.8347041+08:00	0x06	0.1581	0.1044	-0.8886	0.4177	228.43	348.21	18.52
2026-05-15T15:41:05.8347041+08:00	0x07	-0.7456	-0.3190	0.5802	0.0750	144.37	250.95	14.97
2026-05-15T15:41:05.8347041+08:00	0x07	-0.7456	-0.3191	0.5802	0.0749	144.36	250.94	14.99
2026-05-15T15:41:05.8347041+08:00	0x07	-0.7455	-0.3194	0.5802	0.0747	144.35	250.93	15.02
2026-05-15T15:41:05.8347041+08:00	0x06	0.1580	0.1044	-0.8886	0.4178	228.44	348.22	18.52
2026-05-15T15:41:05.8347041+08:00	0x07	-0.7453	-0.3197	0.5803	0.0745	144.34	250.94	15.07
2026-05-15T15:41:05.8347041+08:00	0x07	-0.7452	-0.3197	0.5805	0.0744	144.34	250.95	15.09
2026-05-15T15:41:05.8347041+08:00	0x07	-0.7452	-0.3199	0.5804	0.0743	144.33	250.95	15.11
2026-05-15T15:41:05.8347041+08:00	0x06	0.1579	0.1042	-0.8886	0.4179	228.46	348.22	18.49
2026-05-15T15:41:05.8347041+08:00	0x07	-0.7451	-0.3201	0.5804	0.0740	144.33	250.93	15.15
2026-05-15T15:41:05.8347041+08:00	0x06	0.1576	0.1040	-0.8886	0.4180	228.47	348.25	18.46
2026-05-15T15:41:05.8347041+08:00	0x07	-0.7448	-0.3203	0.5807	0.0738	144.32	250.96	15.19
2026-05-15T15:41:05.8347041+08:00	0x06	0.1575	0.1039	-0.8886	0.4181	228.48	348.25	18.44
2026-05-15T15:41:05.8357016+08:00	0x07	-0.7447	-0.3205	0.5807	0.0736	144.31	250.97	15.22
2026-05-15T15:41:05.8357016+08:00	0x06	0.1575	0.1039	-0.8886	0.4181	228.48	348.26	18.44
2026-05-15T15:41:05.8357016+08:00	0x07	-0.7447	-0.3206	0.5808	0.0736	144.31	250.97	15.24
2026-05-15T15:41:05.8357016+08:00	0x06	0.1578	0.1042	-0.8885	0.4181	228.48	348.24	18.48
2026-05-15T15:41:05.8357016+08:00	0x07	-0.7445	-0.3210	0.5807	0.0734	144.28	250.96	15.28
2026-05-15T15:41:05.8357016+08:00	0x06	0.1576	0.1039	-0.8886	0.4181	228.48	348.25	18.45
2026-05-15T15:41:05.8357016+08:00	0x07	-0.7444	-0.3211	0.5809	0.0732	144.28	250.97	15.31
2026-05-15T15:41:05.8357016+08:00	0x06	0.1574	0.1040	-0.8886	0.4182	228.49	348.27	18.45
2026-05-15T15:41:05.8357016+08:00	0x07	-0.7442	-0.3215	0.5809	0.0730	144.25	250.97	15.36
2026-05-15T15:41:05.8357016+08:00	0x06	0.1574	0.1041	-0.8885	0.4182	228.50	348.28	18.46
2026-05-15T15:41:05.8357016+08:00	0x07	-0.7442	-0.3217	0.5808	0.0728	144.24	250.95	15.39
2026-05-15T15:41:05.8357016+08:00	0x06	0.1577	0.1041	-0.8884	0.4184	228.52	348.25	18.48
2026-05-15T15:41:05.8357016+08:00	0x07	-0.7441	-0.3220	0.5808	0.0727	144.22	250.94	15.42
2026-05-15T15:41:05.8357016+08:00	0x06	0.1576	0.1046	-0.8883	0.4184	228.53	348.29	18.53
2026-05-15T15:41:05.8357016+08:00	0x07	-0.7440	-0.3223	0.5808	0.0725	144.20	250.94	15.45
2026-05-15T15:41:05.8357016+08:00	0x06	0.1574	0.1045	-0.8884	0.4185	228.54	348.31	18.50
2026-05-15T15:41:05.8357016+08:00	0x07	-0.7439	-0.3225	0.5809	0.0723	144.20	250.94	15.49
2026-05-15T15:41:05.8357016+08:00	0x07	-0.7436	-0.3230	0.5809	0.0721	144.16	250.94	15.55
2026-05-15T15:41:05.8357016+08:00	0x07	-0.7436	-0.3234	0.5808	0.0719	144.13	250.92	15.58
2026-05-15T15:41:05.8357016+08:00	0x06	0.1577	0.1046	-0.8884	0.4182	228.50	348.28	18.52
2026-05-15T15:41:05.8357016+08:00	0x07	-0.7435	-0.3236	0.5808	0.0716	144.12	250.91	15.63
2026-05-15T15:41:05.8357016+08:00	0x06	0.1579	0.1043	-0.8886	0.4178	228.44	348.23	18.50
2026-05-15T15:41:05.8357016+08:00	0x07	-0.7433	-0.3239	0.5809	0.0713	144.11	250.91	15.68
2026-05-15T15:41:05.8357016+08:00	0x07	-0.7433	-0.3237	0.5811	0.0712	144.14	250.93	15.68
2026-05-15T15:41:05.8357016+08:00	0x07	-0.7432	-0.3238	0.5812	0.0710	144.15	250.94	15.71
2026-05-15T15:41:05.8357016+08:00	0x06	0.1573	0.1035	-0.8894	0.4165	228.28	348.23	18.37
2026-05-15T15:41:05.8357016+08:00	0x07	-0.7431	-0.3240	0.5812	0.0707	144.15	250.93	15.75
2026-05-15T15:41:05.8357016+08:00	0x06	0.1574	0.1037	-0.8896	0.4160	228.21	348.21	18.39
2026-05-15T15:41:05.8357016+08:00	0x07	-0.7429	-0.3243	0.5813	0.0706	144.12	250.94	15.80
2026-05-15T15:41:05.8357016+08:00	0x06	0.1575	0.1035	-0.8895	0.4162	228.23	348.20	18.37
2026-05-15T15:41:05.8357016+08:00	0x07	-0.7429	-0.3246	0.5812	0.0702	144.11	250.92	15.85
2026-05-15T15:41:05.8357016+08:00	0x06	0.1575	0.1035	-0.8894	0.4164	228.26	348.21	18.38
2026-05-15T15:41:05.8357016+08:00	0x07	-0.7427	-0.3247	0.5814	0.0701	144.11	250.94	15.87
2026-05-15T15:41:05.8357016+08:00	0x06	0.1574	0.1033	-0.8895	0.4163	228.25	348.21	18.35
2026-05-15T15:41:05.8357016+08:00	0x07	-0.7426	-0.3249	0.5814	0.0699	144.10	250.94	15.90
2026-05-15T15:41:05.8357016+08:00	0x06	0.1573	0.1033	-0.8896	0.4163	228.25	348.22	18.34
2026-05-15T15:41:05.8357016+08:00	0x07	-0.7426	-0.3251	0.5814	0.0697	144.10	250.93	15.93
2026-05-15T15:41:05.8357016+08:00	0x06	0.1573	0.1033	-0.8896	0.4162	228.24	348.21	18.34
2026-05-15T15:41:05.8357016+08:00	0x07	-0.7425	-0.3253	0.5815	0.0694	144.10	250.92	15.98
2026-05-15T15:41:05.8357016+08:00	0x06	0.1574	0.1034	-0.8895	0.4162	228.24	348.21	18.36
2026-05-15T15:41:05.8357016+08:00	0x07	-0.7424	-0.3255	0.5815	0.0693	144.09	250.92	16.00
2026-05-15T15:41:05.8357016+08:00	0x06	0.1575	0.1035	-0.8895	0.4162	228.24	348.20	18.38
2026-05-15T15:41:05.8357016+08:00	0x07	-0.7423	-0.3257	0.5815	0.0692	144.08	250.93	16.03
2026-05-15T15:41:05.8357016+08:00	0x06	0.1572	0.1034	-0.8896	0.4163	228.25	348.23	18.35
2026-05-15T15:41:05.8357016+08:00	0x07	-0.7428	-0.3239	0.5819	0.0694	144.25	250.99	15.90
2026-05-15T15:41:05.8357016+08:00	0x06	0.1564	0.1034	-0.8904	0.4148	228.06	348.29	18.29
2026-05-15T15:41:05.8357016+08:00	0x07	-0.7444	-0.3259	0.5783	0.0721	143.81	250.55	15.64
2026-05-15T15:41:05.8357016+08:00	0x06	0.1608	0.1021	-0.8888	0.4169	228.27	347.79	18.40
2026-05-15T15:41:05.8357016+08:00	0x07	-0.7434	-0.3280	0.5782	0.0729	143.54	250.54	15.73
2026-05-15T15:41:05.8357016+08:00	0x06	0.1635	0.1058	-0.8860	0.4208	228.76	347.75	18.97
2026-05-15T15:41:05.8357016+08:00	0x07	-0.7465	-0.3208	0.5777	0.0775	143.99	250.65	14.77
2026-05-15T15:41:05.8357016+08:00	0x07	-0.8552	-0.0998	0.4922	0.1280	162.60	240.91	353.07
2026-05-15T15:41:05.8357016+08:00	0x07	-0.8625	-0.1224	0.4889	0.0470	165.09	238.80	2.21
2026-05-15T15:41:05.8357016+08:00	0x07	-0.7987	-0.1859	0.5722	-0.0099	162.94	249.25	13.21
2026-05-15T15:41:05.8357016+08:00	0x07	-0.7799	-0.1997	0.5921	0.0341	159.02	252.45	10.56
2026-05-15T15:41:05.8357016+08:00	0x07	-0.7881	-0.1977	0.5817	0.0371	158.89	251.02	9.87
2026-05-15T15:41:05.8357016+08:00	0x07	-0.8282	-0.2964	0.4751	0.0217	148.14	235.60	14.23
2026-05-15T15:41:05.8357016+08:00	0x07	-0.8367	-0.3063	0.4538	0.0099	147.29	232.47	15.16
2026-05-15T15:41:05.8357016+08:00	0x07	-0.8670	-0.2833	0.4067	-0.0509	151.66	225.53	18.58
2026-05-15T15:41:05.8357016+08:00	0x07	-0.8625	-0.3054	0.4004	-0.0505	148.97	224.37	19.37
2026-05-15T15:41:05.8357016+08:00	0x06	0.1634	0.1057	-0.8861	0.4207	228.74	347.75	18.95
2026-05-15T15:41:05.8357016+08:00	0x06	0.1376	-0.0157	-0.9893	-0.0466	174.96	344.27	357.48
2026-05-15T15:41:05.8357016+08:00	0x07	-0.8644	-0.2752	0.4175	-0.0529	152.89	227.01	18.73
2026-05-15T15:41:05.8357016+08:00	0x07	-0.8638	-0.2780	0.4166	-0.0550	152.64	226.81	19.07
2026-05-15T15:41:05.8366986+08:00	0x06	0.1313	-0.0220	-0.9893	-0.0599	173.52	345.07	356.60
2026-05-15T15:41:05.8366986+08:00	0x07	-0.8632	-0.2818	0.4146	-0.0603	152.37	226.41	19.74
2026-05-15T15:41:05.8366986+08:00	0x06	0.1313	-0.0227	-0.9892	-0.0608	173.42	345.08	356.51
2026-05-15T15:41:05.8366986+08:00	0x07	-0.8638	-0.2834	0.4124	-0.0586	152.08	226.14	19.57
2026-05-15T15:41:05.8366986+08:00	0x06	0.1372	-0.0219	-0.9884	-0.0614	173.36	344.40	356.56
2026-05-15T15:41:05.8366986+08:00	0x07	-0.8650	-0.2876	0.4076	-0.0536	151.29	225.53	19.10
2026-05-15T15:41:05.8366986+08:00	0x06	0.1492	-0.0200	-0.9866	-0.0623	173.27	342.99	356.67
2026-05-15T15:41:05.8366986+08:00	0x07	-0.8650	-0.2923	0.4046	-0.0505	150.57	225.13	18.91
2026-05-15T15:41:05.8366986+08:00	0x07	-0.8641	-0.2941	0.4053	-0.0513	150.41	225.17	19.08
2026-05-15T15:41:05.8366986+08:00	0x06	0.1417	-0.0169	-0.9883	-0.0541	174.13	343.82	357.21
2026-05-15T15:41:05.8366986+08:00	0x07	-0.8620	-0.2928	0.4096	-0.0585	150.93	225.62	19.92
2026-05-15T15:41:05.8366986+08:00	0x06	0.1364	-0.0215	-0.9890	-0.0536	174.24	344.45	356.73
2026-05-15T15:41:05.8366986+08:00	0x07	-0.8611	-0.2932	0.4112	-0.0583	150.90	225.82	19.98
2026-05-15T15:41:05.8366986+08:00	0x06	0.1361	-0.0257	-0.9885	-0.0605	173.52	344.55	356.14
2026-05-15T15:41:05.8366986+08:00	0x07	-0.8618	-0.2945	0.4094	-0.0544	150.57	225.63	19.57
2026-05-15T15:41:05.8366986+08:00	0x06	0.1411	-0.0293	-0.9874	-0.0650	173.08	344.00	355.63
2026-05-15T15:41:05.8366986+08:00	0x07	-0.8622	-0.2958	0.4080	-0.0526	150.32	225.46	19.39
2026-05-15T15:41:05.8366986+08:00	0x06	0.1422	-0.0303	-0.9872	-0.0661	172.98	343.88	355.49
2026-05-15T15:41:05.8366986+08:00	0x07	-0.8623	-0.2961	0.4074	-0.0524	150.27	225.39	19.37
2026-05-15T15:41:05.8366986+08:00	0x06	0.1421	-0.0300	-0.9871	-0.0674	172.83	343.90	355.51
2026-05-15T15:41:05.8366986+08:00	0x07	-0.8624	-0.2959	0.4073	-0.0524	150.28	225.38	19.36
2026-05-15T15:41:05.8366986+08:00	0x06	0.1420	-0.0301	-0.9870	-0.0687	172.68	343.92	355.48
2026-05-15T15:41:05.8366986+08:00	0x07	-0.8626	-0.2957	0.4072	-0.0523	150.30	225.37	19.34
2026-05-15T15:41:05.8366986+08:00	0x06	0.1424	-0.0304	-0.9869	-0.0696	172.59	343.88	355.43
2026-05-15T15:41:05.8366986+08:00	0x07	-0.8627	-0.2955	0.4071	-0.0525	150.32	225.36	19.34
2026-05-15T15:41:05.8366986+08:00	0x06	0.1424	-0.0303	-0.9869	-0.0696	172.57	343.88	355.44
2026-05-15T15:41:05.8366986+08:00	0x07	-0.8627	-0.2954	0.4071	-0.0524	150.34	225.36	19.33
2026-05-15T15:41:05.8366986+08:00	0x06	0.1425	-0.0301	-0.9869	-0.0690	172.65	343.86	355.47
2026-05-15T15:41:05.8366986+08:00	0x07	-0.8628	-0.2953	0.4069	-0.0523	150.34	225.34	19.30
2026-05-15T15:41:05.8366986+08:00	0x06	0.1426	-0.0300	-0.9869	-0.0693	172.61	343.85	355.47
2026-05-15T15:41:05.8366986+08:00	0x07	-0.8629	-0.2953	0.4068	-0.0525	150.35	225.33	19.32
2026-05-15T15:41:05.8366986+08:00	0x06	0.1427	-0.0300	-0.9868	-0.0697	172.56	343.84	355.46
2026-05-15T15:41:05.8366986+08:00	0x07	-0.8629	-0.2952	0.4069	-0.0526	150.36	225.33	19.34
2026-05-15T15:41:05.8366986+08:00	0x06	0.1427	-0.0302	-0.9868	-0.0703	172.50	343.84	355.44
2026-05-15T15:41:05.8366986+08:00	0x07	-0.8629	-0.2951	0.4069	-0.0526	150.38	225.34	19.33
2026-05-15T15:41:05.8366986+08:00	0x06	0.1427	-0.0299	-0.9869	-0.0693	172.61	343.84	355.48
2026-05-15T15:41:05.8366986+08:00	0x07	-0.8629	-0.2952	0.4069	-0.0527	150.36	225.33	19.34
2026-05-15T15:41:05.8366986+08:00	0x06	0.1430	-0.0301	-0.9869	-0.0689	172.66	343.80	355.46
2026-05-15T15:41:05.8366986+08:00	0x07	-0.8629	-0.2953	0.4068	-0.0526	150.35	225.32	19.34
2026-05-15T15:41:05.8366986+08:00	0x06	0.1428	-0.0300	-0.9869	-0.0685	172.70	343.82	355.48
2026-05-15T15:41:05.8366986+08:00	0x07	-0.8629	-0.2951	0.4069	-0.0524	150.37	225.34	19.31
2026-05-15T15:41:05.8366986+08:00	0x06	0.1426	-0.0298	-0.9870	-0.0683	172.72	343.84	355.50
2026-05-15T15:41:05.8366986+08:00	0x07	-0.8629	-0.2951	0.4069	-0.0524	150.37	225.33	19.30
2026-05-15T15:41:05.8366986+08:00	0x06	0.1428	-0.0299	-0.9869	-0.0681	172.74	343.82	355.50
2026-05-15T15:41:05.8366986+08:00	0x07	-0.8632	-0.2948	0.4065	-0.0519	150.37	225.30	19.23
2026-05-15T15:41:05.8366986+08:00	0x06	0.1432	-0.0298	-0.9869	-0.0684	172.71	343.77	355.51
2026-05-15T15:41:05.8366986+08:00	0x07	-0.8629	-0.2953	0.4067	-0.0526	150.34	225.30	19.32
2026-05-15T15:41:05.8366986+08:00	0x06	0.1430	-0.0299	-0.9868	-0.0695	172.59	343.81	355.47
2026-05-15T15:41:05.8366986+08:00	0x07	-0.8628	-0.2956	0.4066	-0.0528	150.32	225.29	19.36
2026-05-15T15:41:05.8366986+08:00	0x06	0.1433	-0.0302	-0.9868	-0.0687	172.69	343.76	355.45
2026-05-15T15:41:05.8366986+08:00	0x07	-0.8627	-0.2961	0.4066	-0.0533	150.28	225.27	19.44
2026-05-15T15:41:05.8366986+08:00	0x06	0.1431	-0.0299	-0.9869	-0.0675	172.82	343.78	355.50
2026-05-15T15:41:05.8366986+08:00	0x07	-0.8626	-0.2961	0.4066	-0.0534	150.28	225.26	19.45
2026-05-15T15:41:05.8366986+08:00	0x06	0.1429	-0.0297	-0.9870	-0.0679	172.76	343.81	355.52
2026-05-15T15:41:05.8366986+08:00	0x07	-0.8626	-0.2963	0.4066	-0.0535	150.27	225.26	19.46
2026-05-15T15:41:05.8366986+08:00	0x06	0.1429	-0.0298	-0.9869	-0.0688	172.67	343.81	355.49
2026-05-15T15:41:05.8366986+08:00	0x07	-0.8626	-0.2963	0.4065	-0.0534	150.26	225.25	19.46
2026-05-15T15:41:05.8366986+08:00	0x06	0.1429	-0.0298	-0.9869	-0.0691	172.64	343.81	355.49
2026-05-15T15:41:05.8366986+08:00	0x07	-0.8626	-0.2964	0.4065	-0.0537	150.25	225.24	19.49
2026-05-15T15:41:05.8366986+08:00	0x06	0.1431	-0.0302	-0.9867	-0.0703	172.50	343.79	355.42
2026-05-15T15:41:05.8366986+08:00	0x07	-0.8625	-0.2966	0.4065	-0.0541	150.25	225.23	19.54
2026-05-15T15:41:05.8366986+08:00	0x06	0.1433	-0.0303	-0.9867	-0.0701	172.53	343.78	355.42
2026-05-15T15:41:05.8376963+08:00	0x07	-0.8625	-0.2966	0.4064	-0.0538	150.24	225.23	19.50
2026-05-15T15:41:05.8376963+08:00	0x06	0.1431	-0.0299	-0.9868	-0.0692	172.62	343.79	355.48
2026-05-15T15:41:05.8376963+08:00	0x07	-0.8625	-0.2967	0.4064	-0.0541	150.24	225.22	19.54
2026-05-15T15:41:05.8376963+08:00	0x06	0.1408	-0.0371	-0.9868	-0.0711	172.51	344.11	354.66
2026-05-15T15:41:05.8376963+08:00	0x07	-0.8663	-0.2876	0.4058	-0.0465	150.98	225.43	18.31
2026-05-15T15:41:05.8376963+08:00	0x06	0.1447	-0.0333	-0.9864	-0.0704	172.54	343.63	355.07
2026-05-15T15:41:05.8376963+08:00	0x07	-0.8636	-0.2949	0.4056	-0.0516	150.33	225.19	19.17
2026-05-15T15:41:05.8376963+08:00	0x06	0.1430	-0.0306	-0.9869	-0.0677	172.80	343.79	355.42
2026-05-15T15:41:05.8376963+08:00	0x07	-0.8631	-0.2958	0.4059	-0.0532	150.30	225.19	19.39
2026-05-15T15:41:05.8376963+08:00	0x06	0.1435	-0.0295	-0.9871	-0.0645	173.15	343.72	355.60
2026-05-15T15:41:05.8376963+08:00	0x07	-0.8632	-0.2955	0.4060	-0.0532	150.34	225.20	19.37
2026-05-15T15:41:05.8376963+08:00	0x06	0.1432	-0.0280	-0.9874	-0.0613	173.50	343.73	355.83
2026-05-15T15:41:05.8376963+08:00	0x07	-0.8633	-0.2937	0.4071	-0.0529	150.55	225.37	19.30
2026-05-15T15:41:05.8376963+08:00	0x06	0.1426	-0.0267	-0.9875	-0.0616	173.44	343.80	355.96
2026-05-15T15:41:05.8376963+08:00	0x07	-0.8632	-0.2931	0.4076	-0.0527	150.63	225.46	19.26
2026-05-15T15:41:05.8376963+08:00	0x06	0.1422	-0.0266	-0.9876	-0.0617	173.42	343.84	355.99
2026-05-15T15:41:05.8376963+08:00	0x07	-0.8629	-0.2937	0.4077	-0.0533	150.58	225.45	19.36
2026-05-15T15:41:05.8376963+08:00	0x06	0.1419	-0.0265	-0.9876	-0.0620	173.39	343.88	355.99
2026-05-15T15:41:05.8376963+08:00	0x07	-0.8627	-0.2942	0.4078	-0.0537	150.54	225.44	19.42
2026-05-15T15:41:05.8376963+08:00	0x06	0.1421	-0.0266	-0.9875	-0.0621	173.37	343.86	355.97
2026-05-15T15:41:05.8376963+08:00	0x07	-0.8629	-0.2943	0.4072	-0.0541	150.54	225.37	19.45
2026-05-15T15:41:05.8376963+08:00	0x06	0.1419	-0.0268	-0.9875	-0.0634	173.23	343.89	355.94
2026-05-15T15:41:05.8376963+08:00	0x07	-0.8628	-0.2943	0.4074	-0.0543	150.55	225.38	19.48
2026-05-15T15:41:05.8376963+08:00	0x06	0.1413	-0.0263	-0.9876	-0.0634	173.22	343.96	355.99
2026-05-15T15:41:05.8376963+08:00	0x07	-0.8626	-0.2942	0.4079	-0.0548	150.59	225.43	19.54
2026-05-15T15:41:05.8376963+08:00	0x06	0.1408	-0.0258	-0.9876	-0.0638	173.16	344.00	356.04
2026-05-15T15:41:05.8376963+08:00	0x07	-0.8624	-0.2942	0.4082	-0.0553	150.61	225.47	19.61
2026-05-15T15:41:05.8376963+08:00	0x06	0.1407	-0.0255	-0.9877	-0.0631	173.24	344.02	356.09
2026-05-15T15:41:05.8376963+08:00	0x07	-0.8624	-0.2942	0.4082	-0.0556	150.62	225.46	19.64
2026-05-15T15:41:05.8376963+08:00	0x06	0.1404	-0.0253	-0.9878	-0.0622	173.34	344.04	356.14
2026-05-15T15:41:05.8376963+08:00	0x07	-0.8624	-0.2939	0.4084	-0.0557	150.66	225.49	19.64
2026-05-15T15:41:05.8376963+08:00	0x06	0.1409	-0.0252	-0.9877	-0.0626	173.29	343.99	356.14
2026-05-15T15:41:05.8376963+08:00	0x07	-0.8626	-0.2941	0.4079	-0.0551	150.62	225.44	19.58
2026-05-15T15:41:05.8376963+08:00	0x06	0.1411	-0.0253	-0.9876	-0.0636	173.18	343.96	356.11
2026-05-15T15:41:05.8376963+08:00	0x07	-0.8624	-0.2949	0.4077	-0.0554	150.52	225.40	19.64
2026-05-15T15:41:05.8376963+08:00	0x06	0.1435	-0.0280	-0.9871	-0.0645	173.12	343.71	355.76
2026-05-15T15:41:05.8376963+08:00	0x07	-0.8657	-0.2803	0.4131	-0.0374	151.59	226.62	17.24
2026-05-15T15:41:05.8376963+08:00	0x06	0.1333	-0.0252	-0.9885	-0.0671	172.75	344.88	356.12
2026-05-15T15:41:05.8376963+08:00	0x07	-0.8627	-0.2852	0.4162	-0.0343	150.96	227.02	17.25
2026-05-15T15:41:05.8376963+08:00	0x06	0.1342	-0.0267	-0.9880	-0.0715	172.27	344.81	355.88
2026-05-15T15:41:05.8376963+08:00	0x07	-0.8616	-0.2895	0.4152	-0.0369	150.56	226.77	17.70
2026-05-15T15:41:05.8376963+08:00	0x06	0.1347	-0.0273	-0.9878	-0.0728	172.14	344.76	355.78
2026-05-15T15:41:05.8376963+08:00	0x07	-0.8609	-0.2914	0.4155	-0.0367	150.34	226.78	17.78
2026-05-15T15:41:05.8376963+08:00	0x06	0.1351	-0.0274	-0.9877	-0.0739	172.01	344.72	355.75
2026-05-15T15:41:05.8383890+08:00	0x07	-0.8605	-0.2929	0.4151	-0.0370	150.17	226.71	17.87
2026-05-15T15:41:05.8383890+08:00	0x06	0.1355	-0.0279	-0.9875	-0.0759	171.79	344.69	355.66
2026-05-15T15:41:05.8383890+08:00	0x07	-0.8576	-0.3035	0.4131	-0.0428	149.14	226.17	18.91
2026-05-15T15:41:05.8383890+08:00	0x06	0.1353	-0.0277	-0.9875	-0.0762	171.76	344.71	355.68
2026-05-15T15:41:05.8383890+08:00	0x07	-0.8587	-0.2995	0.4137	-0.0407	149.53	226.36	18.53
2026-05-15T15:41:05.8383890+08:00	0x06	0.1418	-0.0295	-0.9864	-0.0782	171.58	343.98	355.40
2026-05-15T15:41:05.8383890+08:00	0x07	-0.8592	-0.3009	0.4119	-0.0396	149.29	226.14	18.42
2026-05-15T15:41:05.8383890+08:00	0x06	0.1371	-0.0283	-0.9873	-0.0748	171.94	344.50	355.62
2026-05-15T15:41:05.8383890+08:00	0x07	-0.8604	-0.2970	0.4123	-0.0388	149.72	226.26	18.16
2026-05-15T15:41:05.8383890+08:00	0x06	0.1395	-0.0289	-0.9869	-0.0759	171.83	344.23	355.51
2026-05-15T15:41:05.8383890+08:00	0x07	-0.8609	-0.2956	0.4123	-0.0388	149.88	226.27	18.10
2026-05-15T15:41:05.8383890+08:00	0x06	0.1408	-0.0285	-0.9866	-0.0776	171.63	344.08	355.52
2026-05-15T15:41:05.8383890+08:00	0x07	-0.8605	-0.2971	0.4121	-0.0384	149.69	226.24	18.11
2026-05-15T15:41:05.8383890+08:00	0x06	0.1404	-0.0281	-0.9867	-0.0770	171.69	344.12	355.58
2026-05-15T15:41:05.8383890+08:00	0x07	-0.8597	-0.2986	0.4127	-0.0374	149.49	226.31	18.11
2026-05-15T15:41:05.8383890+08:00	0x06	0.1402	-0.0280	-0.9867	-0.0773	171.65	344.15	355.58
2026-05-15T15:41:05.8383890+08:00	0x07	-0.8593	-0.2996	0.4129	-0.0377	149.39	226.31	18.19
2026-05-15T15:41:05.8383890+08:00	0x06	0.1401	-0.0277	-0.9868	-0.0759	171.81	344.15	355.64
2026-05-15T15:41:05.8383890+08:00	0x07	-0.8593	-0.2996	0.4128	-0.0378	149.40	226.30	18.20
2026-05-15T15:41:05.8386935+08:00	0x06	0.1416	-0.0290	-0.9864	-0.0776	171.64	343.99	355.45
2026-05-15T15:41:05.8386935+08:00	0x07	-0.8595	-0.2996	0.4122	-0.0401	149.47	226.17	18.41
2026-05-15T15:41:05.8386935+08:00	0x06	0.1383	-0.0281	-0.9871	-0.0761	171.78	344.37	355.61
2026-05-15T15:41:05.8386935+08:00	0x07	-0.8594	-0.2985	0.4133	-0.0382	149.55	226.37	18.20
2026-05-15T15:41:05.8386935+08:00	0x06	0.1373	-0.0284	-0.9872	-0.0764	171.75	344.48	355.58
2026-05-15T15:41:05.8386935+08:00	0x07	-0.8583	-0.3017	0.4131	-0.0401	149.25	226.26	18.54
2026-05-15T15:41:05.8386935+08:00	0x06	0.1366	-0.0291	-0.9873	-0.0755	171.86	344.57	355.52
2026-05-15T15:41:05.8386935+08:00	0x07	-0.8587	-0.3004	0.4134	-0.0382	149.32	226.35	18.30
2026-05-15T15:41:05.8386935+08:00	0x06	0.1368	-0.0289	-0.9873	-0.0760	171.80	344.55	355.53
2026-05-15T15:41:05.8386935+08:00	0x07	-0.8588	-0.3003	0.4133	-0.0387	149.36	226.33	18.35
2026-05-15T15:41:05.8386935+08:00	0x06	0.1367	-0.0291	-0.9873	-0.0748	171.94	344.55	355.53
2026-05-15T15:41:05.8386935+08:00	0x07	-0.8596	-0.2987	0.4129	-0.0374	149.48	226.33	18.12
2026-05-15T15:41:05.8386935+08:00	0x06	0.1382	-0.0294	-0.9870	-0.0763	171.78	344.38	355.47
2026-05-15T15:41:05.8386935+08:00	0x07	-0.8609	-0.2930	0.4143	-0.0372	150.16	226.60	17.87
2026-05-15T15:41:05.8386935+08:00	0x06	0.1389	-0.0295	-0.9870	-0.0757	171.85	344.30	355.45
2026-05-15T15:41:05.8386935+08:00	0x07	-0.8618	-0.2890	0.4155	-0.0349	150.54	226.85	17.48
2026-05-15T15:41:05.8386935+08:00	0x06	0.1379	-0.0283	-0.9870	-0.0778	171.59	344.42	355.56
2026-05-15T15:41:05.8386935+08:00	0x07	-0.8613	-0.2899	0.4157	-0.0356	150.47	226.86	17.60
2026-05-15T15:41:05.8386935+08:00	0x06	0.1378	-0.0282	-0.9869	-0.0786	171.49	344.43	355.57
2026-05-15T15:41:05.8386935+08:00	0x07	-0.8605	-0.2924	0.4156	-0.0370	150.24	226.78	17.86
2026-05-15T15:41:05.8386935+08:00	0x06	0.1383	-0.0280	-0.9870	-0.0771	171.67	344.36	355.60
2026-05-15T15:41:05.8386935+08:00	0x07	-0.8599	-0.2939	0.4156	-0.0378	150.10	226.74	18.01
2026-05-15T15:41:05.8386935+08:00	0x06	0.1381	-0.0277	-0.9871	-0.0760	171.79	344.39	355.66
2026-05-15T15:41:05.8386935+08:00	0x07	-0.8595	-0.2952	0.4155	-0.0385	149.98	226.70	18.15
2026-05-15T15:41:05.8386935+08:00	0x06	0.1379	-0.0277	-0.9871	-0.0764	171.74	344.40	355.65
2026-05-15T15:41:05.8386935+08:00	0x07	-0.8591	-0.2962	0.4155	-0.0395	149.90	226.66	18.30
2026-05-15T15:41:05.8386935+08:00	0x06	0.1380	-0.0277	-0.9871	-0.0765	171.73	344.39	355.65
2026-05-15T15:41:05.8386935+08:00	0x07	-0.8593	-0.2966	0.4148	-0.0392	149.83	226.57	18.27
2026-05-15T15:41:05.8386935+08:00	0x06	0.1374	-0.0263	-0.9874	-0.0744	171.95	344.45	355.85
2026-05-15T15:41:05.8386935+08:00	0x07	-0.8578	-0.2973	0.4172	-0.0416	149.89	226.82	18.63
2026-05-15T15:41:05.8386935+08:00	0x06	0.1331	-0.0244	-0.9880	-0.0744	171.90	344.93	356.10
2026-05-15T15:41:05.8386935+08:00	0x07	-0.8578	-0.2966	0.4173	-0.0452	150.12	226.78	18.97
2026-05-15T15:41:05.8386935+08:00	0x06	0.1340	-0.0260	-0.9875	-0.0788	171.43	344.86	355.85
2026-05-15T15:41:05.8386935+08:00	0x07	-0.8591	-0.2938	0.4172	-0.0403	150.24	226.90	18.32
2026-05-15T15:41:05.8386935+08:00	0x06	0.1334	-0.0267	-0.9875	-0.0797	171.33	344.94	355.76
2026-05-15T15:41:05.8386935+08:00	0x07	-0.8585	-0.2952	0.4175	-0.0393	150.05	226.94	18.30
2026-05-15T15:41:05.8386935+08:00	0x06	0.1339	-0.0273	-0.9874	-0.0802	171.28	344.88	355.68
2026-05-15T15:41:05.8386935+08:00	0x07	-0.8587	-0.2952	0.4171	-0.0391	150.03	226.89	18.27
2026-05-15T15:41:05.8386935+08:00	0x06	0.1340	-0.0278	-0.9872	-0.0822	171.07	344.88	355.59
2026-05-15T15:41:05.8386935+08:00	0x07	-0.8581	-0.2968	0.4171	-0.0394	149.86	226.86	18.37
2026-05-15T15:41:05.8386935+08:00	0x06	0.1339	-0.0288	-0.9871	-0.0835	170.93	344.91	355.46
2026-05-15T15:41:05.8386935+08:00	0x07	-0.8580	-0.2971	0.4171	-0.0397	149.83	226.84	18.42
2026-05-15T15:41:05.8386935+08:00	0x06	0.1343	-0.0282	-0.9870	-0.0832	170.96	344.85	355.53
2026-05-15T15:41:05.8386935+08:00	0x07	-0.8582	-0.2968	0.4170	-0.0392	149.85	226.85	18.36
2026-05-15T15:41:05.8386935+08:00	0x06	0.1336	-0.0282	-0.9871	-0.0839	170.88	344.94	355.52
2026-05-15T15:41:05.8386935+08:00	0x07	-0.8578	-0.2975	0.4173	-0.0397	149.79	226.86	18.44
2026-05-15T15:41:05.8386935+08:00	0x06	0.1334	-0.0283	-0.9871	-0.0844	170.82	344.97	355.50
2026-05-15T15:41:05.8386935+08:00	0x07	-0.8580	-0.2973	0.4171	-0.0393	149.81	226.86	18.39
2026-05-15T15:41:05.8386935+08:00	0x06	0.1335	-0.0284	-0.9871	-0.0840	170.86	344.96	355.49
2026-05-15T15:41:05.8386935+08:00	0x07	-0.8574	-0.2983	0.4175	-0.0391	149.68	226.89	18.43
2026-05-15T15:41:05.8386935+08:00	0x06	0.1336	-0.0287	-0.9871	-0.0838	170.89	344.95	355.47
2026-05-15T15:41:05.8386935+08:00	0x07	-0.8573	-0.2986	0.4175	-0.0391	149.65	226.89	18.44
2026-05-15T15:41:05.8386935+08:00	0x06	0.1336	-0.0288	-0.9871	-0.0838	170.89	344.94	355.45
2026-05-15T15:41:05.8386935+08:00	0x07	-0.8572	-0.2989	0.4174	-0.0396	149.63	226.87	18.51
2026-05-15T15:41:05.8386935+08:00	0x06	0.1334	-0.0284	-0.9871	-0.0844	170.82	344.97	355.50
2026-05-15T15:41:05.8386935+08:00	0x07	-0.8570	-0.3001	0.4171	-0.0398	149.50	226.80	18.57
2026-05-15T15:41:05.8386935+08:00	0x06	0.1331	-0.0282	-0.9872	-0.0836	170.91	345.00	355.53
2026-05-15T15:41:05.8386935+08:00	0x07	-0.8575	-0.2985	0.4172	-0.0392	149.66	226.85	18.44
2026-05-15T15:41:05.8386935+08:00	0x06	0.1334	-0.0284	-0.9871	-0.0842	170.84	344.96	355.49
2026-05-15T15:41:05.8396908+08:00	0x07	-0.8574	-0.2989	0.4171	-0.0391	149.60	226.83	18.45
2026-05-15T15:41:05.8396908+08:00	0x07	-0.8574	-0.2987	0.4173	-0.0386	149.61	226.87	18.39
2026-05-15T15:41:05.8396908+08:00	0x07	-0.8575	-0.2986	0.4172	-0.0389	149.63	226.86	18.41
2026-05-15T15:41:05.8396908+08:00	0x06	0.1348	-0.0278	-0.9870	-0.0831	170.96	344.80	355.57
2026-05-15T15:41:05.8396908+08:00	0x07	-0.8577	-0.2984	0.4170	-0.0386	149.65	226.84	18.36
2026-05-15T15:41:05.8396908+08:00	0x06	0.1347	-0.0278	-0.9870	-0.0829	170.99	344.81	355.58
2026-05-15T15:41:05.8396908+08:00	0x07	-0.8576	-0.2982	0.4172	-0.0381	149.65	226.88	18.31
2026-05-15T15:41:05.8396908+08:00	0x06	0.1347	-0.0281	-0.9870	-0.0831	170.97	344.81	355.53
2026-05-15T15:41:05.8396908+08:00	0x07	-0.8577	-0.2982	0.4172	-0.0382	149.65	226.87	18.32
2026-05-15T15:41:05.8396908+08:00	0x06	0.1345	-0.0280	-0.9870	-0.0829	170.99	344.84	355.55
2026-05-15T15:41:05.8396908+08:00	0x07	-0.8571	-0.2997	0.4172	-0.0394	149.53	226.82	18.52
2026-05-15T15:41:05.8396908+08:00	0x07	-0.8574	-0.2989	0.4172	-0.0390	149.60	226.85	18.44
2026-05-15T15:41:05.8396908+08:00	0x06	0.1346	-0.0278	-0.9872	-0.0811	171.20	344.81	355.60
2026-05-15T15:41:05.8396908+08:00	0x07	-0.8573	-0.2992	0.4171	-0.0390	149.57	226.83	18.45
2026-05-15T15:41:05.8396908+08:00	0x06	0.1342	-0.0282	-0.9872	-0.0816	171.14	344.86	355.55
2026-05-15T15:41:05.8396908+08:00	0x07	-0.8568	-0.2994	0.4180	-0.0392	149.57	226.94	18.51
2026-05-15T15:41:05.8396908+08:00	0x06	0.1325	-0.0277	-0.9873	-0.0828	170.99	345.06	355.60
2026-05-15T15:41:05.8396908+08:00	0x07	-0.8570	-0.2993	0.4177	-0.0391	149.57	226.90	18.49
2026-05-15T15:41:05.8396908+08:00	0x06	0.1343	-0.0282	-0.9870	-0.0836	170.91	344.86	355.52
2026-05-15T15:41:05.8396908+08:00	0x07	-0.8575	-0.2985	0.4172	-0.0385	149.63	226.86	18.37
2026-05-15T15:41:05.8396908+08:00	0x06	0.1355	-0.0283	-0.9869	-0.0835	170.93	344.72	355.50
2026-05-15T15:41:05.8396908+08:00	0x07	-0.8578	-0.2984	0.4168	-0.0381	149.62	226.82	18.30
2026-05-15T15:41:05.8396908+08:00	0x06	0.1358	-0.0279	-0.9869	-0.0822	171.07	344.68	355.56
2026-05-15T15:41:05.8396908+08:00	0x07	-0.8576	-0.2986	0.4169	-0.0391	149.64	226.81	18.42
2026-05-15T15:41:05.8396908+08:00	0x06	0.1368	-0.0278	-0.9868	-0.0825	171.04	344.57	355.56
2026-05-15T15:41:05.8396908+08:00	0x07	-0.8578	-0.2983	0.4169	-0.0384	149.64	226.82	18.34
2026-05-15T15:41:05.8396908+08:00	0x06	0.1367	-0.0276	-0.9869	-0.0815	171.15	344.57	355.60
2026-05-15T15:41:05.8396908+08:00	0x07	-0.8578	-0.2981	0.4169	-0.0386	149.68	226.83	18.34
2026-05-15T15:41:05.8396908+08:00	0x06	0.1365	-0.0276	-0.9870	-0.0803	171.29	344.58	355.62
2026-05-15T15:41:05.8396908+08:00	0x07	-0.8578	-0.2981	0.4169	-0.0389	149.68	226.82	18.37
2026-05-15T15:41:05.8396908+08:00	0x06	0.1363	-0.0283	-0.9870	-0.0800	171.34	344.61	355.55
2026-05-15T15:41:05.8396908+08:00	0x07	-0.8577	-0.2973	0.4176	-0.0402	149.84	226.89	18.50
2026-05-15T15:41:05.8396908+08:00	0x06	0.1343	-0.0262	-0.9876	-0.0770	171.64	344.82	355.85
2026-05-15T15:41:05.8396908+08:00	0x07	-0.8568	-0.2990	0.4179	-0.0435	149.78	226.85	18.94
2026-05-15T15:41:05.8396908+08:00	0x06	0.1338	-0.0262	-0.9876	-0.0777	171.55	344.87	355.84
2026-05-15T15:41:05.8396908+08:00	0x07	-0.8569	-0.2986	0.4180	-0.0436	149.84	226.86	18.93
2026-05-15T15:41:05.9485875+08:00	0x06	0.1333	-0.0259	-0.9877	-0.0777	171.55	344.93	355.87
2026-05-15T15:41:06.2127143+08:00	0x07	-0.8571	-0.2980	0.4180	-0.0433	149.90	226.88	18.87
2026-05-15T15:41:06.4113263+08:00	0x06	0.1335	-0.0262	-0.9876	-0.0785	171.46	344.92	355.84
2026-05-15T15:41:06.7441948+08:00	0x07	-0.8573	-0.2973	0.4181	-0.0427	149.96	226.91	18.77
2026-05-15T15:41:06.9877738+08:00	0x06	0.1334	-0.0268	-0.9874	-0.0809	171.19	344.94	355.73
2026-05-15T15:41:07.2805340+08:00	0x07	-0.8573	-0.2974	0.4180	-0.0430	149.95	226.90	18.80
2026-05-15T15:41:07.5109069+08:00	0x06	0.1337	-0.0271	-0.9872	-0.0825	171.02	344.91	355.66
2026-05-15T15:41:07.8120423+08:00	0x07	-0.8574	-0.2973	0.4179	-0.0431	149.97	226.89	18.81
2026-05-15T15:41:07.9783611+08:00	0x06	0.1327	-0.0268	-0.9873	-0.0826	171.00	345.03	355.71
2026-05-15T15:41:08.2977394+08:00	0x07	-0.8570	-0.2977	0.4184	-0.0439	149.96	226.93	18.92
2026-05-15T15:41:08.5957827+08:00	0x06	0.1338	-0.0277	-0.9872	-0.0819	171.10	344.91	355.61
2026-05-15T15:41:08.8951172+08:00	0x07	-0.8568	-0.2984	0.4182	-0.0448	149.91	226.87	19.05
