timestamp	device	q0	q1	q2	q3	yaw	pitch	roll
2026-05-25T16:01:57.0901067+08:00	0x03	-0.2936	0.3870	0.4531	0.7475	47.18	30.62	307.85
2026-05-25T16:01:57.1431882+08:00	0x04	-0.1419	0.3893	0.3382	0.8449	32.24	40.56	329.80
2026-05-25T16:01:57.3814045+08:00	0x01	-0.2536	-0.4026	0.5222	-0.7078	301.35	29.13	51.20
2026-05-25T16:01:57.6196546+08:00	0x04	-0.1404	0.3891	0.3373	0.8457	32.18	40.57	330.01
2026-05-25T16:01:57.7581595+08:00	0x02	0.4624	0.3235	-0.7890	0.2430	187.14	302.39	47.32
2026-05-25T16:01:57.9473774+08:00	0x01	-0.2546	-0.4035	0.5234	-0.7060	301.14	29.10	51.43
2026-05-25T16:01:58.1936997+08:00	0x04	-0.1387	0.3894	0.3377	0.8456	32.27	40.64	330.16
2026-05-25T16:01:58.3437825+08:00	0x02	0.4674	0.3213	-0.7889	0.2366	186.11	301.35	46.73
2026-05-25T16:01:58.5261200+08:00	0x01	-0.2579	-0.3971	0.5259	-0.7066	300.24	27.72	51.45
2026-05-25T16:01:58.7089860+08:00	0x03	-0.2970	0.3880	0.4462	0.7498	45.87	31.23	307.66
2026-05-25T16:01:58.7292314+08:00	0x04	-0.1404	0.3916	0.3305	0.8472	31.24	41.12	330.22
2026-05-25T16:01:58.8965000+08:00	0x02	0.4695	0.3180	-0.7917	0.2274	185.05	300.80	45.81
2026-05-25T16:01:59.0432479+08:00	0x01	-0.2608	-0.4021	0.5285	-0.7008	299.91	28.04	52.23
2026-05-25T16:01:59.2848741+08:00	0x04	-0.1417	0.3897	0.3408	0.8437	32.56	40.54	329.68
2026-05-25T16:01:59.2970865+08:00	0x03	-0.2961	0.3878	0.4536	0.7458	47.24	30.60	307.49
2026-05-25T16:01:59.4266521+08:00	0x02	0.4739	0.3154	-0.7908	0.2247	184.61	300.06	45.39
2026-05-25T16:01:59.5204019+08:00	0x01	-0.2616	-0.4021	0.5269	-0.7016	300.21	28.13	52.27
2026-05-25T16:01:59.7767302+08:00	0x03	-0.2973	0.3905	0.4507	0.7456	46.55	31.23	307.31
2026-05-25T16:01:59.9949053+08:00	0x02	0.4713	0.3210	-0.7904	0.2240	184.25	300.19	45.94
2026-05-25T16:02:00.1481474+08:00	0x01	-0.2589	-0.4035	0.5237	-0.7042	300.99	28.82	51.93
2026-05-25T16:02:00.2772983+08:00	0x04	-0.1415	0.3982	0.3350	0.8421	31.55	41.86	329.66
2026-05-25T16:02:00.3598877+08:00	0x03	-0.2966	0.3957	0.4488	0.7444	45.82	32.28	307.19
2026-05-25T16:02:00.5125711+08:00	0x02	0.4669	0.3233	-0.7913	0.2263	184.66	300.91	46.31
2026-05-25T16:02:00.7109016+08:00	0x01	-0.2546	-0.4039	0.5232	-0.7059	301.20	29.17	51.45
2026-05-25T16:02:00.7941527+08:00	0x04	-0.1408	0.3997	0.3354	0.8413	31.57	42.06	329.66
2026-05-25T16:02:00.8477374+08:00	0x03	-0.2957	0.3969	0.4490	0.7439	45.77	32.50	307.21
2026-05-25T16:02:00.9789325+08:00	0x02	0.4437	0.3127	-0.8197	0.1829	181.73	303.82	42.45
2026-05-25T16:02:01.2773553+08:00	0x01	-0.1409	-0.3639	0.5833	-0.7123	291.01	26.99	38.71
2026-05-25T16:02:01.3601261+08:00	0x04	-0.1319	0.4106	0.3367	0.8370	31.66	43.63	330.18
2026-05-25T16:02:01.4479232+08:00	0x03	-0.2869	0.4069	0.4510	0.7408	45.40	34.30	307.63
2026-05-25T16:02:01.5132871+08:00	0x02	0.4444	0.3130	-0.8189	0.1842	181.82	303.73	42.56
2026-05-25T16:02:01.7970576+08:00	0x01	-0.1068	-0.3121	0.6137	-0.7174	285.39	22.04	32.43
2026-05-25T16:02:01.8809317+08:00	0x04	-0.1286	0.4125	0.3465	0.8326	32.94	43.65	330.00
2026-05-25T16:02:01.9773471+08:00	0x03	-0.2816	0.4089	0.4564	0.7384	46.24	34.37	307.90
2026-05-25T16:02:02.0858198+08:00	0x02	0.2360	0.2900	-0.9061	-0.1981	146.64	323.02	25.60
2026-05-25T16:02:02.3654255+08:00	0x01	-0.0255	-0.2533	0.6653	-0.7018	277.02	20.28	21.89
2026-05-25T16:02:02.4731407+08:00	0x04	-0.1344	0.4140	0.3554	0.8272	33.83	43.50	328.89
2026-05-25T16:02:02.5162976+08:00	0x03	-0.2861	0.4092	0.4620	0.7330	47.26	33.79	307.11
2026-05-25T16:02:02.6633610+08:00	0x02	0.1616	0.1225	-0.9470	-0.2491	148.84	338.20	8.72
2026-05-25T16:02:02.8983737+08:00	0x01	-0.0061	-0.2445	0.6830	-0.6882	274.08	20.45	20.03
2026-05-25T16:02:03.0271765+08:00	0x04	-0.1363	0.4181	0.3539	0.8254	33.43	44.08	328.60
2026-05-25T16:02:03.0834595+08:00	0x03	-0.2873	0.4135	0.4598	0.7314	46.56	34.66	306.81
2026-05-25T16:02:03.1768229+08:00	0x02	0.1339	0.0676	-0.9758	-0.1593	160.72	343.50	5.12
2026-05-25T16:02:03.3607352+08:00	0x01	0.0020	-0.2425	0.6929	-0.6790	272.42	20.63	19.47
2026-05-25T16:02:03.5457498+08:00	0x04	-0.1347	0.4187	0.3536	0.8255	33.43	44.19	328.77
2026-05-25T16:02:03.5947777+08:00	0x03	-0.2854	0.4145	0.4595	0.7319	46.43	34.91	307.01
2026-05-25T16:02:03.7441926+08:00	0x02	0.1081	0.0631	-0.9893	-0.0747	170.66	347.02	6.24
2026-05-25T16:02:03.9276981+08:00	0x01	-0.0024	-0.2433	0.6939	-0.6777	272.26	20.33	19.93
2026-05-25T16:02:04.1282897+08:00	0x04	-0.1368	0.4211	0.3556	0.8231	33.52	44.44	328.36
2026-05-25T16:02:04.1937449+08:00	0x03	-0.2874	0.4170	0.4596	0.7296	46.26	35.25	306.62
2026-05-25T16:02:04.4487138+08:00	0x01	-0.0010	-0.2438	0.6965	-0.6749	271.81	20.40	19.93
2026-05-25T16:02:04.6493993+08:00	0x04	-0.1374	0.4230	0.3565	0.8216	33.56	44.65	328.17
2026-05-25T16:02:04.7274407+08:00	0x03	-0.2875	0.4185	0.4603	0.7282	46.28	35.46	306.48
2026-05-25T16:02:05.0360624+08:00	0x01	-0.0006	-0.2441	0.6997	-0.6714	271.27	20.37	20.03
2026-05-25T16:02:05.2282636+08:00	0x03	-0.2865	0.4208	0.4603	0.7273	46.11	35.88	306.48
2026-05-25T16:02:05.4148698+08:00	0x02	0.0988	0.0709	-0.9925	0.0093	180.26	348.65	8.20
2026-05-25T16:02:05.5620213+08:00	0x01	0.0003	-0.2476	0.7026	-0.6671	270.77	20.66	20.33
2026-05-25T16:02:05.6784032+08:00	0x04	-0.1353	0.4302	0.3621	0.8158	34.08	45.51	327.84
2026-05-25T16:02:05.7524979+08:00	0x03	-0.2849	0.4246	0.4651	0.7227	46.74	36.16	306.23
2026-05-25T16:02:05.9323818+08:00	0x02	0.0991	0.0707	-0.9925	0.0068	179.97	348.60	8.14
2026-05-25T16:02:06.0282556+08:00	0x01	0.1006	-0.3117	0.7028	-0.6315	269.50	34.27	18.12
2026-05-25T16:02:06.2002471+08:00	0x04	-0.1455	0.4271	0.3785	0.8082	36.00	44.38	326.04
2026-05-25T16:02:06.3011803+08:00	0x03	-0.2946	0.4191	0.4763	0.7146	49.34	33.82	304.88
2026-05-25T16:02:06.3955301+08:00	0x02	-0.2070	0.1592	-0.9652	0.0109	185.23	25.02	17.63
2026-05-25T16:02:06.5306536+08:00	0x01	0.1580	-0.3249	0.6689	-0.6496	273.25	40.61	13.26
2026-05-25T16:02:06.7787194+08:00	0x04	-0.1468	0.4306	0.3795	0.8056	35.95	44.82	325.71
2026-05-25T16:02:06.8294524+08:00	0x03	-0.2980	0.4207	0.4805	0.7095	50.08	33.55	304.20
2026-05-25T16:02:07.0280921+08:00	0x02	-0.4121	0.1345	-0.9003	0.0384	190.61	50.33	12.16
2026-05-25T16:02:07.1119917+08:00	0x01	0.1582	-0.3433	0.6581	-0.6512	274.96	42.54	14.23
2026-05-25T16:02:07.2970304+08:00	0x04	-0.1448	0.4322	0.3773	0.8062	35.66	45.15	325.98
2026-05-25T16:02:07.3658457+08:00	0x03	-0.2964	0.4221	0.4809	0.7090	50.03	33.83	304.28
2026-05-25T16:02:07.6068058+08:00	0x02	-0.4551	0.0914	-0.8829	0.0706	192.05	55.13	5.57
2026-05-25T16:02:07.6783452+08:00	0x01	0.1585	-0.3581	0.6533	-0.6480	275.72	44.07	15.22
2026-05-25T16:02:07.8618371+08:00	0x04	-0.1412	0.4323	0.3772	0.8068	35.77	45.22	326.36
2026-05-25T16:02:07.9647471+08:00	0x03	-0.2934	0.4219	0.4825	0.7093	50.35	33.75	304.58
2026-05-25T16:02:08.0545054+08:00	0x02	-0.4611	0.0637	-0.8790	0.1037	193.95	55.47	0.94
2026-05-25T16:02:08.1952984+08:00	0x01	0.1592	-0.3673	0.6491	-0.6469	276.36	45.09	15.72
2026-05-25T16:02:08.4455585+08:00	0x04	-0.1413	0.4325	0.3762	0.8072	35.62	45.28	326.40
2026-05-25T16:02:08.4955622+08:00	0x03	-0.2932	0.4220	0.4823	0.7095	50.28	33.82	304.61
2026-05-25T16:02:08.6949857+08:00	0x02	-0.4673	0.0499	-0.8737	0.1254	195.43	56.05	358.28
2026-05-25T16:02:08.9557110+08:00	0x04	-0.1437	0.4358	0.3778	0.8041	35.62	45.66	325.91
2026-05-25T16:02:09.0457151+08:00	0x03	-0.2963	0.4240	0.4840	0.7058	50.51	33.85	304.03
2026-05-25T16:02:09.1957964+08:00	0x01	0.1658	-0.3803	0.6444	-0.6424	276.85	46.96	16.09
2026-05-25T16:02:09.5288420+08:00	0x04	-0.1473	0.4345	0.3766	0.8048	35.39	45.46	325.64
2026-05-25T16:02:09.5804107+08:00	0x03	-0.2993	0.4231	0.4832	0.7056	50.47	33.62	303.77
2026-05-25T16:02:09.7786935+08:00	0x01	0.1580	-0.3904	0.6376	-0.6450	278.24	47.54	17.10
2026-05-25T16:02:09.7954804+08:00	0x02	-0.4978	0.0407	-0.8472	0.1812	200.47	59.72	353.60
2026-05-25T16:02:10.0473806+08:00	0x04	-0.1545	0.4408	0.3808	0.7980	35.45	46.10	324.39
2026-05-25T16:02:10.1788599+08:00	0x03	-0.3062	0.4265	0.4876	0.6976	51.19	33.46	302.53
2026-05-25T16:02:10.2620304+08:00	0x01	0.1540	-0.3846	0.6288	-0.6580	279.70	46.82	16.32
2026-05-25T16:02:10.6281899+08:00	0x04	-0.1526	0.4401	0.3762	0.8010	34.94	46.19	324.87
2026-05-25T16:02:10.7119669+08:00	0x03	-0.3057	0.4272	0.4842	0.6997	50.43	33.95	302.70
2026-05-25T16:02:10.7457941+08:00	0x01	0.1503	-0.3890	0.6259	-0.6590	280.30	47.07	16.79
2026-05-25T16:02:10.8128417+08:00	0x02	-0.4793	0.0453	-0.8487	0.2189	204.76	57.23	352.36
2026-05-25T16:02:11.2127406+08:00	0x03	-0.3056	0.4246	0.4833	0.7020	50.44	33.60	302.92
2026-05-25T16:02:11.3325923+08:00	0x01	0.1196	-0.2592	0.6544	-0.7002	276.70	31.83	9.89
2026-05-25T16:02:11.3465547+08:00	0x02	-0.1701	-0.0034	-0.9411	0.2921	213.49	18.66	353.93
2026-05-25T16:02:11.7338159+08:00	0x04	-0.1456	0.4382	0.3803	0.8013	35.79	45.89	325.48
2026-05-25T16:02:11.7617430+08:00	0x03	-0.3009	0.4248	0.4871	0.7012	51.14	33.47	303.30
2026-05-25T16:02:11.8572456+08:00	0x01	0.0932	-0.2402	0.6720	-0.6943	274.64	27.88	11.15
2026-05-25T16:02:11.9175416+08:00	0x02	-0.1798	-0.0019	-0.9399	0.2904	213.26	19.81	353.80
2026-05-25T16:02:12.2800762+08:00	0x03	-0.3014	0.4259	0.4875	0.7001	51.14	33.59	303.15
2026-05-25T16:02:12.2962097+08:00	0x04	-0.1456	0.4410	0.3801	0.7999	35.65	46.29	325.38
2026-05-25T16:02:12.4133503+08:00	0x01	0.0864	-0.2242	0.6853	-0.6875	272.67	25.75	10.86
2026-05-25T16:02:12.5462412+08:00	0x02	0.0766	0.0523	-0.9678	0.2340	206.68	352.82	7.88
2026-05-25T16:02:12.8285982+08:00	0x04	-0.1446	0.4416	0.3793	0.8001	35.56	46.41	325.50
2026-05-25T16:02:12.9958990+08:00	0x01	0.0750	-0.2227	0.6899	-0.6847	272.15	24.66	11.81
2026-05-25T16:02:13.1147221+08:00	0x02	0.1731	0.0395	-0.9737	0.1426	195.43	340.83	7.26
2026-05-25T16:02:13.3460500+08:00	0x03	-0.2995	0.4295	0.4865	0.6993	50.64	34.41	303.19
2026-05-25T16:02:13.5129803+08:00	0x01	0.0678	-0.2246	0.6971	-0.6775	271.12	24.14	12.79
2026-05-25T16:02:13.5795768+08:00	0x02	0.1885	0.0328	-0.9777	0.0866	189.07	338.61	5.55
2026-05-25T16:02:13.9487907+08:00	0x03	-0.2989	0.4328	0.4825	0.7004	49.56	35.42	303.24
2026-05-25T16:02:13.9657454+08:00	0x04	-0.1437	0.4464	0.3738	0.8002	34.68	47.29	325.69
2026-05-25T16:02:14.0801143+08:00	0x01	0.0573	-0.2244	0.7013	-0.6742	270.58	23.22	13.73
2026-05-25T16:02:14.1961022+08:00	0x02	0.1857	0.0266	-0.9810	0.0491	184.98	338.74	4.03
2026-05-25T16:02:14.4969802+08:00	0x04	-0.1434	0.4454	0.3750	0.8003	34.88	47.13	325.70
2026-05-25T16:02:14.6005351+08:00	0x01	0.0511	-0.2275	0.7028	-0.6721	270.41	22.96	14.54
2026-05-25T16:02:14.7644340+08:00	0x02	0.1866	0.0248	-0.9821	-0.0020	179.24	338.47	2.75
2026-05-25T16:02:15.0475200+08:00	0x04	-0.1452	0.4437	0.3778	0.7996	35.25	46.76	325.42
2026-05-25T16:02:15.1795361+08:00	0x01	0.0475	-0.2287	0.7063	-0.6683	269.87	22.71	15.04
2026-05-25T16:02:15.2968387+08:00	0x02	0.1925	0.0226	-0.9809	-0.0153	177.78	337.75	2.20
2026-05-25T16:02:15.5800605+08:00	0x04	-0.1475	0.4443	0.3780	0.7988	35.17	46.80	325.15
2026-05-25T16:02:15.6128979+08:00	0x03	-0.3007	0.4315	0.4837	0.6996	49.92	34.99	303.05
2026-05-25T16:02:15.7657261+08:00	0x01	0.0427	-0.2271	0.7090	-0.6663	269.47	22.12	15.38
2026-05-25T16:02:15.7836907+08:00	0x02	0.1941	0.0208	-0.9804	-0.0256	176.66	337.55	1.77
2026-05-25T16:02:16.1464041+08:00	0x04	-0.1487	0.4458	0.3750	0.7990	34.69	47.11	325.11
2026-05-25T16:02:16.1684332+08:00	0x03	-0.3019	0.4327	0.4826	0.6991	49.59	35.29	302.89
2026-05-25T16:02:16.2679504+08:00	0x01	0.0393	-0.2276	0.7126	-0.6624	268.88	21.82	15.81
2026-05-25T16:02:16.3569706+08:00	0x02	0.1930	0.0208	-0.9803	-0.0362	175.46	337.66	1.54
2026-05-25T16:02:16.6658350+08:00	0x04	-0.1479	0.4467	0.3735	0.7995	34.47	47.29	325.24
2026-05-25T16:02:16.6967355+08:00	0x03	-0.3021	0.4339	0.4810	0.6994	49.17	35.65	302.87
2026-05-25T16:02:16.8636091+08:00	0x01	0.0354	-0.2295	0.7145	-0.6600	268.60	21.62	16.33
2026-05-25T16:02:16.9534004+08:00	0x02	0.1923	0.0220	-0.9802	-0.0414	174.85	337.73	1.56
2026-05-25T16:02:17.1475354+08:00	0x04	-0.1458	0.4477	0.3709	0.8004	34.17	47.56	325.56
2026-05-25T16:02:17.2806250+08:00	0x03	-0.2994	0.4354	0.4787	0.7011	48.56	36.27	303.20
2026-05-25T16:02:17.4135261+08:00	0x01	0.0346	-0.2309	0.7154	-0.6585	268.44	21.65	16.55
2026-05-25T16:02:17.5366660+08:00	0x02	0.1934	0.0228	-0.9797	-0.0473	174.17	337.59	1.51
2026-05-25T16:02:17.7184069+08:00	0x04	-0.1496	0.4482	0.3741	0.7980	34.43	47.47	324.96
2026-05-25T16:02:17.7843531+08:00	0x03	-0.3014	0.4345	0.4827	0.6981	49.46	35.62	302.82
2026-05-25T16:02:17.9466657+08:00	0x01	0.0283	-0.2313	0.7154	-0.6587	268.49	21.17	17.07
2026-05-25T16:02:18.0563758+08:00	0x02	0.1903	0.0191	-0.9803	-0.0497	173.99	337.97	1.07
2026-05-25T16:02:18.2387872+08:00	0x04	-0.1488	0.4491	0.3769	0.7963	34.79	47.51	324.87
2026-05-25T16:02:18.3142952+08:00	0x03	-0.3043	0.4356	0.4800	0.6981	48.84	35.98	302.55
2026-05-25T16:02:18.5188299+08:00	0x01	0.0284	-0.2289	0.7145	-0.6605	268.65	21.00	16.84
2026-05-25T16:02:18.6357673+08:00	0x02	0.1968	0.0206	-0.9793	-0.0434	174.66	337.21	1.33
2026-05-25T16:02:18.7978586+08:00	0x04	-0.1585	0.4495	0.3770	0.7942	34.44	47.44	323.80
2026-05-25T16:02:18.8476764+08:00	0x03	-0.3114	0.4345	0.4810	0.6950	49.20	35.38	301.71
2026-05-25T16:02:19.0309775+08:00	0x01	0.0262	-0.1743	0.6863	-0.7056	273.31	16.73	11.67
2026-05-25T16:02:19.1976195+08:00	0x02	0.5152	-0.0645	-0.8531	0.0514	188.88	297.48	356.72
2026-05-25T16:02:19.3143566+08:00	0x04	-0.1549	0.4559	0.3614	0.7985	32.26	48.96	324.77
2026-05-25T16:02:19.3820484+08:00	0x03	-0.3128	0.4427	0.4650	0.6999	45.16	38.58	301.83
2026-05-25T16:02:19.5992066+08:00	0x01	-0.1661	0.0393	0.6793	-0.7137	271.28	343.34	10.58
2026-05-25T16:02:19.7172457+08:00	0x02	0.5065	-0.0621	-0.8586	0.0486	188.42	298.68	356.71
2026-05-25T16:02:19.7927768+08:00	0x04	-0.1533	0.4606	0.3394	0.8057	29.32	50.36	325.96
2026-05-25T16:02:19.9310107+08:00	0x03	-0.3119	0.4513	0.4426	0.7093	39.95	42.44	302.65
2026-05-25T16:02:20.1675784+08:00	0x01	-0.1811	0.0411	0.6703	-0.7185	272.09	342.04	11.84
2026-05-25T16:02:20.2829270+08:00	0x02	0.7144	-0.1680	-0.6791	-0.0130	193.27	265.43	345.71
2026-05-25T16:02:20.3691776+08:00	0x04	-0.1620	0.4576	0.3527	0.8000	30.77	49.44	324.42
2026-05-25T16:02:20.4637481+08:00	0x03	-0.3204	0.4460	0.4517	0.7031	42.09	40.41	301.41
2026-05-25T16:02:20.6908446+08:00	0x01	-0.1822	0.0352	0.6779	-0.7113	270.85	342.30	12.21
2026-05-25T16:02:20.8027242+08:00	0x02	0.6811	-0.2850	-0.6643	-0.1166	196.07	263.85	327.48
2026-05-25T16:02:20.8934986+08:00	0x04	-0.1633	0.4562	0.3560	0.7990	31.20	49.13	324.15
2026-05-25T16:02:21.0179308+08:00	0x03	-0.3210	0.4445	0.4549	0.7018	42.89	39.77	301.25
2026-05-25T16:02:21.2773801+08:00	0x01	-0.1846	0.0289	0.6763	-0.7125	271.00	342.64	12.94
2026-05-25T16:02:21.4472181+08:00	0x02	0.6362	-0.3610	-0.6519	-0.1998	196.78	264.16	313.54
2026-05-25T16:02:21.4654461+08:00	0x04	-0.1646	0.4590	0.3574	0.7965	31.22	49.48	323.82
2026-05-25T16:02:21.5454656+08:00	0x03	-0.3223	0.4474	0.4564	0.6983	42.90	40.16	300.85
2026-05-25T16:02:21.7927008+08:00	0x01	-0.1901	0.0247	0.6776	-0.7100	270.56	342.47	13.68
2026-05-25T16:02:21.8504954+08:00	0x02	0.6023	-0.4024	-0.6418	-0.2519	196.37	265.06	304.92
2026-05-25T16:02:21.9820322+08:00	0x04	-0.1644	0.4613	0.3562	0.7958	30.96	49.86	323.83
2026-05-25T16:02:22.1317196+08:00	0x03	-0.3244	0.4472	0.4559	0.6978	42.79	40.13	300.63
2026-05-25T16:02:22.3568175+08:00	0x01	-0.1968	0.0262	0.6697	-0.7156	271.51	341.91	14.27
2026-05-25T16:02:22.3817691+08:00	0x02	0.5738	-0.4341	-0.6255	-0.3018	195.28	265.58	297.20
2026-05-25T16:02:22.5495472+08:00	0x04	-0.1721	0.4605	0.3572	0.7942	30.82	49.67	322.96
2026-05-25T16:02:22.6144258+08:00	0x03	-0.3311	0.4471	0.4563	0.6945	42.83	39.92	299.79
2026-05-25T16:02:22.9290063+08:00	0x01	-0.2124	0.0253	0.6598	-0.7203	272.33	340.77	15.82
2026-05-25T16:02:22.9711251+08:00	0x02	0.5660	-0.4609	-0.5947	-0.3370	199.16	259.75	291.62
2026-05-25T16:02:23.1147914+08:00	0x04	-0.1798	0.4546	0.3629	0.7933	31.53	48.54	322.03
2026-05-25T16:02:23.1649795+08:00	0x03	-0.3391	0.4398	0.4609	0.6922	44.55	37.71	298.97
2026-05-25T16:02:23.4579112+08:00	0x01	-0.2210	0.0206	0.6514	-0.7255	273.22	340.58	17.09
2026-05-25T16:02:23.5746660+08:00	0x02	0.5766	-0.4509	-0.5938	-0.3341	198.42	259.43	292.96
2026-05-25T16:02:23.6372102+08:00	0x04	-0.1828	0.4567	0.3591	0.7931	30.81	48.98	321.83
2026-05-25T16:02:23.6986543+08:00	0x03	-0.3444	0.4419	0.4585	0.6899	43.79	38.30	298.32
2026-05-25T16:02:24.0226885+08:00	0x01	-0.2171	0.0161	0.6514	-0.7268	273.42	341.31	17.13
2026-05-25T16:02:24.1501119+08:00	0x02	0.6222	-0.3745	-0.6360	-0.2611	192.94	264.75	306.75
2026-05-25T16:02:24.2148050+08:00	0x04	-0.1786	0.4613	0.3597	0.7912	30.83	49.67	322.09
2026-05-25T16:02:24.2898030+08:00	0x03	-0.3407	0.4449	0.4612	0.6879	44.07	38.69	298.45
2026-05-25T16:02:24.5529002+08:00	0x01	-0.1813	-0.0301	0.6491	-0.7382	275.52	348.43	17.86
2026-05-25T16:02:24.6007657+08:00	0x02	0.4802	-0.1726	-0.8325	-0.2160	167.12	303.47	330.34
2026-05-25T16:02:24.7370890+08:00	0x04	-0.1759	0.4652	0.3678	0.7857	31.82	49.98	321.78
2026-05-25T16:02:24.8328093+08:00	0x03	-0.3383	0.4471	0.4734	0.6794	46.54	37.72	298.00
2026-05-25T16:02:25.1202996+08:00	0x01	-0.0245	-0.1981	0.6766	-0.7087	275.00	15.06	17.62
2026-05-25T16:02:25.1322662+08:00	0x02	0.4852	-0.1790	-0.8277	-0.2177	167.49	302.67	329.50
2026-05-25T16:02:25.2991411+08:00	0x04	-0.1671	0.4684	0.3689	0.7852	32.18	50.47	322.56
2026-05-25T16:02:25.3816416+08:00	0x03	-0.3301	0.4514	0.4727	0.6810	45.90	38.95	298.79
2026-05-25T16:02:25.7156290+08:00	0x02	0.1293	0.0434	-0.9335	-0.3317	140.92	344.33	359.73
2026-05-25T16:02:25.8259648+08:00	0x04	-0.1658	0.4700	0.3771	0.7806	33.23	50.43	322.16
2026-05-25T16:02:25.8990912+08:00	0x03	-0.3273	0.4540	0.4819	0.6742	47.66	38.47	298.49
2026-05-25T16:02:26.2164842+08:00	0x02	0.0635	0.0574	-0.9688	-0.2326	152.65	351.36	4.69
2026-05-25T16:02:26.4003799+08:00	0x04	-0.1619	0.4719	0.3759	0.7809	33.15	50.77	322.59
2026-05-25T16:02:26.7850775+08:00	0x01	0.0131	-0.2398	0.6773	-0.6953	274.95	21.66	17.86
2026-05-25T16:02:26.7990372+08:00	0x02	0.0527	0.0670	-0.9842	-0.1550	161.69	352.80	6.64
2026-05-25T16:02:26.9989392+08:00	0x03	-0.3237	0.4571	0.4856	0.6712	48.15	38.77	298.54
2026-05-25T16:02:27.3175510+08:00	0x01	0.0198	-0.2447	0.6774	-0.6935	274.91	22.61	17.70
2026-05-25T16:02:27.4987597+08:00	0x04	-0.1615	0.4708	0.3823	0.7785	34.06	50.39	322.31
2026-05-25T16:02:27.5826778+08:00	0x03	-0.3222	0.4583	0.4888	0.6687	48.74	38.67	298.48
2026-05-25T16:02:27.8829353+08:00	0x01	0.0196	-0.2445	0.6774	-0.6936	274.92	22.58	17.70
2026-05-25T16:02:28.0165112+08:00	0x02	0.0425	0.0692	-0.9930	-0.0855	169.80	354.43	7.48
2026-05-25T16:02:28.0659849+08:00	0x03	-0.3233	0.4642	0.4871	0.6654	47.72	40.07	298.06
2026-05-25T16:02:28.4509069+08:00	0x01	0.1264	-0.3436	0.6980	-0.6154	269.61	39.31	18.92
2026-05-25T16:02:28.4686439+08:00	0x02	-0.3168	0.1640	-0.9324	-0.0592	179.60	37.46	20.07
2026-05-25T16:02:28.5857092+08:00	0x04	-0.1824	0.4744	0.3824	0.7716	33.05	50.81	319.89
2026-05-25T16:02:28.6249413+08:00	0x03	-0.3234	0.4726	0.4875	0.6591	46.89	41.79	297.49
2026-05-25T16:02:28.9984731+08:00	0x02	-0.4772	0.1041	-0.8699	0.0685	192.71	58.24	6.64
2026-05-25T16:02:29.1691121+08:00	0x04	-0.1770	0.4794	0.3721	0.7748	31.64	51.99	320.87
2026-05-25T16:02:29.5498171+08:00	0x01	0.1983	-0.3732	0.6242	-0.6571	278.35	48.95	11.85
2026-05-25T16:02:29.5660091+08:00	0x02	-0.4830	0.0763	-0.8620	0.1337	197.71	58.55	0.14
2026-05-25T16:02:29.7332921+08:00	0x03	-0.3232	0.4766	0.4871	0.6567	46.33	42.71	297.29
2026-05-25T16:02:29.8661568+08:00	0x04	-0.1770	0.4791	0.3731	0.7746	31.79	51.91	320.83
2026-05-25T16:02:30.0829422+08:00	0x02	-0.4873	0.0457	-0.8555	0.1691	199.58	58.48	355.03
2026-05-25T16:02:30.2501068+08:00	0x04	-0.1779	0.4800	0.3741	0.7733	31.83	52.01	320.63
2026-05-25T16:02:30.3164937+08:00	0x03	-0.3249	0.4755	0.4901	0.6543	47.14	42.06	296.96
2026-05-25T16:02:30.5351648+08:00	0x01	0.1367	-0.3251	0.6080	-0.7113	283.18	39.93	11.59
2026-05-25T16:02:30.6516380+08:00	0x02	-0.2381	0.0813	-0.9215	0.2958	215.72	29.14	0.52
2026-05-25T16:02:30.8171919+08:00	0x04	-0.1755	0.4730	0.3868	0.7719	34.00	50.45	320.44
2026-05-25T16:02:31.0683715+08:00	0x01	0.1105	-0.3056	0.6277	-0.7074	281.11	35.91	13.14
2026-05-25T16:02:31.2171579+08:00	0x02	-0.0192	0.0703	-0.9725	0.2212	205.88	3.95	7.37
2026-05-25T16:02:31.3496304+08:00	0x04	-0.1947	0.4597	0.4103	0.7632	37.29	47.21	317.59
2026-05-25T16:02:31.4125560+08:00	0x03	-0.3278	0.4522	0.5114	0.6531	54.79	34.18	297.04
2026-05-25T16:02:31.6337454+08:00	0x01	0.0654	-0.2671	0.6461	-0.7120	279.31	28.71	14.60
2026-05-25T16:02:31.7500444+08:00	0x02	0.0284	0.0721	-0.9858	0.1491	197.04	358.00	8.67
2026-05-25T16:02:31.9168529+08:00	0x04	-0.1990	0.4582	0.4115	0.7623	37.39	46.87	317.12
2026-05-25T16:02:32.2006181+08:00	0x01	0.0585	-0.2622	0.6486	-0.7121	279.03	27.71	14.88
2026-05-25T16:02:32.2165740+08:00	0x02	0.0503	0.0728	-0.9886	0.1222	193.72	355.25	8.99
2026-05-25T16:02:32.4755678+08:00	0x03	-0.3379	0.4438	0.5145	0.6513	56.81	31.37	296.26
2026-05-25T16:02:32.4945214+08:00	0x04	-0.1974	0.4621	0.4026	0.7651	35.95	47.92	317.61
2026-05-25T16:02:32.7312674+08:00	0x01	0.0441	-0.2587	0.6509	-0.7123	278.89	26.29	15.90
2026-05-25T16:02:32.8337792+08:00	0x02	0.0662	0.0757	-0.9901	0.0981	190.76	353.23	9.37
2026-05-25T16:02:33.0045797+08:00	0x04	-0.2032	0.4588	0.4038	0.7649	36.11	47.29	317.04
2026-05-25T16:02:33.0707662+08:00	0x03	-0.3440	0.4417	0.5154	0.6488	57.54	30.36	295.62
2026-05-25T16:02:33.2842214+08:00	0x01	0.0420	-0.2598	0.6515	-0.7116	278.84	26.23	16.18
2026-05-25T16:02:33.3009650+08:00	0x02	0.0621	0.0880	-0.9918	0.0689	187.34	353.52	10.55
2026-05-25T16:02:33.4852141+08:00	0x04	-0.1954	0.4642	0.3968	0.7674	35.09	48.52	318.07
2026-05-25T16:02:33.5698081+08:00	0x03	-0.3428	0.4435	0.5154	0.6482	57.31	30.81	295.64
2026-05-25T16:02:33.7626644+08:00	0x01	0.0403	-0.2662	0.6534	-0.7075	278.59	26.66	16.91
2026-05-25T16:02:33.8668523+08:00	0x02	0.0700	0.0933	-0.9910	0.0656	186.85	352.59	11.20
2026-05-25T16:02:34.0882763+08:00	0x03	-0.3429	0.4371	0.5165	0.6516	58.22	29.37	296.05
2026-05-25T16:02:34.1184619+08:00	0x04	-0.1905	0.4607	0.4032	0.7674	36.35	47.74	318.40
2026-05-25T16:02:34.4007196+08:00	0x01	0.0275	-0.2594	0.6621	-0.7026	277.35	24.89	17.75
2026-05-25T16:02:34.6876281+08:00	0x04	-0.0165	0.2258	0.6027	0.7652	73.39	19.95	342.70
2026-05-25T16:02:34.7048210+08:00	0x03	-0.2213	0.2879	0.4756	0.8012	54.68	18.82	321.07
2026-05-25T16:02:34.8776804+08:00	0x01	0.0174	-0.2556	0.6722	-0.6946	275.79	23.54	18.63
2026-05-25T16:02:34.9558917+08:00	0x02	0.1003	0.0821	-0.9913	0.0224	181.62	348.59	9.63
2026-05-25T16:02:35.1704932+08:00	0x03	-0.1276	0.1527	0.5321	0.8229	64.39	7.15	338.13
2026-05-25T16:02:35.4998236+08:00	0x01	0.0229	-0.2592	0.6736	-0.6917	275.53	24.25	18.51
2026-05-25T16:02:35.6739136+08:00	0x04	-0.0218	0.2334	0.5977	0.7667	72.57	20.45	341.79
2026-05-25T16:02:35.7179913+08:00	0x03	-0.1178	0.1437	0.5515	0.8132	67.13	6.36	339.51
2026-05-25T16:02:35.9542262+08:00	0x01	0.0222	-0.2628	0.6754	-0.6887	275.26	24.48	18.92
2026-05-25T16:02:36.0504954+08:00	0x02	0.1017	0.0811	-0.9914	0.0108	180.29	348.31	9.38
2026-05-25T16:02:36.2524793+08:00	0x04	-0.0278	-0.0176	0.6159	0.7872	76.12	356.44	358.74
2026-05-25T16:02:36.3024496+08:00	0x03	-0.1104	0.1413	0.5543	0.8128	67.45	6.54	340.36
2026-05-25T16:02:36.4682440+08:00	0x01	0.0213	-0.2637	0.6719	-0.6918	275.84	24.58	18.95
2026-05-25T16:02:36.6307887+08:00	0x02	0.0629	0.0884	-0.9939	0.0215	181.84	352.93	10.27
2026-05-25T16:02:36.7536010+08:00	0x04	-0.0202	-0.0418	0.5034	0.8628	60.50	354.69	0.42
2026-05-25T16:02:36.7848445+08:00	0x03	-0.0813	0.1432	0.5703	0.8048	69.39	8.29	342.89
2026-05-25T16:02:37.0378998+08:00	0x01	0.0234	-0.2768	0.6793	-0.6793	274.65	25.74	20.13
2026-05-25T16:02:37.1559700+08:00	0x02	0.0390	0.0887	-0.9935	0.0602	186.58	356.11	10.42
2026-05-25T16:02:37.3502514+08:00	0x04	-0.0034	-0.0897	0.3486	0.9329	40.71	350.21	3.23
2026-05-25T16:02:37.5186019+08:00	0x01	0.0378	-0.2515	0.7168	-0.6492	268.16	23.62	18.15
2026-05-25T16:02:37.7334702+08:00	0x02	0.0802	0.0871	-0.9905	0.0703	187.32	351.42	10.59
2026-05-25T16:02:37.8513840+08:00	0x04	-0.0345	-0.0726	0.1842	0.9796	21.48	351.08	357.66
2026-05-25T16:02:37.8902656+08:00	0x03	-0.0758	0.1273	0.6060	0.7816	74.68	6.39	344.17
2026-05-25T16:02:38.1387211+08:00	0x01	0.0297	-0.2698	0.7055	-0.6547	270.17	24.86	19.99
2026-05-25T16:02:38.2341397+08:00	0x02	0.0835	0.0764	-0.9920	0.0559	185.71	350.84	9.26
2026-05-25T16:02:38.4056622+08:00	0x03	-0.0778	0.1263	0.6066	0.7811	74.80	6.15	344.06
2026-05-25T16:02:38.4383523+08:00	0x04	-0.0493	-0.0631	0.1243	0.9890	14.65	352.10	355.30
2026-05-25T16:02:38.6011584+08:00	0x01	0.0290	-0.2734	0.7036	-0.6553	270.50	25.18	20.28
2026-05-25T16:02:38.7178932+08:00	0x02	0.0515	0.0895	-0.9931	0.0563	185.99	354.62	10.57
2026-05-25T16:02:38.9510727+08:00	0x03	-0.0731	0.1274	0.6130	0.7763	75.70	6.46	344.35
2026-05-25T16:02:39.1184173+08:00	0x01	0.0279	-0.2783	0.7141	-0.6417	268.68	25.20	21.20
2026-05-25T16:02:39.2854036+08:00	0x02	0.0792	0.0841	-0.9925	0.0394	183.78	351.20	9.97
2026-05-25T16:02:39.5362100+08:00	0x04	-0.0570	-0.0554	0.0729	0.9942	8.75	353.16	353.96
2026-05-25T16:02:39.6869447+08:00	0x01	0.0268	-0.2801	0.7121	-0.6433	269.05	25.34	21.37
2026-05-25T16:02:39.8019788+08:00	0x02	0.0747	0.0856	-0.9927	0.0399	183.87	351.74	10.13
2026-05-25T16:02:39.9854767+08:00	0x04	-0.0522	-0.0673	-0.0040	0.9964	359.95	352.27	354.00
2026-05-25T16:02:40.0730128+08:00	0x03	-0.0769	0.1318	0.6148	0.7737	76.00	6.55	343.67
2026-05-25T16:02:40.2682083+08:00	0x01	0.0248	-0.2829	0.7101	-0.6443	269.41	25.49	21.70
2026-05-25T16:02:40.3748040+08:00	0x02	0.0744	0.0905	-0.9922	0.0425	184.14	351.81	10.71
2026-05-25T16:02:40.4996488+08:00	0x04	-0.0562	-0.0673	-0.0607	0.9943	353.46	352.65	353.11
2026-05-25T16:02:40.6098407+08:00	0x03	-0.0755	0.1316	0.6220	0.7681	77.08	6.47	343.75
2026-05-25T16:02:40.7898682+08:00	0x01	0.0253	-0.2852	0.7093	-0.6442	269.54	25.75	21.84
2026-05-25T16:02:40.8938919+08:00	0x02	0.0724	0.0932	-0.9921	0.0417	184.05	352.05	11.01
2026-05-25T16:02:41.0722869+08:00	0x04	-0.0583	-0.0654	-0.0863	0.9924	350.50	353.07	352.70
2026-05-25T16:02:41.1580711+08:00	0x03	-0.0757	0.1318	0.6229	0.7674	77.21	6.46	343.72
2026-05-25T16:02:41.3836349+08:00	0x01	0.0256	-0.2863	0.7082	-0.6449	269.73	25.91	21.87
2026-05-25T16:02:41.4723306+08:00	0x02	0.0729	0.0928	-0.9922	0.0405	183.90	351.97	10.96
2026-05-25T16:02:41.6467823+08:00	0x04	-0.0611	-0.0706	-0.0451	0.9946	355.31	352.19	352.65
2026-05-25T16:02:41.7534080+08:00	0x03	-0.0725	0.1252	0.6194	0.7716	76.67	6.15	344.52
2026-05-25T16:02:41.8903889+08:00	0x01	0.0248	-0.2868	0.7094	-0.6434	269.52	25.85	22.02
2026-05-25T16:02:42.0357360+08:00	0x02	0.0751	0.0924	-0.9923	0.0351	183.26	351.65	10.87
2026-05-25T16:02:42.2295424+08:00	0x03	-0.0689	0.1220	0.6232	0.7694	77.21	6.05	345.04
2026-05-25T16:02:42.3526540+08:00	0x01	0.0236	-0.2873	0.7093	-0.6433	269.55	25.80	22.16
2026-05-25T16:02:42.5530458+08:00	0x02	0.0748	0.0930	-0.9923	0.0334	183.06	351.67	10.93
2026-05-25T16:02:42.7523183+08:00	0x04	-0.0694	-0.0733	-0.1302	0.9863	345.54	352.64	351.03
2026-05-25T16:02:42.9207199+08:00	0x01	0.0234	-0.2885	0.7090	-0.6431	269.61	25.90	22.26
2026-05-25T16:02:43.1376983+08:00	0x02	0.0730	0.0957	-0.9921	0.0354	183.29	351.91	11.24
2026-05-25T16:02:43.3783107+08:00	0x03	-0.0675	0.1231	0.6254	0.7676	77.53	6.20	345.07
2026-05-25T16:02:43.4461156+08:00	0x01	0.0245	-0.2886	0.7083	-0.6437	269.71	26.02	22.17
2026-05-25T16:02:43.6529069+08:00	0x02	0.0689	0.0950	-0.9929	0.0208	181.65	352.22	11.05
2026-05-25T16:02:43.8523889+08:00	0x04	-0.0765	-0.0719	-0.2081	0.9725	336.42	353.70	349.71
2026-05-25T16:02:43.9059118+08:00	0x03	-0.0678	0.1245	0.6253	0.7674	77.51	6.32	344.95
2026-05-25T16:02:44.0223818+08:00	0x01	0.0224	-0.2886	0.7072	-0.6450	269.92	25.89	22.29
2026-05-25T16:02:44.2210295+08:00	0x02	0.0617	0.0933	-0.9937	-0.0049	178.76	352.78	10.65
2026-05-25T16:02:44.4196692+08:00	0x04	-0.0767	-0.0734	-0.2373	0.9656	332.96	353.85	349.46
2026-05-25T16:02:44.4416449+08:00	0x03	-0.0682	0.1264	0.6244	0.7678	77.37	6.48	344.77
2026-05-25T16:02:44.5362100+08:00	0x01	0.0230	-0.2902	0.7059	-0.6457	270.14	26.12	22.34
2026-05-25T16:02:44.7527012+08:00	0x02	0.0568	0.0976	-0.9933	0.0257	182.34	353.68	11.35
2026-05-25T16:02:44.9387209+08:00	0x04	-0.0722	-0.0633	-0.2934	0.9512	326.11	355.46	349.95
2026-05-25T16:02:44.9851425+08:00	0x03	-0.0692	0.1313	0.6191	0.7712	76.55	6.97	344.38
2026-05-25T16:02:45.1021037+08:00	0x01	0.0210	-0.2929	0.7039	-0.6468	270.51	26.27	22.66
2026-05-25T16:02:45.3126235+08:00	0x02	0.0599	0.0988	-0.9927	0.0335	183.20	353.42	11.55
2026-05-25T16:02:45.4260807+08:00	0x04	-0.0715	-0.0638	-0.2684	0.9585	329.14	355.12	350.14
2026-05-25T16:02:45.5199784+08:00	0x03	-0.0692	0.1319	0.6209	0.7696	76.83	6.98	344.32
2026-05-25T16:02:45.6363567+08:00	0x01	0.0216	-0.2943	0.7034	-0.6466	270.59	26.46	22.71
2026-05-25T16:02:45.8885280+08:00	0x02	0.0632	0.1002	-0.9924	0.0331	183.10	353.03	11.71
2026-05-25T16:02:46.0250892+08:00	0x04	-0.0691	-0.0627	-0.2534	0.9629	330.92	355.01	350.51
2026-05-25T16:02:46.0579874+08:00	0x03	-0.0701	0.1333	0.6229	0.7677	77.13	7.01	344.11
2026-05-25T16:02:46.2027131+08:00	0x01	0.0170	-0.2937	0.7037	-0.6467	270.56	26.03	23.04
2026-05-25T16:02:46.4031855+08:00	0x02	0.0703	0.1057	-0.9914	0.0315	182.79	352.19	12.35
2026-05-25T16:02:46.4897434+08:00	0x04	-0.0649	-0.0542	-0.2452	0.9658	331.83	355.77	351.26
2026-05-25T16:02:46.6537111+08:00	0x03	-0.0800	0.1330	0.6210	0.7683	76.96	6.30	343.26
2026-05-25T16:02:46.7702698+08:00	0x01	0.0045	-0.2916	0.7053	-0.6461	270.31	24.78	23.93
2026-05-25T16:02:46.9909223+08:00	0x02	0.0823	0.1171	-0.9894	0.0234	181.59	350.68	13.63
2026-05-25T16:02:47.1869841+08:00	0x03	-0.0932	0.1440	0.6234	0.7628	77.48	6.27	341.23
2026-05-25T16:02:47.5070857+08:00	0x02	0.0892	0.1223	-0.9884	0.0110	180.00	349.69	14.11
2026-05-25T16:02:47.5970506+08:00	0x04	-0.0387	-0.0404	-0.2209	0.9737	334.61	356.45	354.65
2026-05-25T16:02:47.6700104+08:00	0x03	-0.0940	0.1500	0.6229	0.7620	77.37	6.78	340.72
2026-05-25T16:02:47.7678473+08:00	0x01	-0.0054	-0.3037	0.7131	-0.6318	268.91	24.76	26.11
2026-05-25T16:02:47.9669702+08:00	0x02	0.0860	0.1197	-0.9891	0.0025	179.07	349.95	13.72
2026-05-25T16:02:48.1588861+08:00	0x04	-0.0427	-0.0434	-0.2120	0.9754	335.67	356.16	354.17
2026-05-25T16:02:48.2728377+08:00	0x03	-0.0878	0.1477	0.6313	0.7563	78.59	6.82	341.38
2026-05-25T16:02:48.2872640+08:00	0x01	-0.0056	-0.3078	0.7221	-0.6195	267.23	24.73	26.84
2026-05-25T16:02:48.5595793+08:00	0x02	0.0962	0.1285	-0.9870	0.0111	179.83	348.84	14.82
2026-05-25T16:02:48.6701726+08:00	0x04	-0.0382	-0.0429	-0.2102	0.9760	335.87	356.10	354.68
2026-05-25T16:02:48.8038254+08:00	0x03	-0.0951	0.1468	0.6373	0.7505	79.65	6.03	340.75
2026-05-25T16:02:49.0761697+08:00	0x02	0.0945	0.1292	-0.9871	-0.0032	178.18	348.83	14.74
2026-05-25T16:02:49.2580094+08:00	0x04	-0.0372	-0.0413	-0.2178	0.9744	334.97	356.30	354.81
2026-05-25T16:02:49.3566359+08:00	0x03	-0.0991	0.1481	0.6361	0.7507	79.53	5.87	340.29
2026-05-25T16:02:49.6407649+08:00	0x02	0.0929	0.1251	-0.9877	-0.0132	177.09	348.89	14.16
2026-05-25T16:02:49.7660962+08:00	0x04	-0.0396	-0.0412	-0.2214	0.9735	334.55	356.39	354.53
2026-05-25T16:02:49.8867044+08:00	0x03	-0.1018	0.1435	0.6384	0.7493	79.97	5.18	340.39
2026-05-25T16:02:50.2596316+08:00	0x02	0.0655	0.1429	-0.9873	0.0220	181.48	352.63	16.56
2026-05-25T16:02:50.3565446+08:00	0x04	-0.0425	-0.0506	-0.2235	0.9725	334.36	355.42	353.96
2026-05-25T16:02:50.4267572+08:00	0x03	-0.0912	0.1470	0.6466	0.7430	81.05	6.10	341.00
2026-05-25T16:02:50.7368013+08:00	0x02	-0.1976	0.1712	-0.9644	0.0392	188.69	24.56	18.34
2026-05-25T16:02:50.9225087+08:00	0x04	-0.0424	-0.0503	-0.2234	0.9725	334.36	355.44	353.98
2026-05-25T16:02:50.9723950+08:00	0x03	0.0530	0.2178	0.6333	0.7407	78.70	23.43	348.62
2026-05-25T16:02:51.2431454+08:00	0x02	-0.1898	0.1705	-0.9661	0.0388	188.46	23.60	18.34
2026-05-25T16:02:51.4368851+08:00	0x04	-0.0243	-0.4173	-0.3319	0.8457	325.20	313.33	341.46
2026-05-25T16:02:51.5086235+08:00	0x01	0.1711	-0.4001	0.6132	-0.6593	281.33	49.88	15.37
2026-05-25T16:02:51.8207048+08:00	0x02	-0.4568	0.1177	-0.8738	0.1185	198.43	56.11	5.59
2026-05-25T16:02:52.0128152+08:00	0x04	-0.0698	-0.5487	-0.3916	0.7354	323.86	297.29	327.84
2026-05-25T16:02:52.0975881+08:00	0x01	0.1665	-0.4052	0.6059	-0.6640	282.61	50.21	15.66
2026-05-25T16:02:52.1115992+08:00	0x03	0.1349	0.2783	0.6109	0.7288	77.31	35.20	351.76
2026-05-25T16:02:52.2978001+08:00	0x02	-0.4589	0.1207	-0.8637	0.1701	203.90	56.60	3.00
2026-05-25T16:02:52.5379233+08:00	0x04	-0.1087	-0.5474	-0.4517	0.6961	318.10	299.61	319.77
2026-05-25T16:02:52.6043420+08:00	0x01	0.1600	-0.4081	0.5988	-0.6703	283.94	50.20	15.92
2026-05-25T16:02:52.6808905+08:00	0x03	0.1249	0.2802	0.6192	0.7228	78.18	34.58	350.41
2026-05-25T16:02:52.9088129+08:00	0x02	-0.4653	0.1104	-0.8545	0.2026	206.68	57.14	0.01
2026-05-25T16:02:53.1053855+08:00	0x04	-0.1331	-0.5337	-0.4884	0.6774	313.17	303.66	315.44
2026-05-25T16:02:53.1699595+08:00	0x01	0.1558	-0.4140	0.5950	-0.6710	284.71	50.61	16.47
2026-05-25T16:02:53.4037521+08:00	0x02	-0.4678	0.0958	-0.8467	0.2347	209.20	56.98	356.72
2026-05-25T16:02:53.6722505+08:00	0x04	-0.1629	-0.5276	-0.5088	0.6605	310.64	306.29	311.24
2026-05-25T16:02:53.7554889+08:00	0x03	0.1270	0.2950	0.6306	0.7066	79.88	36.01	348.89
2026-05-25T16:02:53.9065104+08:00	0x02	-0.4546	0.0738	-0.8563	0.2339	208.00	54.69	355.05
2026-05-25T16:02:54.1882936+08:00	0x04	-0.1858	-0.5147	-0.5371	0.6419	305.39	311.01	307.67
2026-05-25T16:02:54.3049598+08:00	0x03	0.1012	0.2906	0.6240	0.7183	78.13	33.85	347.46
2026-05-25T16:02:54.4712610+08:00	0x02	-0.4080	0.0726	-0.8748	0.2510	209.99	48.81	355.54
2026-05-25T16:02:54.7710557+08:00	0x04	-0.1881	-0.4927	-0.5542	0.6440	300.79	316.16	307.97
2026-05-25T16:02:54.8328350+08:00	0x03	0.0952	0.2924	0.6206	0.7213	77.45	33.66	346.96
2026-05-25T16:02:55.0556983+08:00	0x02	-0.4046	0.0931	-0.8741	0.2523	211.12	49.02	357.62
2026-05-25T16:02:55.2940788+08:00	0x04	-0.1788	-0.4908	-0.5579	0.6449	299.95	316.35	308.90
2026-05-25T16:02:55.3251615+08:00	0x03	0.0908	0.2994	0.6250	0.7152	77.95	33.96	345.85
2026-05-25T16:02:55.5754605+08:00	0x02	-0.3845	0.0983	-0.8836	0.2484	210.98	46.75	359.01
2026-05-25T16:02:55.8722695+08:00	0x04	-0.1943	-0.4858	-0.5559	0.6460	300.07	317.71	307.71
2026-05-25T16:02:56.1415756+08:00	0x02	-0.3971	0.0776	-0.8752	0.2652	211.82	47.58	355.71
2026-05-25T16:02:56.4049727+08:00	0x03	0.0762	0.2963	0.6300	0.7138	78.37	32.56	344.66
2026-05-25T16:02:56.4645101+08:00	0x01	0.1091	-0.4010	0.5731	-0.7063	289.60	46.57	17.79
2026-05-25T16:02:56.6760283+08:00	0x02	-0.3896	0.0687	-0.8849	0.2459	209.33	46.48	355.99
2026-05-25T16:02:56.9378676+08:00	0x03	0.0806	0.3058	0.6216	0.7167	77.16	33.95	344.65
2026-05-25T16:02:56.9545340+08:00	0x04	-0.1885	-0.4904	-0.5736	0.6285	296.82	318.22	306.92
2026-05-25T16:02:57.2379842+08:00	0x02	-0.3936	0.0719	-0.8840	0.2420	209.03	47.06	356.37
2026-05-25T16:02:57.4891204+08:00	0x03	0.0832	0.3077	0.6195	0.7174	76.91	34.35	344.82
2026-05-25T16:02:57.5931271+08:00	0x01	0.1166	-0.4120	0.5762	-0.6961	288.97	48.19	18.21
2026-05-25T16:02:57.7082638+08:00	0x02	-0.3981	0.0703	-0.8831	0.2382	208.53	47.58	356.25
2026-05-25T16:02:58.0219527+08:00	0x03	0.0844	0.3067	0.6161	0.7206	76.44	34.40	345.15
2026-05-25T16:02:58.1288000+08:00	0x01	0.1186	-0.4103	0.5779	-0.6954	288.64	48.09	18.01
2026-05-25T16:02:58.2256179+08:00	0x02	-0.3990	0.0647	-0.8835	0.2368	208.12	47.53	355.72
2026-05-25T16:02:58.5716741+08:00	0x03	0.0873	0.3135	0.6083	0.7239	75.35	35.40	345.22
2026-05-25T16:02:58.7056261+08:00	0x01	0.1206	-0.4126	0.5827	-0.6896	287.90	48.39	18.33
2026-05-25T16:02:58.7886781+08:00	0x02	-0.4025	0.0615	-0.8825	0.2353	207.80	47.88	355.36
2026-05-25T16:02:59.0836529+08:00	0x04	-0.1955	-0.4900	-0.5863	0.6147	294.05	319.90	305.41
2026-05-25T16:02:59.1085915+08:00	0x03	0.0843	0.3151	0.6101	0.7221	75.51	35.33	344.77
2026-05-25T16:02:59.2169033+08:00	0x01	0.1204	-0.4133	0.5772	-0.6939	288.69	48.54	18.06
2026-05-25T16:02:59.4230424+08:00	0x02	-0.4055	0.0604	-0.8820	0.2324	207.42	48.24	355.30
2026-05-25T16:02:59.6086248+08:00	0x04	-0.1926	-0.4902	-0.5879	0.6140	293.75	319.85	305.61
2026-05-25T16:02:59.6431367+08:00	0x03	0.0822	0.3179	0.6104	0.7208	75.49	35.45	344.36
2026-05-25T16:02:59.8097677+08:00	0x01	0.1199	-0.4125	0.5767	-0.6949	288.77	48.44	18.01
2026-05-25T16:02:59.9972455+08:00	0x02	-0.4029	0.0559	-0.8837	0.2316	207.14	47.80	354.96
2026-05-25T16:03:00.1726296+08:00	0x03	0.0799	0.3206	0.6110	0.7194	75.50	35.56	343.93
2026-05-25T16:03:00.1894091+08:00	0x04	-0.1911	-0.4866	-0.5892	0.6161	293.31	320.46	306.02
2026-05-25T16:03:00.3557923+08:00	0x01	0.1176	-0.4156	0.5739	-0.6957	289.28	48.69	18.27
2026-05-25T16:03:00.4656310+08:00	0x02	-0.4037	0.0549	-0.8824	0.2352	207.48	47.86	354.67
2026-05-25T16:03:00.7069956+08:00	0x03	0.0775	0.3180	0.6123	0.7197	75.64	35.12	343.86
2026-05-25T16:03:00.8883088+08:00	0x01	0.1018	-0.3271	0.6100	-0.7145	284.06	37.70	14.69
2026-05-25T16:03:01.0896094+08:00	0x02	-0.4037	0.0550	-0.8825	0.2351	207.47	47.86	354.68
2026-05-25T16:03:01.2578552+08:00	0x03	-0.0470	0.1238	0.6005	0.7886	73.65	8.18	347.12
2026-05-25T16:03:01.4559782+08:00	0x01	-0.0410	-0.1064	0.6509	-0.7506	278.77	6.23	11.54
2026-05-25T16:03:01.5575572+08:00	0x02	0.0921	0.0772	-0.9629	0.2415	207.35	351.79	11.14
2026-05-25T16:03:01.8602267+08:00	0x04	-0.1912	-0.4867	-0.5891	0.6160	293.32	320.44	306.00
2026-05-25T16:03:01.9837676+08:00	0x01	-0.0367	-0.1132	0.6503	-0.7503	278.90	7.16	11.68
2026-05-25T16:03:02.1800070+08:00	0x02	0.6341	0.1121	-0.7475	0.1631	186.30	280.61	21.99
2026-05-25T16:03:02.3602216+08:00	0x04	0.0662	0.5055	-0.2709	0.8166	336.03	58.69	22.45
2026-05-25T16:03:02.3948084+08:00	0x03	-0.0433	0.1298	0.6013	0.7872	73.73	8.99	347.04
2026-05-25T16:03:02.5417504+08:00	0x01	-0.1700	-0.0434	0.6334	-0.7537	278.46	350.92	18.13
2026-05-25T16:03:02.6566762+08:00	0x02	0.6954	0.0883	-0.7131	0.0034	173.17	270.99	7.51
2026-05-25T16:03:02.9296650+08:00	0x03	-0.3686	0.0100	0.4489	0.8139	65.80	336.62	322.48
2026-05-25T16:03:02.9411739+08:00	0x04	0.0056	0.5655	-0.0857	0.8202	352.24	68.76	6.09
2026-05-25T16:03:03.0286717+08:00	0x01	-0.2060	-0.0192	0.6915	-0.6921	267.52	344.22	18.17
2026-05-25T16:03:03.2238065+08:00	0x02	0.7170	0.0282	-0.6903	-0.0932	170.22	268.29	354.56
2026-05-25T16:03:03.4754053+08:00	0x04	-0.1031	0.5373	0.0611	0.8348	359.49	65.59	346.24
2026-05-25T16:03:03.6395757+08:00	0x01	-0.2136	-0.0147	0.6801	-0.7011	269.01	343.45	18.64
2026-05-25T16:03:03.7411321+08:00	0x02	0.7303	-0.0399	-0.6614	-0.1659	170.28	265.80	342.83
2026-05-25T16:03:04.0066258+08:00	0x03	-0.3753	0.0103	0.4378	0.8169	64.67	336.52	321.52
2026-05-25T16:03:04.1066373+08:00	0x01	-0.2118	-0.0230	0.6394	-0.7388	275.66	345.40	20.02
2026-05-25T16:03:04.3061828+08:00	0x02	0.7251	-0.0396	-0.6710	-0.1499	171.41	266.74	344.31
2026-05-25T16:03:04.4929838+08:00	0x03	-0.3635	-0.0035	0.4436	0.8192	64.86	335.96	323.67
2026-05-25T16:03:04.5572686+08:00	0x04	-0.1384	0.5113	0.1564	0.8336	7.44	61.53	337.00
2026-05-25T16:03:04.6234765+08:00	0x01	-0.1926	-0.0314	0.6316	-0.7503	277.79	348.01	19.19
2026-05-25T16:03:04.8448176+08:00	0x02	0.7177	-0.0939	-0.6879	-0.0532	183.61	267.20	348.14
2026-05-25T16:03:05.0242402+08:00	0x03	-0.3664	0.0049	0.4424	0.8186	64.73	336.63	322.83
2026-05-25T16:03:05.1272500+08:00	0x04	-0.2592	0.4882	0.2790	0.7853	14.62	57.98	317.19
2026-05-25T16:03:05.1947316+08:00	0x01	-0.1936	-0.0457	0.6325	-0.7486	277.65	349.14	20.34
2026-05-25T16:03:05.4077282+08:00	0x02	0.6918	-0.1005	-0.7070	-0.1070	179.27	271.35	343.13
2026-05-25T16:03:05.5563996+08:00	0x03	-0.3588	0.0103	0.4492	0.8182	65.02	337.63	323.39
2026-05-25T16:03:05.6106510+08:00	0x04	-0.2767	0.4699	0.3191	0.7751	20.04	53.71	313.21
2026-05-25T16:03:05.7846221+08:00	0x01	-0.1937	-0.0616	0.6283	-0.7509	278.37	350.66	21.62
2026-05-25T16:03:05.9278019+08:00	0x02	0.6817	-0.0953	-0.7174	-0.1076	178.55	273.14	343.54
2026-05-25T16:03:06.1476595+08:00	0x03	-0.3630	0.0103	0.4551	0.8131	66.25	336.93	323.16
2026-05-25T16:03:06.2907517+08:00	0x01	-0.1878	-0.0764	0.6167	-0.7607	280.52	352.83	22.33
2026-05-25T16:03:06.3902648+08:00	0x02	0.6743	-0.0853	-0.7252	-0.1102	177.33	274.54	344.20
2026-05-25T16:03:06.7059449+08:00	0x04	-0.2870	0.4570	0.3493	0.7660	24.77	50.12	310.62
2026-05-25T16:03:06.8801291+08:00	0x01	-0.1978	-0.0827	0.6049	-0.7669	281.98	352.94	23.80
2026-05-25T16:03:07.2270835+08:00	0x03	-0.3769	0.0128	0.4518	0.8085	66.89	335.91	321.61
2026-05-25T16:03:07.3098522+08:00	0x04	-0.2998	0.4545	0.3788	0.7484	28.90	48.07	307.53
2026-05-25T16:03:07.4786925+08:00	0x02	0.7003	-0.0845	-0.6914	-0.1563	174.04	270.30	340.38
2026-05-25T16:03:07.7813305+08:00	0x04	-0.2832	0.4607	0.4088	0.7351	33.95	47.05	307.53
2026-05-25T16:03:07.9944019+08:00	0x02	0.6906	-0.0856	-0.6965	-0.1751	172.25	271.93	338.83
2026-05-25T16:03:08.3109256+08:00	0x03	-0.3737	0.0180	0.4367	0.8181	64.17	337.60	321.16
2026-05-25T16:03:08.4254180+08:00	0x01	-0.2106	-0.0565	0.6360	-0.7402	276.36	348.49	22.56
2026-05-25T16:03:08.4792761+08:00	0x02	0.6990	-0.0947	-0.6793	-0.2024	171.00	270.31	335.69
2026-05-25T16:03:08.8617630+08:00	0x03	-0.3622	0.0153	0.4299	0.8269	62.26	338.78	322.25
2026-05-25T16:03:08.9446942+08:00	0x01	-0.2090	-0.0391	0.6401	-0.7383	275.72	347.00	21.02
2026-05-25T16:03:09.0447184+08:00	0x02	0.7089	-0.1117	-0.6639	-0.2103	172.24	268.07	333.48
2026-05-25T16:03:09.4576629+08:00	0x03	-0.3807	0.0139	0.4394	0.8135	65.29	336.28	320.82
2026-05-25T16:03:09.5251105+08:00	0x01	-0.2299	-0.0245	0.6523	-0.7218	272.67	343.50	21.34
2026-05-25T16:03:09.5745584+08:00	0x02	0.7220	-0.1101	-0.6475	-0.2176	172.06	265.69	332.82
2026-05-25T16:03:09.9585970+08:00	0x04	-0.2733	0.4790	0.4551	0.6991	40.64	47.06	305.11
2026-05-25T16:03:09.9925299+08:00	0x03	-0.3958	0.0182	0.4401	0.8058	66.69	335.06	319.16
2026-05-25T16:03:10.1413043+08:00	0x02	0.7205	-0.0877	-0.6612	-0.1897	172.23	266.66	337.08
2026-05-25T16:03:10.5078186+08:00	0x01	-0.2445	-0.0357	0.6397	-0.7278	273.88	343.46	23.68
2026-05-25T16:03:10.5297607+08:00	0x03	-0.3975	0.0198	0.4398	0.8051	66.78	335.06	318.90
2026-05-25T16:03:10.7365316+08:00	0x02	0.7134	-0.0772	-0.6700	-0.1904	171.00	268.16	337.97
2026-05-25T16:03:11.0870308+08:00	0x03	-0.3988	0.0182	0.4394	0.8047	66.88	334.76	318.87
2026-05-25T16:03:11.3586517+08:00	0x02	0.7146	-0.0785	-0.6664	-0.1976	170.57	267.90	337.24
2026-05-25T16:03:11.5917719+08:00	0x03	-0.3992	0.0195	0.4421	0.8030	67.31	334.70	318.83
2026-05-25T16:03:11.6147103+08:00	0x01	-0.2458	-0.0386	0.6375	-0.7292	274.17	343.64	24.06
2026-05-25T16:03:11.8148716+08:00	0x02	0.7174	-0.0759	-0.6652	-0.1923	170.88	267.46	337.86
2026-05-25T16:03:12.1447971+08:00	0x03	-0.4003	0.0181	0.4450	0.8009	67.90	334.26	318.91
2026-05-25T16:03:12.4392060+08:00	0x02	0.7206	-0.0826	-0.6609	-0.1929	171.52	266.77	337.22
2026-05-25T16:03:12.6793483+08:00	0x03	-0.3995	0.0237	0.4447	0.8013	67.64	334.97	318.60
2026-05-25T16:03:12.8921469+08:00	0x02	0.7194	-0.0775	-0.6633	-0.1911	171.18	267.09	337.81
2026-05-25T16:03:13.2122613+08:00	0x03	-0.4034	0.0212	0.4442	0.7997	68.01	334.29	318.39
2026-05-25T16:03:13.4755422+08:00	0x02	0.7209	-0.0812	-0.6608	-0.1925	171.44	266.74	337.36
2026-05-25T16:03:13.7587064+08:00	0x03	-0.4120	0.0196	0.4400	0.7977	68.27	333.34	317.59
2026-05-25T16:03:13.8754138+08:00	0x04	-0.2957	0.4821	0.4728	0.6757	43.10	45.91	301.18
2026-05-25T16:03:13.9955982+08:00	0x02	0.7191	-0.0833	-0.6627	-0.1917	171.63	267.01	337.28
2026-05-25T16:03:14.2449484+08:00	0x03	-0.4131	0.0219	0.4351	0.7997	67.55	333.75	317.16
2026-05-25T16:03:14.3926240+08:00	0x04	-0.2875	0.4777	0.4752	0.6807	44.18	44.90	302.29
2026-05-25T16:03:14.5567498+08:00	0x02	0.7128	-0.0793	-0.6691	-0.1945	170.82	268.21	337.46
2026-05-25T16:03:14.8293863+08:00	0x03	-0.4116	0.0294	0.4311	0.8024	66.56	334.99	316.70
2026-05-25T16:03:14.9638306+08:00	0x01	-0.2521	-0.0413	0.6370	-0.7273	273.88	343.28	24.79
2026-05-25T16:03:15.1928810+08:00	0x02	0.7117	-0.0813	-0.6686	-0.1995	170.55	268.37	336.88
2026-05-25T16:03:15.3090725+08:00	0x03	-0.4107	0.0295	0.4343	0.8012	66.97	334.92	316.87
2026-05-25T16:03:15.3718526+08:00	0x04	-0.2852	0.4723	0.4799	0.6822	45.64	43.45	302.61
2026-05-25T16:03:15.7596230+08:00	0x02	0.7118	-0.0780	-0.6695	-0.1975	170.43	268.42	337.32
2026-05-25T16:03:15.8447402+08:00	0x03	-0.4114	0.0299	0.4339	0.8010	66.97	334.90	316.77
2026-05-25T16:03:15.9256655+08:00	0x01	-0.2543	-0.0435	0.6352	-0.7279	274.03	343.31	25.18
2026-05-25T16:03:16.2263123+08:00	0x02	0.7112	-0.0766	-0.6704	-0.1973	170.30	268.56	337.46
2026-05-25T16:03:16.4589417+08:00	0x03	-0.4121	0.0307	0.4337	0.8007	67.00	334.91	316.64
2026-05-25T16:03:16.4768945+08:00	0x04	-0.2892	0.4698	0.4845	0.6790	46.75	42.42	302.02
2026-05-25T16:03:16.8586033+08:00	0x02	0.7108	-0.0740	-0.6713	-0.1965	170.13	268.67	337.74
2026-05-25T16:03:16.9766538+08:00	0x03	-0.4120	0.0314	0.4335	0.8009	66.93	335.02	316.60
2026-05-25T16:03:17.3307990+08:00	0x02	0.7085	-0.0721	-0.6735	-0.1980	169.77	269.11	337.81
2026-05-25T16:03:17.5085252+08:00	0x04	-0.2893	0.4647	0.4877	0.6801	47.87	41.12	302.15
2026-05-25T16:03:17.5274320+08:00	0x03	-0.4077	0.0350	0.4377	0.8006	67.08	335.66	316.88
2026-05-25T16:03:17.8474239+08:00	0x02	0.7095	-0.0732	-0.6726	-0.1971	169.96	268.92	337.78
2026-05-25T16:03:18.1295584+08:00	0x01	-0.2602	-0.0482	0.6354	-0.7254	273.64	343.13	26.03
2026-05-25T16:03:18.1480177+08:00	0x04	-0.2879	0.4632	0.4869	0.6823	47.84	40.96	302.45
2026-05-25T16:03:18.3097045+08:00	0x02	0.7053	-0.0626	-0.6784	-0.1959	169.02	269.84	338.82
2026-05-25T16:03:18.6113787+08:00	0x04	-0.2862	0.4605	0.4865	0.6851	48.01	40.55	302.84
2026-05-25T16:03:18.6607631+08:00	0x03	-0.4094	0.0369	0.4354	0.8009	66.82	335.80	316.53
2026-05-25T16:03:18.8924685+08:00	0x02	0.7054	-0.0618	-0.6783	-0.1961	168.95	269.82	338.87
2026-05-25T16:03:19.2122072+08:00	0x01	-0.2624	-0.0526	0.6313	-0.7279	274.19	343.44	26.64
2026-05-25T16:03:19.4096161+08:00	0x02	0.7047	-0.0600	-0.6795	-0.1954	168.83	269.98	339.09
2026-05-25T16:03:19.6778741+08:00	0x01	-0.2633	-0.0527	0.6315	-0.7274	274.09	343.35	26.72
2026-05-25T16:03:19.6958292+08:00	0x04	-0.2859	0.4592	0.4866	0.6860	48.13	40.31	302.95
2026-05-25T16:03:19.7887995+08:00	0x03	-0.4094	0.0393	0.4334	0.8019	66.44	336.20	316.31
2026-05-25T16:03:19.9768521+08:00	0x02	0.7051	-0.0609	-0.6788	-0.1960	168.87	269.89	338.96
2026-05-25T16:03:20.2160528+08:00	0x04	-0.2869	0.4594	0.4875	0.6848	48.29	40.23	302.76
2026-05-25T16:03:20.3267774+08:00	0x03	-0.4089	0.0407	0.4342	0.8017	66.47	336.38	316.30
2026-05-25T16:03:20.5021668+08:00	0x02	0.7065	-0.0624	-0.6772	-0.1960	169.04	269.63	338.81
2026-05-25T16:03:20.7929725+08:00	0x04	-0.2889	0.4624	0.4848	0.6839	47.47	41.00	302.49
2026-05-25T16:03:20.8636485+08:00	0x03	-0.4118	0.0368	0.4319	0.8016	66.51	335.74	316.21
2026-05-25T16:03:21.0779042+08:00	0x02	0.7083	-0.0618	-0.6756	-0.1949	169.14	269.32	338.92
2026-05-25T16:03:21.3428309+08:00	0x01	-0.2688	-0.0487	0.6294	-0.7275	274.06	342.54	26.90
2026-05-25T16:03:21.4165843+08:00	0x03	-0.4144	0.0366	0.4327	0.7998	66.91	335.35	316.01
2026-05-25T16:03:21.5940517+08:00	0x02	0.7099	-0.0626	-0.6738	-0.1952	169.23	269.04	338.80
2026-05-25T16:03:21.8807332+08:00	0x04	-0.2917	0.4624	0.4852	0.6824	47.56	40.86	302.13
2026-05-25T16:03:21.9440262+08:00	0x03	-0.4162	0.0364	0.4321	0.7992	67.01	335.15	315.83
2026-05-25T16:03:22.1607576+08:00	0x02	0.7109	-0.0630	-0.6726	-0.1956	169.26	268.85	338.73
2026-05-25T16:03:22.4647156+08:00	0x04	-0.2932	0.4640	0.4856	0.6804	47.48	41.09	301.83
2026-05-25T16:03:22.5267798+08:00	0x01	-0.2695	-0.0484	0.6292	-0.7274	274.04	342.45	26.94
2026-05-25T16:03:22.6275755+08:00	0x02	0.7108	-0.0653	-0.6724	-0.1960	169.43	268.84	338.50
2026-05-25T16:03:22.9765862+08:00	0x04	-0.2900	0.4658	0.4863	0.6800	47.47	41.47	302.06
2026-05-25T16:03:23.0273022+08:00	0x03	-0.4152	0.0401	0.4331	0.7990	66.98	335.61	315.72
2026-05-25T16:03:23.1004336+08:00	0x01	-0.2698	-0.0486	0.6308	-0.7259	273.77	342.38	26.94
2026-05-25T16:03:23.2669994+08:00	0x02	0.7101	-0.0633	-0.6741	-0.1934	169.44	268.99	338.90
2026-05-25T16:03:23.5553844+08:00	0x04	-0.2900	0.4664	0.4841	0.6811	46.98	41.79	302.14
2026-05-25T16:03:23.8196613+08:00	0x02	0.7098	-0.0627	-0.6740	-0.1950	169.26	269.05	338.82
2026-05-25T16:03:24.1107595+08:00	0x03	-0.4194	0.0394	0.4308	0.7981	67.07	335.16	315.30
2026-05-25T16:03:24.3547058+08:00	0x02	0.7098	-0.0631	-0.6740	-0.1951	169.28	269.05	338.78
