timestamp	device	q0	q1	q2	q3	yaw	pitch	roll
2026-05-07T21:02:28.0899827+08:00	0x06	-0.6874	-0.0913	0.7194	-0.0403	176.06	272.24	10.77
2026-05-07T21:02:28.1426880+08:00	0x03	-0.0032	-0.0174	0.3566	0.9341	41.78	358.00	0.37
2026-05-07T21:02:28.3032060+08:00	0x09	-0.0061	-0.0870	-0.9892	0.1177	193.62	359.51	350.01
2026-05-07T21:02:28.3254151+08:00	0x01	-0.0323	-0.0650	-0.2675	0.9608	329.19	353.79	354.44
2026-05-07T21:02:28.4765305+08:00	0x02	0.0136	0.0014	-0.9566	0.2910	213.83	358.55	0.61
2026-05-07T21:02:28.5887127+08:00	0x07	-0.1236	-0.6447	0.2099	-0.7246	350.67	81.10	26.73
2026-05-07T21:02:28.6264852+08:00	0x06	-0.6236	-0.0351	0.7808	-0.0157	178.90	282.74	4.27
2026-05-07T21:02:28.7338557+08:00	0x03	-0.0032	-0.0174	0.3566	0.9341	41.78	358.00	0.37
2026-05-07T21:02:28.8235549+08:00	0x09	-0.0062	-0.0870	-0.9892	0.1177	193.61	359.52	350.01
2026-05-07T21:02:28.9407064+08:00	0x05	0.0049	-0.0057	0.4801	0.8772	57.38	359.69	0.80
2026-05-07T21:02:29.0848026+08:00	0x07	-0.1499	-0.7334	0.1166	-0.6528	4.17	97.45	21.51
2026-05-07T21:02:29.1220743+08:00	0x04	-0.0105	-0.0171	-0.1962	0.9804	337.38	358.31	358.44
2026-05-07T21:02:29.2277413+08:00	0x03	-0.0032	-0.0174	0.3566	0.9341	41.78	358.00	0.37
2026-05-07T21:02:29.3575286+08:00	0x01	-0.0323	-0.0650	-0.2675	0.9608	329.19	353.79	354.44
2026-05-07T21:02:29.3952245+08:00	0x09	-0.0062	-0.0869	-0.9892	0.1177	193.61	359.52	350.01
2026-05-07T21:02:29.5168813+08:00	0x04	-0.0105	-0.0172	-0.1962	0.9803	337.38	358.31	358.43
2026-05-07T21:02:29.6005149+08:00	0x07	-0.0352	-0.7315	0.0285	-0.6803	0.73	94.19	5.14
2026-05-07T21:02:29.7603461+08:00	0x03	-0.0032	-0.0174	0.3566	0.9341	41.78	358.00	0.37
2026-05-07T21:02:29.8892935+08:00	0x01	-0.0323	-0.0650	-0.2675	0.9608	329.19	353.79	354.44
2026-05-07T21:02:29.9810264+08:00	0x02	0.0136	0.0014	-0.9566	0.2910	213.83	358.55	0.61
2026-05-07T21:02:30.1188600+08:00	0x04	-0.0105	-0.0172	-0.1962	0.9803	337.38	358.31	358.43
2026-05-07T21:02:30.1809491+08:00	0x06	-0.7098	0.0264	0.7005	0.0683	176.63	269.47	352.30
2026-05-07T21:02:30.2544869+08:00	0x08	-0.0032	-0.0269	-0.0030	0.9996	359.67	356.92	359.63
2026-05-07T21:02:30.3069099+08:00	0x03	-0.0032	-0.0174	0.3566	0.9341	41.78	358.01	0.37
2026-05-07T21:02:30.4525674+08:00	0x09	-0.0061	-0.0869	-0.9892	0.1177	193.61	359.51	350.02
2026-05-07T21:02:30.4746389+08:00	0x01	-0.0323	-0.0650	-0.2675	0.9608	329.19	353.79	354.44
2026-05-07T21:02:30.5215290+08:00	0x02	0.0136	0.0014	-0.9566	0.2910	213.83	358.55	0.61
2026-05-07T21:02:30.6876128+08:00	0x04	-0.0105	-0.0172	-0.1962	0.9803	337.38	358.31	358.43
2026-05-07T21:02:30.8115726+08:00	0x08	-0.0032	-0.0269	-0.0030	0.9996	359.67	356.92	359.63
2026-05-07T21:02:30.8857452+08:00	0x03	-0.0032	-0.0174	0.3566	0.9341	41.78	358.01	0.37
2026-05-07T21:02:30.9863354+08:00	0x09	-0.0061	-0.0869	-0.9892	0.1177	193.61	359.51	350.02
2026-05-07T21:02:31.0302224+08:00	0x01	-0.0323	-0.0650	-0.2675	0.9608	329.19	353.79	354.44
2026-05-07T21:02:31.1994923+08:00	0x05	0.0048	-0.0057	0.4801	0.8772	57.38	359.69	0.80
2026-05-07T21:02:31.2377492+08:00	0x04	-0.0105	-0.0172	-0.1962	0.9803	337.38	358.31	358.43
2026-05-07T21:02:31.3136958+08:00	0x07	-0.1710	-0.7070	0.1979	-0.6571	358.79	93.87	30.30
2026-05-07T21:02:31.4225601+08:00	0x03	-0.0032	-0.0174	0.3566	0.9341	41.78	358.01	0.37
2026-05-07T21:02:31.4866315+08:00	0x09	-0.0061	-0.0869	-0.9892	0.1177	193.61	359.51	350.02
2026-05-07T21:02:31.6047531+08:00	0x02	0.0136	0.0014	-0.9566	0.2910	213.83	358.55	0.61
2026-05-07T21:02:31.7742274+08:00	0x04	-0.0105	-0.0172	-0.1962	0.9803	337.38	358.31	358.43
2026-05-07T21:02:31.8117377+08:00	0x07	-0.2098	-0.6960	0.2361	-0.6449	359.12	94.07	36.82
2026-05-07T21:02:31.9356186+08:00	0x06	-0.7114	0.0402	0.6963	0.0866	176.30	269.11	349.68
2026-05-07T21:02:32.0371729+08:00	0x01	-0.0323	-0.0649	-0.2675	0.9608	329.19	353.80	354.45
2026-05-07T21:02:32.1706806+08:00	0x02	0.0136	0.0014	-0.9566	0.2910	213.83	358.55	0.61
2026-05-07T21:02:32.3524569+08:00	0x04	-0.0105	-0.0172	-0.1962	0.9803	337.38	358.31	358.43
2026-05-07T21:02:32.4774621+08:00	0x08	-0.0032	-0.0269	-0.0030	0.9996	359.67	356.92	359.63
2026-05-07T21:02:32.5565642+08:00	0x03	-0.0032	-0.0174	0.3566	0.9341	41.78	358.01	0.37
2026-05-07T21:02:32.6932682+08:00	0x02	0.0136	0.0014	-0.9566	0.2910	213.83	358.55	0.61
2026-05-07T21:02:32.8773055+08:00	0x04	-0.0105	-0.0172	-0.1962	0.9803	337.38	358.31	358.43
2026-05-07T21:02:32.9230599+08:00	0x07	-0.3369	-0.6662	0.2975	-0.5951	9.04	100.95	52.89
2026-05-07T21:02:32.9853462+08:00	0x08	-0.0032	-0.0269	-0.0030	0.9996	359.67	356.92	359.63
2026-05-07T21:02:33.1231518+08:00	0x03	-0.0032	-0.0174	0.3566	0.9341	41.78	358.01	0.36
2026-05-07T21:02:33.1419467+08:00	0x01	-0.0323	-0.0650	-0.2675	0.9608	329.19	353.79	354.44
2026-05-07T21:02:33.2703284+08:00	0x02	0.0136	0.0014	-0.9566	0.2910	213.83	358.55	0.61
2026-05-07T21:02:33.4752391+08:00	0x04	-0.0105	-0.0172	-0.1962	0.9803	337.38	358.31	358.43
2026-05-07T21:02:33.4967904+08:00	0x07	-0.3332	-0.6673	0.2958	-0.5968	8.64	100.64	52.42
2026-05-07T21:02:33.6400681+08:00	0x09	-0.0061	-0.0868	-0.9892	0.1177	193.61	359.51	350.03
2026-05-07T21:02:33.6552061+08:00	0x03	-0.0032	-0.0174	0.3566	0.9341	41.78	358.01	0.36
2026-05-07T21:02:33.8368349+08:00	0x02	0.0136	0.0014	-0.9566	0.2910	213.83	358.55	0.61
2026-05-07T21:02:33.9671210+08:00	0x04	-0.0105	-0.0171	-0.1962	0.9803	337.38	358.31	358.43
2026-05-07T21:02:34.0274745+08:00	0x06	-0.7113	0.0398	0.6964	0.0861	176.31	269.12	349.76
2026-05-07T21:02:34.1712667+08:00	0x09	-0.0061	-0.0868	-0.9892	0.1177	193.61	359.51	350.03
2026-05-07T21:02:34.2067127+08:00	0x03	-0.0032	-0.0174	0.3566	0.9341	41.78	358.01	0.37
2026-05-07T21:02:34.2417299+08:00	0x01	-0.0323	-0.0650	-0.2675	0.9608	329.19	353.79	354.45
2026-05-07T21:02:34.3547970+08:00	0x02	0.0136	0.0014	-0.9566	0.2910	213.83	358.55	0.61
2026-05-07T21:02:34.3936930+08:00	0x05	0.0048	-0.0057	0.4801	0.8772	57.38	359.69	0.79
2026-05-07T21:02:34.5322335+08:00	0x07	-0.1733	-0.4072	0.4845	-0.7546	308.57	36.29	41.00
2026-05-07T21:02:34.5747584+08:00	0x04	-0.0105	-0.0171	-0.1962	0.9804	337.38	358.31	358.44
2026-05-07T21:02:34.6454651+08:00	0x08	-0.0032	-0.0269	-0.0030	0.9996	359.67	356.92	359.63
2026-05-07T21:02:34.7128536+08:00	0x09	-0.0061	-0.0868	-0.9892	0.1177	193.61	359.51	350.02
2026-05-07T21:02:34.7318025+08:00	0x03	-0.0032	-0.0174	0.3566	0.9341	41.78	358.01	0.37
2026-05-07T21:02:34.7916588+08:00	0x01	-0.0323	-0.0650	-0.2675	0.9608	329.19	353.79	354.45
2026-05-07T21:02:34.9268589+08:00	0x02	0.0136	0.0014	-0.9566	0.2910	213.83	358.55	0.61
2026-05-07T21:02:35.0013140+08:00	0x04	-0.0105	-0.0171	-0.1962	0.9804	337.38	358.31	358.44
2026-05-07T21:02:35.0706753+08:00	0x07	-0.0273	-0.2462	0.2353	-0.9398	334.21	27.15	9.62
2026-05-07T21:02:35.1816241+08:00	0x09	-0.0061	-0.0868	-0.9892	0.1177	193.61	359.51	350.03
2026-05-07T21:02:35.2314149+08:00	0x08	-0.0032	-0.0269	-0.0030	0.9996	359.67	356.92	359.63
2026-05-07T21:02:35.2923075+08:00	0x03	-0.0032	-0.0174	0.3566	0.9341	41.78	358.01	0.37
2026-05-07T21:02:35.4526576+08:00	0x02	0.0136	0.0014	-0.9566	0.2910	213.83	358.55	0.61
2026-05-07T21:02:35.6125572+08:00	0x07	-0.0203	-0.2248	0.0957	-0.9695	349.80	25.69	4.73
2026-05-07T21:02:35.6433786+08:00	0x04	-0.0105	-0.0172	-0.1962	0.9803	337.38	358.31	358.43
2026-05-07T21:02:35.6894676+08:00	0x06	-0.2586	0.0590	0.9335	0.2414	154.39	332.13	346.41
2026-05-07T21:02:35.7200040+08:00	0x08	-0.0031	-0.0269	-0.0030	0.9996	359.67	356.92	359.63
2026-05-07T21:02:35.8411237+08:00	0x03	-0.0032	-0.0174	0.3566	0.9341	41.78	358.01	0.37
2026-05-07T21:02:36.0252124+08:00	0x02	0.0136	0.0014	-0.9566	0.2910	213.83	358.55	0.61
2026-05-07T21:02:36.1237081+08:00	0x04	-0.0105	-0.0172	-0.1962	0.9803	337.38	358.31	358.43
2026-05-07T21:02:36.1957214+08:00	0x08	-0.0031	-0.0269	-0.0030	0.9996	359.67	356.92	359.63
2026-05-07T21:02:36.3405180+08:00	0x09	-0.0061	-0.0868	-0.9892	0.1177	193.61	359.51	350.03
2026-05-07T21:02:36.3861837+08:00	0x03	-0.0032	-0.0174	0.3566	0.9341	41.78	358.01	0.37
2026-05-07T21:02:36.4585631+08:00	0x01	-0.0323	-0.0650	-0.2675	0.9608	329.19	353.79	354.45
2026-05-07T21:02:36.5947650+08:00	0x02	0.0136	0.0014	-0.9566	0.2910	213.83	358.55	0.61
2026-05-07T21:02:36.6737985+08:00	0x07	0.0031	-0.2233	0.0158	-0.9746	358.16	25.81	0.06
2026-05-07T21:02:36.7746327+08:00	0x08	-0.0031	-0.0269	-0.0030	0.9996	359.67	356.92	359.63
2026-05-07T21:02:36.8493452+08:00	0x09	-0.0061	-0.0868	-0.9892	0.1177	193.61	359.51	350.03
2026-05-07T21:02:36.9328014+08:00	0x03	-0.0032	-0.0174	0.3566	0.9341	41.78	358.01	0.37
2026-05-07T21:02:37.0638999+08:00	0x01	-0.0323	-0.0650	-0.2675	0.9608	329.19	353.79	354.44
2026-05-07T21:02:37.1926455+08:00	0x04	-0.0105	-0.0172	-0.1962	0.9803	337.38	358.31	358.43
2026-05-07T21:02:37.2688975+08:00	0x07	0.0378	-0.2304	-0.0979	-0.9674	9.97	26.20	353.21
2026-05-07T21:02:37.3220629+08:00	0x08	-0.0031	-0.0269	-0.0030	0.9996	359.67	356.92	359.63
2026-05-07T21:02:37.3974899+08:00	0x06	-0.2494	0.0686	0.9311	0.2573	152.60	333.65	345.16
2026-05-07T21:02:37.4592226+08:00	0x09	-0.0061	-0.0868	-0.9892	0.1177	193.61	359.51	350.03
2026-05-07T21:02:37.4825932+08:00	0x03	-0.0032	-0.0174	0.3566	0.9341	41.78	358.01	0.37
2026-05-07T21:02:37.5359984+08:00	0x01	-0.0323	-0.0650	-0.2675	0.9608	329.19	353.79	354.45
2026-05-07T21:02:37.6874596+08:00	0x02	0.0137	0.0014	-0.9566	0.2910	213.83	358.55	0.61
2026-05-07T21:02:37.8049387+08:00	0x07	0.0481	-0.2354	-0.1334	-0.9615	13.70	26.44	351.06
2026-05-07T21:02:37.8637850+08:00	0x08	-0.0032	-0.0269	-0.0030	0.9996	359.67	356.92	359.63
2026-05-07T21:02:37.9705839+08:00	0x06	-0.2607	0.0721	0.9269	0.2603	152.49	332.43	344.37
2026-05-07T21:02:37.9885363+08:00	0x09	-0.0061	-0.0868	-0.9892	0.1177	193.61	359.51	350.03
2026-05-07T21:02:38.0281358+08:00	0x03	-0.0032	-0.0174	0.3566	0.9341	41.78	358.01	0.37
2026-05-07T21:02:38.1147455+08:00	0x01	-0.0323	-0.0650	-0.2675	0.9608	329.19	353.79	354.45
2026-05-07T21:02:38.2138395+08:00	0x02	0.0137	0.0014	-0.9566	0.2910	213.83	358.55	0.61
2026-05-07T21:02:38.3444344+08:00	0x07	0.0299	-0.2577	-0.1618	-0.9521	17.20	29.07	351.93
2026-05-07T21:02:38.4405461+08:00	0x08	-0.0032	-0.0269	-0.0030	0.9996	359.67	356.92	359.63
2026-05-07T21:02:38.5493055+08:00	0x09	-0.0061	-0.0868	-0.9892	0.1177	193.61	359.51	350.03
2026-05-07T21:02:38.6333030+08:00	0x01	-0.0323	-0.0650	-0.2675	0.9608	329.19	353.79	354.45
2026-05-07T21:02:38.7697283+08:00	0x04	-0.0105	-0.0172	-0.1962	0.9803	337.38	358.31	358.43
2026-05-07T21:02:38.7927138+08:00	0x02	0.0137	0.0014	-0.9566	0.2910	213.83	358.55	0.61
2026-05-07T21:02:38.8759872+08:00	0x07	0.0310	-0.2615	-0.1609	-0.9512	17.03	29.51	351.77
2026-05-07T21:02:38.9523672+08:00	0x08	-0.0031	-0.0269	-0.0030	0.9996	359.67	356.92	359.63
2026-05-07T21:02:39.0779795+08:00	0x06	-0.2651	0.0834	0.9178	0.2836	150.00	332.54	342.33
2026-05-07T21:02:39.2051545+08:00	0x01	-0.0323	-0.0650	-0.2675	0.9608	329.19	353.79	354.45
2026-05-07T21:02:39.3795396+08:00	0x04	-0.0105	-0.0172	-0.1962	0.9803	337.38	358.31	358.43
2026-05-07T21:02:39.4660694+08:00	0x07	0.0660	-0.2506	-0.1904	-0.9469	19.62	27.44	347.27
2026-05-07T21:02:39.5775516+08:00	0x06	-0.2704	0.0757	0.9191	0.2764	150.79	331.61	343.23
2026-05-07T21:02:39.6680017+08:00	0x03	-0.0032	-0.0174	0.3566	0.9341	41.78	358.00	0.37
2026-05-07T21:02:39.7233833+08:00	0x01	-0.0323	-0.0650	-0.2675	0.9608	329.19	353.79	354.45
2026-05-07T21:02:39.7684818+08:00	0x02	0.0136	0.0014	-0.9566	0.2910	213.83	358.55	0.61
2026-05-07T21:02:39.8673785+08:00	0x04	-0.0105	-0.0172	-0.1962	0.9803	337.38	358.31	358.43
2026-05-07T21:02:40.0206652+08:00	0x07	0.0804	-0.2651	-0.1891	-0.9421	18.91	29.00	345.42
2026-05-07T21:02:40.1581727+08:00	0x06	-0.2709	0.0672	0.9194	0.2771	150.53	331.37	344.12
2026-05-07T21:02:40.2644484+08:00	0x05	0.0048	-0.0056	0.4801	0.8772	57.38	359.70	0.80
2026-05-07T21:02:40.3855274+08:00	0x04	-0.0105	-0.0172	-0.1962	0.9803	337.38	358.31	358.43
2026-05-07T21:02:40.4990585+08:00	0x07	0.0825	-0.2720	-0.1931	-0.9391	19.22	29.74	344.93
2026-05-07T21:02:40.6459405+08:00	0x08	-0.0032	-0.0269	-0.0030	0.9996	359.67	356.92	359.63
2026-05-07T21:02:40.7446205+08:00	0x06	-0.2767	0.0657	0.9171	0.2795	150.30	330.68	344.03
2026-05-07T21:02:40.8504128+08:00	0x09	-0.0060	-0.0868	-0.9892	0.1177	193.61	359.51	350.03
2026-05-07T21:02:40.9046602+08:00	0x01	-0.0323	-0.0650	-0.2675	0.9608	329.19	353.79	354.45
2026-05-07T21:02:40.9663083+08:00	0x04	-0.0105	-0.0172	-0.1962	0.9803	337.38	358.31	358.43
2026-05-07T21:02:41.0905430+08:00	0x07	0.0878	-0.2786	-0.1973	-0.9358	19.45	30.42	344.08
2026-05-07T21:02:41.1367746+08:00	0x08	-0.0032	-0.0269	-0.0030	0.9996	359.67	356.92	359.63
2026-05-07T21:02:41.2472652+08:00	0x06	-0.2795	0.0667	0.9163	0.2791	150.42	330.36	343.84
2026-05-07T21:02:41.3154297+08:00	0x03	-0.0032	-0.0174	0.3566	0.9341	41.78	358.01	0.37
2026-05-07T21:02:41.3620222+08:00	0x02	0.0136	0.0014	-0.9566	0.2910	213.83	358.55	0.61
2026-05-07T21:02:41.4008145+08:00	0x01	-0.0323	-0.0650	-0.2675	0.9608	329.19	353.79	354.45
2026-05-07T21:02:41.4765304+08:00	0x09	-0.0061	-0.0868	-0.9892	0.1177	193.61	359.51	350.03
2026-05-07T21:02:41.5751112+08:00	0x07	0.0752	-0.2541	-0.2053	-0.9421	21.08	27.53	345.76
2026-05-07T21:02:41.7146493+08:00	0x08	-0.0032	-0.0269	-0.0030	0.9996	359.67	356.92	359.62
2026-05-07T21:02:41.7668736+08:00	0x03	-0.0032	-0.0174	0.3566	0.9341	41.78	358.01	0.37
2026-05-07T21:02:41.8662946+08:00	0x09	-0.0061	-0.0868	-0.9892	0.1177	193.61	359.51	350.03
2026-05-07T21:02:41.9716627+08:00	0x01	-0.0323	-0.0650	-0.2675	0.9608	329.19	353.79	354.44
2026-05-07T21:02:42.0345837+08:00	0x04	-0.0105	-0.0172	-0.1962	0.9803	337.38	358.31	358.43
2026-05-07T21:02:42.0926540+08:00	0x02	0.0136	0.0014	-0.9566	0.2910	213.83	358.55	0.61
2026-05-07T21:02:42.2027138+08:00	0x07	0.1482	-0.3729	-0.2203	-0.8891	18.13	41.40	334.67
2026-05-07T21:02:42.3087470+08:00	0x03	-0.0032	-0.0174	0.3566	0.9341	41.78	358.01	0.37
2026-05-07T21:02:42.3967729+08:00	0x09	-0.0061	-0.0868	-0.9892	0.1177	193.61	359.51	350.03
2026-05-07T21:02:42.5601265+08:00	0x02	0.0136	0.0014	-0.9566	0.2910	213.83	358.55	0.61
2026-05-07T21:02:42.7014719+08:00	0x07	0.2323	-0.5656	-0.1983	-0.7660	2.89	71.96	324.53
2026-05-07T21:02:42.8158582+08:00	0x06	-0.4559	0.0369	0.8677	0.1948	161.72	306.82	346.02
2026-05-07T21:02:42.8544032+08:00	0x08	-0.0032	-0.0269	-0.0030	0.9996	359.67	356.92	359.63
2026-05-07T21:02:42.8848324+08:00	0x03	-0.0032	-0.0174	0.3566	0.9341	41.78	358.01	0.37
2026-05-07T21:02:42.9394783+08:00	0x09	-0.0061	-0.0868	-0.9892	0.1177	193.61	359.51	350.03
2026-05-07T21:02:43.0763435+08:00	0x01	-0.0323	-0.0650	-0.2675	0.9608	329.19	353.79	354.44
2026-05-07T21:02:43.1449320+08:00	0x04	-0.0105	-0.0172	-0.1962	0.9803	337.38	358.31	358.43
2026-05-07T21:02:43.2898557+08:00	0x08	-0.0032	-0.0269	-0.0030	0.9996	359.67	356.92	359.63
2026-05-07T21:02:43.2968366+08:00	0x07	0.2300	-0.5603	-0.1992	-0.7704	3.45	70.96	324.72
2026-05-07T21:02:43.3437278+08:00	0x06	-0.4509	0.0378	0.8697	0.1974	161.40	307.51	345.89
2026-05-07T21:02:43.3929143+08:00	0x03	-0.0032	-0.0174	0.3566	0.9341	41.78	358.00	0.37
2026-05-07T21:02:43.5044750+08:00	0x09	-0.0061	-0.0868	-0.9892	0.1177	193.61	359.51	350.03
2026-05-07T21:02:43.6412983+08:00	0x02	0.0136	0.0014	-0.9566	0.2910	213.83	358.55	0.61
2026-05-07T21:02:43.7029715+08:00	0x04	-0.0105	-0.0172	-0.1962	0.9803	337.38	358.31	358.43
2026-05-07T21:02:43.7954945+08:00	0x08	-0.0032	-0.0269	-0.0030	0.9996	359.67	356.92	359.63
2026-05-07T21:02:43.8392760+08:00	0x07	0.2738	-0.6182	-0.2363	-0.6978	359.32	83.34	317.59
2026-05-07T21:02:43.9832798+08:00	0x03	-0.0032	-0.0174	0.3566	0.9341	41.78	358.01	0.37
2026-05-07T21:02:44.0992965+08:00	0x02	0.0136	0.0014	-0.9566	0.2910	213.83	358.55	0.61
2026-05-07T21:02:44.2689399+08:00	0x04	-0.0105	-0.0172	-0.1962	0.9803	337.38	358.31	358.43
2026-05-07T21:02:44.3485286+08:00	0x07	0.2880	-0.6154	-0.2504	-0.6897	359.26	83.79	315.14
2026-05-07T21:02:44.3759751+08:00	0x08	-0.0032	-0.0269	-0.0030	0.9996	359.67	356.92	359.63
2026-05-07T21:02:44.4978584+08:00	0x03	-0.0032	-0.0174	0.3566	0.9341	41.78	358.01	0.37
2026-05-07T21:02:44.5940919+08:00	0x09	-0.0061	-0.0868	-0.9892	0.1177	193.61	359.51	350.03
2026-05-07T21:02:44.7112536+08:00	0x02	0.0137	0.0014	-0.9566	0.2910	213.83	358.55	0.61
2026-05-07T21:02:44.7484495+08:00	0x01	-0.0323	-0.0650	-0.2675	0.9608	329.19	353.79	354.44
2026-05-07T21:02:44.8326318+08:00	0x08	-0.0032	-0.0269	-0.0030	0.9996	359.67	356.92	359.63
2026-05-07T21:02:44.9496084+08:00	0x07	0.2965	-0.6153	-0.2603	-0.6824	359.21	84.42	313.53
2026-05-07T21:02:45.0456297+08:00	0x03	-0.0032	-0.0174	0.3566	0.9341	41.78	358.01	0.37
2026-05-07T21:02:45.0987643+08:00	0x09	-0.0061	-0.0868	-0.9892	0.1177	193.61	359.51	350.03
2026-05-07T21:02:45.1913498+08:00	0x02	0.0137	0.0014	-0.9566	0.2910	213.83	358.55	0.61
2026-05-07T21:02:45.3703466+08:00	0x04	-0.0105	-0.0171	-0.1962	0.9803	337.38	358.31	358.43
2026-05-07T21:02:45.4748791+08:00	0x07	0.3010	-0.6137	-0.2684	-0.6788	359.56	84.43	312.43
2026-05-07T21:02:45.5875532+08:00	0x03	-0.0032	-0.0174	0.3566	0.9341	41.78	358.01	0.37
2026-05-07T21:02:45.6957869+08:00	0x09	-0.0061	-0.0868	-0.9892	0.1177	193.61	359.51	350.03
2026-05-07T21:02:45.8212594+08:00	0x01	-0.0323	-0.0650	-0.2675	0.9608	329.19	353.79	354.44
2026-05-07T21:02:45.9459839+08:00	0x08	-0.0031	-0.0269	-0.0030	0.9996	359.67	356.92	359.63
2026-05-07T21:02:45.9883681+08:00	0x07	0.3027	-0.6128	-0.2723	-0.6772	359.81	84.37	311.94
2026-05-07T21:02:46.0148349+08:00	0x02	0.0136	0.0014	-0.9566	0.2910	213.83	358.55	0.61
2026-05-07T21:02:46.1137669+08:00	0x03	-0.0032	-0.0174	0.3566	0.9341	41.78	358.01	0.37
2026-05-07T21:02:46.1820658+08:00	0x09	-0.0061	-0.0868	-0.9892	0.1177	193.61	359.51	350.02
2026-05-07T21:02:46.2815608+08:00	0x01	-0.0323	-0.0650	-0.2675	0.9608	329.19	353.79	354.44
2026-05-07T21:02:46.4653830+08:00	0x08	-0.0031	-0.0269	-0.0030	0.9996	359.67	356.92	359.63
2026-05-07T21:02:46.4890879+08:00	0x04	-0.0105	-0.0171	-0.1962	0.9804	337.38	358.31	358.44
2026-05-07T21:02:46.5498018+08:00	0x07	0.3034	-0.6131	-0.2717	-0.6770	359.64	84.49	311.94
2026-05-07T21:02:46.6587941+08:00	0x03	-0.0032	-0.0174	0.3566	0.9341	41.78	358.01	0.37
2026-05-07T21:02:46.7701508+08:00	0x09	-0.0061	-0.0868	-0.9892	0.1177	193.61	359.51	350.02
2026-05-07T21:02:46.8519122+08:00	0x02	0.0136	0.0014	-0.9566	0.2910	213.83	358.55	0.61
2026-05-07T21:02:47.0243145+08:00	0x08	-0.0032	-0.0269	-0.0030	0.9996	359.67	356.92	359.63
2026-05-07T21:02:47.0527738+08:00	0x04	-0.0105	-0.0171	-0.1962	0.9804	337.38	358.31	358.44
2026-05-07T21:02:47.1834875+08:00	0x06	-0.6800	0.0410	0.7290	0.0672	177.55	274.17	351.30
2026-05-07T21:02:47.1986984+08:00	0x03	-0.0032	-0.0174	0.3566	0.9341	41.78	358.01	0.37
2026-05-07T21:02:47.3040406+08:00	0x09	-0.0061	-0.0868	-0.9892	0.1177	193.61	359.51	350.03
2026-05-07T21:02:47.4814030+08:00	0x02	0.0136	0.0014	-0.9566	0.2910	213.83	358.55	0.61
2026-05-07T21:02:47.5557699+08:00	0x04	-0.0105	-0.0171	-0.1962	0.9804	337.38	358.31	358.44
2026-05-07T21:02:47.6354626+08:00	0x07	0.3004	-0.6292	-0.2456	-0.6734	356.13	87.74	314.47
2026-05-07T21:02:47.7017721+08:00	0x08	-0.0032	-0.0269	-0.0030	0.9996	359.67	356.92	359.63
2026-05-07T21:02:47.7947209+08:00	0x03	-0.0032	-0.0174	0.3566	0.9341	41.78	358.01	0.37
2026-05-07T21:02:47.8601366+08:00	0x09	-0.0061	-0.0868	-0.9892	0.1177	193.61	359.51	350.03
2026-05-07T21:02:47.9607209+08:00	0x02	0.0136	0.0014	-0.9566	0.2910	213.83	358.55	0.61
2026-05-07T21:02:47.9845501+08:00	0x05	0.0048	-0.0057	0.4801	0.8772	57.38	359.69	0.79
2026-05-07T21:02:48.1084295+08:00	0x08	-0.0032	-0.0269	-0.0030	0.9996	359.67	356.92	359.63
2026-05-07T21:02:48.1604605+08:00	0x04	-0.0105	-0.0171	-0.1962	0.9804	337.38	358.31	358.44
2026-05-07T21:02:48.2007436+08:00	0x07	0.3172	-0.6727	-0.1884	-0.6414	345.73	98.14	318.67
2026-05-07T21:02:48.2877675+08:00	0x03	-0.0032	-0.0174	0.3566	0.9341	41.78	358.01	0.37
2026-05-07T21:02:48.3912903+08:00	0x06	-0.6989	-0.0572	0.7129	-0.0037	175.70	270.95	4.98
2026-05-07T21:02:48.5254287+08:00	0x01	-0.0323	-0.0650	-0.2675	0.9608	329.19	353.79	354.44
2026-05-07T21:02:48.5920858+08:00	0x08	-0.0032	-0.0269	-0.0030	0.9996	359.67	356.92	359.63
2026-05-07T21:02:48.6478736+08:00	0x04	-0.0105	-0.0172	-0.1962	0.9803	337.38	358.31	358.43
2026-05-07T21:02:48.6958595+08:00	0x07	0.4471	-0.6579	-0.2942	-0.5298	327.08	121.46	300.59
2026-05-07T21:02:48.8248189+08:00	0x03	-0.0032	-0.0174	0.3566	0.9341	41.78	358.00	0.37
2026-05-07T21:02:48.9758676+08:00	0x09	-0.0061	-0.0868	-0.9892	0.1177	193.61	359.51	350.03
2026-05-07T21:02:49.0296962+08:00	0x02	0.0136	0.0014	-0.9566	0.2910	213.83	358.55	0.61
2026-05-07T21:02:49.2054553+08:00	0x08	-0.0032	-0.0269	-0.0030	0.9996	359.67	356.92	359.63
2026-05-07T21:02:49.2394884+08:00	0x04	-0.0105	-0.0172	-0.1962	0.9803	337.38	358.31	358.43
2026-05-07T21:02:49.3640611+08:00	0x03	-0.0032	-0.0174	0.3566	0.9341	41.78	358.00	0.37
2026-05-07T21:02:49.4806539+08:00	0x09	-0.0061	-0.0868	-0.9892	0.1177	193.61	359.51	350.02
2026-05-07T21:02:49.6128199+08:00	0x02	0.0136	0.0015	-0.9566	0.2910	213.83	358.55	0.62
2026-05-07T21:02:49.6886016+08:00	0x08	-0.0032	-0.0269	-0.0030	0.9996	359.67	356.92	359.63
2026-05-07T21:02:49.7899292+08:00	0x01	-0.0323	-0.0650	-0.2675	0.9608	329.19	353.79	354.45
2026-05-07T21:02:49.8128694+08:00	0x04	-0.0105	-0.0172	-0.1962	0.9803	337.38	358.31	358.43
2026-05-07T21:02:49.8995908+08:00	0x03	-0.0032	-0.0174	0.3566	0.9341	41.78	358.00	0.37
2026-05-07T21:02:50.0553516+08:00	0x09	-0.0061	-0.0868	-0.9892	0.1177	193.61	359.51	350.02
2026-05-07T21:02:50.1470248+08:00	0x01	-0.0323	-0.0650	-0.2675	0.9608	329.19	353.79	354.45
2026-05-07T21:02:50.2328182+08:00	0x02	0.0136	0.0015	-0.9566	0.2910	213.83	358.55	0.62
2026-05-07T21:02:50.2843105+08:00	0x08	-0.0032	-0.0269	-0.0030	0.9996	359.67	356.92	359.63
2026-05-07T21:02:50.3616668+08:00	0x07	0.4434	-0.6588	-0.2912	-0.5335	327.96	120.44	301.04
2026-05-07T21:02:50.4297587+08:00	0x03	-0.0032	-0.0174	0.3566	0.9341	41.78	358.00	0.37
2026-05-07T21:02:50.5997784+08:00	0x09	-0.0061	-0.0868	-0.9892	0.1177	193.61	359.51	350.02
2026-05-07T21:02:50.7075948+08:00	0x01	-0.0323	-0.0650	-0.2675	0.9608	329.19	353.79	354.45
2026-05-07T21:02:50.8053366+08:00	0x02	0.0136	0.0014	-0.9566	0.2910	213.83	358.55	0.61
2026-05-07T21:02:50.9044055+08:00	0x07	0.0749	-0.6721	0.0322	-0.7360	351.47	85.09	356.16
2026-05-07T21:02:50.9803408+08:00	0x04	-0.0105	-0.0172	-0.1962	0.9803	337.38	358.31	358.43
2026-05-07T21:02:51.1383790+08:00	0x09	-0.0062	-0.0869	-0.9892	0.1177	193.61	359.52	350.01
2026-05-07T21:02:51.2799211+08:00	0x01	-0.0323	-0.0650	-0.2675	0.9608	329.19	353.79	354.44
2026-05-07T21:02:51.3176953+08:00	0x02	0.0136	0.0014	-0.9566	0.2910	213.83	358.55	0.61
2026-05-07T21:02:51.3542018+08:00	0x08	-0.0032	-0.0269	-0.0030	0.9996	359.67	356.92	359.63
2026-05-07T21:02:51.3934268+08:00	0x06	-0.6964	-0.1029	0.7102	-0.0048	172.06	270.51	8.79
2026-05-07T21:02:51.4856488+08:00	0x07	-0.0262	-0.6814	0.1392	-0.7181	350.29	85.87	13.13
2026-05-07T21:02:51.5702171+08:00	0x03	-0.0032	-0.0174	0.3566	0.9341	41.78	358.00	0.37
2026-05-07T21:02:51.6938129+08:00	0x09	-0.0062	-0.0870	-0.9892	0.1177	193.61	359.52	350.00
2026-05-07T21:02:51.8875397+08:00	0x04	-0.0105	-0.0172	-0.1962	0.9803	337.38	358.31	358.43
2026-05-07T21:02:51.9207083+08:00	0x01	-0.0323	-0.0650	-0.2675	0.9608	329.19	353.79	354.45
2026-05-07T21:02:52.0329120+08:00	0x02	0.0136	0.0014	-0.9566	0.2910	213.83	358.55	0.61
2026-05-07T21:02:52.1125220+08:00	0x03	-0.0032	-0.0174	0.3566	0.9341	41.78	358.01	0.37
2026-05-07T21:02:52.2728130+08:00	0x09	-0.0063	-0.0871	-0.9892	0.1177	193.62	359.53	349.99
2026-05-07T21:02:52.3615138+08:00	0x01	-0.0323	-0.0650	-0.2675	0.9608	329.19	353.79	354.45
2026-05-07T21:02:52.4081852+08:00	0x04	-0.0105	-0.0172	-0.1962	0.9803	337.38	358.31	358.43
2026-05-07T21:02:52.4341158+08:00	0x02	0.0136	0.0014	-0.9566	0.2910	213.83	358.55	0.61
2026-05-07T21:02:52.4927736+08:00	0x06	-0.6074	-0.3734	0.6328	-0.3021	172.46	268.24	57.09
2026-05-07T21:02:52.6447792+08:00	0x07	-0.1040	-0.6804	0.2044	-0.6960	350.92	86.68	25.01
2026-05-07T21:02:52.6687148+08:00	0x03	-0.0032	-0.0174	0.3566	0.9341	41.78	358.01	0.37
2026-05-07T21:02:52.7523746+08:00	0x09	-0.0063	-0.0871	-0.9892	0.1177	193.62	359.53	349.99
2026-05-07T21:02:52.9517782+08:00	0x01	-0.0323	-0.0650	-0.2675	0.9608	329.19	353.79	354.45
2026-05-07T21:02:53.0205142+08:00	0x08	-0.0032	-0.0269	-0.0030	0.9996	359.67	356.92	359.63
2026-05-07T21:02:53.1593262+08:00	0x07	-0.1928	-0.6614	0.2840	-0.6669	350.80	86.24	39.25
2026-05-07T21:02:53.2350663+08:00	0x03	-0.0032	-0.0174	0.3566	0.9341	41.78	358.00	0.37
2026-05-07T21:02:53.3528172+08:00	0x09	-0.0063	-0.0872	-0.9892	0.1177	193.62	359.53	349.98
2026-05-07T21:02:53.4584149+08:00	0x02	0.0136	0.0014	-0.9566	0.2910	213.83	358.55	0.61
2026-05-07T21:02:53.4882241+08:00	0x01	-0.0323	-0.0650	-0.2675	0.9608	329.19	353.79	354.44
2026-05-07T21:02:53.6083201+08:00	0x06	-0.5952	-0.3881	0.6215	-0.3298	173.82	268.83	61.05
2026-05-07T21:02:53.6936588+08:00	0x07	-0.3432	-0.7743	0.2478	-0.4703	24.95	127.91	44.96
2026-05-07T21:02:53.8213536+08:00	0x03	-0.0032	-0.0174	0.3566	0.9341	41.78	358.00	0.37
2026-05-07T21:02:53.8856766+08:00	0x09	-0.0063	-0.0873	-0.9892	0.1177	193.62	359.53	349.97
2026-05-07T21:02:53.9322215+08:00	0x01	-0.0323	-0.0649	-0.2675	0.9608	329.19	353.80	354.45
2026-05-07T21:02:54.0786034+08:00	0x04	-0.0105	-0.0172	-0.1962	0.9803	337.38	358.31	358.43
2026-05-07T21:02:54.0934328+08:00	0x02	0.0136	0.0014	-0.9566	0.2910	213.83	358.55	0.61
2026-05-07T21:02:54.1706075+08:00	0x06	-0.6007	-0.4054	0.5750	-0.3798	172.53	262.52	67.29
2026-05-07T21:02:54.2256467+08:00	0x07	-0.2428	-0.7862	0.1728	-0.5414	13.31	114.76	32.32
2026-05-07T21:02:54.4102819+08:00	0x03	-0.0032	-0.0174	0.3566	0.9341	41.78	358.00	0.37
2026-05-07T21:02:54.4380635+08:00	0x09	-0.0063	-0.0873	-0.9892	0.1177	193.62	359.53	349.96
2026-05-07T21:02:54.5589820+08:00	0x02	0.0136	0.0014	-0.9566	0.2910	213.83	358.55	0.61
2026-05-07T21:02:54.5743697+08:00	0x01	-0.0323	-0.0649	-0.2675	0.9608	329.19	353.80	354.45
2026-05-07T21:02:54.7263336+08:00	0x08	-0.0032	-0.0269	-0.0030	0.9996	359.67	356.92	359.63
2026-05-07T21:02:54.8212947+08:00	0x07	-0.4029	-0.7960	0.2427	-0.3810	39.30	145.22	43.90
2026-05-07T21:02:54.8787054+08:00	0x03	-0.0032	-0.0174	0.3566	0.9341	41.78	358.00	0.37
2026-05-07T21:02:55.0072958+08:00	0x09	-0.0064	-0.0873	-0.9892	0.1177	193.62	359.54	349.96
2026-05-07T21:02:55.0394534+08:00	0x01	-0.0323	-0.0649	-0.2675	0.9608	329.19	353.80	354.45
2026-05-07T21:02:55.1659452+08:00	0x04	-0.0105	-0.0171	-0.1962	0.9804	337.38	358.31	358.44
2026-05-07T21:02:55.1888838+08:00	0x02	0.0136	0.0014	-0.9566	0.2910	213.83	358.55	0.61
2026-05-07T21:02:55.2478742+08:00	0x06	-0.5118	-0.3641	0.6934	-0.3531	193.55	294.98	60.04
2026-05-07T21:02:55.3509523+08:00	0x07	-0.3917	-0.8076	0.1343	-0.4200	38.35	136.84	33.08
2026-05-07T21:02:55.4747092+08:00	0x03	-0.0032	-0.0174	0.3566	0.9341	41.78	358.00	0.37
2026-05-07T21:02:55.5576532+08:00	0x09	-0.0064	-0.0873	-0.9892	0.1177	193.62	359.54	349.96
2026-05-07T21:02:55.6424636+08:00	0x02	0.0136	0.0014	-0.9566	0.2910	213.83	358.55	0.61
2026-05-07T21:02:55.7862133+08:00	0x08	-0.0032	-0.0269	-0.0030	0.9996	359.67	356.92	359.63
2026-05-07T21:02:55.8946133+08:00	0x07	-0.5336	-0.6744	0.3522	-0.3693	68.34	165.68	60.37
2026-05-07T21:02:56.0019115+08:00	0x03	-0.0032	-0.0174	0.3566	0.9341	41.78	358.01	0.37
2026-05-07T21:02:56.0917737+08:00	0x09	-0.0064	-0.0873	-0.9892	0.1177	193.62	359.54	349.96
2026-05-07T21:02:56.1553399+08:00	0x05	0.0048	-0.0057	0.4801	0.8772	57.38	359.69	0.80
2026-05-07T21:02:56.2250214+08:00	0x02	0.0136	0.0014	-0.9566	0.2910	213.83	358.55	0.61
2026-05-07T21:02:56.2957121+08:00	0x08	-0.0031	-0.0269	-0.0030	0.9996	359.67	356.92	359.63
2026-05-07T21:02:56.4264125+08:00	0x07	-0.5708	-0.6177	0.4031	-0.3608	86.77	182.00	65.48
2026-05-07T21:02:56.5630596+08:00	0x03	-0.0032	-0.0174	0.3566	0.9341	41.78	358.01	0.37
2026-05-07T21:02:56.6256129+08:00	0x09	-0.0064	-0.0874	-0.9892	0.1177	193.62	359.54	349.95
2026-05-07T21:02:56.7624615+08:00	0x02	0.0136	0.0014	-0.9566	0.2910	213.83	358.55	0.61
2026-05-07T21:02:56.8583376+08:00	0x06	-0.4022	-0.3558	0.7577	-0.3708	210.31	320.77	56.87
2026-05-07T21:02:56.8772799+08:00	0x08	-0.0032	-0.0269	-0.0030	0.9996	359.67	356.92	359.63
2026-05-07T21:02:56.9305710+08:00	0x07	-0.6579	-0.6356	0.2960	-0.2749	93.48	183.40	47.56
2026-05-07T21:02:57.1533261+08:00	0x03	-0.0032	-0.0174	0.3566	0.9341	41.78	358.01	0.37
2026-05-07T21:02:57.1768558+08:00	0x09	-0.0065	-0.0874	-0.9892	0.1177	193.62	359.55	349.95
2026-05-07T21:02:57.3270380+08:00	0x02	0.0136	0.0014	-0.9566	0.2910	213.83	358.55	0.61
2026-05-07T21:02:57.3784010+08:00	0x08	-0.0032	-0.0269	-0.0030	0.9996	359.67	356.92	359.63
2026-05-07T21:02:57.4538651+08:00	0x07	-0.7649	-0.4663	0.4209	-0.1426	131.48	220.18	37.64
2026-05-07T21:02:57.6675038+08:00	0x03	-0.0032	-0.0174	0.3566	0.9341	41.78	358.01	0.37
2026-05-07T21:02:57.7840762+08:00	0x01	-0.0323	-0.0649	-0.2675	0.9608	329.19	353.80	354.45
2026-05-07T21:02:57.8366693+08:00	0x02	0.0136	0.0014	-0.9566	0.2910	213.83	358.55	0.61
2026-05-07T21:02:57.9367218+08:00	0x04	-0.0105	-0.0171	-0.1962	0.9804	337.38	358.31	358.44
2026-05-07T21:02:58.0057075+08:00	0x07	-0.7913	-0.3950	0.4315	-0.1778	142.95	223.87	38.48
2026-05-07T21:02:58.2048222+08:00	0x03	-0.0032	-0.0174	0.3566	0.9341	41.78	358.01	0.37
2026-05-07T21:02:58.2355508+08:00	0x09	-0.0064	-0.0874	-0.9892	0.1177	193.62	359.54	349.95
2026-05-07T21:02:58.4076367+08:00	0x02	0.0136	0.0014	-0.9566	0.2910	213.83	358.55	0.61
2026-05-07T21:02:58.4300618+08:00	0x05	0.0049	-0.0057	0.4801	0.8772	57.38	359.69	0.80
2026-05-07T21:02:58.5145654+08:00	0x07	-0.6833	-0.2029	0.6866	-0.1434	174.76	268.96	28.33
2026-05-07T21:02:58.5338888+08:00	0x08	-0.0032	-0.0269	-0.0030	0.9996	359.67	356.92	359.63
2026-05-07T21:02:58.7674205+08:00	0x01	-0.0323	-0.0649	-0.2675	0.9608	329.19	353.80	354.45
2026-05-07T21:02:58.8296232+08:00	0x09	-0.0064	-0.0874	-0.9892	0.1177	193.62	359.54	349.96
2026-05-07T21:02:59.0051817+08:00	0x06	-0.5442	-0.3914	0.6496	-0.3586	185.22	283.36	64.01
2026-05-07T21:02:59.0365912+08:00	0x02	0.0136	0.0014	-0.9566	0.2910	213.83	358.55	0.61
2026-05-07T21:02:59.1092634+08:00	0x07	-0.7308	-0.0446	0.6806	0.0278	174.08	265.87	1.15
2026-05-07T21:02:59.3063874+08:00	0x03	-0.0032	-0.0174	0.3566	0.9341	41.78	358.01	0.37
2026-05-07T21:02:59.3697911+08:00	0x09	-0.0064	-0.0873	-0.9892	0.1177	193.62	359.54	349.96
2026-05-07T21:02:59.4992070+08:00	0x02	0.0136	0.0014	-0.9566	0.2910	213.83	358.55	0.61
2026-05-07T21:02:59.5743576+08:00	0x04	-0.0105	-0.0171	-0.1962	0.9803	337.38	358.31	358.43
2026-05-07T21:02:59.6225132+08:00	0x08	-0.0032	-0.0269	-0.0030	0.9996	359.67	356.92	359.63
2026-05-07T21:02:59.6856586+08:00	0x06	-0.5466	-0.3939	0.6493	-0.3529	183.59	282.05	63.79
2026-05-07T21:02:59.8993195+08:00	0x01	-0.0322	-0.0649	-0.2675	0.9608	329.19	353.80	354.45
2026-05-07T21:02:59.9674086+08:00	0x09	-0.0064	-0.0873	-0.9892	0.1177	193.62	359.54	349.96
2026-05-07T21:03:00.0759952+08:00	0x02	0.0136	0.0014	-0.9566	0.2910	213.83	358.55	0.61
2026-05-07T21:03:00.1061204+08:00	0x06	-0.5450	-0.3965	0.6469	-0.3566	183.87	282.21	64.40
2026-05-07T21:03:00.1794036+08:00	0x07	-0.7376	0.0570	0.6625	0.1169	175.81	264.39	345.63
2026-05-07T21:03:00.2132914+08:00	0x08	-0.0032	-0.0269	-0.0030	0.9996	359.67	356.92	359.63
2026-05-07T21:03:00.4285707+08:00	0x03	-0.0032	-0.0174	0.3566	0.9341	41.78	358.01	0.37
2026-05-07T21:03:00.5057091+08:00	0x09	-0.0064	-0.0873	-0.9892	0.1177	193.62	359.54	349.96
2026-05-07T21:03:00.5877869+08:00	0x02	0.0136	0.0014	-0.9566	0.2910	213.83	358.55	0.61
2026-05-07T21:03:00.6434001+08:00	0x06	-0.5438	-0.3981	0.6449	-0.3603	184.29	282.45	64.87
2026-05-07T21:03:00.7041408+08:00	0x08	-0.0032	-0.0269	-0.0030	0.9996	359.67	356.92	359.63
2026-05-07T21:03:00.7621200+08:00	0x07	-0.7042	0.2001	0.6335	0.2504	177.45	264.81	322.68
2026-05-07T21:03:00.9422842+08:00	0x01	-0.0323	-0.0649	-0.2675	0.9608	329.19	353.80	354.45
2026-05-07T21:03:01.0444634+08:00	0x09	-0.0064	-0.0873	-0.9892	0.1177	193.62	359.54	349.96
2026-05-07T21:03:01.1328804+08:00	0x05	0.0049	-0.0057	0.4801	0.8772	57.38	359.70	0.80
2026-05-07T21:03:01.2645736+08:00	0x04	-0.0105	-0.0171	-0.1962	0.9804	337.38	358.31	358.44
2026-05-07T21:03:01.4485040+08:00	0x07	-0.6801	0.2665	0.6105	0.3062	179.03	264.25	312.11
2026-05-07T21:03:01.6342383+08:00	0x09	-0.0064	-0.0873	-0.9892	0.1177	193.62	359.54	349.96
2026-05-07T21:03:23.5323889+08:00	0x02	0.0136	0.0014	-0.9566	0.2910	213.83	358.55	0.61
2026-05-07T21:03:23.5323889+08:00	0x06	-0.5515	-0.3877	0.6520	-0.3470	183.12	281.45	62.66
2026-05-07T21:03:23.5323889+08:00	0x07	-0.6579	0.3100	0.5919	0.3475	179.64	264.15	304.50
2026-05-07T21:03:23.5323889+08:00	0x03	-0.0032	-0.0174	0.3566	0.9341	41.78	358.01	0.37
2026-05-07T21:03:23.5323889+08:00	0x09	-0.0064	-0.0873	-0.9892	0.1177	193.62	359.54	349.96
2026-05-07T21:03:23.5323889+08:00	0x08	-0.0031	-0.0269	-0.0030	0.9996	359.67	356.92	359.63
2026-05-07T21:03:23.5323889+08:00	0x06	-0.5546	-0.3870	0.6525	-0.3418	182.06	280.51	62.16
2026-05-07T21:03:23.5323889+08:00	0x03	-0.0032	-0.0174	0.3566	0.9341	41.78	358.01	0.37
2026-05-07T21:03:23.5323889+08:00	0x01	-0.0323	-0.0649	-0.2675	0.9608	329.19	353.80	354.45
2026-05-07T21:03:23.5323889+08:00	0x09	-0.0064	-0.0873	-0.9892	0.1177	193.62	359.54	349.96
2026-05-07T21:03:23.5323889+08:00	0x02	0.0136	0.0014	-0.9566	0.2910	213.83	358.55	0.61
2026-05-07T21:03:23.5333849+08:00	0x06	-0.5752	-0.3817	0.6490	-0.3199	177.29	275.34	59.70
2026-05-07T21:03:23.5333849+08:00	0x03	-0.0032	-0.0174	0.3566	0.9341	41.78	358.01	0.37
2026-05-07T21:03:23.5333849+08:00	0x01	-0.0323	-0.0649	-0.2675	0.9608	329.19	353.80	354.45
2026-05-07T21:03:23.5333849+08:00	0x04	-0.0105	-0.0171	-0.1962	0.9804	337.38	358.32	358.44
2026-05-07T21:03:23.5333849+08:00	0x02	0.0136	0.0014	-0.9566	0.2910	213.83	358.55	0.61
2026-05-07T21:03:23.5333849+08:00	0x03	-0.0032	-0.0174	0.3566	0.9341	41.78	358.01	0.37
2026-05-07T21:03:23.5333849+08:00	0x05	0.0049	-0.0057	0.4801	0.8772	57.38	359.69	0.80
2026-05-07T21:03:23.5333849+08:00	0x08	-0.0031	-0.0269	-0.0030	0.9996	359.67	356.92	359.63
2026-05-07T21:03:23.5333849+08:00	0x03	-0.0032	-0.0174	0.3566	0.9341	41.78	358.01	0.37
2026-05-07T21:03:23.5333849+08:00	0x01	-0.0323	-0.0649	-0.2675	0.9608	329.19	353.80	354.45
2026-05-07T21:03:23.5333849+08:00	0x02	0.0136	0.0014	-0.9566	0.2910	213.83	358.55	0.61
2026-05-07T21:03:23.5333849+08:00	0x08	-0.0031	-0.0269	-0.0030	0.9996	359.67	356.92	359.63
2026-05-07T21:03:23.5333849+08:00	0x07	-0.6278	0.3535	0.5675	0.3986	178.85	264.95	295.62
2026-05-07T21:03:23.5333849+08:00	0x01	-0.0323	-0.0649	-0.2675	0.9608	329.19	353.80	354.45
2026-05-07T21:03:23.5333849+08:00	0x03	-0.0032	-0.0174	0.3566	0.9341	41.78	358.01	0.37
2026-05-07T21:03:23.5333849+08:00	0x04	-0.0105	-0.0171	-0.1962	0.9804	337.38	358.31	358.44
2026-05-07T21:03:23.5333849+08:00	0x02	0.0136	0.0014	-0.9566	0.2910	213.83	358.55	0.61
2026-05-07T21:03:23.5333849+08:00	0x08	-0.0032	-0.0269	-0.0030	0.9996	359.67	356.92	359.63
2026-05-07T21:03:23.5333849+08:00	0x03	-0.0032	-0.0174	0.3566	0.9341	41.78	358.01	0.37
2026-05-07T21:03:23.5333849+08:00	0x04	-0.0105	-0.0171	-0.1962	0.9804	337.38	358.31	358.44
2026-05-07T21:03:23.5333849+08:00	0x08	-0.0032	-0.0269	-0.0030	0.9996	359.67	356.92	359.63
2026-05-07T21:03:23.5333849+08:00	0x07	-0.5452	0.4406	0.4680	0.5381	144.53	295.44	272.30
2026-05-07T21:03:23.5333849+08:00	0x09	-0.0069	-0.0876	-0.9892	0.1177	193.61	359.59	349.93
2026-05-07T21:03:23.5333849+08:00	0x03	-0.0032	-0.0174	0.3566	0.9341	41.78	358.01	0.37
2026-05-07T21:03:23.5333849+08:00	0x04	-0.0105	-0.0171	-0.1962	0.9803	337.38	358.31	358.43
2026-05-07T21:03:23.5333849+08:00	0x02	0.0136	0.0014	-0.9566	0.2910	213.83	358.55	0.60
2026-05-07T21:03:23.5333849+08:00	0x08	-0.0032	-0.0269	-0.0030	0.9996	359.67	356.92	359.63
2026-05-07T21:03:23.5333849+08:00	0x07	-0.5517	0.4805	0.4413	0.5196	271.44	169.98	274.11
2026-05-07T21:03:23.5333849+08:00	0x09	-0.0067	-0.0874	-0.9892	0.1177	193.61	359.58	349.95
2026-05-07T21:03:23.5333849+08:00	0x01	-0.0323	-0.0649	-0.2675	0.9608	329.19	353.80	354.45
2026-05-07T21:03:23.5333849+08:00	0x04	-0.0105	-0.0171	-0.1962	0.9804	337.38	358.32	358.43
2026-05-07T21:03:23.5333849+08:00	0x05	0.0048	-0.0057	0.4801	0.8772	57.38	359.69	0.79
2026-05-07T21:03:23.5333849+08:00	0x03	-0.0032	-0.0174	0.3566	0.9341	41.78	358.01	0.37
2026-05-07T21:03:23.5333849+08:00	0x07	-0.5406	0.4773	0.4236	0.5482	317.71	121.50	274.40
2026-05-07T21:03:23.5333849+08:00	0x02	0.0136	0.0013	-0.9566	0.2910	213.83	358.55	0.60
2026-05-07T21:03:23.5333849+08:00	0x09	-0.0067	-0.0873	-0.9892	0.1177	193.61	359.57	349.97
2026-05-07T21:03:23.5333849+08:00	0x01	-0.0323	-0.0649	-0.2675	0.9608	329.19	353.80	354.45
2026-05-07T21:03:23.5333849+08:00	0x03	-0.0032	-0.0174	0.3566	0.9341	41.78	358.01	0.37
2026-05-07T21:03:23.5333849+08:00	0x02	0.0136	0.0013	-0.9566	0.2910	213.83	358.55	0.60
2026-05-07T21:03:23.5333849+08:00	0x08	-0.0032	-0.0269	-0.0030	0.9996	359.67	356.92	359.63
2026-05-07T21:03:23.5333849+08:00	0x04	-0.0105	-0.0171	-0.1962	0.9803	337.38	358.31	358.43
2026-05-07T21:03:23.5333849+08:00	0x09	-0.0066	-0.0872	-0.9892	0.1176	193.60	359.57	349.98
2026-05-07T21:03:23.5333849+08:00	0x03	-0.0032	-0.0174	0.3566	0.9341	41.78	358.01	0.37
2026-05-07T21:03:23.5333849+08:00	0x01	-0.0323	-0.0649	-0.2675	0.9608	329.19	353.80	354.45
2026-05-07T21:03:23.5333849+08:00	0x06	-0.6330	-0.3707	0.6181	-0.2825	168.01	262.42	54.67
2026-05-07T21:03:23.5333849+08:00	0x02	0.0136	0.0013	-0.9566	0.2910	213.83	358.55	0.60
2026-05-07T21:03:23.5333849+08:00	0x07	-0.4778	0.5340	0.3841	0.5823	345.78	96.01	284.85
2026-05-07T21:03:23.5333849+08:00	0x03	-0.0032	-0.0174	0.3566	0.9341	41.78	358.01	0.37
2026-05-07T21:03:23.5333849+08:00	0x09	-0.0066	-0.0871	-0.9892	0.1177	193.60	359.56	349.99
2026-05-07T21:03:23.5333849+08:00	0x02	0.0136	0.0013	-0.9566	0.2910	213.83	358.55	0.60
2026-05-07T21:03:23.5333849+08:00	0x01	-0.0323	-0.0649	-0.2675	0.9608	329.19	353.80	354.45
2026-05-07T21:03:23.5333849+08:00	0x07	-0.4422	0.5536	0.3591	0.6075	351.38	90.63	290.80
2026-05-07T21:03:23.5333849+08:00	0x03	-0.0032	-0.0174	0.3566	0.9341	41.78	358.01	0.37
2026-05-07T21:03:23.5333849+08:00	0x01	-0.0323	-0.0649	-0.2675	0.9608	329.19	353.80	354.45
2026-05-07T21:03:23.5333849+08:00	0x04	-0.0105	-0.0171	-0.1962	0.9803	337.38	358.31	358.43
2026-05-07T21:03:23.5333849+08:00	0x07	-0.4295	0.5660	0.3423	0.6148	350.64	91.39	293.70
2026-05-07T21:03:23.5333849+08:00	0x08	-0.0032	-0.0269	-0.0030	0.9996	359.67	356.92	359.63
2026-05-07T21:03:23.5333849+08:00	0x03	-0.0032	-0.0174	0.3566	0.9341	41.78	358.01	0.37
2026-05-07T21:03:23.5333849+08:00	0x01	-0.0323	-0.0649	-0.2675	0.9608	329.19	353.80	354.45
2026-05-07T21:03:23.5333849+08:00	0x02	0.0136	0.0014	-0.9566	0.2910	213.83	358.55	0.60
2026-05-07T21:03:23.5333849+08:00	0x05	0.0048	-0.0057	0.4801	0.8772	57.38	359.69	0.80
2026-05-07T21:03:23.5333849+08:00	0x04	-0.0105	-0.0172	-0.1962	0.9803	337.38	358.31	358.43
2026-05-07T21:03:23.5333849+08:00	0x08	-0.0032	-0.0269	-0.0030	0.9996	359.67	356.92	359.63
2026-05-07T21:03:23.5343820+08:00	0x03	-0.0032	-0.0174	0.3566	0.9341	41.78	358.01	0.37
2026-05-07T21:03:23.5343820+08:00	0x09	-0.0065	-0.0869	-0.9892	0.1177	193.60	359.56	350.01
2026-05-07T21:03:23.5343820+08:00	0x06	-0.6363	-0.3729	0.6151	-0.2786	166.90	261.30	54.43
2026-05-07T21:03:23.5343820+08:00	0x04	-0.0105	-0.0172	-0.1962	0.9803	337.38	358.31	358.43
2026-05-07T21:03:23.5343820+08:00	0x08	-0.0032	-0.0269	-0.0030	0.9996	359.67	356.92	359.63
2026-05-07T21:03:23.5343820+08:00	0x07	-0.4000	0.5922	0.3061	0.6290	349.80	92.45	300.04
2026-05-07T21:03:23.5343820+08:00	0x03	-0.0032	-0.0174	0.3566	0.9341	41.78	358.01	0.37
2026-05-07T21:03:23.5343820+08:00	0x09	-0.0065	-0.0869	-0.9892	0.1177	193.60	359.56	350.01
2026-05-07T21:03:23.5343820+08:00	0x02	0.0136	0.0014	-0.9566	0.2910	213.83	358.55	0.60
2026-05-07T21:03:23.5343820+08:00	0x07	-0.3853	0.6006	0.2924	0.6367	350.36	91.94	302.66
2026-05-07T21:03:23.5343820+08:00	0x01	-0.0323	-0.0650	-0.2675	0.9608	329.19	353.79	354.44
2026-05-07T21:03:23.5343820+08:00	0x03	-0.0032	-0.0174	0.3566	0.9341	41.78	358.01	0.37
2026-05-07T21:03:23.5343820+08:00	0x09	-0.0065	-0.0869	-0.9892	0.1177	193.60	359.56	350.01
2026-05-07T21:03:23.5343820+08:00	0x02	0.0136	0.0014	-0.9566	0.2910	213.83	358.55	0.60
2026-05-07T21:03:23.5343820+08:00	0x04	-0.0105	-0.0171	-0.1962	0.9803	337.38	358.31	358.43
2026-05-07T21:03:23.5343820+08:00	0x06	-0.6322	-0.3784	0.6131	-0.2851	166.83	261.29	55.54
2026-05-07T21:03:23.5343820+08:00	0x08	-0.0032	-0.0269	-0.0030	0.9996	359.67	356.92	359.63
2026-05-07T21:03:23.5343820+08:00	0x01	-0.0323	-0.0650	-0.2675	0.9608	329.19	353.79	354.45
2026-05-07T21:03:23.5343820+08:00	0x09	-0.0065	-0.0869	-0.9892	0.1177	193.60	359.56	350.01
2026-05-07T21:03:23.5343820+08:00	0x03	-0.0032	-0.0174	0.3566	0.9341	41.78	358.01	0.37
2026-05-07T21:03:23.5343820+08:00	0x02	0.0136	0.0014	-0.9566	0.2910	213.83	358.55	0.60
2026-05-07T21:03:23.5343820+08:00	0x04	-0.0105	-0.0171	-0.1962	0.9803	337.38	358.31	358.43
2026-05-07T21:03:23.5343820+08:00	0x07	-0.3558	0.6178	0.2660	0.6488	351.14	91.55	307.78
2026-05-07T21:03:23.5343820+08:00	0x08	-0.0031	-0.0269	-0.0030	0.9996	359.67	356.92	359.63
2026-05-07T21:03:23.5343820+08:00	0x06	-0.6306	-0.3795	0.6127	-0.2880	167.04	261.45	55.92
2026-05-07T21:03:23.5343820+08:00	0x01	-0.0323	-0.0650	-0.2675	0.9608	329.19	353.79	354.45
2026-05-07T21:03:23.5343820+08:00	0x09	-0.0065	-0.0869	-0.9892	0.1177	193.60	359.56	350.01
2026-05-07T21:03:23.5343820+08:00	0x02	0.0136	0.0014	-0.9566	0.2910	213.83	358.55	0.60
2026-05-07T21:03:23.5343820+08:00	0x06	-0.6283	-0.3792	0.6151	-0.2882	167.40	262.07	55.96
2026-05-07T21:03:23.5343820+08:00	0x07	-0.3388	0.6274	0.2473	0.6561	351.18	91.46	310.99
2026-05-07T21:03:23.5343820+08:00	0x08	-0.0031	-0.0269	-0.0030	0.9996	359.67	356.92	359.63
2026-05-07T21:03:23.5343820+08:00	0x03	-0.0032	-0.0174	0.3566	0.9341	41.78	358.01	0.37
2026-05-07T21:03:23.5343820+08:00	0x01	-0.0323	-0.0650	-0.2675	0.9608	329.19	353.79	354.45
2026-05-07T21:03:23.5343820+08:00	0x02	0.0136	0.0014	-0.9566	0.2910	213.83	358.55	0.60
2026-05-07T21:03:23.5343820+08:00	0x06	-0.6252	-0.3828	0.6144	-0.2918	167.38	262.18	56.64
2026-05-07T21:03:23.5343820+08:00	0x07	-0.3262	0.6332	0.2340	0.6618	351.34	91.22	313.28
2026-05-07T21:03:23.5343820+08:00	0x04	-0.0105	-0.0171	-0.1962	0.9804	337.38	358.31	358.44
2026-05-07T21:03:23.5343820+08:00	0x01	-0.0323	-0.0650	-0.2675	0.9608	329.19	353.79	354.45
2026-05-07T21:03:23.5343820+08:00	0x09	-0.0065	-0.0869	-0.9892	0.1177	193.60	359.56	350.01
2026-05-07T21:03:23.5343820+08:00	0x02	0.0136	0.0014	-0.9566	0.2910	213.83	358.55	0.61
2026-05-07T21:03:23.5343820+08:00	0x03	-0.0032	-0.0174	0.3566	0.9341	41.78	358.01	0.37
2026-05-07T21:03:23.5343820+08:00	0x07	-0.3071	0.6448	0.2121	0.6670	351.10	91.59	316.91
2026-05-07T21:03:23.5343820+08:00	0x08	-0.0032	-0.0269	-0.0030	0.9996	359.67	356.92	359.63
2026-05-07T21:03:23.5343820+08:00	0x03	-0.0032	-0.0174	0.3566	0.9341	41.78	358.01	0.37
2026-05-07T21:03:23.5343820+08:00	0x01	-0.0323	-0.0650	-0.2675	0.9608	329.19	353.79	354.44
2026-05-07T21:03:23.5343820+08:00	0x02	0.0136	0.0014	-0.9566	0.2910	213.83	358.55	0.61
2026-05-07T21:03:23.5343820+08:00	0x06	-0.6279	-0.3825	0.6124	-0.2906	166.99	261.56	56.45
2026-05-07T21:03:23.5343820+08:00	0x08	-0.0031	-0.0269	-0.0030	0.9996	359.67	356.92	359.63
2026-05-07T21:03:23.5343820+08:00	0x03	-0.0032	-0.0174	0.3566	0.9341	41.78	358.01	0.37
2026-05-07T21:03:23.5343820+08:00	0x04	-0.0105	-0.0172	-0.1962	0.9803	337.38	358.31	358.43
2026-05-07T21:03:23.5343820+08:00	0x07	-0.2761	0.6593	0.1812	0.6755	351.33	91.57	322.28
2026-05-07T21:03:23.5343820+08:00	0x08	-0.0031	-0.0269	-0.0030	0.9996	359.67	356.92	359.63
2026-05-07T21:03:23.5343820+08:00	0x03	-0.0032	-0.0174	0.3566	0.9341	41.78	358.01	0.37
2026-05-07T21:03:23.5343820+08:00	0x09	-0.0065	-0.0869	-0.9892	0.1177	193.60	359.56	350.02
2026-05-07T21:03:23.5343820+08:00	0x02	0.0136	0.0014	-0.9566	0.2910	213.83	358.55	0.60
2026-05-07T21:03:23.5343820+08:00	0x06	-0.6275	-0.3827	0.6123	-0.2913	167.05	261.61	56.55
2026-05-07T21:03:23.5343820+08:00	0x07	-0.2575	0.6664	0.1618	0.6807	351.42	91.46	325.51
2026-05-07T21:03:23.5343820+08:00	0x08	-0.0031	-0.0269	-0.0030	0.9996	359.67	356.92	359.63
2026-05-07T21:03:23.5343820+08:00	0x01	-0.0323	-0.0649	-0.2675	0.9608	329.19	353.80	354.45
2026-05-07T21:03:23.5343820+08:00	0x09	-0.0065	-0.0869	-0.9892	0.1177	193.60	359.56	350.02
2026-05-07T21:03:23.5343820+08:00	0x06	-0.6271	-0.3829	0.6122	-0.2920	167.11	261.67	56.63
2026-05-07T21:03:23.5343820+08:00	0x04	-0.0105	-0.0171	-0.1962	0.9803	337.38	358.31	358.43
2026-05-07T21:03:23.5353785+08:00	0x07	-0.2384	0.6732	0.1427	0.6853	351.57	91.34	328.74
2026-05-07T21:03:23.5353785+08:00	0x08	-0.0031	-0.0269	-0.0030	0.9996	359.67	356.92	359.63
2026-05-07T21:03:23.5353785+08:00	0x03	-0.0032	-0.0174	0.3566	0.9341	41.78	358.01	0.37
2026-05-07T21:03:23.5353785+08:00	0x01	-0.0323	-0.0649	-0.2675	0.9608	329.19	353.80	354.45
2026-05-07T21:03:23.5353785+08:00	0x02	0.0136	0.0014	-0.9566	0.2910	213.83	358.55	0.61
2026-05-07T21:03:23.5353785+08:00	0x06	-0.6259	-0.3838	0.6128	-0.2923	167.13	261.82	56.75
2026-05-07T21:03:23.5353785+08:00	0x04	-0.0105	-0.0172	-0.1962	0.9803	337.38	358.31	358.43
2026-05-07T21:03:23.5353785+08:00	0x07	-0.2233	0.6777	0.1269	0.6890	351.62	91.19	331.33
2026-05-07T21:03:23.5353785+08:00	0x08	-0.0031	-0.0269	-0.0030	0.9996	359.67	356.92	359.63
2026-05-07T21:03:23.5353785+08:00	0x01	-0.0323	-0.0649	-0.2675	0.9608	329.19	353.80	354.45
2026-05-07T21:03:23.5353785+08:00	0x03	-0.0032	-0.0174	0.3566	0.9341	41.78	358.01	0.37
2026-05-07T21:03:23.5353785+08:00	0x09	-0.0065	-0.0869	-0.9892	0.1177	193.60	359.56	350.01
2026-05-07T21:03:23.5353785+08:00	0x02	0.0136	0.0013	-0.9566	0.2910	213.83	358.55	0.60
2026-05-07T21:03:23.5353785+08:00	0x04	-0.0105	-0.0172	-0.1962	0.9803	337.38	358.31	358.43
2026-05-07T21:03:23.5353785+08:00	0x07	-0.2037	0.6833	0.1073	0.6929	351.75	91.07	334.60
2026-05-07T21:03:23.5353785+08:00	0x08	-0.0032	-0.0269	-0.0030	0.9996	359.67	356.92	359.63
2026-05-07T21:03:23.5353785+08:00	0x01	-0.0323	-0.0650	-0.2675	0.9608	329.19	353.79	354.44
2026-05-07T21:03:23.5353785+08:00	0x09	-0.0065	-0.0869	-0.9892	0.1177	193.60	359.56	350.01
2026-05-07T21:03:23.5353785+08:00	0x06	-0.6248	-0.3830	0.6145	-0.2921	167.42	262.24	56.70
2026-05-07T21:03:23.5353785+08:00	0x04	-0.0105	-0.0172	-0.1962	0.9803	337.38	358.31	358.43
2026-05-07T21:03:23.5353785+08:00	0x07	-0.1835	0.6893	0.0878	0.6954	351.88	91.08	337.91
2026-05-07T21:03:23.5353785+08:00	0x08	-0.0031	-0.0269	-0.0030	0.9996	359.67	356.92	359.63
2026-05-07T21:03:23.5353785+08:00	0x01	-0.0323	-0.0650	-0.2675	0.9608	329.19	353.79	354.44
2026-05-07T21:03:23.5353785+08:00	0x03	-0.0032	-0.0174	0.3566	0.9341	41.78	358.01	0.37
2026-05-07T21:03:23.5353785+08:00	0x06	-0.6251	-0.3832	0.6140	-0.2922	167.34	262.12	56.71
2026-05-07T21:03:23.5353785+08:00	0x02	0.0136	0.0014	-0.9566	0.2910	213.83	358.55	0.60
2026-05-07T21:03:23.5353785+08:00	0x07	-0.1661	0.6943	0.0709	0.6967	351.96	91.17	340.74
2026-05-07T21:03:23.5353785+08:00	0x08	-0.0032	-0.0269	-0.0030	0.9996	359.67	356.92	359.63
2026-05-07T21:03:23.5353785+08:00	0x01	-0.0323	-0.0649	-0.2675	0.9608	329.19	353.80	354.45
2026-05-07T21:03:23.5353785+08:00	0x09	-0.0065	-0.0869	-0.9892	0.1177	193.60	359.56	350.01
2026-05-07T21:03:23.5353785+08:00	0x03	-0.0032	-0.0174	0.3566	0.9341	41.78	358.00	0.37
2026-05-07T21:03:23.5353785+08:00	0x06	-0.6256	-0.3831	0.6128	-0.2938	167.41	261.98	56.85
2026-05-07T21:03:23.5353785+08:00	0x04	-0.0105	-0.0171	-0.1962	0.9804	337.38	358.31	358.44
2026-05-07T21:03:23.5353785+08:00	0x08	-0.0032	-0.0269	-0.0030	0.9996	359.67	356.92	359.63
2026-05-07T21:03:23.5353785+08:00	0x03	-0.0032	-0.0174	0.3566	0.9341	41.78	358.00	0.37
2026-05-07T21:03:23.5353785+08:00	0x01	-0.0323	-0.0649	-0.2675	0.9608	329.19	353.80	354.45
2026-05-07T21:03:23.5353785+08:00	0x02	0.0136	0.0014	-0.9566	0.2910	213.83	358.55	0.60
2026-05-07T21:03:23.5353785+08:00	0x06	-0.6274	-0.3827	0.6112	-0.2938	167.23	261.58	56.78
2026-05-07T21:03:23.5353785+08:00	0x07	-0.1270	0.7031	0.0358	0.6987	352.42	91.23	346.83
2026-05-07T21:03:23.5353785+08:00	0x08	-0.0032	-0.0269	-0.0030	0.9996	359.67	356.92	359.63
2026-05-07T21:03:23.5353785+08:00	0x03	-0.0032	-0.0174	0.3566	0.9341	41.78	358.00	0.37
2026-05-07T21:03:23.5353785+08:00	0x01	-0.0323	-0.0649	-0.2675	0.9608	329.19	353.80	354.45
2026-05-07T21:03:23.5353785+08:00	0x02	0.0136	0.0014	-0.9566	0.2910	213.83	358.55	0.60
2026-05-07T21:03:23.5353785+08:00	0x06	-0.6280	-0.3827	0.6106	-0.2938	167.16	261.43	56.76
2026-05-07T21:03:23.5353785+08:00	0x09	-0.0065	-0.0869	-0.9892	0.1177	193.60	359.56	350.01
2026-05-07T21:03:23.5353785+08:00	0x07	-0.1058	0.7072	0.0146	0.6989	352.47	91.32	350.29
2026-05-07T21:03:23.5353785+08:00	0x03	-0.0032	-0.0174	0.3566	0.9341	41.78	358.00	0.37
2026-05-07T21:03:23.5353785+08:00	0x01	-0.0323	-0.0649	-0.2675	0.9608	329.19	353.80	354.45
2026-05-07T21:03:23.5353785+08:00	0x02	0.0136	0.0014	-0.9566	0.2910	213.83	358.55	0.61
2026-05-07T21:03:23.5363766+08:00	0x04	-0.0105	-0.0172	-0.1962	0.9803	337.38	358.31	358.43
2026-05-07T21:03:23.5363766+08:00	0x07	-0.0893	0.7094	-0.0035	0.6991	352.38	91.30	353.12
2026-05-07T21:03:23.5363766+08:00	0x08	-0.0032	-0.0269	-0.0030	0.9996	359.67	356.92	359.63
2026-05-07T21:03:23.5363766+08:00	0x01	-0.0323	-0.0649	-0.2675	0.9608	329.19	353.80	354.45
2026-05-07T21:03:23.5363766+08:00	0x09	-0.0065	-0.0869	-0.9892	0.1177	193.60	359.56	350.01
2026-05-07T21:03:23.5363766+08:00	0x02	0.0136	0.0014	-0.9566	0.2910	213.83	358.55	0.61
2026-05-07T21:03:23.5363766+08:00	0x05	0.0048	-0.0056	0.4801	0.8772	57.38	359.70	0.79
2026-05-07T21:03:23.5363766+08:00	0x07	-0.0687	0.7111	-0.0244	0.6993	352.41	91.19	356.48
2026-05-07T21:03:23.5363766+08:00	0x08	-0.0032	-0.0269	-0.0030	0.9996	359.67	356.92	359.63
2026-05-07T21:03:23.5363766+08:00	0x01	-0.0323	-0.0650	-0.2675	0.9608	329.19	353.79	354.45
2026-05-07T21:03:23.5363766+08:00	0x09	-0.0065	-0.0869	-0.9892	0.1177	193.60	359.56	350.01
2026-05-07T21:03:23.5363766+08:00	0x06	-0.6253	-0.3828	0.6131	-0.2942	167.55	262.12	56.86
2026-05-07T21:03:23.5363766+08:00	0x04	-0.0105	-0.0171	-0.1962	0.9804	337.38	358.31	358.44
2026-05-07T21:03:23.5363766+08:00	0x07	-0.0520	0.7116	-0.0410	0.6994	352.45	91.04	359.17
2026-05-07T21:03:23.5363766+08:00	0x02	0.0136	0.0014	-0.9566	0.2910	213.83	358.55	0.60
2026-05-07T21:03:23.5363766+08:00	0x08	-0.0032	-0.0269	-0.0030	0.9996	359.67	356.92	359.63
2026-05-07T21:03:23.5363766+08:00	0x09	-0.0065	-0.0869	-0.9892	0.1177	193.60	359.56	350.01
2026-05-07T21:03:23.5363766+08:00	0x02	0.0136	0.0014	-0.9566	0.2910	213.83	358.55	0.61
2026-05-07T21:03:23.5363766+08:00	0x04	-0.0105	-0.0171	-0.1962	0.9804	337.38	358.31	358.44
2026-05-07T21:03:23.5363766+08:00	0x06	-0.6209	-0.3810	0.6179	-0.2958	168.63	263.55	56.95
2026-05-07T21:03:23.5363766+08:00	0x03	-0.0032	-0.0174	0.3566	0.9341	41.78	358.00	0.37
2026-05-07T21:03:23.5363766+08:00	0x09	-0.0065	-0.0869	-0.9892	0.1177	193.60	359.56	350.01
2026-05-07T21:03:23.5363766+08:00	0x04	-0.0105	-0.0171	-0.1962	0.9804	337.38	358.31	358.44
2026-05-07T21:03:23.5363766+08:00	0x07	-0.0472	0.6750	-0.0484	0.7347	352.25	85.16	359.76
2026-05-07T21:03:23.5363766+08:00	0x08	-0.0031	-0.0269	-0.0030	0.9996	359.67	356.92	359.63
2026-05-07T21:03:23.5363766+08:00	0x01	-0.0323	-0.0650	-0.2675	0.9608	329.19	353.79	354.45
2026-05-07T21:03:23.5363766+08:00	0x03	-0.0032	-0.0174	0.3566	0.9341	41.78	358.00	0.37
2026-05-07T21:03:23.5363766+08:00	0x02	0.0136	0.0014	-0.9566	0.2910	213.83	358.55	0.60
2026-05-07T21:03:23.5363766+08:00	0x06	-0.5915	-0.3529	0.6683	-0.2812	175.99	274.96	53.54
2026-05-07T21:03:23.5363766+08:00	0x04	-0.0105	-0.0171	-0.1962	0.9804	337.38	358.31	358.44
2026-05-07T21:03:23.5363766+08:00	0x08	-0.0031	-0.0269	-0.0030	0.9996	359.67	356.92	359.63
2026-05-07T21:03:23.5363766+08:00	0x07	-0.0760	0.6692	-0.0661	0.7363	348.52	84.67	358.66
2026-05-07T21:03:23.5363766+08:00	0x03	-0.0032	-0.0174	0.3566	0.9341	41.78	358.00	0.37
2026-05-07T21:03:23.5363766+08:00	0x05	0.0048	-0.0056	0.4801	0.8772	57.38	359.70	0.79
2026-05-07T21:03:23.5363766+08:00	0x07	-0.0817	0.6801	-0.0752	0.7247	347.29	86.46	359.07
2026-05-07T21:03:23.5363766+08:00	0x06	-0.5944	-0.3593	0.6662	-0.2716	173.73	273.37	53.29
2026-05-07T21:03:23.5363766+08:00	0x01	-0.0323	-0.0650	-0.2675	0.9608	329.19	353.79	354.45
2026-05-07T21:03:23.5363766+08:00	0x09	-0.0065	-0.0869	-0.9892	0.1177	193.60	359.56	350.01
2026-05-07T21:03:23.5363766+08:00	0x02	0.0136	0.0014	-0.9566	0.2910	213.83	358.55	0.60
2026-05-07T21:03:23.5363766+08:00	0x06	-0.5984	-0.3574	0.6655	-0.2670	173.14	272.68	52.68
2026-05-07T21:03:23.5563231+08:00	0x04	-0.0105	-0.0171	-0.1962	0.9804	337.38	358.31	358.44
2026-05-07T21:03:23.7687102+08:00	0x03	-0.0032	-0.0174	0.3566	0.9341	41.78	358.00	0.37
2026-05-07T21:03:23.8682998+08:00	0x08	-0.0031	-0.0269	-0.0030	0.9996	359.67	356.92	359.63
2026-05-07T21:03:23.9524992+08:00	0x02	0.0136	0.0014	-0.9566	0.2910	213.83	358.55	0.61
2026-05-07T21:03:24.0773400+08:00	0x07	-0.0615	0.6873	-0.0893	0.7182	347.71	87.27	1.97
2026-05-07T21:03:24.1128862+08:00	0x04	-0.0105	-0.0172	-0.1962	0.9803	337.38	358.31	358.43
2026-05-07T21:03:24.2600970+08:00	0x08	-0.0031	-0.0269	-0.0030	0.9996	359.67	356.92	359.63
2026-05-07T21:03:24.3204675+08:00	0x03	-0.0032	-0.0174	0.3566	0.9341	41.78	358.00	0.37
2026-05-07T21:03:24.4653925+08:00	0x09	-0.0123	-0.0866	-0.9946	0.0551	186.26	0.87	350.00
2026-05-07T21:03:24.6596442+08:00	0x04	-0.0105	-0.0171	-0.1962	0.9803	337.38	358.31	358.43
2026-05-07T21:03:24.8262422+08:00	0x08	-0.0031	-0.0269	-0.0030	0.9996	359.67	356.92	359.63
2026-05-07T21:03:24.8476310+08:00	0x03	-0.0032	-0.0174	0.3566	0.9341	41.78	358.00	0.37
2026-05-07T21:03:25.0512417+08:00	0x02	0.0136	0.0014	-0.9566	0.2910	213.83	358.55	0.61
2026-05-07T21:03:25.0678682+08:00	0x09	-0.0176	-0.0859	-0.9942	0.0623	187.05	1.42	350.04
2026-05-07T21:03:25.2015591+08:00	0x07	-0.0533	0.6885	-0.0948	0.7170	347.90	87.35	3.10
2026-05-07T21:03:25.3479243+08:00	0x08	-0.0031	-0.0269	-0.0030	0.9996	359.67	356.92	359.63
2026-05-07T21:03:25.3975125+08:00	0x01	-0.0323	-0.0649	-0.2675	0.9608	329.19	353.80	354.45
2026-05-07T21:03:25.4375253+08:00	0x04	-0.0105	-0.0171	-0.1962	0.9803	337.38	358.31	358.43
2026-05-07T21:03:25.6074302+08:00	0x09	-0.0165	-0.0859	-0.9940	0.0663	187.52	1.24	350.04
2026-05-07T21:03:25.6474555+08:00	0x05	0.0048	-0.0056	0.4801	0.8772	57.38	359.70	0.80
2026-05-07T21:03:25.7153998+08:00	0x07	-0.0412	0.6911	-0.1075	0.7135	347.81	87.62	5.15
2026-05-07T21:03:25.9263162+08:00	0x08	-0.0032	-0.0269	-0.0030	0.9996	359.67	356.92	359.63
2026-05-07T21:03:26.0098213+08:00	0x03	-0.0032	-0.0174	0.3566	0.9341	41.78	358.01	0.37
2026-05-07T21:03:26.1460576+08:00	0x09	-0.0166	-0.0856	-0.9954	0.0392	184.38	1.53	350.11
2026-05-07T21:03:26.2592754+08:00	0x07	-0.0338	0.6917	-0.1151	0.7121	347.76	87.65	6.38
2026-05-07T21:03:26.3042774+08:00	0x04	-0.0105	-0.0171	-0.1962	0.9803	337.38	358.31	358.43
2026-05-07T21:03:26.3426965+08:00	0x02	0.0136	0.0014	-0.9566	0.2910	213.83	358.55	0.61
2026-05-07T21:03:26.4299447+08:00	0x08	-0.0032	-0.0269	-0.0030	0.9996	359.67	356.92	359.63
2026-05-07T21:03:26.4555601+08:00	0x06	-0.6061	-0.3512	0.6637	-0.2624	172.83	271.72	51.66
2026-05-07T21:03:26.5611847+08:00	0x03	-0.0032	-0.0174	0.3566	0.9341	41.78	358.01	0.37
2026-05-07T21:03:26.7213445+08:00	0x02	0.0137	0.0014	-0.9566	0.2910	213.83	358.55	0.61
2026-05-07T21:03:26.8045550+08:00	0x07	-0.0244	0.6915	-0.1231	0.7114	347.83	87.54	7.79
2026-05-07T21:03:26.8415380+08:00	0x09	-0.0172	-0.0855	-0.9961	0.0149	181.55	1.85	350.17
2026-05-07T21:03:27.0153131+08:00	0x08	-0.0032	-0.0269	-0.0030	0.9996	359.67	356.92	359.63
2026-05-07T21:03:27.0507729+08:00	0x01	-0.0323	-0.0649	-0.2675	0.9608	329.19	353.80	354.45
2026-05-07T21:03:27.0962745+08:00	0x03	-0.0032	-0.0174	0.3566	0.9341	41.78	358.01	0.37
2026-05-07T21:03:27.2865250+08:00	0x02	0.0136	0.0015	-0.9566	0.2910	213.83	358.55	0.62
2026-05-07T21:03:27.3412935+08:00	0x09	-0.0154	-0.0852	-0.9961	0.0194	182.10	1.60	350.20
2026-05-07T21:03:27.3863070+08:00	0x06	-0.6133	-0.3482	0.6630	-0.2511	171.52	270.48	50.33
2026-05-07T21:03:27.5188495+08:00	0x04	-0.0105	-0.0171	-0.1962	0.9803	337.38	358.31	358.43
2026-05-07T21:03:27.5977608+08:00	0x08	-0.0032	-0.0269	-0.0030	0.9996	359.67	356.92	359.63
2026-05-07T21:03:27.7227714+08:00	0x03	-0.0032	-0.0174	0.3566	0.9341	41.78	358.01	0.37
2026-05-07T21:03:27.9876342+08:00	0x06	-0.6214	-0.3533	0.6554	-0.2439	169.29	268.04	50.02
2026-05-07T21:03:28.0177566+08:00	0x07	-0.0056	0.6986	-0.1532	0.6989	346.89	88.60	11.90
2026-05-07T21:03:28.1314058+08:00	0x01	-0.0323	-0.0649	-0.2675	0.9608	329.19	353.80	354.45
2026-05-07T21:03:28.2373175+08:00	0x03	-0.0032	-0.0174	0.3566	0.9341	41.78	358.01	0.37
2026-05-07T21:03:28.2991338+08:00	0x09	-0.0150	-0.0852	-0.9960	0.0243	182.66	1.50	350.19
2026-05-07T21:03:28.3702893+08:00	0x07	0.0382	0.7220	-0.1890	0.6645	348.04	92.75	18.88
2026-05-07T21:03:28.4323530+08:00	0x04	-0.0105	-0.0171	-0.1962	0.9803	337.38	358.31	358.43
2026-05-07T21:03:28.6526114+08:00	0x01	-0.0323	-0.0649	-0.2675	0.9608	329.19	353.80	354.45
2026-05-07T21:03:28.6915347+08:00	0x08	-0.0032	-0.0269	-0.0030	0.9996	359.67	356.92	359.63
2026-05-07T21:03:28.7572613+08:00	0x03	-0.0032	-0.0174	0.3566	0.9341	41.78	358.01	0.37
2026-05-07T21:03:28.9620566+08:00	0x04	-0.0105	-0.0171	-0.1962	0.9803	337.38	358.31	358.43
2026-05-07T21:03:29.0059487+08:00	0x02	0.0136	0.0014	-0.9566	0.2910	213.83	358.55	0.61
2026-05-07T21:03:29.2303475+08:00	0x01	-0.0323	-0.0649	-0.2675	0.9608	329.19	353.80	354.45
2026-05-07T21:03:29.2624751+08:00	0x08	-0.0032	-0.0269	-0.0030	0.9996	359.67	356.92	359.63
2026-05-07T21:03:29.2945731+08:00	0x03	-0.0032	-0.0174	0.3566	0.9341	41.78	358.01	0.37
2026-05-07T21:03:29.4356157+08:00	0x09	-0.0150	-0.0855	-0.9959	0.0270	182.98	1.47	350.15
2026-05-07T21:03:29.4949046+08:00	0x07	0.0369	0.7213	-0.1879	0.6656	348.00	92.62	18.68
2026-05-07T21:03:29.5227518+08:00	0x04	-0.0105	-0.0171	-0.1962	0.9803	337.38	358.31	358.43
2026-05-07T21:03:29.5526627+08:00	0x06	-0.6212	-0.3532	0.6556	-0.2442	169.36	268.11	50.03
2026-05-07T21:03:29.7570448+08:00	0x08	-0.0031	-0.0269	-0.0030	0.9996	359.67	356.92	359.63
2026-05-07T21:03:29.8411426+08:00	0x03	-0.0032	-0.0174	0.3566	0.9341	41.78	358.01	0.37
2026-05-07T21:03:30.0294719+08:00	0x09	-0.0148	-0.0855	-0.9958	0.0277	183.06	1.44	350.15
2026-05-07T21:03:30.0821112+08:00	0x04	-0.0105	-0.0171	-0.1962	0.9803	337.38	358.31	358.43
2026-05-07T21:03:30.3273955+08:00	0x01	-0.0323	-0.0649	-0.2675	0.9608	329.19	353.80	354.45
2026-05-07T21:03:30.3544583+08:00	0x08	-0.0031	-0.0269	-0.0030	0.9996	359.67	356.92	359.63
2026-05-07T21:03:30.3928492+08:00	0x03	-0.0032	-0.0174	0.3566	0.9341	41.78	358.01	0.37
2026-05-07T21:03:30.5586482+08:00	0x09	-0.0147	-0.0855	-0.9958	0.0282	183.12	1.43	350.14
2026-05-07T21:03:30.6348010+08:00	0x06	-0.5432	-0.1755	0.8100	-0.1346	181.74	292.70	25.50
2026-05-07T21:03:30.6854692+08:00	0x02	0.0136	0.0015	-0.9566	0.2910	213.83	358.55	0.62
2026-05-07T21:03:30.7217584+08:00	0x07	0.2146	0.8951	-0.1822	0.3458	17.05	142.09	28.33
2026-05-07T21:03:30.7864138+08:00	0x01	-0.0323	-0.0649	-0.2675	0.9608	329.19	353.80	354.45
2026-05-07T21:03:30.9717203+08:00	0x03	-0.0032	-0.0174	0.3566	0.9341	41.78	358.01	0.37
