timestamp	device	q0	q1	q2	q3	yaw	pitch	roll
2026-04-23T22:07:54.6457371+08:00	0x01	0.8155	-0.0805	-0.1009	0.5641	214.97	216.66	64.67
2026-04-23T22:07:54.6748692+08:00	0x03	-0.5540	0.2634	0.7797	0.1257	186.59	287.24	326.62
2026-04-23T22:07:54.8207886+08:00	0x07	-0.0349	-0.6603	0.1475	-0.7356	349.84	82.55	14.25
2026-04-23T22:07:54.9268279+08:00	0x06	-0.6799	-0.0858	0.7283	0.0002	173.23	273.51	7.17
2026-04-23T22:07:55.0035299+08:00	0x09	-0.7047	0.0183	0.7088	0.0273	179.26	270.35	356.30
2026-04-23T22:07:55.1703377+08:00	0x04	0.5881	-0.2925	-0.7535	-0.0267	200.16	278.95	331.82
2026-04-23T22:07:55.3759751+08:00	0x06	-0.7217	-0.0211	0.6897	0.0545	173.93	267.56	357.16
2026-04-23T22:07:55.5354789+08:00	0x09	-0.7241	0.0843	0.6763	0.1057	178.76	266.25	344.51
2026-04-23T22:07:55.6270462+08:00	0x02	-0.8231	-0.1551	0.5396	0.0849	159.69	246.21	1.58
2026-04-23T22:07:55.7332956+08:00	0x01	0.6452	-0.1334	-0.5111	0.5520	244.26	279.28	35.16
2026-04-23T22:07:55.9315604+08:00	0x07	-0.1253	-0.7061	0.1850	-0.6720	355.45	91.81	25.45
2026-04-23T22:07:56.0160430+08:00	0x09	-0.7283	0.0832	0.6738	0.0926	179.78	265.57	345.70
2026-04-23T22:07:56.0455322+08:00	0x06	-0.7380	-0.0070	0.6731	0.0473	175.74	264.86	356.54
2026-04-23T22:07:56.1455423+08:00	0x02	-0.8179	-0.1631	0.5166	0.1937	151.83	246.70	351.46
2026-04-23T22:07:56.1755565+08:00	0x08	-0.6878	-0.2707	0.6139	-0.2771	177.37	262.40	45.53
2026-04-23T22:07:56.2671729+08:00	0x03	-0.5287	-0.0187	0.5500	0.6462	102.65	306.01	318.49
2026-04-23T22:07:56.3815210+08:00	0x04	0.7161	-0.5081	-0.4786	-0.0100	236.04	231.26	329.96
2026-04-23T22:07:56.4870582+08:00	0x07	-0.1126	-0.7106	0.1702	-0.6734	355.68	92.19	23.17
2026-04-23T22:07:56.5716083+08:00	0x05	0.4581	-0.5023	-0.5195	-0.5177	62.37	30.27	275.03
2026-04-23T22:07:56.6413715+08:00	0x08	-0.6931	-0.2616	0.6154	-0.2691	177.49	262.19	44.02
2026-04-23T22:07:56.8365408+08:00	0x03	-0.5203	-0.0478	0.6071	0.5987	109.72	303.39	325.60
2026-04-23T22:07:56.8837897+08:00	0x04	0.7311	-0.4916	-0.4731	0.0026	234.39	231.50	332.52
2026-04-23T22:07:57.0214366+08:00	0x07	-0.0952	-0.7119	0.1539	-0.6786	355.51	91.94	20.39
2026-04-23T22:07:57.1435021+08:00	0x09	-0.7363	0.0676	0.6687	0.0778	179.74	264.52	348.17
2026-04-23T22:07:57.3415834+08:00	0x03	-0.4715	0.2974	0.7289	0.3975	149.49	310.00	306.06
2026-04-23T22:07:57.3938607+08:00	0x01	0.7071	-0.2356	-0.4449	0.4966	242.95	262.68	29.52
2026-04-23T22:07:57.4566096+08:00	0x04	0.7306	-0.4921	-0.4733	0.0022	234.44	231.49	332.44
2026-04-23T22:07:57.5395423+08:00	0x07	-0.0068	-0.6778	0.0795	-0.7309	353.81	85.32	6.76
2026-04-23T22:07:57.5845416+08:00	0x06	-0.6821	-0.0832	0.7263	-0.0179	174.93	273.23	8.35
2026-04-23T22:07:57.6771306+08:00	0x09	-0.7047	0.0255	0.7090	0.0000	182.06	270.31	357.93
2026-04-23T22:07:57.7230989+08:00	0x08	-0.6336	-0.3191	0.6058	-0.3601	183.40	269.30	57.46
2026-04-23T22:07:57.9505737+08:00	0x03	-0.4743	0.2876	0.7270	0.4047	148.09	310.10	306.67
2026-04-23T22:07:58.0148586+08:00	0x07	0.0060	-0.6563	0.0737	-0.7509	353.16	82.01	5.03
2026-04-23T22:07:58.0484303+08:00	0x04	0.4369	-0.4004	-0.8053	0.0180	209.17	292.51	321.01
2026-04-23T22:07:58.2655527+08:00	0x09	-0.7052	0.0149	0.7088	0.0035	180.91	270.28	358.51
2026-04-23T22:07:58.3165666+08:00	0x02	-0.8924	-0.2556	0.3642	-0.0749	154.92	220.21	18.65
2026-04-23T22:07:58.3631237+08:00	0x08	-0.6246	-0.3471	0.5903	-0.3754	181.16	267.46	61.49
2026-04-23T22:07:58.3772683+08:00	0x03	-0.5465	0.3490	0.7499	0.1311	194.36	282.32	318.19
2026-04-23T22:07:58.5533526+08:00	0x04	0.4431	-0.4053	-0.7991	0.0291	211.21	290.85	321.54
2026-04-23T22:07:58.6695580+08:00	0x06	-0.6753	-0.0843	0.7327	-0.0045	173.79	274.27	7.45
2026-04-23T22:07:58.7600188+08:00	0x09	-0.7058	0.0182	0.7081	0.0107	180.60	270.18	357.66
2026-04-23T22:07:58.9090957+08:00	0x03	-0.5517	0.3376	0.7533	0.1188	194.58	282.27	320.22
2026-04-23T22:07:58.9437176+08:00	0x08	-0.6133	-0.3680	0.5781	-0.3927	180.35	266.84	65.12
2026-04-23T22:07:59.0527067+08:00	0x01	0.7706	-0.2377	-0.2553	0.5334	243.53	245.08	44.48
2026-04-23T22:07:59.0914786+08:00	0x07	0.0068	-0.6659	0.0810	-0.7416	352.54	83.48	5.61
2026-04-23T22:07:59.1496161+08:00	0x06	-0.6754	-0.0808	0.7330	0.0002	173.68	274.31	6.79
2026-04-23T22:07:59.2958849+08:00	0x09	-0.7056	0.0197	0.7083	0.0125	180.59	270.21	357.39
2026-04-23T22:07:59.3170913+08:00	0x05	0.6433	-0.5878	-0.3714	-0.3205	258.70	191.03	301.90
2026-04-23T22:07:59.3776299+08:00	0x08	-0.6060	-0.3793	0.5707	-0.4040	180.21	266.71	67.30
2026-04-23T22:07:59.4925287+08:00	0x03	-0.5544	0.3273	0.7578	0.1057	194.88	282.50	322.17
2026-04-23T22:07:59.6288049+08:00	0x07	0.0079	-0.6656	0.0800	-0.7420	352.54	83.43	5.43
2026-04-23T22:07:59.6516286+08:00	0x04	0.4478	-0.3883	-0.8029	0.0645	213.17	291.15	325.55
2026-04-23T22:07:59.8199402+08:00	0x09	-0.7049	0.0200	0.7090	0.0126	180.59	270.32	357.35
2026-04-23T22:07:59.8827309+08:00	0x02	-0.9073	-0.2120	0.3580	-0.0602	159.27	220.28	15.13
2026-04-23T22:07:59.9247267+08:00	0x08	-0.5997	-0.3880	0.5650	-0.4130	180.22	266.74	69.03
2026-04-23T22:08:00.0417157+08:00	0x03	-0.5576	0.3128	0.7630	0.0953	194.51	282.98	324.29
2026-04-23T22:08:00.1085037+08:00	0x04	0.4436	-0.3836	-0.8050	0.0898	215.11	291.74	327.46
2026-04-23T22:08:00.2300611+08:00	0x07	0.0166	-0.6648	0.0723	-0.7433	352.54	83.35	4.10
2026-04-23T22:08:00.2778737+08:00	0x01	0.7648	-0.2431	-0.2811	0.5262	243.83	247.21	41.93
2026-04-23T22:08:00.4291877+08:00	0x09	-0.7042	0.0270	0.7091	0.0226	180.34	270.38	355.98
2026-04-23T22:08:00.4748869+08:00	0x08	-0.6207	-0.3610	0.5833	-0.3797	179.36	266.05	63.19
2026-04-23T22:08:00.5737129+08:00	0x03	-0.6840	0.0729	0.6322	0.3565	154.47	273.77	324.55
2026-04-23T22:08:00.6882727+08:00	0x04	0.6998	-0.2307	-0.6735	-0.0583	195.41	264.64	336.90
2026-04-23T22:08:00.7865918+08:00	0x06	-0.7343	-0.0293	0.6771	0.0382	174.56	265.41	359.06
2026-04-23T22:08:00.8243675+08:00	0x01	0.6429	-0.1882	-0.5650	0.4817	239.40	276.45	24.00
2026-04-23T22:08:00.8780322+08:00	0x07	-0.0358	-0.7121	0.1107	-0.6923	354.00	90.98	11.96
2026-04-23T22:08:00.9592556+08:00	0x09	-0.7257	0.1075	0.6697	0.1159	180.05	265.40	341.81
2026-04-23T22:08:00.9992520+08:00	0x02	-0.8475	-0.1981	0.4187	0.2592	144.92	237.63	344.14
2026-04-23T22:08:01.1364910+08:00	0x03	-0.6818	0.0805	0.6377	0.3493	155.68	274.04	324.62
2026-04-23T22:08:01.2965949+08:00	0x07	-0.0239	-0.7193	0.0880	-0.6887	354.96	92.08	9.18
2026-04-23T22:08:01.3287299+08:00	0x04	0.7246	-0.5058	-0.4661	-0.0432	235.03	228.36	327.72
2026-04-23T22:08:01.4256186+08:00	0x06	-0.7459	-0.0198	0.6648	0.0344	175.68	263.47	358.57
2026-04-23T22:08:01.5179080+08:00	0x09	-0.7213	0.1113	0.6749	0.1088	180.82	266.06	342.11
2026-04-23T22:08:01.5781271+08:00	0x08	-0.7102	-0.2253	0.6200	-0.2457	178.87	261.84	38.94
2026-04-23T22:08:01.6544060+08:00	0x03	-0.5308	-0.0631	0.6031	0.5920	110.43	300.94	326.47
2026-04-23T22:08:01.7755979+08:00	0x04	0.7285	-0.5163	-0.4501	-0.0131	237.79	227.21	331.07
2026-04-23T22:08:01.8133367+08:00	0x01	0.5633	-0.1846	-0.6594	0.4624	238.35	288.03	16.11
2026-04-23T22:08:01.9727834+08:00	0x09	-0.7228	0.1045	0.6757	0.1000	180.95	266.00	343.40
2026-04-23T22:08:01.9917393+08:00	0x06	-0.7441	-0.0334	0.6669	0.0222	175.45	263.71	0.65
2026-04-23T22:08:02.1512822+08:00	0x08	-0.7159	-0.2046	0.6271	-0.2288	179.57	262.30	35.75
2026-04-23T22:08:02.1906617+08:00	0x03	-0.5311	-0.0632	0.6069	0.5880	111.06	300.77	326.78
2026-04-23T22:08:02.3387129+08:00	0x01	0.5680	-0.1780	-0.6581	0.4611	237.70	287.73	16.83
2026-04-23T22:08:02.4602822+08:00	0x06	-0.7437	-0.0391	0.6672	0.0152	175.50	263.73	1.70
2026-04-23T22:08:02.4829741+08:00	0x05	0.4873	-0.4950	-0.5266	-0.4901	131.07	321.46	272.57
2026-04-23T22:08:02.5291405+08:00	0x09	-0.7238	0.1030	0.6754	0.0966	181.11	265.88	343.80
2026-04-23T22:08:02.5759878+08:00	0x02	-0.8392	-0.1801	0.4262	0.2858	144.73	239.96	340.96
2026-04-23T22:08:02.7427618+08:00	0x03	-0.5450	-0.0719	0.6035	0.5777	112.56	298.11	327.12
2026-04-23T22:08:02.8331924+08:00	0x08	-0.7189	-0.1932	0.6296	-0.2223	180.15	262.47	34.25
2026-04-23T22:08:02.9025024+08:00	0x07	0.0218	-0.7145	0.0351	-0.6985	355.40	91.25	1.13
2026-04-23T22:08:02.9258498+08:00	0x01	0.5772	-0.1815	-0.6524	0.4564	237.27	286.25	16.86
2026-04-23T22:08:03.1025530+08:00	0x09	-0.7277	0.0970	0.6743	0.0801	181.96	265.39	345.68
2026-04-23T22:08:03.2276744+08:00	0x08	-0.7172	-0.2047	0.6179	-0.2491	181.03	261.84	37.60
2026-04-23T22:08:03.2849127+08:00	0x02	-0.8354	-0.1945	0.4278	0.2851	143.25	240.27	341.95
2026-04-23T22:08:03.4395788+08:00	0x07	-0.0164	-0.7388	0.0375	-0.6726	358.49	95.31	4.44
2026-04-23T22:08:03.4762349+08:00	0x04	0.7097	-0.5600	-0.4259	0.0366	245.87	225.49	334.84
2026-04-23T22:08:03.6435254+08:00	0x09	-0.7294	0.1009	0.6756	0.0375	185.65	265.07	348.99
2026-04-23T22:08:03.8188321+08:00	0x08	-0.7030	-0.2348	0.5933	-0.3142	183.54	261.83	46.08
2026-04-23T22:08:03.8567919+08:00	0x03	-0.5416	-0.0659	0.6252	0.5581	115.60	298.32	328.53
2026-04-23T22:08:03.9324464+08:00	0x07	-0.1563	-0.7053	0.2320	-0.6514	354.46	92.96	32.06
2026-04-23T22:08:03.9795266+08:00	0x04	0.7064	-0.5767	-0.4065	0.0569	249.12	223.98	337.14
2026-04-23T22:08:04.0245700+08:00	0x01	0.5742	-0.1688	-0.6382	0.4842	239.72	287.55	19.92
2026-04-23T22:08:04.0874446+08:00	0x06	-0.4578	-0.0758	0.8779	0.1187	163.87	304.72	1.40
2026-04-23T22:08:04.1788955+08:00	0x09	-0.7213	0.1184	0.6818	0.0295	187.67	265.99	348.23
2026-04-23T22:08:04.2248568+08:00	0x08	-0.6984	-0.2172	0.6103	-0.3042	185.39	264.45	43.64
2026-04-23T22:08:04.3987535+08:00	0x03	-0.5461	-0.0442	0.6142	0.5680	115.18	299.01	325.52
2026-04-23T22:08:04.5265810+08:00	0x07	-0.1522	-0.7069	0.2263	-0.6526	354.62	93.07	31.24
2026-04-23T22:08:04.5602176+08:00	0x04	0.6813	-0.5925	-0.4296	0.0090	249.94	223.39	330.21
2026-04-23T22:08:04.7193107+08:00	0x09	-0.7315	0.1364	0.6668	0.0403	188.64	263.65	346.06
2026-04-23T22:08:04.7880283+08:00	0x08	-0.6932	-0.1099	0.6766	-0.2230	189.68	270.96	27.25
2026-04-23T22:08:04.9411550+08:00	0x03	-0.5438	-0.0380	0.5996	0.5859	112.65	300.22	323.72
2026-04-23T22:08:05.0697246+08:00	0x04	0.7018	-0.5605	-0.4396	0.0131	245.04	225.85	331.69
2026-04-23T22:08:05.1927858+08:00	0x05	0.4926	-0.4985	-0.5225	-0.4856	152.41	300.05	272.03
2026-04-23T22:08:05.2678830+08:00	0x09	-0.7614	0.1561	0.6263	0.0605	189.74	257.45	343.29
2026-04-23T22:08:05.3837498+08:00	0x08	-0.6769	-0.0219	0.7220	-0.1414	190.31	274.86	12.89
2026-04-23T22:08:05.4745399+08:00	0x03	-0.5542	-0.0281	0.5897	0.5868	113.18	299.23	321.88
2026-04-23T22:08:05.5905203+08:00	0x07	-0.0032	-0.3586	0.3723	-0.8560	318.69	39.47	15.82
2026-04-23T22:08:05.7430902+08:00	0x06	-0.4675	-0.0748	0.8732	0.1158	164.20	303.50	1.28
2026-04-23T22:08:05.8428648+08:00	0x09	-0.7578	0.1736	0.6245	0.0749	190.35	257.23	340.71
2026-04-23T22:08:06.0265321+08:00	0x03	-0.5647	-0.0197	0.5820	0.5848	114.16	297.97	320.39
2026-04-23T22:08:06.1498462+08:00	0x04	0.6896	-0.5933	-0.4149	0.0176	250.48	222.16	332.09
2026-04-23T22:08:06.3409650+08:00	0x09	-0.7499	0.1941	0.6246	0.0992	190.47	257.44	336.97
2026-04-23T22:08:06.3948740+08:00	0x02	-0.8385	-0.1444	0.4278	0.3050	146.91	240.92	337.17
2026-04-23T22:08:06.4706996+08:00	0x08	-0.6776	-0.0246	0.7208	-0.1439	190.31	274.75	13.32
2026-04-23T22:08:06.6010907+08:00	0x03	-0.5663	0.0056	0.5617	0.6032	112.08	299.67	316.42
2026-04-23T22:08:06.7285259+08:00	0x04	0.6745	-0.6082	-0.4181	0.0181	252.74	222.05	331.05
2026-04-23T22:08:06.7926741+08:00	0x07	0.0340	-0.2495	0.2844	-0.9251	326.99	28.84	4.52
2026-04-23T22:08:06.9131382+08:00	0x09	-0.7405	0.1679	0.6464	0.0753	189.22	260.67	340.82
2026-04-23T22:08:06.9985388+08:00	0x01	0.5534	-0.2008	-0.6675	0.4559	238.78	288.41	13.69
2026-04-23T22:08:07.1891835+08:00	0x03	-0.5565	0.0019	0.5616	0.6124	110.03	301.44	316.87
2026-04-23T22:08:07.2312048+08:00	0x01	0.5639	-0.2066	-0.6711	0.4347	236.68	286.57	12.29
2026-04-23T22:08:07.2732093+08:00	0x07	0.0579	-0.3017	0.2109	-0.9280	334.76	35.77	1.13
2026-04-23T22:08:07.4039338+08:00	0x06	-0.2372	-0.0144	0.9602	0.1464	163.24	332.60	357.61
2026-04-23T22:08:07.4977101+08:00	0x01	0.5534	-0.2008	-0.6675	0.4559	238.78	288.41	13.69
2026-04-23T22:08:07.5878078+08:00	0x02	-0.8504	-0.1506	0.4068	0.2977	147.33	237.82	337.43
2026-04-23T22:08:07.7322979+08:00	0x03	-0.5645	-0.0102	0.5677	0.5991	112.17	299.03	318.33
2026-04-23T22:08:07.8108534+08:00	0x07	0.0601	-0.2985	0.1949	-0.9323	336.46	35.46	0.25
2026-04-23T22:08:07.8478330+08:00	0x04	0.6893	-0.5932	-0.4156	0.0139	250.37	222.03	331.71
2026-04-23T22:08:07.9114277+08:00	0x05	0.2684	-0.6080	-0.3957	-0.6337	17.89	78.21	304.77
2026-04-23T22:08:07.9928824+08:00	0x09	-0.7480	0.1517	0.6430	0.0629	188.77	260.07	343.20
2026-04-23T22:08:08.0320651+08:00	0x01	0.5534	-0.2008	-0.6675	0.4559	238.78	288.41	13.69
2026-04-23T22:08:08.0998330+08:00	0x02	-0.8481	-0.1530	0.4105	0.2980	146.97	238.35	337.68
2026-04-23T22:08:08.1791413+08:00	0x08	-0.6450	0.1406	0.7477	0.0721	184.43	277.74	342.34
2026-04-23T22:08:08.2249959+08:00	0x03	-0.5611	-0.0144	0.5816	0.5888	113.59	298.92	319.91
2026-04-23T22:08:08.3657564+08:00	0x07	0.0745	-0.2387	0.1971	-0.9479	335.81	28.85	357.30
2026-04-23T22:08:08.4915231+08:00	0x06	-0.2884	-0.0384	0.9481	0.1286	164.58	326.17	359.92
2026-04-23T22:08:08.5319427+08:00	0x01	0.5534	-0.2008	-0.6675	0.4559	238.78	288.41	13.69
2026-04-23T22:08:08.5791680+08:00	0x09	-0.7697	0.1451	0.6191	0.0569	189.13	256.38	344.49
2026-04-23T22:08:08.6838237+08:00	0x08	-0.6452	0.1927	0.7308	0.1118	185.40	275.91	334.79
2026-04-23T22:08:08.8137218+08:00	0x03	-0.5378	-0.0071	0.5782	0.6135	109.01	303.76	319.34
2026-04-23T22:08:08.8752390+08:00	0x04	0.6760	-0.5754	-0.4601	-0.0161	246.14	226.34	326.55
2026-04-23T22:08:08.9282552+08:00	0x07	0.0371	-0.2516	0.1787	-0.9505	339.00	29.44	1.11
2026-04-23T22:08:08.9754239+08:00	0x06	-0.2166	-0.0203	0.9698	0.1101	167.16	334.87	359.53
2026-04-23T22:08:09.0596984+08:00	0x09	-0.7692	0.1537	0.6173	0.0607	189.70	256.09	343.56
2026-04-23T22:08:09.1529604+08:00	0x02	-0.8535	-0.1743	0.3645	0.3290	143.37	234.91	334.24
2026-04-23T22:08:09.1905438+08:00	0x01	0.5534	-0.2008	-0.6675	0.4559	238.78	288.41	13.69
2026-04-23T22:08:09.2524645+08:00	0x08	-0.6335	0.2130	0.7319	0.1329	184.93	276.98	331.31
2026-04-23T22:08:09.3581796+08:00	0x03	-0.5452	-0.0175	0.5734	0.6113	109.29	302.05	319.72
2026-04-23T22:08:09.4699083+08:00	0x07	0.0318	-0.2612	0.1910	-0.9457	337.78	30.44	2.28
2026-04-23T22:08:09.5312389+08:00	0x01	0.5718	-0.1878	-0.6720	0.4315	234.97	286.50	13.95
2026-04-23T22:08:09.5936149+08:00	0x09	-0.7679	0.1200	0.6286	0.0298	188.61	257.75	348.66
2026-04-23T22:08:09.6545719+08:00	0x06	-0.2181	-0.0191	0.9681	0.1214	165.91	334.72	359.09
2026-04-23T22:08:09.7619454+08:00	0x08	-0.6293	0.2116	0.7339	0.1435	183.66	277.82	330.58
2026-04-23T22:08:09.8008197+08:00	0x02	-0.8557	-0.1766	0.3536	0.3339	143.00	233.92	333.47
2026-04-23T22:08:09.8544775+08:00	0x01	0.5534	-0.2008	-0.6675	0.4559	238.78	288.41	13.69
2026-04-23T22:08:09.8767387+08:00	0x03	-0.5538	-0.0332	0.5641	0.6116	108.96	300.02	320.21
2026-04-23T22:08:09.9907515+08:00	0x01	0.6006	-0.1945	-0.6414	0.4360	235.54	282.18	15.92
2026-04-23T22:08:10.0596581+08:00	0x07	0.0114	-0.5284	0.1497	-0.8356	344.64	63.53	8.00
2026-04-23T22:08:10.0979488+08:00	0x06	-0.3412	-0.0754	0.9326	0.0897	167.32	319.30	4.56
2026-04-23T22:08:10.1846670+08:00	0x05	0.2030	-0.7067	-0.2255	-0.6392	0.09	95.72	324.68
2026-04-23T22:08:10.2369560+08:00	0x02	-0.8987	-0.1609	0.3120	0.2627	150.78	224.05	338.17
2026-04-23T22:08:10.3492125+08:00	0x09	-0.7125	0.1394	0.6862	0.0462	188.05	266.79	345.10
2026-04-23T22:08:10.4709437+08:00	0x04	0.6764	-0.5759	-0.4588	-0.0152	246.28	226.20	326.70
2026-04-23T22:08:10.6445229+08:00	0x06	-0.6309	-0.1361	0.7521	-0.1330	181.75	280.35	21.88
2026-04-23T22:08:10.6850873+08:00	0x07	0.0120	-0.5210	0.1512	-0.8400	344.39	62.53	7.89
2026-04-23T22:08:10.7166661+08:00	0x02	-0.9290	-0.2762	0.2370	0.0678	146.96	208.54	0.29
2026-04-23T22:08:10.8837338+08:00	0x08	-0.6918	0.0283	0.7207	-0.0342	185.07	272.36	0.37
2026-04-23T22:08:10.9458464+08:00	0x04	0.3665	-0.4896	-0.7785	0.1415	230.31	289.57	318.81
2026-04-23T22:08:10.9841314+08:00	0x03	-0.5535	-0.0327	0.5643	0.6116	108.97	300.08	320.20
2026-04-23T22:08:11.0826685+08:00	0x01	0.5992	-0.1947	-0.6422	0.4366	235.64	282.37	15.85
2026-04-23T22:08:11.1686393+08:00	0x09	-0.6873	0.0462	0.7249	0.0057	183.18	272.93	355.71
2026-04-23T22:08:11.2147485+08:00	0x06	-0.6483	-0.1452	0.7412	-0.0962	177.22	277.17	19.88
2026-04-23T22:08:11.2894994+08:00	0x02	-0.9494	-0.2792	0.1425	0.0179	147.60	196.32	2.61
2026-04-23T22:08:11.5087901+08:00	0x08	-0.6994	-0.1233	0.6832	-0.1699	183.74	269.45	23.97
2026-04-23T22:08:11.6607340+08:00	0x01	0.8256	-0.2049	-0.3026	0.4298	227.60	236.50	35.85
2026-04-23T22:08:11.7185392+08:00	0x06	-0.6632	-0.1224	0.7355	-0.0651	176.04	275.38	15.44
2026-04-23T22:08:11.7530519+08:00	0x09	-0.7032	0.0348	0.7099	0.0178	181.35	270.50	355.73
2026-04-23T22:08:11.8311284+08:00	0x02	-0.9641	-0.2363	0.1198	0.0189	152.60	193.89	1.16
2026-04-23T22:08:12.3294557+08:00	0x08	-0.6831	-0.2084	0.6552	-0.2462	182.74	268.55	37.55
2026-04-23T22:08:12.3294557+08:00	0x03	-0.5160	0.3105	0.7728	0.2001	180.87	292.19	316.65
2026-04-23T22:08:12.3294557+08:00	0x04	0.3949	-0.3597	-0.8442	0.0441	205.93	301.58	325.08
2026-04-23T22:08:12.3294557+08:00	0x09	-0.7013	0.0346	0.7117	0.0214	181.04	270.80	355.45
2026-04-23T22:08:12.3294557+08:00	0x07	0.0889	-0.6804	-0.1118	-0.7188	2.37	86.52	343.74
2026-04-23T22:08:12.3806622+08:00	0x02	-0.9711	-0.2022	0.1260	0.0169	156.61	194.58	1.04
2026-04-23T22:08:12.4768690+08:00	0x01	0.8481	-0.2101	-0.2854	0.3940	224.03	230.96	33.25
2026-04-23T22:08:12.5709734+08:00	0x04	0.4090	-0.3229	-0.8475	0.1009	209.44	301.06	332.30
2026-04-23T22:08:12.6237679+08:00	0x03	-0.5563	0.2090	0.7787	0.2010	174.47	290.57	326.69
2026-04-23T22:08:12.7592011+08:00	0x01	0.8474	-0.2356	-0.2764	0.3873	226.17	229.95	31.74
2026-04-23T22:08:12.8328320+08:00	0x09	-0.6950	0.0420	0.7171	0.0291	180.95	271.74	354.22
2026-04-23T22:08:12.8328320+08:00	0x06	-0.6620	-0.0878	0.7440	-0.0237	175.29	276.29	9.32
2026-04-23T22:08:12.8888421+08:00	0x05	0.2051	-0.7042	-0.2307	-0.6394	0.44	95.38	324.04
2026-04-23T22:08:13.0709142+08:00	0x08	-0.6837	-0.2059	0.6562	-0.2440	182.77	268.58	37.15
2026-04-23T22:08:13.1483769+08:00	0x03	-0.5549	0.2164	0.7836	0.1765	177.53	290.11	327.65
2026-04-23T22:08:13.3164871+08:00	0x01	0.8457	-0.2457	-0.2766	0.3847	227.13	230.01	30.98
2026-04-23T22:08:13.3940958+08:00	0x07	0.2203	-0.6129	-0.2139	-0.7280	2.92	79.25	324.34
2026-04-23T22:08:13.6021040+08:00	0x02	-0.9812	-0.1410	0.1301	0.0193	163.64	195.12	359.94
2026-04-23T22:08:13.7623719+08:00	0x03	-0.5501	0.2267	0.7931	0.1303	182.84	289.74	329.81
2026-04-23T22:08:13.7899002+08:00	0x01	0.8461	-0.2462	-0.2789	0.3818	226.99	230.04	30.58
2026-04-23T22:08:13.8859104+08:00	0x09	-0.6926	0.0445	0.7193	0.0295	181.10	272.11	353.98
2026-04-23T22:08:13.9776057+08:00	0x06	-0.6630	-0.0692	0.7454	-0.0058	175.20	276.43	6.36
2026-04-23T22:08:14.0569895+08:00	0x02	-0.9839	-0.1279	0.1225	0.0235	165.08	194.31	359.15
2026-04-23T22:08:14.1745041+08:00	0x08	-0.6366	-0.3029	0.6233	-0.3385	183.53	270.59	53.95
2026-04-23T22:08:14.2394995+08:00	0x03	-0.5496	0.2235	0.7953	0.1246	183.13	289.88	330.50
2026-04-23T22:08:14.4036925+08:00	0x01	0.8473	-0.2467	-0.2789	0.3788	226.78	229.79	30.29
2026-04-23T22:08:14.4386193+08:00	0x09	-0.6919	0.0450	0.7200	0.0286	181.21	272.22	354.01
2026-04-23T22:08:14.5866231+08:00	0x02	-0.9845	-0.1233	0.1230	0.0224	165.63	194.34	359.21
2026-04-23T22:08:14.8085679+08:00	0x04	0.4142	-0.3286	-0.8363	0.1451	214.76	299.22	334.57
2026-04-23T22:08:14.8895694+08:00	0x08	-0.6112	-0.3474	0.5982	-0.3846	184.38	271.41	62.34
2026-04-23T22:08:14.9598501+08:00	0x09	-0.6915	0.0447	0.7204	0.0278	181.25	272.28	354.10
2026-04-23T22:08:15.0010267+08:00	0x07	0.2360	-0.6033	-0.2305	-0.7261	3.65	78.18	321.62
2026-04-23T22:08:15.1840142+08:00	0x02	-0.9848	-0.1207	0.1232	0.0219	165.93	194.35	359.23
2026-04-23T22:08:15.3216628+08:00	0x08	-0.6014	-0.3622	0.5887	-0.4007	184.96	271.96	65.28
2026-04-23T22:08:15.3605277+08:00	0x03	-0.5479	0.2236	0.7974	0.1180	183.73	290.05	330.93
2026-04-23T22:08:15.4139479+08:00	0x04	0.4136	-0.3266	-0.8368	0.1482	214.90	299.40	334.91
2026-04-23T22:08:15.5056372+08:00	0x01	0.8482	-0.2444	-0.2757	0.3804	226.57	229.49	30.70
2026-04-23T22:08:15.5897380+08:00	0x07	0.2515	-0.5967	-0.2488	-0.7203	4.44	77.60	318.76
2026-04-23T22:08:15.7175963+08:00	0x02	-0.9850	-0.1201	0.1223	0.0220	166.00	194.26	359.20
2026-04-23T22:08:15.8386481+08:00	0x08	-0.5947	-0.3721	0.5824	-0.4108	185.32	272.35	67.21
2026-04-23T22:08:15.8865907+08:00	0x04	0.4135	-0.3228	-0.8378	0.1512	214.90	299.63	335.43
2026-04-23T22:08:16.0603650+08:00	0x06	-0.6617	-0.0598	0.7473	0.0037	175.13	276.75	4.84
2026-04-23T22:08:16.0909769+08:00	0x07	0.2520	-0.5961	-0.2498	-0.7202	4.54	77.51	318.63
2026-04-23T22:08:16.1412363+08:00	0x03	-0.5471	0.2211	0.7991	0.1154	183.76	290.24	331.34
2026-04-23T22:08:16.4128301+08:00	0x08	-0.5874	-0.3811	0.5768	-0.4207	186.03	273.10	69.05
2026-04-23T22:08:16.4856808+08:00	0x03	-0.5464	0.2220	0.7996	0.1134	184.00	290.29	331.39
2026-04-23T22:08:16.5460376+08:00	0x01	0.8479	-0.2467	-0.2756	0.3799	226.79	229.49	30.55
2026-04-23T22:08:16.6083014+08:00	0x07	0.2529	-0.5958	-0.2509	-0.7198	4.58	77.49	318.47
2026-04-23T22:08:16.6552204+08:00	0x09	-0.6905	0.0454	0.7214	0.0283	181.26	272.44	354.00
2026-04-23T22:08:16.8240629+08:00	0x02	-0.9857	-0.1135	0.1224	0.0219	166.75	194.26	359.12
2026-04-23T22:08:16.8790576+08:00	0x08	-0.5855	-0.3837	0.5750	-0.4235	186.20	273.27	69.58
2026-04-23T22:08:16.9924839+08:00	0x04	0.4137	-0.3201	-0.8378	0.1563	215.21	299.72	335.98
2026-04-23T22:08:17.1482591+08:00	0x06	-0.6616	-0.0580	0.7476	0.0061	175.06	276.79	4.51
2026-04-23T22:08:17.2385597+08:00	0x09	-0.6903	0.0457	0.7215	0.0286	181.26	272.46	353.94
2026-04-23T22:08:17.3315069+08:00	0x07	0.2547	-0.5952	-0.2525	-0.7191	4.62	77.46	318.18
2026-04-23T22:08:17.3924474+08:00	0x08	-0.5848	-0.3846	0.5744	-0.4244	186.25	273.33	69.76
2026-04-23T22:08:17.4974287+08:00	0x02	-0.9858	-0.1118	0.1229	0.0226	166.94	194.33	359.02
2026-04-23T22:08:17.5587632+08:00	0x03	-0.5460	0.2197	0.8007	0.1114	184.01	290.41	331.73
2026-04-23T22:08:17.7109275+08:00	0x06	-0.6611	-0.0584	0.7480	0.0060	175.04	276.86	4.56
2026-04-23T22:08:17.8874418+08:00	0x05	0.6350	-0.6184	-0.3089	-0.3450	270.27	176.56	304.90
2026-04-23T22:08:17.9253346+08:00	0x02	-0.9860	-0.1119	0.1216	0.0222	166.93	194.17	359.05
2026-04-23T22:08:17.9647032+08:00	0x08	-0.5832	-0.3873	0.5724	-0.4270	186.32	273.38	70.28
2026-04-23T22:08:18.0418199+08:00	0x03	-0.5455	0.2187	0.8013	0.1120	183.85	290.54	331.80
2026-04-23T22:08:18.1325141+08:00	0x04	0.4130	-0.3178	-0.8388	0.1574	215.13	299.95	336.22
2026-04-23T22:08:18.2104641+08:00	0x01	0.8488	-0.2461	-0.2749	0.3786	226.59	229.28	30.49
2026-04-23T22:08:18.2466702+08:00	0x07	0.2571	-0.5947	-0.2546	-0.7179	4.63	77.48	317.78
2026-04-23T22:08:18.2949075+08:00	0x06	-0.6611	-0.0580	0.7480	0.0066	175.01	276.86	4.48
2026-04-23T22:08:18.4775528+08:00	0x02	-0.9859	-0.1125	0.1218	0.0218	166.87	194.19	359.11
2026-04-23T22:08:18.5387617+08:00	0x08	-0.5812	-0.3897	0.5712	-0.4291	186.47	273.60	70.72
2026-04-23T22:08:18.6615906+08:00	0x03	-0.5450	0.2171	0.8020	0.1121	183.70	290.68	331.94
2026-04-23T22:08:18.7715579+08:00	0x07	0.2586	-0.5928	-0.2567	-0.7182	4.83	77.20	317.49
2026-04-23T22:08:18.8125137+08:00	0x06	-0.6615	-0.0580	0.7477	0.0071	174.97	276.80	4.43
2026-04-23T22:08:18.8460566+08:00	0x09	-0.6904	0.0422	0.7217	0.0257	181.22	272.48	354.47
2026-04-23T22:08:19.0023980+08:00	0x02	-0.9860	-0.1117	0.1218	0.0213	166.97	194.18	359.15
2026-04-23T22:08:19.1600943+08:00	0x08	-0.5793	-0.3909	0.5715	-0.4301	186.81	274.08	70.93
2026-04-23T22:08:19.1972760+08:00	0x03	-0.5440	0.2165	0.8030	0.1114	183.68	290.85	332.04
2026-04-23T22:08:19.3468382+08:00	0x07	0.2637	-0.5906	-0.2601	-0.7169	4.84	77.05	316.73
2026-04-23T22:08:19.3922852+08:00	0x09	-0.6897	0.0378	0.7228	0.0227	181.12	272.64	355.07
2026-04-23T22:08:19.4591444+08:00	0x02	-0.9763	-0.1148	0.1679	0.0736	165.50	200.28	353.97
2026-04-23T22:08:19.6509834+08:00	0x08	-0.6008	-0.3588	0.5945	-0.3960	185.30	272.73	64.49
2026-04-23T22:08:19.7125472+08:00	0x03	-0.6309	0.0328	0.7209	0.2848	156.16	282.76	336.00
2026-04-23T22:08:19.7439288+08:00	0x04	0.4130	-0.3179	-0.8388	0.1574	215.14	299.94	336.22
2026-04-23T22:08:19.8726522+08:00	0x01	0.6894	-0.1933	-0.5595	0.4176	231.84	268.45	21.06
2026-04-23T22:08:19.9276949+08:00	0x06	-0.6923	-0.0270	0.7211	0.0016	177.72	272.29	2.10
2026-04-23T22:08:19.9655308+08:00	0x09	-0.7163	0.0731	0.6924	0.0464	182.35	267.86	350.34
2026-04-23T22:08:20.0497797+08:00	0x02	-0.8929	-0.0280	0.2641	0.3635	161.75	219.53	320.62
2026-04-23T22:08:20.1499220+08:00	0x08	-0.6877	-0.2692	0.5960	-0.3153	180.49	262.05	48.98
2026-04-23T22:08:20.2200810+08:00	0x04	0.6927	-0.1212	-0.6915	0.1653	203.41	270.63	3.52
2026-04-23T22:08:20.2497148+08:00	0x03	-0.6290	0.0384	0.7242	0.2799	156.97	283.02	335.94
2026-04-23T22:08:20.3876875+08:00	0x09	-0.7166	0.0908	0.6914	0.0130	186.50	267.48	351.71
2026-04-23T22:08:20.4399313+08:00	0x07	0.1786	-0.5465	-0.1130	-0.8103	359.24	68.16	335.61
2026-04-23T22:08:20.5729429+08:00	0x02	-0.8969	-0.0307	0.2616	0.3553	162.09	218.80	321.60
2026-04-23T22:08:20.6256969+08:00	0x05	0.4113	-0.5268	-0.4832	-0.5655	30.14	61.77	283.01
2026-04-23T22:08:20.7479005+08:00	0x04	0.6788	-0.4724	-0.5585	-0.0648	226.22	242.18	322.01
2026-04-23T22:08:20.8576070+08:00	0x03	-0.5385	-0.0097	0.5497	0.6385	104.51	304.78	317.39
2026-04-23T22:08:20.9324885+08:00	0x09	-0.8034	0.0910	0.5883	0.0145	187.49	251.93	352.51
2026-04-23T22:08:20.9989863+08:00	0x06	-0.6914	-0.0280	0.7219	0.0018	177.63	272.43	2.17
2026-04-23T22:08:21.1619363+08:00	0x02	-0.8452	-0.0953	0.3615	0.3819	147.64	236.84	324.79
2026-04-23T22:08:21.2229993+08:00	0x08	-0.6679	-0.2670	0.6258	-0.3017	181.78	267.06	47.49
2026-04-23T22:08:21.2538663+08:00	0x05	0.3797	-0.5268	-0.4830	-0.5874	34.34	58.14	287.27
2026-04-23T22:08:21.3855203+08:00	0x03	-0.5544	0.0614	0.5246	0.6432	105.22	306.93	308.96
2026-04-23T22:08:21.4547789+08:00	0x06	-0.6190	0.0031	0.7775	0.1109	170.20	283.66	351.83
2026-04-23T22:08:21.5100291+08:00	0x07	0.1813	-0.5482	-0.1175	-0.8080	359.44	68.43	335.05
2026-04-23T22:08:21.6079014+08:00	0x01	0.6954	-0.1952	-0.5517	0.4171	231.80	267.33	21.38
2026-04-23T22:08:21.7528012+08:00	0x02	-0.8744	-0.1474	0.3030	0.3492	146.63	227.86	328.58
2026-04-23T22:08:21.8660502+08:00	0x04	0.6121	-0.6250	-0.4842	-0.0158	253.78	227.20	321.35
2026-04-23T22:08:21.9149273+08:00	0x03	-0.5301	0.0693	0.5474	0.6439	104.33	311.10	310.67
2026-04-23T22:08:22.0309431+08:00	0x06	-0.7100	-0.0389	0.7016	0.0469	173.05	269.36	359.31
2026-04-23T22:08:22.0982224+08:00	0x07	0.1234	-0.7160	-0.0735	-0.6832	355.46	93.32	344.11
2026-04-23T22:08:22.2275851+08:00	0x09	-0.7914	0.0691	0.5939	0.1274	177.50	254.13	343.52
2026-04-23T22:08:22.3038663+08:00	0x08	-0.7201	-0.2212	0.6275	-0.1967	175.04	260.62	34.12
2026-04-23T22:08:22.3272671+08:00	0x02	-0.8611	-0.1500	0.3508	0.3360	145.88	233.16	331.74
2026-04-23T22:08:22.4563574+08:00	0x03	-0.5477	-0.0152	0.5884	0.5946	112.20	301.09	320.69
2026-04-23T22:08:22.5415165+08:00	0x06	-0.6756	-0.0348	0.7363	0.0171	175.86	274.87	1.61
2026-04-23T22:08:22.6027585+08:00	0x09	-0.7328	0.0246	0.6800	0.0046	181.71	265.68	357.70
2026-04-23T22:08:22.6776482+08:00	0x07	0.2452	-0.6877	-0.2021	-0.6528	354.75	94.73	323.27
2026-04-23T22:08:22.8175051+08:00	0x02	-0.8519	-0.1336	0.4000	0.3105	148.33	237.49	335.03
2026-04-23T22:08:22.9705749+08:00	0x04	0.6939	-0.5422	-0.4736	-0.0150	240.87	229.32	327.69
2026-04-23T22:08:23.1187179+08:00	0x06	-0.7344	-0.0615	0.6758	0.0103	174.00	265.04	3.90
2026-04-23T22:08:23.1476766+08:00	0x09	-0.7365	0.0464	0.6724	0.0578	179.46	264.84	351.52
2026-04-23T22:08:23.2175913+08:00	0x07	0.1851	-0.6747	-0.1229	-0.7038	355.13	88.67	334.76
2026-04-23T22:08:23.3255959+08:00	0x02	-0.8470	-0.1235	0.3933	0.3356	147.56	238.15	331.87
2026-04-23T22:08:23.4786035+08:00	0x04	0.7132	-0.5626	-0.4157	0.0453	246.64	224.72	336.23
2026-04-23T22:08:23.5278513+08:00	0x03	-0.5479	-0.0176	0.6229	0.5581	117.78	299.60	323.87
2026-04-23T22:08:23.6482249+08:00	0x06	-0.7283	-0.0528	0.6828	0.0245	173.65	266.19	2.09
2026-04-23T22:08:23.7080706+08:00	0x09	-0.7255	0.0945	0.6767	0.0825	181.51	265.82	345.66
2026-04-23T22:08:23.7859639+08:00	0x05	0.4370	-0.5198	-0.5032	-0.5345	36.85	56.11	278.02
2026-04-23T22:08:23.8552050+08:00	0x08	-0.7040	-0.1343	0.6821	-0.1453	180.57	268.30	22.82
2026-04-23T22:08:24.0489713+08:00	0x04	0.6898	-0.5874	-0.4222	0.0299	249.76	223.90	332.95
2026-04-23T22:08:24.0868538+08:00	0x03	-0.5457	-0.0044	0.6065	0.5782	115.13	301.22	321.26
2026-04-23T22:08:24.2177193+08:00	0x06	-0.7312	-0.0434	0.6801	0.0314	173.90	265.81	0.75
2026-04-23T22:08:24.2645942+08:00	0x09	-0.7265	0.1055	0.6725	0.0941	181.59	265.35	343.82
2026-04-23T22:08:24.4075114+08:00	0x01	0.5985	-0.1839	-0.6813	0.3793	228.82	282.74	11.74
2026-04-23T22:08:24.5116660+08:00	0x02	-0.8367	-0.1525	0.4088	0.3310	144.39	240.37	334.59
2026-04-23T22:08:24.6031240+08:00	0x03	-0.5451	-0.0034	0.6038	0.5816	114.61	301.50	320.95
2026-04-23T22:08:24.6328766+08:00	0x04	0.6785	-0.5969	-0.4276	0.0238	250.97	223.87	331.44
2026-04-23T22:08:24.6830080+08:00	0x06	-0.7285	-0.0399	0.6835	0.0231	174.85	266.30	1.20
2026-04-23T22:08:24.7804163+08:00	0x09	-0.7312	0.1051	0.6699	0.0746	183.19	264.59	345.53
2026-04-23T22:08:24.8490631+08:00	0x07	0.0716	-0.7191	-0.0288	-0.6906	356.34	92.57	351.94
2026-04-23T22:08:24.9246418+08:00	0x01	0.5630	-0.1456	-0.6946	0.4236	231.49	289.68	15.94
2026-04-23T22:08:25.0653926+08:00	0x08	-0.7355	-0.1014	0.6471	-0.1733	184.68	263.63	22.71
2026-04-23T22:08:25.0897607+08:00	0x02	-0.8321	-0.1504	0.4140	0.3369	143.97	241.45	334.14
2026-04-23T22:08:25.1636507+08:00	0x04	0.6700	-0.6067	-0.4270	0.0276	252.58	223.70	331.24
2026-04-23T22:08:25.3157678+08:00	0x06	-0.4925	-0.0484	0.8552	0.1540	161.83	300.76	356.05
2026-04-23T22:08:25.3627762+08:00	0x09	-0.7196	0.1172	0.6839	0.0251	187.88	266.30	348.67
2026-04-23T22:08:25.3705730+08:00	0x07	0.0750	-0.7180	-0.0316	-0.6913	356.29	92.45	351.42
2026-04-23T22:08:25.5089071+08:00	0x01	0.5687	-0.1839	-0.6915	0.4056	231.93	286.97	11.95
2026-04-23T22:08:25.7311679+08:00	0x04	0.6421	-0.6409	-0.4205	-0.0102	257.66	219.20	326.49
2026-04-23T22:08:25.7438540+08:00	0x03	-0.5647	0.0324	0.5346	0.6279	108.25	302.61	311.95
2026-04-23T22:08:25.7847184+08:00	0x06	-0.5004	-0.0482	0.8513	0.1503	162.25	299.71	356.08
2026-04-23T22:08:25.8535838+08:00	0x09	-0.7328	0.1660	0.6564	0.0674	189.39	262.18	341.54
2026-04-23T22:08:25.9103575+08:00	0x07	-0.0874	-0.7362	0.1695	-0.6493	354.37	96.12	21.29
2026-04-23T22:08:26.0783901+08:00	0x08	-0.7346	-0.1023	0.6482	-0.1725	184.55	263.77	22.71
2026-04-23T22:08:26.2135686+08:00	0x03	-0.5737	0.0306	0.5547	0.6019	113.39	299.55	313.57
2026-04-23T22:08:26.2517358+08:00	0x04	0.6675	-0.6147	-0.4200	0.0166	253.71	221.94	330.39
2026-04-23T22:08:26.3589356+08:00	0x06	-0.2135	-0.0369	0.9613	0.1701	159.95	334.97	359.90
2026-04-23T22:08:26.5067610+08:00	0x05	0.4638	-0.4670	-0.5961	-0.4599	140.75	317.28	280.47
2026-04-23T22:08:26.6067059+08:00	0x01	0.5724	-0.1921	-0.6651	0.4395	236.13	286.24	14.33
2026-04-23T22:08:26.6307885+08:00	0x08	-0.6950	0.0181	0.7131	-0.0902	188.89	271.91	5.71
2026-04-23T22:08:26.6764167+08:00	0x07	0.0938	-0.2900	0.1962	-0.9320	335.10	35.34	356.50
2026-04-23T22:08:26.7746569+08:00	0x03	-0.5826	0.0319	0.5655	0.5829	117.11	297.16	314.34
2026-04-23T22:08:26.8767110+08:00	0x06	-0.2190	-0.0357	0.9654	0.1367	163.76	334.37	0.52
2026-04-23T22:08:26.9327266+08:00	0x09	-0.7746	0.1494	0.6121	0.0542	189.86	255.28	344.52
2026-04-23T22:08:27.0375566+08:00	0x07	0.1297	-0.2344	0.0820	-0.9599	347.10	28.83	347.85
2026-04-23T22:08:27.1395571+08:00	0x08	-0.6741	0.0718	0.7345	-0.0305	188.16	274.65	356.31
2026-04-23T22:08:27.1740526+08:00	0x02	-0.8368	-0.1546	0.4166	0.3198	144.91	240.62	336.02
2026-04-23T22:08:27.3604130+08:00	0x03	-0.5691	0.0449	0.5671	0.5937	115.05	300.46	313.39
2026-04-23T22:08:27.4366130+08:00	0x06	-0.2161	-0.0357	0.9679	0.1232	165.29	334.71	0.91
2026-04-23T22:08:27.4749636+08:00	0x09	-0.7745	0.1487	0.6125	0.0531	189.87	255.34	344.67
2026-04-23T22:08:27.5828392+08:00	0x07	0.1481	-0.1917	0.0276	-0.9698	353.41	23.29	343.94
2026-04-23T22:08:27.6841906+08:00	0x01	0.5669	-0.1840	-0.6665	0.4478	236.60	287.46	15.22
2026-04-23T22:08:27.7195068+08:00	0x08	-0.6534	0.1261	0.7456	0.0345	186.69	276.75	346.51
2026-04-23T22:08:27.7819377+08:00	0x02	-0.8365	-0.1546	0.4192	0.3172	145.06	240.78	336.36
2026-04-23T22:08:27.8898508+08:00	0x03	-0.5710	0.0481	0.5676	0.5912	115.69	300.13	313.14
2026-04-23T22:08:27.9283041+08:00	0x04	0.6492	-0.6255	-0.4315	0.0338	255.66	223.93	330.28
2026-04-23T22:08:27.9685620+08:00	0x06	-0.2321	-0.0312	0.9639	0.1264	165.04	332.91	0.08
2026-04-23T22:08:28.0590284+08:00	0x09	-0.7636	0.1483	0.6260	0.0545	189.46	257.39	344.40
2026-04-23T22:08:28.2599731+08:00	0x01	0.5668	-0.1931	-0.6650	0.4463	237.03	286.98	14.43
2026-04-23T22:08:28.2835780+08:00	0x08	-0.6451	0.1612	0.7426	0.0798	185.47	277.07	339.98
2026-04-23T22:08:28.3290331+08:00	0x02	-0.8412	-0.1428	0.4194	0.3101	146.88	240.14	336.30
2026-04-23T22:08:28.3780214+08:00	0x04	0.6535	-0.6284	-0.4199	0.0414	256.42	223.01	331.73
2026-04-23T22:08:28.4410911+08:00	0x03	-0.5793	0.0539	0.5601	0.5898	116.51	298.90	311.95
2026-04-23T22:08:28.5377416+08:00	0x06	-0.2496	-0.0333	0.9584	0.1341	164.11	330.84	359.82
2026-04-23T22:08:28.6616594+08:00	0x09	-0.7566	0.1611	0.6298	0.0707	189.37	258.05	341.95
2026-04-23T22:08:28.7377121+08:00	0x01	0.5683	-0.2193	-0.6616	0.4374	237.81	285.29	11.95
2026-04-23T22:08:28.7758635+08:00	0x05	0.4647	-0.4892	-0.5931	-0.4392	153.89	306.37	278.68
2026-04-23T22:08:28.9065646+08:00	0x08	-0.6454	0.1602	0.7427	0.0784	185.51	277.06	340.18
2026-04-23T22:08:28.9367944+08:00	0x03	-0.6136	0.0609	0.5254	0.5863	119.40	292.68	308.42
2026-04-23T22:08:29.1067678+08:00	0x06	-0.5089	-0.0090	0.8511	0.1287	166.72	299.02	353.36
2026-04-23T22:08:29.1636946+08:00	0x02	-0.8665	-0.0919	0.3971	0.2882	154.59	235.02	334.75
2026-04-23T22:08:29.2001415+08:00	0x07	0.0868	-0.6299	-0.0449	-0.7705	357.66	78.76	349.02
2026-04-23T22:08:29.2616278+08:00	0x01	0.6295	-0.3067	-0.6029	0.3824	238.48	271.12	6.41
2026-04-23T22:08:29.3848395+08:00	0x08	-0.6609	0.2308	0.6986	0.1480	186.60	271.33	328.79
2026-04-23T22:08:29.4926186+08:00	0x03	-0.5255	0.2763	0.6011	0.5350	127.91	311.29	296.57
2026-04-23T22:08:29.6466189+08:00	0x06	-0.5016	-0.0098	0.8554	0.1290	166.59	299.98	353.53
2026-04-23T22:08:29.7156162+08:00	0x09	-0.6616	0.0761	0.7460	-0.0013	185.92	276.52	353.58
2026-04-23T22:08:29.8097321+08:00	0x07	0.0891	-0.6183	-0.0444	-0.7796	357.61	77.07	348.83
2026-04-23T22:08:29.9297348+08:00	0x01	0.6278	-0.3041	-0.6048	0.3841	238.44	271.54	6.57
2026-04-23T22:08:30.0296091+08:00	0x02	-0.8658	-0.0934	0.3978	0.2889	154.36	235.17	334.79
2026-04-23T22:08:30.0455369+08:00	0x03	-0.5286	0.2700	0.5993	0.5371	127.73	310.68	296.94
2026-04-23T22:08:30.0777827+08:00	0x04	0.6534	-0.6283	-0.4202	0.0411	256.40	223.04	331.68
2026-04-23T22:08:30.2154447+08:00	0x06	-0.6304	-0.1651	0.7461	-0.1366	179.72	279.55	24.75
2026-04-23T22:08:30.2653945+08:00	0x09	-0.6626	0.0222	0.7482	-0.0256	183.89	276.94	0.03
2026-04-23T22:08:30.3366062+08:00	0x07	0.3680	-0.5161	-0.4061	-0.6583	21.19	62.69	295.36
2026-04-23T22:08:30.4079565+08:00	0x01	0.8258	-0.1911	-0.2745	0.4541	227.67	235.12	40.17
2026-04-23T22:08:30.5805800+08:00	0x04	0.3868	-0.4326	-0.8126	0.0541	214.29	295.79	318.61
2026-04-23T22:08:30.6230016+08:00	0x03	-0.5110	0.3690	0.7555	0.1785	189.19	287.78	312.27
2026-04-23T22:08:30.7364825+08:00	0x06	-0.6496	-0.1553	0.7405	-0.0751	174.51	276.56	19.12
2026-04-23T22:08:30.8036445+08:00	0x09	-0.6672	0.0311	0.7441	0.0122	181.33	276.20	356.41
2026-04-23T22:08:30.8525467+08:00	0x07	0.4326	-0.4426	-0.4758	-0.6250	50.75	31.19	285.87
2026-04-23T22:08:30.9134253+08:00	0x01	0.8223	-0.2099	-0.2766	0.4508	229.63	235.63	38.70
2026-04-23T22:08:31.0395596+08:00	0x05	0.4647	-0.4885	-0.5932	-0.4399	153.43	306.77	278.73
2026-04-23T22:08:31.1146382+08:00	0x03	-0.5274	0.3287	0.7660	0.1647	187.38	288.02	317.37
2026-04-23T22:08:31.1661511+08:00	0x04	0.3804	-0.4103	-0.8260	0.0688	213.07	298.64	321.29
2026-04-23T22:08:31.3015145+08:00	0x06	-0.6619	-0.1319	0.7365	-0.0466	173.71	275.29	14.83
2026-04-23T22:08:31.4005178+08:00	0x09	-0.6723	0.0339	0.7390	0.0291	180.15	275.41	354.88
2026-04-23T22:08:31.5054150+08:00	0x05	0.7009	-0.5319	-0.3744	-0.2926	243.47	201.28	306.06
2026-04-23T22:08:31.5631717+08:00	0x08	-0.6448	-0.2356	0.6817	-0.2529	183.07	274.31	40.35
2026-04-23T22:08:31.6530764+08:00	0x03	-0.5517	0.2999	0.7630	0.1532	187.16	285.74	321.20
2026-04-23T22:08:31.7679166+08:00	0x04	0.4114	-0.3804	-0.8197	0.1188	216.66	295.93	328.27
2026-04-23T22:08:31.9267944+08:00	0x06	-0.6738	-0.1097	0.7305	-0.0166	172.78	273.96	10.52
2026-04-23T22:08:31.9957143+08:00	0x01	0.8228	-0.2097	-0.2763	0.4501	229.52	235.51	38.68
2026-04-23T22:08:32.0497224+08:00	0x09	-0.6718	0.0347	0.7384	0.0472	178.67	275.49	353.42
2026-04-23T22:08:32.2024955+08:00	0x03	-0.5693	0.2974	0.7502	0.1572	187.56	282.95	321.30
2026-04-23T22:08:32.2817488+08:00	0x06	-0.6881	-0.0890	0.7201	0.0092	172.15	272.15	6.63
2026-04-23T22:08:32.3184178+08:00	0x08	-0.6491	-0.2221	0.6862	-0.2416	183.15	274.27	38.21
2026-04-23T22:08:32.3949257+08:00	0x09	-0.6759	0.0333	0.7338	0.0598	177.53	274.87	352.55
2026-04-23T22:08:32.5240540+08:00	0x07	0.4550	-0.4377	-0.4847	-0.6053	58.38	23.66	282.78
2026-04-23T22:08:32.7048277+08:00	0x08	-0.6442	-0.2593	0.6679	-0.2678	181.87	272.82	43.74
2026-04-23T22:08:32.7366385+08:00	0x02	-0.9313	-0.2882	0.2227	-0.0078	147.39	204.50	8.22
2026-04-23T22:08:32.8568486+08:00	0x06	-0.6929	-0.0801	0.7163	0.0189	172.03	271.55	5.09
2026-04-23T22:08:32.9355027+08:00	0x09	-0.6783	0.0323	0.7315	0.0621	177.28	274.50	352.44
2026-04-23T22:08:33.0428074+08:00	0x01	0.4505	0.2274	-0.8374	0.2100	190.30	306.68	34.76
2026-04-23T22:08:33.0897056+08:00	0x07	0.5041	-0.4329	-0.4903	-0.5640	84.59	357.08	276.73
2026-04-23T22:08:33.2194753+08:00	0x08	-0.6412	-0.2794	0.6565	-0.2826	181.07	271.81	46.82
2026-04-23T22:08:33.3667315+08:00	0x02	-0.3890	-0.2999	0.8709	0.0156	162.37	307.00	30.68
2026-04-23T22:08:33.4282369+08:00	0x06	-0.6959	-0.0630	0.7144	0.0371	171.91	271.35	2.20
2026-04-23T22:08:33.5256157+08:00	0x09	-0.6764	0.0332	0.7329	0.0649	177.09	274.79	352.16
2026-04-23T22:08:33.5755842+08:00	0x01	0.4213	0.2529	-0.8361	0.2440	194.51	311.66	38.94
2026-04-23T22:08:33.6520287+08:00	0x07	0.5140	-0.4259	-0.4981	-0.5535	102.19	339.57	276.67
2026-04-23T22:08:33.7884297+08:00	0x08	-0.6347	-0.2943	0.6512	-0.2940	180.81	271.84	49.16
2026-04-23T22:08:33.8869730+08:00	0x04	0.4542	-0.3960	-0.7895	0.1167	219.53	288.69	328.72
2026-04-23T22:08:33.9535384+08:00	0x06	-0.7003	-0.0569	0.7103	0.0432	171.89	270.73	1.16
2026-04-23T22:08:34.0591343+08:00	0x09	-0.6800	0.0305	0.7297	0.0652	176.90	274.24	352.35
2026-04-23T22:08:34.1482084+08:00	0x01	0.3646	0.2741	-0.8586	0.2342	195.28	319.56	39.90
2026-04-23T22:08:34.2001544+08:00	0x07	0.5204	-0.4243	-0.5006	-0.5464	112.06	329.79	276.53
2026-04-23T22:08:34.3152552+08:00	0x08	-0.6323	-0.3013	0.6470	-0.3012	180.79	271.69	50.42
2026-04-23T22:08:34.4621349+08:00	0x03	-0.5867	0.3002	0.7352	0.1582	188.83	279.70	321.16
2026-04-23T22:08:34.4847485+08:00	0x04	0.4531	-0.3943	-0.7908	0.1175	219.40	288.98	328.86
2026-04-23T22:08:34.5302648+08:00	0x06	-0.6983	-0.0574	0.7122	0.0424	171.92	271.04	1.29
2026-04-23T22:08:34.6638786+08:00	0x01	0.3716	0.2575	-0.8564	0.2493	197.59	319.32	38.78
2026-04-23T22:08:34.7204271+08:00	0x07	0.5247	-0.4172	-0.5081	-0.5407	121.02	320.93	277.49
2026-04-23T22:08:34.7546009+08:00	0x09	-0.6793	0.0308	0.7305	0.0639	177.02	274.36	352.43
2026-04-23T22:08:34.8837438+08:00	0x08	-0.6280	-0.3046	0.6466	-0.3079	181.42	272.35	51.31
2026-04-23T22:08:34.9967442+08:00	0x04	0.4560	-0.3954	-0.7886	0.1179	219.65	288.48	328.94
2026-04-23T22:08:35.0458695+08:00	0x06	-0.6972	-0.0537	0.7135	0.0439	172.10	271.26	0.89
2026-04-23T22:08:35.1985020+08:00	0x09	-0.6789	0.0342	0.7307	0.0635	177.32	274.39	352.17
2026-04-23T22:08:35.2356379+08:00	0x01	0.6133	0.2499	-0.6043	0.4429	205.36	283.29	57.71
2026-04-23T22:08:35.2727972+08:00	0x07	0.5282	-0.4156	-0.5125	-0.5344	127.46	314.81	277.88
2026-04-23T22:08:35.3844474+08:00	0x08	-0.6259	-0.3038	0.6465	-0.3131	182.27	272.96	51.70
2026-04-23T22:08:35.4944650+08:00	0x02	-0.3111	-0.3233	0.8867	-0.1115	179.75	321.25	40.00
2026-04-23T22:08:35.5375534+08:00	0x03	-0.5796	0.3057	0.7446	0.1273	191.93	280.19	322.93
2026-04-23T22:08:35.6113851+08:00	0x06	-0.6908	-0.0580	0.7201	0.0291	172.98	272.22	2.48
2026-04-23T22:08:35.6855774+08:00	0x09	-0.6769	0.0367	0.7330	0.0559	178.14	274.68	352.55
2026-04-23T22:08:35.8297668+08:00	0x01	0.5584	0.2836	-0.6900	0.3629	197.73	290.89	52.81
2026-04-23T22:08:35.8834815+08:00	0x08	-0.6207	-0.2989	0.6462	-0.3284	185.03	274.79	52.55
2026-04-23T22:08:36.0139275+08:00	0x02	-0.2297	-0.5728	0.7482	-0.2436	204.25	344.82	75.71
2026-04-23T22:08:36.0761166+08:00	0x03	-0.6165	0.2941	0.7095	0.1732	188.66	274.93	320.88
2026-04-23T22:08:36.1144849+08:00	0x04	0.5736	-0.3412	-0.7433	0.0466	211.13	277.04	333.02
2026-04-23T22:08:36.2139542+08:00	0x09	-0.6844	0.0823	0.7219	0.0605	181.48	272.90	348.36
2026-04-23T22:08:36.4058143+08:00	0x07	0.5252	-0.4832	-0.5014	-0.4892	197.25	251.04	273.27
2026-04-23T22:08:36.4454270+08:00	0x08	-0.7034	-0.2217	0.6246	-0.2567	180.65	263.44	39.65
2026-04-23T22:08:36.5875795+08:00	0x02	-0.3115	-0.4976	0.7228	-0.3647	222.27	344.30	71.17
2026-04-23T22:08:36.6524541+08:00	0x03	-0.6155	0.2945	0.7106	0.1719	188.76	275.09	320.95
2026-04-23T22:08:36.8603548+08:00	0x09	-0.7150	0.1036	0.6883	0.0649	183.48	267.40	346.38
2026-04-23T22:08:36.9095190+08:00	0x01	0.6025	-0.0409	-0.4854	0.6322	253.42	293.03	46.23
2026-04-23T22:08:36.9758355+08:00	0x07	0.5621	-0.4530	-0.5166	-0.4604	191.47	255.49	279.74
2026-04-23T22:08:37.1056985+08:00	0x02	-0.5438	-0.6025	0.5657	-0.1458	115.28	234.17	57.16
2026-04-23T22:08:37.1884812+08:00	0x03	-0.5398	0.1269	0.4915	0.6716	97.17	316.92	301.82
2026-04-23T22:08:37.2835675+08:00	0x06	-0.7269	0.0205	0.6849	0.0451	178.16	266.68	354.62
2026-04-23T22:08:37.3455570+08:00	0x09	-0.7185	0.1008	0.6853	0.0623	183.50	266.89	346.84
2026-04-23T22:08:37.4828041+08:00	0x01	0.5895	-0.1061	-0.5926	0.5386	242.50	289.16	30.62
2026-04-23T22:08:37.5627966+08:00	0x08	-0.7107	-0.2133	0.6152	-0.2663	181.83	262.43	39.87
2026-04-23T22:08:37.6374947+08:00	0x04	0.6445	-0.5888	-0.4871	-0.0261	247.40	228.73	322.61
2026-04-23T22:08:37.7216854+08:00	0x03	-0.5423	0.0305	0.5129	0.6648	99.99	308.48	311.21
2026-04-23T22:08:37.8050335+08:00	0x06	-0.6055	-0.0139	0.7922	0.0751	172.18	285.49	356.05
2026-04-23T22:08:37.8754575+08:00	0x09	-0.7187	0.0993	0.6880	0.0149	187.11	266.93	350.90
2026-04-23T22:08:38.0517482+08:00	0x07	0.4636	-0.4062	-0.4714	-0.6308	60.02	17.42	284.58
2026-04-23T22:08:38.2255521+08:00	0x04	0.6436	-0.5824	-0.4960	-0.0239	246.18	230.30	322.52
2026-04-23T22:08:38.3824290+08:00	0x06	-0.6094	-0.0128	0.7893	0.0742	172.35	284.93	355.97
2026-04-23T22:08:38.6260257+08:00	0x08	-0.6923	-0.0829	0.6893	-0.1967	189.76	271.71	22.75
2026-04-23T22:08:38.6664598+08:00	0x07	0.4669	-0.4078	-0.4730	-0.6261	61.13	16.60	283.98
2026-04-23T22:08:38.7278341+08:00	0x04	0.7223	-0.5444	-0.4265	-0.0048	242.51	223.84	331.88
2026-04-23T22:08:38.8197408+08:00	0x03	-0.5969	-0.0189	0.5634	0.5709	117.56	292.44	318.68
2026-04-23T22:08:38.8514507+08:00	0x06	-0.2599	-0.0226	0.9398	0.2209	154.66	330.01	355.86
2026-04-23T22:08:38.9505786+08:00	0x09	-0.7386	0.1479	0.6551	0.0591	188.46	261.93	343.68
2026-04-23T22:08:39.1358395+08:00	0x01	0.6066	-0.1810	-0.5899	0.5012	241.95	282.47	23.24
2026-04-23T22:08:39.2421620+08:00	0x07	0.2635	-0.0107	-0.7089	-0.6541	98.88	337.33	338.90
2026-04-23T22:08:39.3427621+08:00	0x03	-0.5958	-0.0211	0.5856	0.5492	120.64	291.85	320.97
2026-04-23T22:08:39.4197350+08:00	0x09	-0.7535	0.1130	0.6470	0.0287	187.79	260.56	349.07
2026-04-23T22:08:39.6363118+08:00	0x05	0.4864	-0.4798	-0.5862	-0.4354	164.75	293.55	279.57
2026-04-23T22:08:39.6822547+08:00	0x01	0.6062	-0.1788	-0.5901	0.5024	241.96	282.67	23.46
2026-04-23T22:08:39.7201866+08:00	0x08	-0.6852	0.0044	0.7216	-0.0994	188.67	273.53	7.46
2026-04-23T22:08:39.8277040+08:00	0x04	0.7235	-0.5444	-0.4243	-0.0042	242.56	223.61	332.09
2026-04-23T22:08:39.8818792+08:00	0x02	-0.8091	-0.2883	0.4791	0.1808	140.22	241.60	359.06
2026-04-23T22:08:39.8967129+08:00	0x03	-0.5906	-0.0165	0.5886	0.5518	120.26	292.93	320.78
2026-04-23T22:08:39.9662082+08:00	0x09	-0.7632	0.1315	0.6310	0.0455	188.48	258.16	346.38
2026-04-23T22:08:40.0667002+08:00	0x06	-0.2542	-0.0131	0.9488	0.1872	158.73	330.76	355.97
2026-04-23T22:08:40.1978620+08:00	0x07	0.2995	0.0157	-0.8081	-0.5070	120.35	328.64	343.84
2026-04-23T22:08:40.3385425+08:00	0x02	-0.8116	-0.2573	0.4898	0.1877	142.96	243.23	356.98
2026-04-23T22:08:40.3974138+08:00	0x04	0.7109	-0.5754	-0.4044	-0.0056	247.45	220.20	331.75
2026-04-23T22:08:40.5121243+08:00	0x09	-0.7431	0.1787	0.6385	0.0903	189.27	259.60	338.75
2026-04-23T22:08:40.6136953+08:00	0x06	-0.2514	-0.0400	0.9576	0.1350	163.82	330.50	0.50
2026-04-23T22:08:40.7475487+08:00	0x01	0.5767	-0.2229	-0.6170	0.4869	243.57	284.23	16.65
2026-04-23T22:08:40.7975497+08:00	0x08	-0.6856	0.0018	0.7208	-0.1023	188.71	273.47	7.92
2026-04-23T22:08:40.8589527+08:00	0x02	-0.8115	-0.2583	0.4895	0.1875	142.88	243.18	357.05
2026-04-23T22:08:40.9045045+08:00	0x03	-0.6081	0.0110	0.5628	0.5597	121.19	291.15	316.12
2026-04-23T22:08:41.0465561+08:00	0x09	-0.7455	0.1454	0.6475	0.0614	188.22	260.78	343.75
2026-04-23T22:08:41.1358165+08:00	0x06	-0.2456	-0.0179	0.9592	0.1391	163.99	331.55	358.06
2026-04-23T22:08:41.2978479+08:00	0x08	-0.6745	0.1290	0.7256	0.0441	186.52	273.36	345.72
2026-04-23T22:08:41.4269910+08:00	0x02	-0.8257	-0.2127	0.4860	0.1920	147.24	242.82	353.67
2026-04-23T22:08:41.5027865+08:00	0x03	-0.5816	0.0200	0.5827	0.5673	119.13	296.23	316.91
2026-04-23T22:08:41.6356400+08:00	0x09	-0.7528	0.1415	0.6402	0.0582	188.26	259.63	344.41
2026-04-23T22:08:41.7007786+08:00	0x06	-0.2474	-0.0314	0.9602	0.1258	165.10	331.12	359.89
2026-04-23T22:08:41.7965034+08:00	0x01	0.4333	-0.1021	-0.6506	0.6152	255.97	311.20	23.60
2026-04-23T22:08:41.9250695+08:00	0x05	0.4793	-0.4631	-0.6167	-0.4189	161.71	298.78	283.41
2026-04-23T22:08:41.9709469+08:00	0x04	0.7129	-0.5515	-0.4329	0.0139	243.89	225.35	332.76
2026-04-23T22:08:42.0214718+08:00	0x07	0.2621	0.0432	-0.9075	-0.3255	141.97	329.60	354.71
2026-04-23T22:08:42.0756698+08:00	0x03	-0.5747	0.0070	0.6141	0.5409	122.29	295.92	320.93
2026-04-23T22:08:42.1416879+08:00	0x09	-0.7515	0.1527	0.6387	0.0635	188.92	259.40	343.10
2026-04-23T22:08:42.2267141+08:00	0x06	-0.2600	-0.0287	0.9564	0.1297	164.74	329.68	359.29
2026-04-23T22:08:42.3949699+08:00	0x07	0.2464	0.0978	-0.9501	-0.1645	158.73	329.80	6.01
2026-04-23T22:08:42.4413546+08:00	0x02	-0.8188	-0.2152	0.4865	0.2159	145.36	244.03	351.71
2026-04-23T22:08:42.5800400+08:00	0x03	-0.5592	0.0072	0.6269	0.5425	121.47	298.38	321.99
2026-04-23T22:08:42.6411658+08:00	0x04	0.7061	-0.5490	-0.4472	0.0081	243.09	226.87	331.34
2026-04-23T22:08:42.7035389+08:00	0x09	-0.7513	0.1640	0.6350	0.0738	189.27	258.88	341.39
2026-04-23T22:08:42.8017877+08:00	0x06	-0.2720	-0.0273	0.9514	0.1417	163.46	328.30	358.56
2026-04-23T22:08:42.9084807+08:00	0x01	0.4380	-0.1059	-0.6501	0.6118	255.55	310.35	23.47
2026-04-23T22:08:42.9559516+08:00	0x08	-0.6654	0.1289	0.7338	0.0465	186.12	274.81	345.47
2026-04-23T22:08:43.0088465+08:00	0x02	0.4839	-0.0961	0.7112	0.5008	127.76	49.08	38.41
2026-04-23T22:08:43.0547654+08:00	0x04	0.6998	-0.5540	-0.4510	0.0009	243.54	226.83	330.10
2026-04-23T22:08:43.1299496+08:00	0x03	-0.5531	0.0173	0.6161	0.5606	118.91	300.35	320.10
2026-04-23T22:08:43.2928184+08:00	0x09	-0.7497	0.1730	0.6332	0.0844	189.35	258.70	339.78
2026-04-23T22:08:43.4175796+08:00	0x07	0.2647	0.0926	-0.9492	-0.1427	161.25	327.89	5.75
2026-04-23T22:08:43.5236668+08:00	0x08	-0.6512	0.2118	0.7162	0.1347	185.42	274.06	331.40
2026-04-23T22:08:43.6139774+08:00	0x02	0.5365	-0.0412	0.7021	0.4663	132.61	59.52	33.93
2026-04-23T22:08:43.6469585+08:00	0x04	0.7066	-0.5432	-0.4533	0.0071	242.11	227.75	331.15
2026-04-23T22:08:43.8318029+08:00	0x09	-0.7579	0.1449	0.6333	0.0593	188.65	258.56	344.13
2026-04-23T22:08:43.9664563+08:00	0x07	0.2619	0.0688	-0.9539	-0.1291	163.56	328.77	3.65
2026-04-23T22:08:44.0914140+08:00	0x01	-0.2923	0.2817	-0.8501	0.3355	230.03	45.66	16.42
2026-04-23T22:08:44.1378958+08:00	0x08	-0.6505	0.1957	0.7236	0.1224	184.96	274.94	333.74
2026-04-23T22:08:44.2385530+08:00	0x03	-0.5609	-0.0077	0.6277	0.5398	121.30	297.48	323.42
2026-04-23T22:08:44.3607286+08:00	0x06	-0.2575	-0.0417	0.9594	0.1071	166.88	329.79	1.42
2026-04-23T22:08:44.4006542+08:00	0x09	-0.7590	0.1285	0.6365	0.0465	188.03	259.01	346.46
2026-04-23T22:08:44.5002611+08:00	0x07	0.2593	0.0682	-0.9579	-0.1029	166.52	329.18	4.43
2026-04-23T22:08:44.6121901+08:00	0x08	-0.6582	0.1602	0.7308	0.0841	185.38	275.03	339.83
2026-04-23T22:08:44.6469583+08:00	0x05	0.4979	-0.4432	-0.6185	-0.4161	164.30	294.25	285.73
2026-04-23T22:08:44.7146500+08:00	0x04	0.7344	-0.5193	-0.4370	0.0044	238.99	226.29	333.43
2026-04-23T22:08:44.7945692+08:00	0x03	-0.5689	-0.0297	0.6282	0.5299	121.97	295.19	325.55
2026-04-23T22:08:44.8901165+08:00	0x06	-0.2716	-0.0613	0.9540	0.1115	165.73	327.82	3.23
2026-04-23T22:08:44.9757323+08:00	0x07	0.2677	0.0991	-0.9546	-0.0850	167.44	327.76	8.26
2026-04-23T22:08:45.1981859+08:00	0x08	-0.6551	0.1482	0.7373	0.0727	185.26	275.91	341.71
2026-04-23T22:08:45.2915832+08:00	0x02	0.5219	-0.0113	0.7277	0.4449	133.53	58.75	28.74
2026-04-23T22:08:45.4513784+08:00	0x06	-0.2801	-0.0574	0.9505	0.1216	164.72	326.84	2.35
2026-04-23T22:08:45.5668190+08:00	0x07	0.2752	0.1016	-0.9517	-0.0906	166.66	326.78	8.25
2026-04-23T22:08:45.7056212+08:00	0x08	-0.6617	0.1240	0.7382	0.0423	186.01	275.53	346.16
2026-04-23T22:08:45.8080069+08:00	0x04	0.7384	-0.5180	-0.4311	-0.0230	238.19	224.33	331.28
2026-04-23T22:08:45.8578383+08:00	0x03	-0.5745	-0.0514	0.6181	0.5342	120.52	293.63	326.62
2026-04-23T22:08:46.0103954+08:00	0x09	-0.7367	0.1390	0.6603	0.0436	188.75	262.64	345.65
2026-04-23T22:08:46.1037337+08:00	0x07	0.3314	0.1194	-0.9335	-0.0669	168.03	319.83	10.29
2026-04-23T22:08:46.2901588+08:00	0x08	-0.7128	0.1137	0.6919	0.0119	188.51	267.55	349.96
2026-04-23T22:08:46.3888289+08:00	0x03	-0.5821	-0.0724	0.6235	0.5168	122.00	291.27	329.24
2026-04-23T22:08:46.5196511+08:00	0x09	-0.7164	0.1189	0.6871	0.0237	188.08	266.80	348.62
2026-04-23T22:08:46.6509374+08:00	0x07	0.3429	0.1510	-0.9269	-0.0240	171.17	318.21	15.27
2026-04-23T22:08:46.7511804+08:00	0x08	-0.7250	0.0154	0.6843	-0.0768	187.35	267.02	5.18
2026-04-23T22:08:46.8455663+08:00	0x01	0.5490	-0.1639	-0.6465	0.5037	242.17	291.43	19.94
2026-04-23T22:08:46.9049125+08:00	0x04	0.7686	-0.5021	-0.3951	-0.0331	236.49	219.94	333.41
2026-04-23T22:08:46.9354640+08:00	0x03	-0.5980	-0.0895	0.6097	0.5124	122.08	288.12	329.75
2026-04-23T22:08:47.1124563+08:00	0x09	-0.6877	0.1127	0.7166	0.0278	186.75	271.68	348.48
2026-04-23T22:08:47.1438620+08:00	0x06	-0.2799	-0.0576	0.9506	0.1213	164.75	326.87	2.38
2026-04-23T22:08:47.1834836+08:00	0x07	0.3426	0.1500	-0.9271	-0.0253	171.07	318.25	15.12
2026-04-23T22:08:47.3505614+08:00	0x05	0.6549	-0.4814	-0.4772	-0.3341	224.85	223.35	296.23
2026-04-23T22:08:47.4210991+08:00	0x02	0.4970	-0.0020	0.7878	0.3638	142.16	57.09	21.40
2026-04-23T22:08:47.6388370+08:00	0x09	-0.6806	0.0482	0.7309	-0.0174	185.23	273.96	357.32
2026-04-23T22:08:47.7144906+08:00	0x07	0.6445	0.0436	-0.7632	0.0132	177.93	279.56	4.79
2026-04-23T22:08:47.8148769+08:00	0x05	0.7413	-0.4635	-0.4038	-0.2693	227.84	213.43	309.32
2026-04-23T22:08:47.8642117+08:00	0x08	-0.7248	0.0183	0.6847	-0.0742	187.39	267.04	4.73
2026-04-23T22:08:47.9395170+08:00	0x02	0.8422	0.4689	-0.2661	0.0026	125.40	207.45	14.71
2026-04-23T22:08:48.0147887+08:00	0x03	-0.5976	-0.0890	0.6102	0.5126	122.08	288.22	329.74
2026-04-23T22:08:48.1759660+08:00	0x09	-0.6936	0.0305	0.7192	0.0256	180.31	272.06	355.45
2026-04-23T22:08:48.2524129+08:00	0x07	0.5792	0.2316	-0.7531	0.2091	183.31	285.95	36.24
2026-04-23T22:08:48.3706687+08:00	0x08	-0.6678	-0.2171	0.6631	-0.2592	183.99	271.03	39.36
2026-04-23T22:08:48.5205156+08:00	0x01	0.5287	-0.1504	-0.6648	0.5058	241.95	294.83	19.56
2026-04-23T22:08:48.5990585+08:00	0x03	-0.5651	0.2863	0.7445	0.2109	180.73	285.32	318.34
2026-04-23T22:08:48.7677611+08:00	0x09	-0.6962	0.0307	0.7158	0.0450	178.76	271.65	353.88
2026-04-23T22:08:48.8007169+08:00	0x06	-0.5884	-0.0738	0.8049	0.0193	173.20	287.34	5.51
2026-04-23T22:08:48.9515599+08:00	0x08	-0.6541	-0.2694	0.6494	-0.2789	180.81	269.92	45.63
2026-04-23T22:08:49.0255619+08:00	0x02	0.8878	0.4118	-0.2054	-0.0007	132.09	201.75	9.66
2026-04-23T22:08:49.1019778+08:00	0x04	0.7677	-0.5026	-0.3962	-0.0328	236.55	220.08	333.35
2026-04-23T22:08:49.1540808+08:00	0x03	-0.5670	0.2736	0.7514	0.1977	180.98	285.57	320.56
2026-04-23T22:08:49.2552837+08:00	0x09	-0.6971	0.0330	0.7146	0.0477	178.72	271.50	353.47
2026-04-23T22:08:49.4014828+08:00	0x07	0.5955	0.2552	-0.7420	0.1722	176.58	281.41	35.72
2026-04-23T22:08:49.5116656+08:00	0x08	-0.6410	-0.3017	0.6363	-0.3052	180.15	269.65	50.83
2026-04-23T22:08:49.6016367+08:00	0x02	0.9531	0.2386	-0.1822	-0.0379	152.05	201.43	0.85
2026-04-23T22:08:49.6710414+08:00	0x03	-0.5667	0.2470	0.7619	0.1932	178.97	287.06	323.47
2026-04-23T22:08:49.8075981+08:00	0x09	-0.7006	0.0360	0.7112	0.0456	179.16	270.91	353.39
2026-04-23T22:08:49.8963836+08:00	0x06	-0.6634	-0.1358	0.7356	-0.0187	170.99	274.88	12.98
2026-04-23T22:08:49.9884661+08:00	0x07	0.5965	0.2602	-0.7355	0.1884	177.60	281.11	37.41
2026-04-23T22:08:50.0503768+08:00	0x08	-0.6339	-0.3139	0.6298	-0.3209	180.60	269.93	53.34
2026-04-23T22:08:50.2090512+08:00	0x01	0.7913	-0.2607	-0.3647	0.4158	234.09	243.94	27.90
2026-04-23T22:08:50.2442495+08:00	0x04	0.4124	-0.3999	-0.8161	0.0633	212.80	295.16	323.09
2026-04-23T22:08:50.3316586+08:00	0x09	-0.7080	0.0221	0.7047	0.0390	178.64	269.79	355.04
2026-04-23T22:08:50.4664750+08:00	0x03	-0.5646	0.1978	0.7831	0.1697	177.19	289.18	329.91
2026-04-23T22:08:50.5313517+08:00	0x05	0.7080	-0.5397	-0.3287	-0.3153	248.57	192.07	306.75
2026-04-23T22:08:50.6388908+08:00	0x01	0.8070	-0.2393	-0.3347	0.4237	231.83	240.69	31.58
2026-04-23T22:08:50.6918254+08:00	0x02	0.9637	0.2011	-0.1681	-0.0517	156.10	200.17	358.16
2026-04-23T22:08:50.7558585+08:00	0x04	0.3834	-0.3857	-0.8229	0.1645	221.15	298.33	329.43
2026-04-23T22:08:50.8016313+08:00	0x03	-0.5911	0.2450	0.7343	0.2267	176.82	283.45	321.11
2026-04-23T22:08:50.8723411+08:00	0x09	-0.7040	0.0252	0.7083	0.0456	178.32	270.43	354.27
2026-04-23T22:08:50.9807468+08:00	0x06	-0.6745	-0.0987	0.7316	0.0128	171.19	274.09	7.31
2026-04-23T22:08:51.0599529+08:00	0x07	0.6043	0.2581	-0.7322	0.1788	176.43	279.75	36.45
2026-04-23T22:08:51.1063636+08:00	0x08	-0.6087	-0.3688	0.5960	-0.3718	179.25	268.33	63.16
2026-04-23T22:08:51.1716456+08:00	0x01	0.8031	-0.2620	-0.3478	0.4067	232.91	241.03	28.10
2026-04-23T22:08:51.2677479+08:00	0x02	0.9774	0.1322	-0.1542	-0.0579	163.92	198.52	355.85
2026-04-23T22:08:51.3698610+08:00	0x03	-0.5923	0.2448	0.7344	0.2234	177.20	283.21	321.38
2026-04-23T22:08:51.4084081+08:00	0x09	-0.7036	0.0250	0.7088	0.0430	178.52	270.49	354.49
2026-04-23T22:08:51.5544577+08:00	0x06	-0.6730	-0.0958	0.7333	0.0149	171.26	274.38	6.92
2026-04-23T22:08:51.5962807+08:00	0x07	0.6036	0.2593	-0.7318	0.1813	176.60	279.84	36.75
2026-04-23T22:08:51.6975009+08:00	0x08	-0.6026	-0.3762	0.5923	-0.3802	179.60	268.76	64.66
2026-04-23T22:08:51.7456168+08:00	0x02	0.9804	0.1115	-0.1500	-0.0617	166.23	198.01	354.97
2026-04-23T22:08:51.9136738+08:00	0x04	0.4065	-0.3783	-0.8206	0.1350	218.00	296.48	329.25
2026-04-23T22:08:51.9526333+08:00	0x03	-0.5910	0.2456	0.7361	0.2206	177.48	283.36	321.52
2026-04-23T22:08:52.0134850+08:00	0x06	-0.6725	-0.0932	0.7340	0.0181	171.21	274.51	6.46
2026-04-23T22:08:52.1989897+08:00	0x07	0.6027	0.2605	-0.7318	0.1830	176.69	279.94	36.99
2026-04-23T22:08:52.3090624+08:00	0x01	0.8035	-0.2641	-0.3468	0.4054	233.00	240.82	27.93
2026-04-23T22:08:52.4308801+08:00	0x04	0.3775	-0.3715	-0.8140	0.2385	227.62	299.00	334.87
2026-04-23T22:08:52.4849525+08:00	0x03	-0.5455	0.2405	0.7847	0.1699	179.70	290.47	325.75
2026-04-23T22:08:52.5310698+08:00	0x06	-0.6693	-0.1000	0.7361	0.0090	171.46	274.86	7.77
2026-04-23T22:08:52.6620264+08:00	0x07	0.6011	0.2655	-0.7290	0.1918	177.12	279.99	38.14
2026-04-23T22:08:52.7936672+08:00	0x08	-0.5928	-0.3925	0.5787	-0.3995	179.55	268.33	68.12
2026-04-23T22:08:52.9302008+08:00	0x02	0.9787	0.1244	-0.1539	-0.0543	164.88	198.39	356.10
2026-04-23T22:08:52.9997111+08:00	0x03	-0.4930	0.2225	0.8378	0.0738	186.14	297.60	333.53
2026-04-23T22:08:53.0942716+08:00	0x09	-0.7096	0.0191	0.7036	0.0341	178.81	269.56	355.68
2026-04-23T22:08:53.1215629+08:00	0x06	-0.6693	-0.0974	0.7365	0.0106	171.54	274.92	7.43
2026-04-23T22:08:53.2014803+08:00	0x07	0.6033	0.2653	-0.7273	0.1916	176.99	279.60	38.11
2026-04-23T22:08:53.2904993+08:00	0x08	-0.5911	-0.3968	0.5750	-0.4031	179.13	267.82	68.88
2026-04-23T22:08:53.4065699+08:00	0x01	0.8077	-0.2500	-0.3409	0.4110	231.86	240.39	29.58
2026-04-23T22:08:53.4909000+08:00	0x03	-0.5593	0.1714	0.7889	0.1882	173.11	291.10	331.25
2026-04-23T22:08:53.5993541+08:00	0x09	-0.7115	0.0220	0.7014	0.0361	178.89	269.23	355.28
2026-04-23T22:08:53.7448840+08:00	0x06	-0.6665	-0.0933	0.7395	0.0132	171.67	275.44	6.92
2026-04-23T22:08:53.8235552+08:00	0x08	-0.5875	-0.4000	0.5717	-0.4098	179.76	268.26	69.88
2026-04-23T22:08:53.8677536+08:00	0x01	0.8079	-0.2449	-0.3409	0.4137	231.57	240.56	30.09
2026-04-23T22:08:54.0409591+08:00	0x02	0.9833	0.1012	-0.1336	-0.0708	167.33	196.19	353.56
2026-04-23T22:08:54.1331922+08:00	0x09	-0.7097	0.0256	0.7032	0.0341	179.33	269.50	355.15
2026-04-23T22:08:54.2025204+08:00	0x06	-0.6645	-0.0920	0.7415	0.0118	171.90	275.77	6.94
2026-04-23T22:08:54.3033899+08:00	0x07	0.6111	0.2579	-0.7236	0.1907	177.17	278.68	37.32
2026-04-23T22:08:54.3498110+08:00	0x08	-0.5866	-0.3994	0.5706	-0.4133	180.50	268.76	70.16
2026-04-23T22:08:54.4980624+08:00	0x01	0.8062	-0.2503	-0.3483	0.4076	231.72	240.96	28.87
2026-04-23T22:08:54.6085986+08:00	0x04	0.4261	-0.3263	-0.8285	0.1596	216.40	297.62	336.13
2026-04-23T22:08:54.6475398+08:00	0x03	-0.5817	0.2047	0.7638	0.1906	176.40	286.46	327.69
2026-04-23T22:08:54.7334855+08:00	0x02	0.9847	0.0912	-0.1284	-0.0743	168.45	195.58	352.94
2026-04-23T22:08:54.7799428+08:00	0x06	-0.6632	-0.0916	0.7427	0.0093	172.17	275.98	7.11
2026-04-23T22:08:54.9404388+08:00	0x08	-0.5834	-0.4008	0.5693	-0.4182	181.50	269.67	70.79
2026-04-23T22:08:55.0028570+08:00	0x07	0.6086	0.2573	-0.7252	0.1938	177.67	279.20	37.52
2026-04-23T22:08:55.1159978+08:00	0x02	0.9839	0.0846	-0.1364	-0.0789	169.07	196.51	352.41
2026-04-23T22:08:55.2975876+08:00	0x06	-0.6593	-0.0941	0.7459	-0.0016	172.94	276.55	8.19
2026-04-23T22:08:55.3208567+08:00	0x09	-0.7041	0.0306	0.7090	0.0256	180.40	270.38	355.44
2026-04-23T22:08:55.3966017+08:00	0x08	-0.5896	-0.3886	0.5753	-0.4127	182.66	270.43	69.04
2026-04-23T22:08:55.4295092+08:00	0x07	0.6004	0.2692	-0.7232	0.2097	178.51	280.06	39.88
2026-04-23T22:08:55.6118532+08:00	0x02	0.9390	0.0621	-0.2519	-0.2256	165.50	213.01	336.89
2026-04-23T22:08:55.6516669+08:00	0x04	0.7052	-0.1683	-0.6822	0.0948	201.62	267.05	354.49
2026-04-23T22:08:55.6880183+08:00	0x03	-0.5810	0.2037	0.7646	0.1906	176.30	286.61	327.79
2026-04-23T22:08:55.7429547+08:00	0x01	0.7098	-0.2118	-0.4909	0.4586	236.89	263.76	26.30
2026-04-23T22:08:55.8057602+08:00	0x09	-0.7256	0.0593	0.6845	0.0397	181.83	266.53	352.02
2026-04-23T22:08:55.9437760+08:00	0x07	0.7168	0.1774	-0.6578	0.1485	176.22	264.20	26.50
2026-04-23T22:08:55.9667366+08:00	0x05	0.4788	-0.5230	-0.4718	-0.5240	356.27	93.27	275.54
2026-04-23T22:08:56.1098048+08:00	0x02	0.9409	0.0628	-0.2485	-0.2213	165.68	212.48	337.34
2026-04-23T22:08:56.2666830+08:00	0x03	-0.6237	-0.0676	0.6518	0.4262	134.45	283.74	333.67
2026-04-23T22:08:56.3519312+08:00	0x09	-0.7229	0.1628	0.6652	0.0917	186.95	263.98	339.56
2026-04-23T22:08:56.5280901+08:00	0x07	0.6712	0.3367	-0.6167	0.2363	166.37	259.20	47.09
2026-04-23T22:08:56.6294486+08:00	0x01	0.7131	-0.2130	-0.4869	0.4573	236.76	263.09	26.41
2026-04-23T22:08:56.6898481+08:00	0x02	0.8266	0.0491	-0.4090	-0.3834	150.61	242.51	323.58
2026-04-23T22:08:56.7364621+08:00	0x03	-0.4968	0.0328	0.5965	0.6295	105.95	312.44	318.34
2026-04-23T22:08:56.7837499+08:00	0x04	0.6590	-0.5758	-0.4808	0.0535	247.78	232.59	331.10
2026-04-23T22:08:56.9058579+08:00	0x09	-0.7223	0.1444	0.6732	0.0649	187.27	264.90	343.24
2026-04-23T22:08:57.0678702+08:00	0x07	0.6491	0.4371	-0.5336	0.3208	151.36	241.40	62.00
2026-04-23T22:08:57.1976961+08:00	0x02	0.8196	0.1200	-0.4347	-0.3535	145.06	244.98	331.64
2026-04-23T22:08:57.2744307+08:00	0x03	-0.4771	0.0439	0.6129	0.6284	105.82	315.60	319.21
2026-04-23T22:08:57.4162478+08:00	0x09	-0.7247	0.1224	0.6708	0.0988	182.70	265.15	342.09
2026-04-23T22:08:57.4679320+08:00	0x06	-0.7432	-0.0213	0.6668	0.0499	174.36	263.93	357.38
2026-04-23T22:08:57.5992168+08:00	0x08	-0.7295	-0.1278	0.6521	-0.1621	181.56	263.91	23.78
2026-04-23T22:08:57.6238018+08:00	0x07	0.5595	0.4382	-0.6112	0.3484	170.21	268.47	67.75
2026-04-23T22:08:57.7684309+08:00	0x02	0.8230	0.1551	-0.4313	-0.3355	143.15	243.67	335.26
2026-04-23T22:08:57.8402343+08:00	0x04	0.6816	-0.5538	-0.4775	0.0284	243.78	231.52	330.65
2026-04-23T22:08:57.8788378+08:00	0x03	-0.4778	0.0179	0.6187	0.6234	106.40	313.66	321.84
2026-04-23T22:08:57.9559243+08:00	0x06	-0.7414	-0.0332	0.6690	0.0404	174.07	264.17	359.11
2026-04-23T22:08:58.1469998+08:00	0x07	0.5441	0.4552	-0.5939	0.3796	171.51	268.78	72.50
2026-04-23T22:08:58.1707970+08:00	0x08	-0.7250	-0.1547	0.6390	-0.2051	182.49	263.44	29.67
2026-04-23T22:08:58.3477932+08:00	0x02	0.8157	0.1887	-0.4391	-0.3259	140.33	244.41	338.53
2026-04-23T22:08:58.4178510+08:00	0x04	0.6809	-0.5502	-0.4821	0.0349	243.39	232.52	331.12
2026-04-23T22:08:58.4980303+08:00	0x09	-0.7293	0.0884	0.6782	0.0177	186.09	265.40	351.62
2026-04-23T22:08:58.5329770+08:00	0x06	-0.5942	-0.0667	0.7989	0.0649	169.46	286.57	1.69
2026-04-23T22:08:58.6848027+08:00	0x08	-0.7125	-0.2027	0.6119	-0.2772	183.77	262.69	40.02
2026-04-23T22:08:58.8034537+08:00	0x05	0.4383	-0.5131	-0.5157	-0.5279	48.46	45.14	277.27
2026-04-23T22:08:58.8730804+08:00	0x02	0.8177	0.1759	-0.4539	-0.3074	142.90	244.86	339.94
2026-04-23T22:08:58.9734016+08:00	0x03	-0.5088	-0.0024	0.6193	0.5980	110.97	307.31	322.73
2026-04-23T22:08:59.0864394+08:00	0x06	-0.5990	-0.0657	0.7955	0.0642	169.58	285.90	1.59
2026-04-23T22:08:59.2338025+08:00	0x07	0.5445	0.4547	-0.5944	0.3787	171.46	268.76	72.36
2026-04-23T22:08:59.2784371+08:00	0x08	-0.6790	-0.0681	0.7095	-0.1759	189.60	274.19	19.60
2026-04-23T22:08:59.4489496+08:00	0x02	0.8504	0.1317	-0.3845	-0.3342	147.05	237.05	332.16
2026-04-23T22:08:59.4982385+08:00	0x04	0.6802	-0.5744	-0.4542	0.0335	247.41	228.28	331.56
2026-04-23T22:08:59.5181653+08:00	0x03	-0.5175	0.0262	0.5809	0.6278	106.68	309.18	317.14
2026-04-23T22:08:59.5572041+08:00	0x09	-0.7618	0.1303	0.6335	0.0373	188.93	258.49	347.18
2026-04-23T22:08:59.6190246+08:00	0x06	-0.2279	-0.0134	0.9519	0.2044	156.66	333.88	356.12
2026-04-23T22:08:59.8002852+08:00	0x07	0.0804	0.2451	-0.8067	0.5317	248.98	8.59	28.74
2026-04-23T22:08:59.9123125+08:00	0x02	0.8430	0.1628	-0.4006	-0.3200	144.42	238.69	335.85
2026-04-23T22:08:59.9688541+08:00	0x01	0.5326	-0.1854	-0.6844	0.4620	238.72	292.00	13.79
2026-04-23T22:09:00.0705061+08:00	0x04	0.6872	-0.5623	-0.4579	0.0420	245.84	229.54	332.79
2026-04-23T22:09:00.1835277+08:00	0x06	-0.2171	-0.0277	0.9644	0.1485	162.63	334.73	359.36
2026-04-23T22:09:00.3065483+08:00	0x07	0.0225	0.2733	-0.6605	0.6989	277.90	22.52	23.11
2026-04-23T22:09:00.4385364+08:00	0x02	0.8400	0.1821	-0.4017	-0.3160	142.67	238.84	337.38
2026-04-23T22:09:00.5832870+08:00	0x01	0.5365	-0.1716	-0.6779	0.4723	239.03	292.33	15.92
2026-04-23T22:09:00.6216845+08:00	0x04	0.6887	-0.5555	-0.4645	0.0384	244.61	230.35	332.41
2026-04-23T22:09:00.6526374+08:00	0x03	-0.5132	0.0038	0.6147	0.5989	111.10	307.07	321.73
2026-04-23T22:09:00.7070277+08:00	0x06	-0.2377	-0.0470	0.9634	0.1144	165.95	332.02	2.07
2026-04-23T22:09:00.8464884+08:00	0x07	-0.0004	0.2819	-0.5184	0.8074	298.92	28.44	16.95
2026-04-23T22:09:00.9278584+08:00	0x08	-0.6671	-0.0164	0.7347	-0.1221	189.23	276.40	10.78
2026-04-23T22:09:01.0000419+08:00	0x02	0.8366	0.1867	-0.4061	-0.3169	142.01	239.53	337.75
2026-04-23T22:09:01.0611406+08:00	0x01	0.5320	-0.1723	-0.6771	0.4785	239.85	292.94	16.01
2026-04-23T22:09:01.1678663+08:00	0x04	0.6870	-0.5661	-0.4545	0.0332	246.17	228.55	332.04
2026-04-23T22:09:01.1838484+08:00	0x09	-0.7602	0.1141	0.6389	0.0282	188.05	259.32	349.12
2026-04-23T22:09:01.2757851+08:00	0x06	-0.2650	-0.0460	0.9539	0.1329	163.86	328.81	0.99
2026-04-23T22:09:01.3923857+08:00	0x07	-0.0258	0.2732	-0.4281	0.8610	310.07	30.11	10.92
2026-04-23T22:09:01.4394328+08:00	0x05	0.4395	-0.5134	-0.5144	-0.5278	47.38	46.10	277.16
2026-04-23T22:09:01.5432652+08:00	0x08	-0.6675	-0.0179	0.7340	-0.1237	189.25	276.33	11.04
2026-04-23T22:09:01.6775366+08:00	0x01	0.5629	-0.3039	-0.6587	0.3961	239.87	280.47	2.61
2026-04-23T22:09:01.7310326+08:00	0x04	0.6828	-0.6428	-0.3470	-0.0131	258.71	211.06	332.36
2026-04-23T22:09:01.7707534+08:00	0x06	-0.5766	-0.0224	0.8137	0.0698	171.98	289.54	357.47
2026-04-23T22:09:01.9324892+08:00	0x07	-0.0119	0.3141	-0.3626	0.8774	318.86	34.89	11.94
2026-04-23T22:09:02.0244933+08:00	0x08	-0.6639	0.0854	0.7427	0.0208	184.79	276.04	351.12
2026-04-23T22:09:02.0934416+08:00	0x02	0.9433	0.1603	-0.2563	-0.1373	157.74	212.42	349.82
2026-04-23T22:09:02.1511147+08:00	0x04	0.6832	-0.6406	-0.3503	-0.0117	258.34	211.58	332.30
2026-04-23T22:09:02.2548098+08:00	0x01	0.7569	-0.2719	-0.4183	0.4221	237.04	251.19	24.30
2026-04-23T22:09:02.3174682+08:00	0x09	-0.6591	0.0996	0.7445	0.0371	184.44	276.53	348.63
2026-04-23T22:09:02.4696484+08:00	0x07	0.1582	0.7027	-0.1777	0.6705	358.97	92.44	27.51
2026-04-23T22:09:02.6008926+08:00	0x08	-0.6822	-0.0638	0.7249	-0.0715	180.98	273.57	10.95
2026-04-23T22:09:02.6617743+08:00	0x02	0.9410	0.1613	-0.2611	-0.1429	157.37	213.15	349.36
2026-04-23T22:09:02.7025858+08:00	0x04	0.3859	-0.4908	-0.7658	0.1541	232.56	286.53	320.75
2026-04-23T22:09:02.8254100+08:00	0x01	0.8241	-0.2088	-0.3139	0.4227	227.66	237.30	34.45
2026-04-23T22:09:02.8503638+08:00	0x09	-0.6723	0.0165	0.7393	0.0349	178.31	275.49	355.91
2026-04-23T22:09:02.8934997+08:00	0x06	-0.6553	-0.1828	0.7263	-0.0981	173.93	274.63	23.21
2026-04-23T22:09:02.9886671+08:00	0x07	-0.1612	0.6261	0.1471	0.7486	1.17	79.55	334.82
2026-04-23T22:09:03.0629552+08:00	0x03	-0.5134	0.0045	0.6138	0.5998	110.97	307.12	321.59
2026-04-23T22:09:03.1087489+08:00	0x08	-0.6799	-0.1563	0.7059	-0.1223	177.52	271.65	22.77
2026-04-23T22:09:03.2254620+08:00	0x02	0.9703	0.2097	-0.1142	-0.0381	155.43	193.75	358.51
2026-04-23T22:09:03.3461052+08:00	0x01	0.8296	-0.2358	-0.3328	0.3814	227.17	236.33	28.42
2026-04-23T22:09:03.3877286+08:00	0x06	-0.6797	-0.1473	0.7173	-0.0425	171.68	271.94	15.61
2026-04-23T22:09:03.5686423+08:00	0x07	-0.2663	0.5991	0.2103	0.7252	358.95	79.49	320.34
2026-04-23T22:09:03.6766597+08:00	0x08	-0.6625	-0.2225	0.6924	-0.1793	176.82	271.58	33.08
2026-04-23T22:09:03.7538023+08:00	0x02	0.9804	0.1672	-0.0942	-0.0443	160.32	191.53	356.83
2026-04-23T22:09:03.8608507+08:00	0x03	-0.5311	0.2332	0.7862	0.2132	173.76	293.98	323.62
2026-04-23T22:09:03.9415552+08:00	0x04	0.3793	-0.3550	-0.8543	0.0172	201.78	304.88	323.60
2026-04-23T22:09:03.9706151+08:00	0x09	-0.6792	-0.0008	0.7306	0.0698	174.06	274.45	354.63
2026-04-23T22:09:04.0536166+08:00	0x07	-0.3225	0.5877	0.2524	0.6978	357.69	81.24	311.69
2026-04-23T22:09:04.2487678+08:00	0x08	-0.6463	-0.2649	0.6799	-0.2232	177.07	271.82	40.45
2026-04-23T22:09:04.3225368+08:00	0x05	0.6489	-0.6086	-0.3071	-0.3380	266.99	178.73	305.67
2026-04-23T22:09:04.3848431+08:00	0x01	0.8317	-0.2399	-0.3361	0.3711	226.78	235.93	27.13
2026-04-23T22:09:04.4213352+08:00	0x03	-0.5324	0.2257	0.7899	0.2041	174.24	293.86	324.98
2026-04-23T22:09:04.4987004+08:00	0x09	-0.6792	-0.0015	0.7304	0.0717	173.85	274.46	354.53
2026-04-23T22:09:04.5525136+08:00	0x06	-0.6903	-0.1014	0.7164	0.0050	171.45	271.53	7.96
2026-04-23T22:09:04.6615564+08:00	0x07	-0.3562	0.5706	0.2908	0.6805	358.94	80.51	305.26
2026-04-23T22:09:04.7765858+08:00	0x08	-0.6357	-0.2881	0.6720	-0.2475	177.29	272.07	44.58
2026-04-23T22:09:04.9386189+08:00	0x03	-0.5336	0.2180	0.7932	0.1966	174.53	293.80	326.24
2026-04-23T22:09:05.0303463+08:00	0x06	-0.6912	-0.0910	0.7168	0.0150	171.48	271.62	6.29
2026-04-23T22:09:05.0583192+08:00	0x09	-0.6792	-0.0028	0.7305	0.0713	173.78	274.46	354.68
2026-04-23T22:09:05.1858284+08:00	0x07	-0.3837	0.5532	0.3219	0.6658	0.47	79.17	299.90
2026-04-23T22:09:05.3376585+08:00	0x08	-0.6241	-0.3112	0.6636	-0.2709	177.48	272.37	48.68
2026-04-23T22:09:05.4335647+08:00	0x04	0.4003	-0.3242	-0.8559	0.0461	203.32	303.27	328.80
2026-04-23T22:09:05.4895736+08:00	0x01	0.8323	-0.2448	-0.3331	0.3694	227.10	235.50	26.86
2026-04-23T22:09:05.5684708+08:00	0x09	-0.6784	-0.0037	0.7310	0.0734	173.52	274.58	354.60
2026-04-23T22:09:05.7678981+08:00	0x07	-0.4046	0.5381	0.3467	0.6531	2.31	77.51	295.62
2026-04-23T22:09:05.8552413+08:00	0x08	-0.6206	-0.3176	0.6614	-0.2766	177.49	272.47	49.77
2026-04-23T22:09:06.0175178+08:00	0x04	0.4113	-0.3084	-0.8518	0.1013	208.37	301.71	333.77
2026-04-23T22:09:06.0377256+08:00	0x03	-0.5370	0.2215	0.7928	0.1846	176.24	292.91	326.66
2026-04-23T22:09:06.0816487+08:00	0x01	0.8315	-0.2534	-0.3337	0.3648	227.67	235.35	25.95
2026-04-23T22:09:06.2564731+08:00	0x07	-0.4230	0.5282	0.3636	0.6403	2.84	77.13	292.23
2026-04-23T22:09:06.3854448+08:00	0x05	0.6767	-0.5774	-0.3192	-0.3268	258.21	185.35	305.82
2026-04-23T22:09:06.4331573+08:00	0x08	-0.6170	-0.3259	0.6570	-0.2854	177.52	272.41	51.30
2026-04-23T22:09:06.5236665+08:00	0x04	0.4130	-0.3062	-0.8508	0.1088	209.04	301.50	334.46
2026-04-23T22:09:06.5813128+08:00	0x01	0.8319	-0.2549	-0.3324	0.3639	227.74	235.15	25.85
2026-04-23T22:09:06.6204356+08:00	0x09	-0.6796	-0.0025	0.7296	0.0766	173.36	274.40	354.23
2026-04-23T22:09:06.7430987+08:00	0x07	-0.4301	0.5232	0.3711	0.6353	3.47	76.55	290.81
2026-04-23T22:09:06.9337954+08:00	0x02	0.9931	0.0732	-0.0785	-0.0474	171.18	189.40	355.26
2026-04-23T22:09:07.0136013+08:00	0x08	-0.6129	-0.3314	0.6549	-0.2927	177.85	272.74	52.45
2026-04-23T22:09:07.1057103+08:00	0x03	-0.5388	0.2205	0.7935	0.1772	177.02	292.52	327.26
2026-04-23T22:09:07.1818968+08:00	0x09	-0.6789	-0.0023	0.7303	0.0763	173.39	274.51	354.25
2026-04-23T22:09:07.2736036+08:00	0x07	-0.4346	0.5173	0.3788	0.6325	5.02	75.03	289.67
2026-04-23T22:09:07.3667362+08:00	0x01	0.8315	-0.2557	-0.3311	0.3655	227.94	235.15	26.00
2026-04-23T22:09:07.5499839+08:00	0x02	0.9918	0.0851	-0.0863	-0.0408	169.85	190.28	356.21
2026-04-23T22:09:07.5738556+08:00	0x04	0.3822	-0.3067	-0.8442	0.2173	219.96	303.72	339.41
2026-04-23T22:09:07.6506857+08:00	0x03	-0.5170	0.2359	0.8024	0.1819	176.66	295.45	325.47
2026-04-23T22:09:07.7274201+08:00	0x09	-0.6809	-0.0038	0.7295	0.0655	174.20	274.19	355.20
2026-04-23T22:09:07.8428798+08:00	0x07	-0.4402	0.5083	0.3973	0.6245	9.34	71.43	287.50
2026-04-23T22:09:08.0464020+08:00	0x02	0.9869	0.1174	-0.1092	-0.0191	166.35	192.71	359.31
2026-04-23T22:09:08.1693816+08:00	0x03	-0.4500	0.2089	0.8681	-0.0160	193.31	302.79	339.62
2026-04-23T22:09:08.2510949+08:00	0x09	-0.6866	-0.0139	0.7253	0.0491	174.81	273.26	357.29
2026-04-23T22:09:08.3388961+08:00	0x01	0.8298	-0.2254	-0.3008	0.4125	228.11	235.05	33.30
2026-04-23T22:09:08.3772921+08:00	0x07	-0.4485	0.4971	0.4156	0.6156	14.61	66.63	285.11
2026-04-23T22:09:08.6078145+08:00	0x02	0.9876	0.0996	-0.1143	-0.0417	168.07	193.56	356.59
2026-04-23T22:09:08.7004946+08:00	0x03	-0.5323	0.1923	0.8197	0.0882	183.78	293.19	335.85
2026-04-23T22:09:08.7831823+08:00	0x09	-0.6924	-0.0072	0.7189	0.0620	174.30	272.37	355.67
2026-04-23T22:09:08.8344914+08:00	0x07	-0.4508	0.5021	0.4112	0.6129	11.38	69.92	285.11
2026-04-23T22:09:08.8590819+08:00	0x06	-0.6998	-0.0679	0.7107	0.0250	172.48	270.65	3.52
2026-04-23T22:09:09.1016893+08:00	0x05	0.6919	-0.5677	-0.3311	-0.2989	253.27	191.16	307.86
2026-04-23T22:09:09.1648409+08:00	0x02	0.9885	0.0880	-0.1119	-0.0509	169.28	193.36	355.35
2026-04-23T22:09:09.2490459+08:00	0x03	-0.5498	0.2088	0.7812	0.2094	173.25	291.77	326.19
2026-04-23T22:09:09.3347768+08:00	0x09	-0.6936	-0.0074	0.7173	0.0666	173.91	272.17	355.31
2026-04-23T22:09:09.4335851+08:00	0x01	0.8210	-0.2463	-0.3324	0.3934	229.48	237.59	28.84
2026-04-23T22:09:09.4639380+08:00	0x06	-0.7040	-0.0568	0.7069	0.0385	172.27	270.13	1.49
2026-04-23T22:09:09.6567302+08:00	0x08	-0.5948	-0.3774	0.6209	-0.3439	177.38	270.91	61.37
2026-04-23T22:09:09.6947236+08:00	0x02	0.9907	0.0694	-0.1043	-0.0537	171.41	192.41	354.72
2026-04-23T22:09:09.8710002+08:00	0x04	0.3699	-0.3467	-0.8311	0.2286	224.17	302.15	335.97
2026-04-23T22:09:09.9358619+08:00	0x07	-0.4550	0.5065	0.4074	0.6087	7.85	73.49	284.86
2026-04-23T22:09:10.0092391+08:00	0x03	-0.5417	0.2454	0.7697	0.2321	173.25	292.11	321.00
2026-04-23T22:09:10.2898536+08:00	0x02	0.9849	0.1049	-0.1347	-0.0300	167.60	195.77	358.23
2026-04-23T22:09:10.3342052+08:00	0x04	0.3633	-0.2488	-0.8608	0.2551	219.73	309.14	345.94
2026-04-23T22:09:10.4746563+08:00	0x07	-0.4613	0.4979	0.4174	0.6043	11.28	70.05	283.33
2026-04-23T22:09:10.5819493+08:00	0x01	0.8169	-0.2472	-0.3249	0.4074	230.78	238.04	30.33
2026-04-23T22:09:10.7657923+08:00	0x08	-0.5863	-0.3931	0.6093	-0.3613	177.24	270.46	64.50
2026-04-23T22:09:10.8305208+08:00	0x02	0.9865	0.1005	-0.1236	-0.0370	168.01	194.57	357.24
2026-04-23T22:09:10.8651865+08:00	0x04	0.3741	-0.3201	-0.8319	0.2559	225.05	303.23	340.05
2026-04-23T22:09:10.9558549+08:00	0x03	-0.5324	0.1904	0.8036	0.1857	173.64	294.67	329.75
2026-04-23T22:09:10.9819868+08:00	0x07	-0.4683	0.4948	0.4214	0.5986	11.26	70.05	282.13
2026-04-23T22:09:11.0653018+08:00	0x06	-0.6993	-0.0625	0.7113	0.0327	172.30	270.81	2.48
2026-04-23T22:09:11.3281271+08:00	0x08	-0.5809	-0.4031	0.6040	-0.3678	176.60	270.02	66.10
2026-04-23T22:09:11.3569874+08:00	0x02	0.9909	0.0722	-0.1031	-0.0475	171.18	192.23	355.46
2026-04-23T22:09:11.4203196+08:00	0x04	0.3840	-0.3753	-0.8326	0.1359	217.06	299.73	328.62
2026-04-23T22:09:11.5495481+08:00	0x07	-0.4668	0.4991	0.4142	0.6011	8.24	72.84	282.90
2026-04-23T22:09:11.6762620+08:00	0x01	0.8243	-0.2461	-0.3301	0.3885	228.93	236.86	28.56
2026-04-23T22:09:11.8324855+08:00	0x05	0.6939	-0.5826	-0.3101	-0.2880	256.14	188.40	310.45
2026-04-23T22:09:11.9482869+08:00	0x02	0.9909	0.0753	-0.1010	-0.0475	170.83	192.00	355.47
2026-04-23T22:09:12.0120560+08:00	0x03	-0.5662	0.2388	0.7479	0.2509	172.15	288.60	320.11
2026-04-23T22:09:12.0421636+08:00	0x08	-0.5787	-0.4065	0.6018	-0.3712	176.57	269.98	66.75
2026-04-23T22:09:12.1469187+08:00	0x07	-0.4685	0.4971	0.4166	0.5999	9.07	72.00	282.51
2026-04-23T22:09:12.2700466+08:00	0x01	0.8230	-0.2466	-0.3312	0.3902	229.17	237.15	28.61
2026-04-23T22:09:12.4458965+08:00	0x08	-0.5766	-0.4058	0.6030	-0.3733	177.41	270.85	66.89
2026-04-23T22:09:12.5311022+08:00	0x03	-0.5430	0.2445	0.7618	0.2549	170.71	292.48	319.50
2026-04-23T22:09:12.6698480+08:00	0x09	-0.6936	-0.0140	0.7177	0.0598	173.95	272.14	356.39
2026-04-23T22:09:12.7156944+08:00	0x06	-0.6964	-0.0577	0.7144	0.0369	172.35	271.34	1.78
2026-04-23T22:09:12.9315592+08:00	0x08	-0.5725	-0.4142	0.5933	-0.3856	177.35	270.23	68.91
2026-04-23T22:09:13.1167365+08:00	0x03	-0.4917	0.2052	0.8366	0.1271	179.29	299.29	332.07
2026-04-23T22:09:13.1538278+08:00	0x09	-0.6972	-0.0165	0.7146	0.0553	174.13	271.57	356.93
2026-04-23T22:09:13.3416483+08:00	0x01	0.8261	-0.2329	-0.3170	0.4035	228.54	236.37	31.27
2026-04-23T22:09:13.5215589+08:00	0x08	-0.5697	-0.4172	0.5931	-0.3867	177.29	270.43	69.32
2026-04-23T22:09:13.5946622+08:00	0x02	0.9902	0.0889	-0.0972	-0.0458	169.31	191.61	355.79
2026-04-23T22:09:13.6802461+08:00	0x09	-0.6979	-0.0155	0.7136	0.0593	173.89	271.46	356.52
2026-04-23T22:09:13.7355468+08:00	0x07	-0.4733	0.4974	0.4223	0.5918	8.43	73.19	281.39
2026-04-23T22:09:13.8636009+08:00	0x01	0.8258	-0.2385	-0.3274	0.3924	228.38	236.73	29.47
2026-04-23T22:09:13.9731085+08:00	0x08	-0.5676	-0.4187	0.5937	-0.3875	177.52	270.85	69.55
2026-04-23T22:09:14.1749159+08:00	0x04	0.3884	-0.3131	-0.8524	0.1569	214.08	303.45	335.68
2026-04-23T22:09:14.2116619+08:00	0x09	-0.6971	-0.0157	0.7143	0.0601	173.80	271.58	356.49
2026-04-23T22:09:14.3256351+08:00	0x02	0.9906	0.0862	-0.0948	-0.0490	169.59	191.35	355.37
2026-04-23T22:09:14.4335479+08:00	0x01	0.8272	-0.2372	-0.3271	0.3905	228.04	236.49	29.40
2026-04-23T22:09:14.5435542+08:00	0x05	0.6988	-0.5796	-0.3091	-0.2831	255.21	189.09	311.06
2026-04-23T22:09:14.6897419+08:00	0x02	0.9910	0.0806	-0.0942	-0.0498	170.23	191.27	355.21
2026-04-23T22:09:14.7356649+08:00	0x03	-0.5563	0.2094	0.7596	0.2641	167.72	291.77	322.27
2026-04-23T22:09:14.7560947+08:00	0x09	-0.6959	-0.0154	0.7154	0.0611	173.73	271.78	356.39
2026-04-23T22:09:14.7982086+08:00	0x04	0.3863	-0.3347	-0.8472	0.1448	214.48	302.42	332.92
2026-04-23T22:09:14.8747382+08:00	0x06	-0.6941	-0.0526	0.7165	0.0465	171.96	271.78	0.62
2026-04-23T22:09:14.9644245+08:00	0x07	-0.4740	0.4970	0.4208	0.5927	8.04	73.38	281.45
2026-04-23T22:09:15.0727355+08:00	0x08	-0.5666	-0.4172	0.5961	-0.3866	178.07	271.58	69.32
2026-04-23T22:09:15.2638717+08:00	0x03	-0.5506	0.2229	0.7546	0.2789	166.75	292.62	319.95
2026-04-23T22:09:15.3012197+08:00	0x07	-0.4731	0.4964	0.4214	0.5934	8.78	72.65	281.51
2026-04-23T22:09:15.4313190+08:00	0x01	0.8278	-0.2365	-0.3233	0.3929	228.09	236.22	29.84
2026-04-23T22:09:15.6275526+08:00	0x06	-0.6928	-0.0538	0.7179	0.0419	172.25	271.97	1.10
2026-04-23T22:09:15.6636473+08:00	0x08	-0.5633	-0.4231	0.5864	-0.3999	178.65	271.34	71.20
2026-04-23T22:09:15.8320256+08:00	0x03	-0.4444	0.2226	0.8673	0.0264	189.60	303.68	335.82
2026-04-23T22:09:15.8719906+08:00	0x09	-0.7007	-0.0201	0.7116	0.0464	174.59	270.99	357.91
2026-04-23T22:09:15.9106092+08:00	0x06	-0.6910	-0.0660	0.7195	0.0235	172.80	272.09	3.58
2026-04-23T22:09:16.1577341+08:00	0x08	-0.5556	-0.4282	0.5854	-0.4064	180.00	272.99	72.37
2026-04-23T22:09:16.3424425+08:00	0x03	-0.4956	0.1621	0.8442	0.1240	176.96	299.79	336.63
2026-04-23T22:09:16.3728673+08:00	0x02	0.9893	0.1001	-0.0995	-0.0365	168.13	191.79	357.01
2026-04-23T22:09:16.4137691+08:00	0x09	-0.7012	-0.0190	0.7107	0.0533	174.11	270.91	357.26
2026-04-23T22:09:16.4657385+08:00	0x04	0.3947	-0.2679	-0.8382	0.2644	222.41	304.15	346.09
2026-04-23T22:09:16.7488307+08:00	0x08	-0.5532	-0.4317	0.5850	-0.4068	179.67	272.95	72.76
2026-04-23T22:09:16.8880359+08:00	0x02	0.9898	0.0950	-0.0994	-0.0375	168.71	191.79	356.83
2026-04-23T22:09:16.9994972+08:00	0x09	-0.7022	-0.0199	0.7096	0.0540	173.99	270.74	357.28
2026-04-23T22:09:17.0526768+08:00	0x06	-0.6912	-0.0663	0.7191	0.0278	172.43	272.05	3.26
2026-04-23T22:09:17.2577343+08:00	0x08	-0.5530	-0.4326	0.5831	-0.4087	179.65	272.77	73.05
2026-04-23T22:09:17.2759573+08:00	0x05	0.7049	-0.5806	-0.3052	-0.2700	254.61	189.91	312.69
2026-04-23T22:09:17.4268420+08:00	0x03	-0.4969	0.1690	0.8412	0.1303	176.77	299.56	335.56
2026-04-23T22:09:17.4761033+08:00	0x02	0.9903	0.0895	-0.0991	-0.0378	169.33	191.74	356.73
2026-04-23T22:09:17.5234092+08:00	0x09	-0.7016	-0.0168	0.7102	0.0557	174.10	270.85	356.89
2026-04-23T22:09:17.5607510+08:00	0x07	-0.4810	0.4831	0.4390	0.5852	17.90	63.81	279.17
2026-04-23T22:09:17.8307205+08:00	0x08	-0.5512	-0.4342	0.5802	-0.4135	180.23	273.11	73.67
2026-04-23T22:09:17.9602567+08:00	0x03	-0.4478	0.2030	0.8708	0.0010	191.10	303.53	339.24
2026-04-23T22:09:17.9974774+08:00	0x02	0.9890	0.0987	-0.1059	-0.0303	168.36	192.45	357.77
2026-04-23T22:09:18.0597418+08:00	0x09	-0.7029	-0.0197	0.7094	0.0488	174.43	270.64	357.67
2026-04-23T22:09:18.0949026+08:00	0x07	-0.4825	0.4792	0.4461	0.5818	22.55	59.46	278.48
2026-04-23T22:09:18.3065023+08:00	0x08	-0.5512	-0.4369	0.5765	-0.4159	179.59	272.27	74.20
2026-04-23T22:09:18.4932152+08:00	0x03	-0.5168	0.1466	0.8336	0.1285	176.12	297.17	337.84
2026-04-23T22:09:18.5941730+08:00	0x09	-0.7049	-0.0181	0.7072	0.0519	174.32	270.32	357.27
2026-04-23T22:09:18.6179635+08:00	0x04	0.3848	-0.2742	-0.8297	0.2973	226.31	304.63	346.93
2026-04-23T22:09:18.7508814+08:00	0x01	0.8249	-0.2290	-0.3129	0.4113	228.77	236.53	32.36
2026-04-23T22:09:18.7973383+08:00	0x07	-0.4841	0.4857	0.4412	0.5789	15.91	66.26	278.49
2026-04-23T22:09:18.9256242+08:00	0x08	-0.5497	-0.4398	0.5743	-0.4179	179.24	271.93	74.70
2026-04-23T22:09:19.0166884+08:00	0x02	0.9892	0.0993	-0.1009	-0.0388	168.20	191.98	356.75
2026-04-23T22:09:19.0867380+08:00	0x03	-0.5141	0.1658	0.8327	0.1217	177.98	297.04	336.34
2026-04-23T22:09:19.1696762+08:00	0x07	-0.4855	0.4840	0.4434	0.5774	17.24	64.97	278.15
2026-04-23T22:09:19.1960143+08:00	0x06	-0.6885	-0.0643	0.7219	0.0263	172.71	272.50	3.25
2026-04-23T22:09:19.2427440+08:00	0x01	0.8249	-0.2301	-0.3161	0.4084	228.69	236.66	31.88
2026-04-23T22:09:19.4131642+08:00	0x08	-0.5478	-0.4399	0.5750	-0.4192	180.03	272.80	74.84
2026-04-23T22:09:19.5369997+08:00	0x02	0.9890	0.1011	-0.0994	-0.0419	167.95	191.85	356.40
2026-04-23T22:09:19.6169851+08:00	0x03	-0.5503	0.1673	0.7801	0.2463	166.33	293.55	327.85
2026-04-23T22:09:19.6593865+08:00	0x06	-0.6889	-0.0626	0.7215	0.0293	172.61	272.46	2.86
2026-04-23T22:09:19.7269436+08:00	0x09	-0.7047	-0.0186	0.7073	0.0522	174.26	270.35	357.29
2026-04-23T22:09:19.8544119+08:00	0x01	0.8256	-0.2325	-0.3219	0.4010	228.39	236.72	30.83
2026-04-23T22:09:19.9595105+08:00	0x08	-0.5474	-0.4394	0.5780	-0.4163	180.05	273.15	74.49
2026-04-23T22:09:19.9999147+08:00	0x05	0.6994	-0.5893	-0.2968	-0.2746	256.85	187.75	312.78
2026-04-23T22:09:20.1074908+08:00	0x02	0.9909	0.0888	-0.0887	-0.0480	169.33	190.66	355.45
2026-04-23T22:09:20.1754988+08:00	0x03	-0.5678	0.1658	0.7622	0.2629	165.24	291.09	326.54
2026-04-23T22:09:20.2267674+08:00	0x07	-0.4814	0.4914	0.4338	0.5819	11.20	70.85	279.39
2026-04-23T22:09:20.2666131+08:00	0x09	-0.7050	-0.0174	0.7069	0.0547	174.14	270.31	356.99
2026-04-23T22:09:20.2922376+08:00	0x04	0.3821	-0.3199	-0.8518	0.1618	215.00	303.71	335.09
2026-04-23T22:09:20.3451138+08:00	0x01	0.8256	-0.2344	-0.3277	0.3950	228.18	236.92	29.91
2026-04-23T22:09:20.5139969+08:00	0x08	-0.5491	-0.4374	0.5793	-0.4143	179.93	273.01	74.09
2026-04-23T22:09:20.7204752+08:00	0x02	0.9917	0.0860	-0.0828	-0.0480	169.69	189.96	355.35
2026-04-23T22:09:20.8523754+08:00	0x09	-0.7053	-0.0164	0.7065	0.0558	174.13	270.27	356.82
2026-04-23T22:09:21.0627554+08:00	0x08	-0.5486	-0.4374	0.5794	-0.4147	180.13	273.23	74.13
2026-04-23T22:09:21.1928002+08:00	0x02	0.9919	0.0848	-0.0803	-0.0495	169.81	189.69	355.14
2026-04-23T22:09:21.3427209+08:00	0x06	-0.6891	-0.0576	0.7214	0.0360	172.45	272.50	1.92
2026-04-23T22:09:21.3567031+08:00	0x09	-0.7046	-0.0164	0.7073	0.0549	174.21	270.38	356.89
2026-04-23T22:09:21.4166435+08:00	0x01	0.8268	-0.2342	-0.3304	0.3903	227.78	236.81	29.39
