timestamp	device	q0	q1	q2	q3	yaw	pitch	roll
2026-05-08T17:05:18.6452246+08:00	0x07	-0.0143	-0.0396	-0.2975	0.9538	325.46	356.15	357.09
2026-05-08T17:05:18.7226823+08:00	0x08	-0.0023	-0.0193	0.0509	0.9985	5.84	357.78	359.84
2026-05-08T17:05:18.8304726+08:00	0x04	-0.0143	-0.0269	-0.2126	0.9767	335.49	357.33	357.74
2026-05-08T17:05:18.8534112+08:00	0x09	0.0412	-0.0825	-0.6656	0.7406	276.36	349.79	357.21
2026-05-08T17:05:19.0609435+08:00	0x03	0.0099	-0.0733	0.2862	0.9553	33.12	352.26	3.49
2026-05-08T17:05:19.1468523+08:00	0x07	-0.0143	-0.0396	-0.2975	0.9538	325.46	356.15	357.09
2026-05-08T17:05:19.3078103+08:00	0x02	0.0227	-0.0048	-0.9656	0.2589	210.02	357.35	0.14
2026-05-08T17:05:19.4075885+08:00	0x06	0.7582	-0.0508	-0.6436	-0.0912	177.63	260.89	348.25
2026-05-08T17:05:19.4387594+08:00	0x09	0.0412	-0.0825	-0.6656	0.7406	276.35	349.79	357.21
2026-05-08T17:05:19.5550143+08:00	0x01	-0.0244	-0.0426	-0.1250	0.9909	345.75	355.50	356.62
2026-05-08T17:05:19.6235540+08:00	0x03	0.0099	-0.0733	0.2862	0.9553	33.12	352.26	3.49
2026-05-08T17:05:19.7111366+08:00	0x07	-0.0143	-0.0396	-0.2975	0.9538	325.46	356.15	357.09
2026-05-08T17:05:19.7899273+08:00	0x02	0.0227	-0.0048	-0.9656	0.2589	210.02	357.35	0.14
2026-05-08T17:05:19.9292110+08:00	0x04	-0.0143	-0.0269	-0.2126	0.9767	335.49	357.33	357.74
2026-05-08T17:05:19.9523664+08:00	0x01	-0.0244	-0.0426	-0.1250	0.9909	345.75	355.50	356.62
2026-05-08T17:05:20.1459909+08:00	0x03	0.0099	-0.0733	0.2862	0.9553	33.12	352.26	3.48
2026-05-08T17:05:20.3006395+08:00	0x07	-0.0143	-0.0396	-0.2975	0.9538	325.46	356.15	357.09
2026-05-08T17:05:20.3385530+08:00	0x08	-0.0023	-0.0193	0.0509	0.9985	5.84	357.78	359.84
2026-05-08T17:05:20.3813229+08:00	0x02	0.0227	-0.0048	-0.9656	0.2589	210.02	357.34	0.14
2026-05-08T17:05:20.4082514+08:00	0x04	-0.0143	-0.0269	-0.2126	0.9767	335.49	357.33	357.74
2026-05-08T17:05:20.5084716+08:00	0x06	0.7466	-0.0606	-0.6522	-0.1162	176.38	262.75	345.37
2026-05-08T17:05:20.5315248+08:00	0x09	0.0412	-0.0825	-0.6656	0.7406	276.36	349.79	357.21
2026-05-08T17:05:20.7322120+08:00	0x03	0.0099	-0.0733	0.2862	0.9553	33.12	352.26	3.48
2026-05-08T17:05:20.7866347+08:00	0x07	-0.0143	-0.0396	-0.2975	0.9538	325.46	356.15	357.09
2026-05-08T17:05:20.8861829+08:00	0x02	0.0227	-0.0048	-0.9656	0.2589	210.02	357.34	0.14
2026-05-08T17:05:21.0243522+08:00	0x04	-0.0143	-0.0269	-0.2126	0.9767	335.49	357.33	357.74
2026-05-08T17:05:21.0554563+08:00	0x09	0.0412	-0.0825	-0.6656	0.7406	276.35	349.79	357.21
2026-05-08T17:05:21.2792622+08:00	0x03	0.0099	-0.0733	0.2862	0.9553	33.12	352.26	3.49
2026-05-08T17:05:21.4484242+08:00	0x02	0.0227	-0.0048	-0.9656	0.2589	210.02	357.35	0.14
2026-05-08T17:05:21.5334231+08:00	0x01	-0.0244	-0.0426	-0.1250	0.9909	345.75	355.50	356.62
2026-05-08T17:05:21.5726831+08:00	0x09	0.0412	-0.0825	-0.6656	0.7406	276.36	349.79	357.21
2026-05-08T17:05:21.8130693+08:00	0x03	0.0099	-0.0733	0.2862	0.9553	33.12	352.26	3.49
2026-05-08T17:05:21.9616535+08:00	0x02	0.0227	-0.0048	-0.9656	0.2589	210.02	357.35	0.14
2026-05-08T17:05:22.0205694+08:00	0x08	-0.0023	-0.0193	0.0509	0.9985	5.84	357.78	359.84
2026-05-08T17:05:22.1206937+08:00	0x09	0.0412	-0.0825	-0.6656	0.7406	276.36	349.79	357.20
2026-05-08T17:05:22.3096152+08:00	0x06	0.7438	-0.0607	-0.6553	-0.1174	176.23	263.25	345.27
2026-05-08T17:05:22.3483963+08:00	0x03	0.0099	-0.0733	0.2862	0.9553	33.12	352.26	3.49
2026-05-08T17:05:22.5486166+08:00	0x02	0.0227	-0.0048	-0.9656	0.2589	210.02	357.34	0.14
2026-05-08T17:05:22.7101177+08:00	0x01	-0.0244	-0.0426	-0.1250	0.9909	345.75	355.50	356.62
2026-05-08T17:05:22.9095701+08:00	0x03	0.0099	-0.0733	0.2862	0.9553	33.12	352.26	3.49
2026-05-08T17:05:23.0752988+08:00	0x02	0.0227	-0.0048	-0.9656	0.2589	210.02	357.35	0.14
2026-05-08T17:05:23.1094310+08:00	0x07	-0.0143	-0.0396	-0.2975	0.9538	325.46	356.16	357.09
2026-05-08T17:05:23.1302385+08:00	0x08	-0.0023	-0.0193	0.0509	0.9985	5.84	357.78	359.84
2026-05-08T17:05:23.1503715+08:00	0x04	-0.0143	-0.0270	-0.2126	0.9767	335.49	357.33	357.74
2026-05-08T17:05:23.2223671+08:00	0x09	0.0412	-0.0825	-0.6656	0.7406	276.36	349.79	357.20
2026-05-08T17:05:23.4303928+08:00	0x03	0.0099	-0.0733	0.2862	0.9553	33.12	352.26	3.49
2026-05-08T17:05:23.5346820+08:00	0x02	0.0227	-0.0048	-0.9656	0.2589	210.02	357.35	0.14
2026-05-08T17:05:23.6779138+08:00	0x08	-0.0023	-0.0193	0.0509	0.9985	5.84	357.78	359.84
2026-05-08T17:05:23.7619478+08:00	0x09	0.0412	-0.0825	-0.6656	0.7406	276.36	349.79	357.20
2026-05-08T17:05:23.8025400+08:00	0x01	-0.0244	-0.0426	-0.1250	0.9909	345.75	355.50	356.62
2026-05-08T17:05:23.9871921+08:00	0x03	0.0099	-0.0733	0.2862	0.9553	33.12	352.26	3.49
2026-05-08T17:05:24.0636470+08:00	0x07	-0.0143	-0.0396	-0.2975	0.9538	325.46	356.16	357.09
2026-05-08T17:05:24.1494260+08:00	0x02	0.0227	-0.0048	-0.9656	0.2589	210.02	357.35	0.14
2026-05-08T17:05:24.2419240+08:00	0x04	-0.0144	-0.0270	-0.2126	0.9767	335.49	357.33	357.73
2026-05-08T17:05:24.2956194+08:00	0x09	0.0412	-0.0825	-0.6656	0.7406	276.35	349.79	357.21
2026-05-08T17:05:24.5041545+08:00	0x03	0.0099	-0.0733	0.2862	0.9553	33.12	352.26	3.49
2026-05-08T17:05:24.5849436+08:00	0x07	-0.0143	-0.0396	-0.2975	0.9538	325.46	356.15	357.09
2026-05-08T17:05:24.6204045+08:00	0x02	0.0227	-0.0048	-0.9656	0.2589	210.02	357.35	0.14
2026-05-08T17:05:24.7794573+08:00	0x08	-0.0023	-0.0192	0.0509	0.9985	5.84	357.79	359.84
2026-05-08T17:05:24.8269152+08:00	0x04	-0.0144	-0.0270	-0.2126	0.9767	335.49	357.33	357.73
2026-05-08T17:05:24.9915892+08:00	0x06	0.4243	-0.0313	-0.8975	-0.1164	169.36	310.23	351.09
2026-05-08T17:05:25.1060630+08:00	0x03	0.0099	-0.0733	0.2862	0.9553	33.12	352.26	3.49
2026-05-08T17:05:25.1748326+08:00	0x07	-0.0143	-0.0396	-0.2975	0.9538	325.46	356.15	357.09
2026-05-08T17:05:25.2247892+08:00	0x02	0.0227	-0.0048	-0.9656	0.2589	210.02	357.34	0.14
2026-05-08T17:05:25.3566709+08:00	0x08	-0.0023	-0.0193	0.0509	0.9985	5.84	357.78	359.84
2026-05-08T17:05:25.4104199+08:00	0x06	0.4085	-0.0579	-0.8993	-0.1451	167.33	312.58	347.13
2026-05-08T17:05:25.6378791+08:00	0x03	0.0099	-0.0733	0.2862	0.9553	33.12	352.26	3.49
2026-05-08T17:05:25.7360011+08:00	0x02	0.0227	-0.0048	-0.9656	0.2589	210.02	357.35	0.14
2026-05-08T17:05:25.8492833+08:00	0x08	-0.0023	-0.0192	0.0509	0.9985	5.84	357.79	359.84
2026-05-08T17:05:25.8836764+08:00	0x05	0.0082	-0.0328	0.5366	0.8432	64.88	357.33	2.81
2026-05-08T17:05:25.9603597+08:00	0x09	0.0412	-0.0825	-0.6656	0.7406	276.36	349.79	357.20
2026-05-08T17:05:26.0494316+08:00	0x01	-0.0244	-0.0426	-0.1250	0.9909	345.75	355.50	356.62
2026-05-08T17:05:26.2192426+08:00	0x03	0.0099	-0.0733	0.2862	0.9553	33.12	352.26	3.49
2026-05-08T17:05:26.2648076+08:00	0x07	-0.0143	-0.0396	-0.2975	0.9538	325.46	356.16	357.09
2026-05-08T17:05:26.4293756+08:00	0x08	-0.0023	-0.0193	0.0509	0.9985	5.84	357.78	359.84
2026-05-08T17:05:26.4421201+08:00	0x01	-0.0244	-0.0426	-0.1250	0.9909	345.75	355.50	356.62
2026-05-08T17:05:26.4941015+08:00	0x09	0.0412	-0.0825	-0.6656	0.7406	276.36	349.79	357.21
2026-05-08T17:05:26.7333158+08:00	0x03	0.0099	-0.0733	0.2862	0.9553	33.12	352.26	3.49
2026-05-08T17:05:26.7942529+08:00	0x07	-0.0143	-0.0396	-0.2975	0.9538	325.46	356.16	357.09
2026-05-08T17:05:26.8157060+08:00	0x02	0.0227	-0.0048	-0.9656	0.2589	210.02	357.35	0.14
2026-05-08T17:05:26.9253775+08:00	0x08	-0.0023	-0.0193	0.0509	0.9985	5.84	357.78	359.84
2026-05-08T17:05:27.0802554+08:00	0x09	0.0412	-0.0825	-0.6656	0.7406	276.36	349.79	357.21
2026-05-08T17:05:27.1185739+08:00	0x04	-0.0144	-0.0270	-0.2126	0.9767	335.49	357.33	357.73
2026-05-08T17:05:27.2726757+08:00	0x03	0.0099	-0.0733	0.2862	0.9553	33.12	352.26	3.49
2026-05-08T17:05:27.3512578+08:00	0x07	-0.0143	-0.0396	-0.2975	0.9538	325.46	356.16	357.09
2026-05-08T17:05:27.4339978+08:00	0x08	-0.0023	-0.0193	0.0509	0.9985	5.84	357.78	359.84
2026-05-08T17:05:27.5217850+08:00	0x01	-0.0244	-0.0426	-0.1250	0.9909	345.75	355.50	356.62
2026-05-08T17:05:27.5680712+08:00	0x09	0.0412	-0.0825	-0.6656	0.7406	276.36	349.79	357.21
2026-05-08T17:05:27.6854693+08:00	0x06	0.3538	-0.0730	-0.9129	-0.1900	162.15	320.08	344.47
2026-05-08T17:05:27.7921165+08:00	0x03	0.0099	-0.0733	0.2862	0.9553	33.12	352.26	3.49
2026-05-08T17:05:27.8942101+08:00	0x02	0.0227	-0.0049	-0.9656	0.2589	210.02	357.35	0.14
2026-05-08T17:05:27.9471462+08:00	0x07	-0.0143	-0.0396	-0.2975	0.9538	325.46	356.16	357.09
2026-05-08T17:05:27.9953579+08:00	0x08	-0.0023	-0.0192	0.0509	0.9985	5.84	357.79	359.84
2026-05-08T17:05:28.1246010+08:00	0x01	-0.0244	-0.0426	-0.1250	0.9909	345.75	355.50	356.62
2026-05-08T17:05:28.1566265+08:00	0x05	0.0082	-0.0328	0.5366	0.8432	64.88	357.33	2.81
2026-05-08T17:05:28.3548575+08:00	0x03	0.0099	-0.0733	0.2862	0.9553	33.12	352.26	3.49
2026-05-08T17:05:28.4654873+08:00	0x07	-0.0143	-0.0396	-0.2975	0.9538	325.46	356.16	357.09
2026-05-08T17:05:28.4915213+08:00	0x02	0.0227	-0.0048	-0.9656	0.2589	210.02	357.35	0.14
2026-05-08T17:05:28.5855906+08:00	0x05	0.0082	-0.0328	0.5366	0.8432	64.88	357.33	2.81
2026-05-08T17:05:28.6274907+08:00	0x04	-0.0144	-0.0270	-0.2126	0.9767	335.49	357.33	357.73
2026-05-08T17:05:28.7202009+08:00	0x09	0.0412	-0.0825	-0.6656	0.7406	276.36	349.79	357.21
2026-05-08T17:05:28.8767105+08:00	0x03	0.0099	-0.0733	0.2862	0.9553	33.12	352.26	3.49
2026-05-08T17:05:28.9952702+08:00	0x07	-0.0143	-0.0396	-0.2975	0.9538	325.46	356.15	357.09
2026-05-08T17:05:29.0788579+08:00	0x08	-0.0023	-0.0193	0.0509	0.9985	5.84	357.78	359.85
2026-05-08T17:05:29.1929182+08:00	0x04	-0.0144	-0.0270	-0.2126	0.9767	335.49	357.33	357.73
2026-05-08T17:05:29.2746087+08:00	0x09	0.0412	-0.0825	-0.6656	0.7406	276.36	349.79	357.20
2026-05-08T17:05:29.3627975+08:00	0x01	-0.0244	-0.0426	-0.1250	0.9909	345.75	355.50	356.62
2026-05-08T17:05:29.4140018+08:00	0x03	0.0099	-0.0733	0.2862	0.9553	33.12	352.26	3.49
2026-05-08T17:05:29.5334807+08:00	0x07	-0.0143	-0.0396	-0.2975	0.9538	325.46	356.15	357.09
2026-05-08T17:05:29.6514830+08:00	0x08	-0.0023	-0.0193	0.0509	0.9985	5.84	357.78	359.85
2026-05-08T17:05:29.7580849+08:00	0x04	-0.0144	-0.0270	-0.2126	0.9767	335.49	357.33	357.73
2026-05-08T17:05:29.8300401+08:00	0x09	0.0412	-0.0825	-0.6656	0.7406	276.36	349.79	357.20
2026-05-08T17:05:29.8959102+08:00	0x01	-0.0244	-0.0426	-0.1250	0.9909	345.75	355.50	356.62
2026-05-08T17:05:30.0862842+08:00	0x07	-0.0143	-0.0396	-0.2975	0.9538	325.46	356.15	357.09
2026-05-08T17:05:30.1686765+08:00	0x08	-0.0023	-0.0193	0.0509	0.9985	5.84	357.78	359.84
2026-05-08T17:05:30.2873158+08:00	0x01	-0.0244	-0.0426	-0.1250	0.9909	345.75	355.50	356.62
2026-05-08T17:05:30.3308633+08:00	0x04	-0.0144	-0.0270	-0.2126	0.9767	335.49	357.33	357.73
2026-05-08T17:05:30.3460287+08:00	0x09	0.0412	-0.0825	-0.6656	0.7406	276.36	349.79	357.20
2026-05-08T17:05:30.4466439+08:00	0x06	0.7428	-0.0723	-0.6555	-0.1158	177.36	263.21	344.52
2026-05-08T17:05:30.4946183+08:00	0x03	0.0099	-0.0733	0.2862	0.9553	33.12	352.26	3.48
2026-05-08T17:05:30.6887224+08:00	0x02	0.0227	-0.0048	-0.9656	0.2589	210.02	357.35	0.14
2026-05-08T17:05:30.7437009+08:00	0x08	-0.0023	-0.0193	0.0509	0.9985	5.84	357.78	359.85
2026-05-08T17:05:30.8780601+08:00	0x01	-0.0244	-0.0426	-0.1250	0.9909	345.75	355.50	356.62
2026-05-08T17:05:30.9329202+08:00	0x09	0.0412	-0.0825	-0.6656	0.7406	276.36	349.79	357.20
2026-05-08T17:05:31.0745682+08:00	0x03	0.0099	-0.0733	0.2862	0.9553	33.12	352.26	3.49
2026-05-08T17:05:31.2126422+08:00	0x07	-0.0143	-0.0396	-0.2975	0.9538	325.46	356.15	357.09
2026-05-08T17:05:31.2748391+08:00	0x08	-0.0023	-0.0193	0.0509	0.9985	5.84	357.78	359.85
2026-05-08T17:05:31.3828587+08:00	0x04	-0.0144	-0.0270	-0.2126	0.9767	335.49	357.32	357.73
2026-05-08T17:05:31.4641199+08:00	0x09	0.0412	-0.0825	-0.6656	0.7406	276.36	349.79	357.20
2026-05-08T17:05:31.5389247+08:00	0x06	0.7487	-0.0556	-0.6522	-0.1052	176.82	262.49	346.70
2026-05-08T17:05:31.6411392+08:00	0x03	0.0099	-0.0733	0.2862	0.9553	33.12	352.26	3.49
2026-05-08T17:05:31.7279070+08:00	0x07	-0.0143	-0.0396	-0.2975	0.9538	325.46	356.15	357.09
2026-05-08T17:05:31.8056466+08:00	0x02	0.0227	-0.0048	-0.9656	0.2589	210.02	357.35	0.14
2026-05-08T17:05:31.9523691+08:00	0x04	-0.0144	-0.0270	-0.2126	0.9767	335.49	357.32	357.73
2026-05-08T17:05:32.0126267+08:00	0x09	0.0412	-0.0825	-0.6656	0.7406	276.36	349.79	357.20
2026-05-08T17:05:32.1167717+08:00	0x06	0.7134	-0.0504	-0.6913	-0.1027	175.89	268.65	347.52
2026-05-08T17:05:32.1602079+08:00	0x03	0.0099	-0.0733	0.2862	0.9553	33.12	352.27	3.49
2026-05-08T17:05:32.2868303+08:00	0x07	-0.0143	-0.0396	-0.2975	0.9538	325.46	356.16	357.09
2026-05-08T17:05:32.4273907+08:00	0x08	-0.0023	-0.0193	0.0509	0.9985	5.84	357.78	359.85
2026-05-08T17:05:32.5165939+08:00	0x04	-0.0144	-0.0270	-0.2126	0.9767	335.49	357.33	357.73
2026-05-08T17:05:32.5998532+08:00	0x09	0.0412	-0.0825	-0.6656	0.7406	276.36	349.79	357.20
2026-05-08T17:05:32.6905722+08:00	0x03	0.0099	-0.0733	0.2862	0.9553	33.12	352.26	3.49
2026-05-08T17:05:32.8284179+08:00	0x07	-0.0143	-0.0396	-0.2975	0.9538	325.46	356.16	357.09
2026-05-08T17:05:32.9384466+08:00	0x08	-0.0023	-0.0193	0.0509	0.9985	5.84	357.78	359.84
2026-05-08T17:05:33.0417407+08:00	0x04	-0.0144	-0.0270	-0.2126	0.9767	335.49	357.33	357.73
2026-05-08T17:05:33.1503146+08:00	0x09	0.0412	-0.0825	-0.6656	0.7406	276.36	349.79	357.20
2026-05-08T17:05:33.2032585+08:00	0x06	0.8312	-0.0559	-0.5531	0.0054	185.69	247.13	356.97
2026-05-08T17:05:33.3672494+08:00	0x07	-0.0143	-0.0396	-0.2975	0.9538	325.46	356.16	357.09
2026-05-08T17:05:33.5234851+08:00	0x08	-0.0023	-0.0193	0.0509	0.9985	5.84	357.78	359.84
2026-05-08T17:05:33.6174188+08:00	0x04	-0.0144	-0.0270	-0.2126	0.9767	335.49	357.33	357.73
2026-05-08T17:05:33.7762071+08:00	0x03	0.0099	-0.0733	0.2862	0.9553	33.12	352.26	3.49
2026-05-08T17:05:33.9113848+08:00	0x07	-0.0143	-0.0396	-0.2975	0.9538	325.45	356.16	357.09
2026-05-08T17:05:34.0952707+08:00	0x08	-0.0023	-0.0193	0.0509	0.9985	5.84	357.78	359.84
2026-05-08T17:05:34.1321704+08:00	0x04	-0.0144	-0.0270	-0.2126	0.9767	335.49	357.33	357.73
2026-05-08T17:05:34.2230053+08:00	0x09	0.0412	-0.0825	-0.6656	0.7406	276.36	349.79	357.20
2026-05-08T17:05:34.2981083+08:00	0x06	0.8523	-0.0201	-0.5213	0.0366	184.15	242.99	2.38
2026-05-08T17:05:34.3353359+08:00	0x03	0.0099	-0.0733	0.2862	0.9553	33.12	352.26	3.49
2026-05-08T17:05:34.4391535+08:00	0x07	-0.0143	-0.0396	-0.2975	0.9538	325.46	356.15	357.09
2026-05-08T17:05:34.6030975+08:00	0x08	-0.0023	-0.0193	0.0509	0.9985	5.84	357.78	359.84
2026-05-08T17:05:34.7199098+08:00	0x04	-0.0144	-0.0270	-0.2126	0.9767	335.49	357.33	357.73
2026-05-08T17:05:34.7815884+08:00	0x01	-0.0244	-0.0426	-0.1250	0.9909	345.75	355.50	356.62
2026-05-08T17:05:34.8461559+08:00	0x03	0.0099	-0.0733	0.2862	0.9553	33.12	352.26	3.48
2026-05-08T17:05:35.0311402+08:00	0x07	-0.0143	-0.0396	-0.2975	0.9538	325.46	356.15	357.09
2026-05-08T17:05:35.1837690+08:00	0x08	-0.0023	-0.0193	0.0509	0.9985	5.84	357.78	359.84
2026-05-08T17:05:35.2362532+08:00	0x04	-0.0143	-0.0270	-0.2126	0.9767	335.49	357.33	357.74
2026-05-08T17:05:35.3890803+08:00	0x06	0.8693	0.0069	-0.4904	0.0607	182.74	239.01	6.45
2026-05-08T17:05:35.4030671+08:00	0x03	0.0099	-0.0733	0.2862	0.9553	33.12	352.26	3.48
2026-05-08T17:05:35.5727428+08:00	0x02	0.0227	-0.0048	-0.9656	0.2589	210.02	357.35	0.14
2026-05-08T17:05:35.7133897+08:00	0x08	-0.0023	-0.0193	0.0509	0.9985	5.84	357.78	359.84
2026-05-08T17:05:35.7983946+08:00	0x04	-0.0144	-0.0270	-0.2126	0.9767	335.49	357.32	357.73
2026-05-08T17:05:35.8243238+08:00	0x09	0.0412	-0.0825	-0.6656	0.7406	276.36	349.79	357.21
2026-05-08T17:05:35.9800956+08:00	0x03	0.0099	-0.0733	0.2862	0.9553	33.12	352.26	3.48
2026-05-08T17:05:36.0895854+08:00	0x07	-0.0143	-0.0396	-0.2975	0.9538	325.46	356.15	357.09
2026-05-08T17:05:36.2764489+08:00	0x08	-0.0023	-0.0193	0.0509	0.9985	5.84	357.78	359.84
2026-05-08T17:05:36.3006680+08:00	0x05	0.0082	-0.0328	0.5366	0.8431	64.88	357.33	2.81
2026-05-08T17:05:36.3772085+08:00	0x06	0.8648	0.0296	-0.4944	0.0823	181.76	239.67	9.89
2026-05-08T17:05:36.5479961+08:00	0x03	0.0099	-0.0733	0.2862	0.9553	33.12	352.26	3.48
2026-05-08T17:05:36.6345432+08:00	0x07	-0.0143	-0.0396	-0.2975	0.9538	325.46	356.15	357.09
2026-05-08T17:05:36.7417020+08:00	0x08	-0.0023	-0.0193	0.0509	0.9985	5.84	357.78	359.84
2026-05-08T17:05:36.7692098+08:00	0x02	0.0227	-0.0048	-0.9656	0.2589	210.02	357.35	0.14
2026-05-08T17:05:36.8429201+08:00	0x01	-0.0244	-0.0426	-0.1250	0.9909	345.75	355.50	356.62
2026-05-08T17:05:36.8817026+08:00	0x09	0.0412	-0.0825	-0.6656	0.7406	276.36	349.79	357.20
2026-05-08T17:05:36.9223325+08:00	0x06	0.8645	0.0329	-0.4942	0.0857	181.62	239.66	10.41
2026-05-08T17:05:37.1238945+08:00	0x03	0.0099	-0.0733	0.2862	0.9553	33.12	352.26	3.48
2026-05-08T17:05:37.1867313+08:00	0x07	-0.0143	-0.0396	-0.2975	0.9538	325.46	356.15	357.09
2026-05-08T17:05:37.3848594+08:00	0x04	-0.0144	-0.0270	-0.2126	0.9767	335.49	357.33	357.73
2026-05-08T17:05:37.4184998+08:00	0x09	0.0412	-0.0825	-0.6656	0.7406	276.35	349.79	357.21
2026-05-08T17:05:37.6461228+08:00	0x03	0.0099	-0.0733	0.2862	0.9553	33.12	352.26	3.49
2026-05-08T17:05:37.7332560+08:00	0x07	-0.0143	-0.0396	-0.2975	0.9538	325.46	356.15	357.09
2026-05-08T17:05:37.8497818+08:00	0x02	0.0227	-0.0048	-0.9656	0.2589	210.02	357.34	0.14
2026-05-08T17:05:37.8757507+08:00	0x08	-0.0023	-0.0193	0.0509	0.9985	5.84	357.78	359.84
2026-05-08T17:05:37.9515968+08:00	0x09	0.0412	-0.0825	-0.6656	0.7406	276.36	349.79	357.20
2026-05-08T17:05:38.1373087+08:00	0x03	0.0099	-0.0733	0.2862	0.9553	33.12	352.26	3.48
2026-05-08T17:05:38.3154307+08:00	0x07	-0.0143	-0.0396	-0.2975	0.9538	325.46	356.15	357.09
2026-05-08T17:05:38.4084510+08:00	0x01	-0.0244	-0.0426	-0.1250	0.9909	345.75	355.50	356.62
2026-05-08T17:05:38.4705964+08:00	0x04	-0.0144	-0.0270	-0.2126	0.9767	335.49	357.33	357.73
2026-05-08T17:05:38.6409485+08:00	0x09	0.0412	-0.0825	-0.6656	0.7406	276.36	349.79	357.20
2026-05-08T17:05:38.7375336+08:00	0x03	0.0099	-0.0733	0.2862	0.9553	33.12	352.26	3.48
2026-05-08T17:05:38.8958889+08:00	0x07	-0.0143	-0.0396	-0.2975	0.9538	325.46	356.15	357.09
2026-05-08T17:05:38.9379378+08:00	0x01	-0.0244	-0.0426	-0.1250	0.9909	345.75	355.50	356.62
2026-05-08T17:05:39.0205997+08:00	0x09	0.0412	-0.0825	-0.6656	0.7406	276.36	349.79	357.20
2026-05-08T17:05:39.1406099+08:00	0x06	0.8640	0.0307	-0.4954	0.0840	181.75	239.82	10.11
2026-05-08T17:05:39.2682740+08:00	0x03	0.0099	-0.0733	0.2862	0.9553	33.12	352.26	3.48
2026-05-08T17:05:39.4565011+08:00	0x07	-0.0143	-0.0396	-0.2975	0.9538	325.46	356.15	357.09
2026-05-08T17:05:39.4903295+08:00	0x05	0.0082	-0.0328	0.5366	0.8432	64.88	357.33	2.81
2026-05-08T17:05:39.5513793+08:00	0x04	-0.0143	-0.0270	-0.2126	0.9767	335.49	357.33	357.74
2026-05-08T17:05:39.6585078+08:00	0x06	0.8646	0.0241	-0.4958	0.0784	182.09	239.83	9.18
2026-05-08T17:05:39.8219117+08:00	0x03	0.0099	-0.0733	0.2862	0.9553	33.12	352.26	3.49
2026-05-08T17:05:39.9702032+08:00	0x07	-0.0143	-0.0396	-0.2975	0.9538	325.46	356.15	357.09
2026-05-08T17:05:40.0576207+08:00	0x04	-0.0143	-0.0270	-0.2126	0.9767	335.49	357.33	357.74
2026-05-08T17:05:40.2248655+08:00	0x06	0.8528	0.0689	-0.5009	0.1307	180.80	240.97	16.98
2026-05-08T17:05:40.4196541+08:00	0x03	0.0099	-0.0733	0.2862	0.9553	33.12	352.26	3.49
2026-05-08T17:05:40.4803213+08:00	0x08	-0.0023	-0.0193	0.0509	0.9985	5.84	357.78	359.84
2026-05-08T17:05:40.5036140+08:00	0x02	0.0227	-0.0048	-0.9656	0.2589	210.02	357.34	0.14
2026-05-08T17:05:40.6264532+08:00	0x09	0.0412	-0.0825	-0.6656	0.7406	276.36	349.79	357.21
2026-05-08T17:05:40.6664205+08:00	0x04	-0.0143	-0.0270	-0.2126	0.9767	335.49	357.32	357.74
2026-05-08T17:05:40.8296144+08:00	0x06	0.8404	0.0994	-0.5077	0.1614	179.80	242.23	21.86
2026-05-08T17:05:40.9348211+08:00	0x03	0.0099	-0.0733	0.2862	0.9553	33.12	352.26	3.49
2026-05-08T17:05:41.0116380+08:00	0x08	-0.0024	-0.0193	0.0509	0.9985	5.84	357.78	359.84
2026-05-08T17:05:41.1312865+08:00	0x02	0.0227	-0.0049	-0.9656	0.2589	210.02	357.34	0.14
2026-05-08T17:05:41.1725464+08:00	0x09	0.0412	-0.0825	-0.6656	0.7406	276.36	349.79	357.21
2026-05-08T17:05:41.2232152+08:00	0x04	-0.0143	-0.0270	-0.2126	0.9767	335.49	357.33	357.74
2026-05-08T17:05:41.5362358+08:00	0x03	0.0099	-0.0733	0.2862	0.9553	33.12	352.26	3.49
2026-05-08T17:05:41.5830379+08:00	0x07	-0.0143	-0.0396	-0.2975	0.9538	325.46	356.15	357.09
2026-05-08T17:05:41.6797969+08:00	0x01	-0.0244	-0.0426	-0.1250	0.9909	345.75	355.50	356.62
2026-05-08T17:05:41.7532462+08:00	0x09	0.0412	-0.0825	-0.6656	0.7406	276.36	349.79	357.21
2026-05-08T17:05:41.8093201+08:00	0x06	0.8229	0.1028	-0.5331	0.1675	180.58	245.99	22.66
2026-05-08T17:05:42.0766557+08:00	0x03	0.0099	-0.0733	0.2862	0.9553	33.12	352.26	3.49
2026-05-08T17:05:42.1601876+08:00	0x02	0.0227	-0.0048	-0.9656	0.2589	210.02	357.34	0.14
2026-05-08T17:05:42.2068011+08:00	0x07	-0.0143	-0.0396	-0.2975	0.9538	325.46	356.15	357.09
2026-05-08T17:05:42.2655255+08:00	0x01	-0.0244	-0.0426	-0.1250	0.9909	345.75	355.50	356.62
2026-05-08T17:05:42.4148505+08:00	0x06	0.8199	0.1124	-0.5329	0.1768	180.26	246.10	24.18
2026-05-08T17:05:42.5617006+08:00	0x08	-0.0023	-0.0193	0.0509	0.9985	5.84	357.78	359.84
2026-05-08T17:05:42.6618402+08:00	0x03	0.0099	-0.0733	0.2862	0.9553	33.12	352.26	3.49
2026-05-08T17:05:42.6933977+08:00	0x02	0.0227	-0.0048	-0.9656	0.2589	210.02	357.34	0.14
2026-05-08T17:05:42.7455167+08:00	0x07	-0.0143	-0.0396	-0.2975	0.9538	325.46	356.15	357.08
2026-05-08T17:05:42.7857697+08:00	0x01	-0.0244	-0.0426	-0.1250	0.9909	345.75	355.50	356.62
2026-05-08T17:05:42.8892556+08:00	0x06	0.8180	0.1196	-0.5321	0.1831	179.95	246.07	25.26
2026-05-08T17:05:43.1352256+08:00	0x08	-0.0023	-0.0193	0.0509	0.9985	5.84	357.78	359.84
2026-05-08T17:05:43.1591554+08:00	0x03	0.0099	-0.0733	0.2862	0.9553	33.12	352.26	3.49
2026-05-08T17:05:43.2655318+08:00	0x07	-0.0143	-0.0396	-0.2975	0.9538	325.46	356.15	357.09
2026-05-08T17:05:43.2970974+08:00	0x04	-0.0143	-0.0270	-0.2126	0.9767	335.49	357.33	357.74
2026-05-08T17:05:43.3872963+08:00	0x09	0.0412	-0.0825	-0.6656	0.7406	276.35	349.79	357.21
2026-05-08T17:05:43.5078170+08:00	0x06	0.8176	0.1256	-0.5299	0.1868	179.53	245.79	26.02
2026-05-08T17:05:43.6491956+08:00	0x08	-0.0023	-0.0193	0.0509	0.9985	5.84	357.78	359.84
2026-05-08T17:05:43.6825890+08:00	0x02	0.0227	-0.0048	-0.9656	0.2589	210.02	357.34	0.14
2026-05-08T17:05:43.7157906+08:00	0x03	0.0099	-0.0733	0.2862	0.9553	33.12	352.26	3.49
2026-05-08T17:05:43.8152823+08:00	0x01	-0.0244	-0.0426	-0.1250	0.9909	345.75	355.50	356.62
2026-05-08T17:05:43.9122968+08:00	0x04	-0.0143	-0.0270	-0.2126	0.9767	335.49	357.33	357.74
2026-05-08T17:05:43.9733496+08:00	0x06	0.8178	0.1267	-0.5296	0.1865	179.38	245.71	26.05
2026-05-08T17:05:44.0432529+08:00	0x07	-0.0143	-0.0396	-0.2975	0.9538	325.45	356.15	357.08
2026-05-08T17:05:44.1392393+08:00	0x08	-0.0023	-0.0193	0.0509	0.9985	5.84	357.78	359.84
2026-05-08T17:05:44.2565656+08:00	0x02	0.0227	-0.0048	-0.9656	0.2589	210.02	357.34	0.14
2026-05-08T17:05:44.3785922+08:00	0x07	-0.0143	-0.0396	-0.2975	0.9538	325.45	356.15	357.08
2026-05-08T17:05:44.4051271+08:00	0x04	-0.0143	-0.0270	-0.2126	0.9767	335.49	357.32	357.74
2026-05-08T17:05:44.4849036+08:00	0x09	0.0412	-0.0825	-0.6656	0.7406	276.35	349.79	357.21
2026-05-08T17:05:44.5495722+08:00	0x06	0.8172	0.1302	-0.5286	0.1892	179.18	245.60	26.54
2026-05-08T17:05:44.7484547+08:00	0x08	-0.0024	-0.0193	0.0509	0.9985	5.84	357.78	359.84
2026-05-08T17:05:44.7863082+08:00	0x02	0.0227	-0.0048	-0.9656	0.2589	210.02	357.34	0.14
2026-05-08T17:05:44.9272794+08:00	0x01	-0.0244	-0.0426	-0.1250	0.9909	345.75	355.50	356.62
2026-05-08T17:05:44.9644280+08:00	0x07	-0.0143	-0.0396	-0.2975	0.9538	325.46	356.15	357.09
2026-05-08T17:05:45.0039385+08:00	0x04	-0.0143	-0.0270	-0.2126	0.9767	335.49	357.32	357.74
2026-05-08T17:05:45.1807372+08:00	0x06	0.6957	0.1288	-0.6885	0.1595	182.52	269.92	23.53
2026-05-08T17:05:45.2497157+08:00	0x09	0.0412	-0.0825	-0.6656	0.7406	276.35	349.79	357.21
2026-05-08T17:05:45.3312906+08:00	0x02	0.0227	-0.0048	-0.9656	0.2589	210.02	357.34	0.14
2026-05-08T17:05:45.3627991+08:00	0x03	0.0099	-0.0733	0.2862	0.9553	33.12	352.26	3.49
2026-05-08T17:05:45.4072299+08:00	0x05	0.0082	-0.0328	0.5366	0.8432	64.88	357.33	2.81
2026-05-08T17:05:45.4932673+08:00	0x04	-0.0143	-0.0270	-0.2126	0.9767	335.49	357.33	357.74
2026-05-08T17:05:45.6827684+08:00	0x09	0.0412	-0.0825	-0.6656	0.7406	276.36	349.79	357.21
2026-05-08T17:05:45.8502791+08:00	0x02	0.0227	-0.0048	-0.9656	0.2589	210.02	357.34	0.14
2026-05-08T17:05:45.9541214+08:00	0x07	-0.0143	-0.0396	-0.2975	0.9538	325.46	356.15	357.09
2026-05-08T17:05:45.9809969+08:00	0x03	0.0099	-0.0733	0.2862	0.9553	33.12	352.26	3.49
2026-05-08T17:05:46.0529326+08:00	0x04	-0.0144	-0.0270	-0.2126	0.9767	335.49	357.33	357.73
2026-05-08T17:05:46.1986090+08:00	0x09	0.0412	-0.0825	-0.6656	0.7406	276.36	349.79	357.21
2026-05-08T17:05:46.2681572+08:00	0x06	0.7308	0.0314	-0.6815	-0.0216	175.68	265.98	0.65
2026-05-08T17:05:46.4160900+08:00	0x08	-0.0024	-0.0192	0.0509	0.9985	5.84	357.79	359.84
2026-05-08T17:05:46.4416238+08:00	0x02	0.0227	-0.0048	-0.9656	0.2589	210.02	357.34	0.14
2026-05-08T17:05:46.5004024+08:00	0x07	-0.0143	-0.0396	-0.2975	0.9538	325.46	356.15	357.09
2026-05-08T17:05:46.5882367+08:00	0x01	-0.0244	-0.0426	-0.1250	0.9909	345.75	355.50	356.62
2026-05-08T17:05:46.7123927+08:00	0x09	0.0412	-0.0825	-0.6656	0.7406	276.36	349.79	357.21
2026-05-08T17:05:46.7521472+08:00	0x04	-0.0144	-0.0269	-0.2126	0.9767	335.49	357.33	357.73
2026-05-08T17:05:46.8558745+08:00	0x06	0.7277	0.0132	-0.6843	-0.0449	175.37	266.58	357.30
2026-05-08T17:05:46.9911028+08:00	0x08	-0.0024	-0.0193	0.0509	0.9985	5.84	357.78	359.84
2026-05-08T17:05:47.0565944+08:00	0x02	0.0227	-0.0048	-0.9656	0.2589	210.02	357.34	0.14
2026-05-08T17:05:47.0773681+08:00	0x07	-0.0143	-0.0396	-0.2975	0.9538	325.46	356.15	357.09
2026-05-08T17:05:47.1048063+08:00	0x03	0.0099	-0.0733	0.2862	0.9553	33.12	352.26	3.49
2026-05-08T17:05:47.2233166+08:00	0x09	0.0412	-0.0824	-0.6656	0.7406	276.36	349.80	357.21
2026-05-08T17:05:47.3615808+08:00	0x06	0.7247	0.0019	-0.6866	-0.0577	175.29	267.10	355.35
2026-05-08T17:05:47.5056974+08:00	0x08	-0.0024	-0.0192	0.0509	0.9985	5.84	357.79	359.84
2026-05-08T17:05:47.5671626+08:00	0x02	0.0227	-0.0048	-0.9656	0.2589	210.02	357.34	0.14
2026-05-08T17:05:47.6140246+08:00	0x03	0.0099	-0.0733	0.2862	0.9553	33.12	352.26	3.49
2026-05-08T17:05:47.7736991+08:00	0x09	0.0412	-0.0825	-0.6656	0.7406	276.35	349.79	357.21
2026-05-08T17:05:47.9330516+08:00	0x06	0.7190	-0.0161	-0.6915	-0.0685	175.87	268.02	353.06
2026-05-08T17:05:47.9749783+08:00	0x08	-0.0024	-0.0192	0.0509	0.9985	5.84	357.79	359.84
2026-05-08T17:05:48.1058596+08:00	0x05	0.0082	-0.0328	0.5366	0.8432	64.88	357.33	2.82
2026-05-08T17:05:48.1923254+08:00	0x07	-0.0143	-0.0396	-0.2975	0.9538	325.46	356.15	357.09
2026-05-08T17:05:48.2369528+08:00	0x03	0.0099	-0.0733	0.2862	0.9553	33.12	352.26	3.49
2026-05-08T17:05:48.2865654+08:00	0x02	0.0227	-0.0048	-0.9656	0.2589	210.02	357.35	0.14
2026-05-08T17:05:48.3538188+08:00	0x09	0.0412	-0.0824	-0.6656	0.7406	276.36	349.80	357.21
2026-05-08T17:05:48.5011654+08:00	0x06	0.7845	-0.0156	-0.6197	-0.0139	180.41	256.61	357.64
2026-05-08T17:05:48.5495699+08:00	0x08	-0.0024	-0.0192	0.0509	0.9985	5.84	357.79	359.84
2026-05-08T17:05:48.6202408+08:00	0x02	0.0227	-0.0048	-0.9656	0.2589	210.02	357.35	0.14
2026-05-08T17:05:48.7563261+08:00	0x07	-0.0143	-0.0396	-0.2975	0.9538	325.46	356.15	357.09
2026-05-08T17:05:48.7873921+08:00	0x03	0.0099	-0.0733	0.2862	0.9553	33.12	352.26	3.49
2026-05-08T17:05:48.9335715+08:00	0x09	0.0412	-0.0824	-0.6656	0.7406	276.36	349.80	357.21
2026-05-08T17:05:49.0222109+08:00	0x06	0.7872	0.0030	-0.6167	-0.0073	179.21	256.16	359.55
2026-05-08T17:05:49.1765410+08:00	0x08	-0.0024	-0.0192	0.0509	0.9985	5.84	357.79	359.84
2026-05-08T17:05:49.2272585+08:00	0x02	0.0227	-0.0048	-0.9656	0.2589	210.02	357.34	0.14
2026-05-08T17:05:49.2802793+08:00	0x07	-0.0143	-0.0396	-0.2975	0.9538	325.46	356.15	357.09
2026-05-08T17:05:49.3697596+08:00	0x03	0.0099	-0.0733	0.2862	0.9553	33.12	352.26	3.49
2026-05-08T17:05:49.4182214+08:00	0x09	0.0412	-0.0824	-0.6656	0.7406	276.35	349.80	357.21
2026-05-08T17:05:49.4874653+08:00	0x06	0.8094	0.0133	-0.5871	-0.0021	178.62	251.90	0.70
2026-05-08T17:05:49.6511929+08:00	0x08	-0.0024	-0.0192	0.0509	0.9985	5.84	357.79	359.84
2026-05-08T17:05:49.7412567+08:00	0x01	-0.0244	-0.0426	-0.1250	0.9909	345.75	355.50	356.62
2026-05-08T17:05:49.7736361+08:00	0x02	0.0227	-0.0048	-0.9656	0.2589	210.02	357.34	0.14
2026-05-08T17:05:49.8220423+08:00	0x04	-0.0143	-0.0270	-0.2126	0.9767	335.49	357.33	357.74
2026-05-08T17:05:49.8913254+08:00	0x03	0.0099	-0.0733	0.2862	0.9553	33.12	352.26	3.49
2026-05-08T17:05:49.9625249+08:00	0x09	0.0412	-0.0824	-0.6656	0.7406	276.36	349.80	357.21
2026-05-08T17:05:50.1106543+08:00	0x06	0.8106	0.0207	-0.5852	-0.0016	177.97	251.63	1.24
2026-05-08T17:05:50.2724499+08:00	0x08	-0.0023	-0.0193	0.0509	0.9985	5.84	357.78	359.84
2026-05-08T17:05:50.3042060+08:00	0x02	0.0227	-0.0048	-0.9656	0.2589	210.02	357.35	0.14
2026-05-08T17:05:50.4181667+08:00	0x07	-0.0143	-0.0396	-0.2975	0.9538	325.46	356.15	357.09
2026-05-08T17:05:50.4484382+08:00	0x04	-0.0143	-0.0270	-0.2126	0.9767	335.49	357.33	357.74
2026-05-08T17:05:50.5485769+08:00	0x09	0.0412	-0.0824	-0.6656	0.7406	276.35	349.80	357.21
2026-05-08T17:05:50.5882939+08:00	0x06	0.8124	0.0283	-0.5823	0.0070	177.83	251.21	2.54
2026-05-08T17:05:50.8439465+08:00	0x08	-0.0023	-0.0192	0.0509	0.9985	5.84	357.79	359.84
2026-05-08T17:05:50.8672063+08:00	0x02	0.0227	-0.0048	-0.9656	0.2589	210.02	357.35	0.14
2026-05-08T17:05:50.8985545+08:00	0x04	-0.0143	-0.0270	-0.2126	0.9767	335.49	357.33	357.74
2026-05-08T17:05:51.0161120+08:00	0x03	0.0099	-0.0733	0.2862	0.9553	33.12	352.26	3.49
2026-05-08T17:05:51.0774473+08:00	0x09	0.0412	-0.0824	-0.6656	0.7406	276.35	349.80	357.21
2026-05-08T17:05:51.2103201+08:00	0x06	0.8145	0.0346	-0.5790	0.0121	177.56	250.74	3.42
2026-05-08T17:05:51.3198314+08:00	0x08	-0.0024	-0.0192	0.0509	0.9985	5.84	357.79	359.84
2026-05-08T17:05:51.4135877+08:00	0x01	-0.0244	-0.0426	-0.1250	0.9909	345.75	355.50	356.62
2026-05-08T17:05:51.5499741+08:00	0x07	-0.0143	-0.0396	-0.2975	0.9538	325.46	356.15	357.09
2026-05-08T17:05:51.6161159+08:00	0x03	0.0099	-0.0733	0.2862	0.9553	33.12	352.26	3.49
2026-05-08T17:05:51.6818121+08:00	0x06	0.8146	0.0385	-0.5785	0.0161	177.47	250.68	4.06
2026-05-08T17:05:51.8291888+08:00	0x08	-0.0023	-0.0192	0.0509	0.9985	5.84	357.79	359.84
2026-05-08T17:05:51.8705472+08:00	0x02	0.0227	-0.0048	-0.9656	0.2589	210.02	357.34	0.14
2026-05-08T17:05:51.9822442+08:00	0x07	-0.0143	-0.0396	-0.2975	0.9538	325.46	356.15	357.09
2026-05-08T17:05:52.1554267+08:00	0x03	0.0099	-0.0733	0.2862	0.9553	33.12	352.26	3.49
2026-05-08T17:05:52.2482282+08:00	0x06	0.8160	0.0342	-0.5769	0.0132	177.67	250.45	3.50
2026-05-08T17:05:52.2876364+08:00	0x09	0.0412	-0.0825	-0.6656	0.7406	276.35	349.79	357.21
2026-05-08T17:05:52.3566063+08:00	0x02	0.0227	-0.0048	-0.9656	0.2589	210.02	357.35	0.14
2026-05-08T17:05:52.5039253+08:00	0x07	-0.0143	-0.0396	-0.2975	0.9538	325.46	356.15	357.09
2026-05-08T17:05:52.6285703+08:00	0x04	-0.0143	-0.0270	-0.2126	0.9767	335.49	357.33	357.74
2026-05-08T17:05:52.6908744+08:00	0x03	0.0099	-0.0733	0.2862	0.9553	33.12	352.26	3.49
2026-05-08T17:05:52.7148106+08:00	0x01	-0.0244	-0.0426	-0.1250	0.9909	345.75	355.50	356.62
2026-05-08T17:05:52.7678604+08:00	0x09	0.0412	-0.0825	-0.6656	0.7406	276.36	349.79	357.21
2026-05-08T17:05:52.9226803+08:00	0x08	-0.0024	-0.0193	0.0509	0.9985	5.84	357.78	359.84
2026-05-08T17:05:52.9711257+08:00	0x02	0.0227	-0.0048	-0.9656	0.2589	210.02	357.34	0.14
2026-05-08T17:05:53.0433477+08:00	0x07	-0.0143	-0.0396	-0.2975	0.9538	325.46	356.15	357.09
2026-05-08T17:05:53.2853683+08:00	0x03	0.0099	-0.0733	0.2862	0.9553	33.12	352.26	3.49
2026-05-08T17:05:53.3844565+08:00	0x08	-0.0024	-0.0193	0.0509	0.9985	5.84	357.78	359.84
2026-05-08T17:05:53.5058084+08:00	0x02	0.0227	-0.0048	-0.9656	0.2589	210.02	357.34	0.14
2026-05-08T17:05:53.6014767+08:00	0x07	-0.0143	-0.0396	-0.2975	0.9538	325.45	356.15	357.09
2026-05-08T17:05:53.6613160+08:00	0x04	-0.0143	-0.0269	-0.2126	0.9767	335.49	357.33	357.74
2026-05-08T17:05:53.7602321+08:00	0x03	0.0099	-0.0733	0.2862	0.9553	33.12	352.26	3.49
2026-05-08T17:05:53.8515916+08:00	0x09	0.0412	-0.0825	-0.6656	0.7406	276.36	349.79	357.21
2026-05-08T17:05:53.8826182+08:00	0x06	0.8511	0.0406	-0.5186	0.0718	180.31	242.73	9.46
2026-05-08T17:05:53.9767126+08:00	0x08	-0.0023	-0.0193	0.0509	0.9985	5.84	357.78	359.84
2026-05-08T17:05:54.0394195+08:00	0x02	0.0227	-0.0049	-0.9656	0.2589	210.02	357.35	0.14
2026-05-08T17:05:54.1804887+08:00	0x07	-0.0143	-0.0396	-0.2975	0.9538	325.46	356.15	357.09
2026-05-08T17:05:54.2969841+08:00	0x03	0.0099	-0.0733	0.2862	0.9553	33.12	352.26	3.49
2026-05-08T17:05:54.3607984+08:00	0x06	0.8458	0.0485	-0.5254	0.0786	180.03	243.70	10.60
2026-05-08T17:05:54.4610833+08:00	0x09	0.0412	-0.0824	-0.6656	0.7406	276.35	349.79	357.21
2026-05-08T17:05:54.5122951+08:00	0x08	-0.0023	-0.0192	0.0509	0.9985	5.84	357.79	359.84
2026-05-08T17:05:54.6463740+08:00	0x01	-0.0244	-0.0426	-0.1250	0.9909	345.75	355.50	356.62
2026-05-08T17:05:54.8063033+08:00	0x02	0.0227	-0.0048	-0.9656	0.2589	210.02	357.35	0.14
2026-05-08T17:05:54.8443021+08:00	0x03	0.0099	-0.0733	0.2862	0.9553	33.12	352.26	3.49
2026-05-08T17:05:54.9708217+08:00	0x06	0.8383	0.0576	-0.5349	0.0882	179.87	245.07	12.09
2026-05-08T17:05:55.0641156+08:00	0x08	-0.0023	-0.0193	0.0509	0.9985	5.84	357.78	359.84
2026-05-08T17:05:55.1735782+08:00	0x01	-0.0244	-0.0426	-0.1250	0.9909	345.75	355.50	356.62
2026-05-08T17:05:55.2085258+08:00	0x09	0.0412	-0.0824	-0.6656	0.7406	276.35	349.79	357.21
2026-05-08T17:05:55.2619509+08:00	0x04	-0.0143	-0.0270	-0.2126	0.9767	335.49	357.33	357.74
2026-05-08T17:05:55.4261612+08:00	0x06	0.8383	0.0621	-0.5333	0.0945	179.80	244.91	12.99
2026-05-08T17:05:55.4588551+08:00	0x03	0.0099	-0.0733	0.2862	0.9553	33.12	352.26	3.49
2026-05-08T17:05:55.5103232+08:00	0x09	0.0412	-0.0824	-0.6656	0.7406	276.35	349.79	357.21
2026-05-08T17:05:55.5942355+08:00	0x08	-0.0024	-0.0193	0.0509	0.9985	5.84	357.78	359.84
2026-05-08T17:05:55.6914650+08:00	0x02	0.0227	-0.0048	-0.9656	0.2589	210.02	357.35	0.14
2026-05-08T17:05:55.8378276+08:00	0x04	-0.0143	-0.0270	-0.2126	0.9767	335.49	357.33	357.74
2026-05-08T17:05:55.9795893+08:00	0x03	0.0099	-0.0733	0.2862	0.9553	33.12	352.26	3.49
2026-05-08T17:05:56.0468279+08:00	0x09	0.0412	-0.0824	-0.6656	0.7406	276.36	349.79	357.21
2026-05-08T17:05:56.1477506+08:00	0x08	-0.0024	-0.0193	0.0509	0.9985	5.84	357.78	359.84
2026-05-08T17:05:56.2159592+08:00	0x01	-0.0244	-0.0426	-0.1250	0.9909	345.75	355.50	356.62
2026-05-08T17:05:56.2859396+08:00	0x07	-0.0143	-0.0396	-0.2975	0.9538	325.46	356.15	357.09
2026-05-08T17:05:56.4105271+08:00	0x04	-0.0143	-0.0270	-0.2126	0.9767	335.49	357.33	357.74
2026-05-08T17:05:56.5213183+08:00	0x03	0.0099	-0.0733	0.2862	0.9553	33.12	352.26	3.49
2026-05-08T17:05:56.5936403+08:00	0x09	0.0412	-0.0824	-0.6656	0.7406	276.35	349.79	357.21
2026-05-08T17:05:56.6619674+08:00	0x06	0.8382	0.0720	-0.5309	0.1018	179.26	244.60	14.31
2026-05-08T17:05:56.8286703+08:00	0x01	-0.0244	-0.0426	-0.1250	0.9909	345.75	355.50	356.62
2026-05-08T17:05:56.9245663+08:00	0x04	-0.0143	-0.0270	-0.2126	0.9767	335.49	357.33	357.74
2026-05-08T17:05:57.0573892+08:00	0x03	0.0099	-0.0733	0.2862	0.9553	33.12	352.26	3.49
2026-05-08T17:05:57.1235613+08:00	0x09	0.0412	-0.0824	-0.6656	0.7406	276.35	349.79	357.21
2026-05-08T17:05:57.2474982+08:00	0x08	-0.0024	-0.0193	0.0509	0.9985	5.84	357.78	359.84
2026-05-08T17:05:57.3011442+08:00	0x01	-0.0244	-0.0426	-0.1250	0.9909	345.75	355.50	356.62
2026-05-08T17:05:57.4001945+08:00	0x07	-0.0143	-0.0396	-0.2975	0.9538	325.45	356.15	357.08
2026-05-08T17:05:57.6062418+08:00	0x03	0.0099	-0.0733	0.2862	0.9553	33.12	352.26	3.49
2026-05-08T17:05:57.7078075+08:00	0x08	-0.0024	-0.0192	0.0509	0.9985	5.84	357.79	359.84
2026-05-08T17:05:57.8721740+08:00	0x01	-0.0244	-0.0426	-0.1250	0.9909	345.75	355.50	356.62
2026-05-08T17:05:57.9046769+08:00	0x09	0.0412	-0.0824	-0.6656	0.7406	276.36	349.80	357.21
2026-05-08T17:05:58.0117560+08:00	0x02	0.0227	-0.0049	-0.9656	0.2589	210.02	357.35	0.14
2026-05-08T17:05:58.0415391+08:00	0x04	-0.0143	-0.0270	-0.2126	0.9767	335.49	357.33	357.74
2026-05-08T17:05:58.1282126+08:00	0x03	0.0099	-0.0733	0.2862	0.9553	33.12	352.26	3.49
2026-05-08T17:05:58.3073306+08:00	0x09	0.0412	-0.0824	-0.6656	0.7406	276.35	349.80	357.21
2026-05-08T17:05:58.3934229+08:00	0x01	-0.0244	-0.0426	-0.1250	0.9909	345.75	355.50	356.62
2026-05-08T17:05:58.4931464+08:00	0x07	-0.0143	-0.0396	-0.2975	0.9538	325.45	356.15	357.08
2026-05-08T17:05:58.5946050+08:00	0x04	-0.0144	-0.0270	-0.2126	0.9767	335.49	357.32	357.73
2026-05-08T17:05:58.6599714+08:00	0x03	0.0099	-0.0733	0.2862	0.9553	33.12	352.26	3.49
2026-05-08T17:05:58.8483973+08:00	0x09	0.0412	-0.0824	-0.6656	0.7406	276.35	349.80	357.21
2026-05-08T17:05:58.9664812+08:00	0x01	-0.0244	-0.0426	-0.1250	0.9909	345.75	355.50	356.62
2026-05-08T17:05:58.9820374+08:00	0x02	0.0227	-0.0049	-0.9656	0.2589	210.02	357.34	0.14
2026-05-08T17:05:59.0561829+08:00	0x07	-0.0143	-0.0396	-0.2975	0.9538	325.46	356.15	357.09
2026-05-08T17:05:59.2717491+08:00	0x03	0.0099	-0.0733	0.2862	0.9553	33.12	352.26	3.49
2026-05-08T17:05:59.2953860+08:00	0x06	0.7171	0.0454	-0.6954	-0.0098	175.48	268.13	2.81
2026-05-08T17:05:59.3750200+08:00	0x08	-0.0024	-0.0192	0.0509	0.9985	5.84	357.79	359.84
2026-05-08T17:05:59.5566022+08:00	0x02	0.0227	-0.0049	-0.9656	0.2589	210.02	357.34	0.14
2026-05-08T17:05:59.6191150+08:00	0x07	-0.0143	-0.0396	-0.2975	0.9538	325.46	356.15	357.09
2026-05-08T17:05:59.7926624+08:00	0x03	0.0099	-0.0733	0.2862	0.9553	33.12	352.26	3.49
2026-05-08T17:05:59.8948912+08:00	0x08	-0.0023	-0.0193	0.0509	0.9985	5.84	357.78	359.84
2026-05-08T17:06:00.0648025+08:00	0x01	-0.0244	-0.0426	-0.1250	0.9909	345.75	355.50	356.62
2026-05-08T17:06:00.1522350+08:00	0x07	-0.0143	-0.0396	-0.2975	0.9538	325.46	356.15	357.08
2026-05-08T17:06:00.3317131+08:00	0x03	0.0099	-0.0733	0.2862	0.9553	33.12	352.26	3.49
2026-05-08T17:06:00.3716051+08:00	0x04	-0.0143	-0.0270	-0.2126	0.9767	335.49	357.32	357.74
2026-05-08T17:06:00.4497303+08:00	0x09	0.0412	-0.0824	-0.6656	0.7406	276.35	349.80	357.21
2026-05-08T17:06:00.6323877+08:00	0x01	-0.0244	-0.0426	-0.1250	0.9909	345.75	355.50	356.62
2026-05-08T17:06:00.6509354+08:00	0x02	0.0227	-0.0049	-0.9656	0.2589	210.02	357.34	0.14
2026-05-08T17:06:00.7313130+08:00	0x07	-0.0143	-0.0396	-0.2975	0.9538	325.45	356.15	357.08
2026-05-08T17:06:00.8590584+08:00	0x06	0.7322	0.0221	-0.6797	-0.0367	175.29	265.80	358.64
2026-05-08T17:06:00.9204690+08:00	0x03	0.0099	-0.0733	0.2862	0.9553	33.12	352.26	3.49
2026-05-08T17:06:00.9902828+08:00	0x09	0.0412	-0.0824	-0.6656	0.7406	276.35	349.79	357.21
2026-05-08T17:06:01.1040027+08:00	0x02	0.0227	-0.0049	-0.9656	0.2589	210.02	357.34	0.14
2026-05-08T17:06:01.2639817+08:00	0x05	0.0082	-0.0329	0.5366	0.8432	64.88	357.32	2.82
2026-05-08T17:06:01.2764925+08:00	0x04	-0.0144	-0.0270	-0.2126	0.9767	335.49	357.32	357.73
2026-05-08T17:06:01.3626769+08:00	0x06	0.7352	0.0215	-0.6766	-0.0359	175.40	265.30	358.64
2026-05-08T17:06:01.4313492+08:00	0x03	0.0099	-0.0733	0.2862	0.9553	33.12	352.26	3.49
2026-05-08T17:06:01.4662606+08:00	0x08	-0.0023	-0.0193	0.0509	0.9985	5.84	357.78	359.84
2026-05-08T17:06:01.4857243+08:00	0x07	-0.0143	-0.0396	-0.2975	0.9538	325.45	356.15	357.09
2026-05-08T17:06:01.5775458+08:00	0x09	0.0412	-0.0824	-0.6656	0.7406	276.35	349.79	357.21
2026-05-08T17:06:01.7364863+08:00	0x01	-0.0244	-0.0426	-0.1250	0.9909	345.75	355.50	356.62
2026-05-08T17:06:01.8075544+08:00	0x04	-0.0144	-0.0270	-0.2126	0.9767	335.49	357.32	357.73
2026-05-08T17:06:01.8225169+08:00	0x07	-0.0143	-0.0396	-0.2975	0.9538	325.45	356.15	357.08
2026-05-08T17:06:01.9372568+08:00	0x06	0.7365	0.0183	-0.6751	-0.0386	175.47	265.10	358.15
2026-05-08T17:06:02.0303897+08:00	0x08	-0.0023	-0.0193	0.0509	0.9985	5.84	357.78	359.84
2026-05-08T17:06:02.1124166+08:00	0x09	0.0412	-0.0824	-0.6656	0.7406	276.35	349.79	357.21
2026-05-08T17:06:02.2092333+08:00	0x02	0.0227	-0.0049	-0.9656	0.2589	210.02	357.34	0.14
2026-05-08T17:06:02.3426884+08:00	0x04	-0.0144	-0.0270	-0.2126	0.9767	335.49	357.32	357.73
2026-05-08T17:06:02.3895951+08:00	0x07	-0.0143	-0.0396	-0.2975	0.9538	325.46	356.15	357.08
2026-05-08T17:06:02.4572721+08:00	0x06	0.7379	0.0172	-0.6736	-0.0385	175.56	264.86	358.07
2026-05-08T17:06:02.5522477+08:00	0x03	0.0099	-0.0733	0.2862	0.9553	33.12	352.26	3.49
2026-05-08T17:06:02.6378560+08:00	0x09	0.0412	-0.0824	-0.6656	0.7406	276.35	349.80	357.21
2026-05-08T17:06:02.7173612+08:00	0x01	-0.0244	-0.0426	-0.1250	0.9909	345.75	355.50	356.62
2026-05-08T17:06:02.7611667+08:00	0x08	-0.0023	-0.0193	0.0509	0.9985	5.84	357.78	359.84
2026-05-08T17:06:02.9226001+08:00	0x04	-0.0144	-0.0270	-0.2126	0.9767	335.49	357.32	357.73
2026-05-08T17:06:03.0342822+08:00	0x06	0.7390	0.0175	-0.6725	-0.0377	175.61	264.68	358.16
2026-05-08T17:06:03.0915933+08:00	0x03	0.0099	-0.0733	0.2862	0.9553	33.12	352.26	3.49
2026-05-08T17:06:03.1253571+08:00	0x08	-0.0023	-0.0193	0.0509	0.9985	5.84	357.78	359.84
2026-05-08T17:06:03.2352679+08:00	0x09	0.0412	-0.0824	-0.6656	0.7406	276.35	349.79	357.21
2026-05-08T17:06:03.2926337+08:00	0x01	-0.0244	-0.0426	-0.1250	0.9909	345.75	355.50	356.62
2026-05-08T17:06:03.3650120+08:00	0x07	-0.0143	-0.0396	-0.2975	0.9538	325.46	356.15	357.09
2026-05-08T17:06:03.5151099+08:00	0x05	0.0082	-0.0328	0.5366	0.8431	64.88	357.33	2.81
2026-05-08T17:06:03.6129054+08:00	0x03	0.0099	-0.0733	0.2862	0.9553	33.12	352.26	3.49
2026-05-08T17:06:03.7418462+08:00	0x08	-0.0023	-0.0193	0.0509	0.9985	5.84	357.78	359.84
2026-05-08T17:06:03.7858089+08:00	0x09	0.0412	-0.0824	-0.6656	0.7406	276.35	349.79	357.21
2026-05-08T17:06:03.9071561+08:00	0x01	-0.0244	-0.0426	-0.1250	0.9909	345.75	355.50	356.62
2026-05-08T17:06:03.9274868+08:00	0x07	-0.0143	-0.0396	-0.2975	0.9538	325.46	356.15	357.09
2026-05-08T17:06:04.1236856+08:00	0x06	0.7410	0.0165	-0.6702	-0.0384	175.64	264.34	358.01
2026-05-08T17:06:04.2213632+08:00	0x03	0.0099	-0.0733	0.2862	0.9553	33.12	352.26	3.49
2026-05-08T17:06:04.3085491+08:00	0x09	0.0412	-0.0824	-0.6656	0.7406	276.35	349.79	357.21
2026-05-08T17:06:04.4665941+08:00	0x07	-0.0143	-0.0396	-0.2975	0.9538	325.46	356.15	357.09
2026-05-08T17:06:04.6851925+08:00	0x06	0.7401	0.0172	-0.6712	-0.0383	175.58	264.49	358.08
2026-05-08T17:06:04.8428243+08:00	0x09	0.0412	-0.0824	-0.6656	0.7406	276.36	349.80	357.21
2026-05-08T17:06:04.8899114+08:00	0x03	0.0099	-0.0733	0.2862	0.9553	33.12	352.26	3.49
2026-05-08T17:06:04.9522958+08:00	0x01	-0.0244	-0.0426	-0.1250	0.9909	345.75	355.50	356.62
2026-05-08T17:06:05.0852326+08:00	0x02	0.0227	-0.0049	-0.9656	0.2589	210.02	357.34	0.14
2026-05-08T17:06:05.2124339+08:00	0x06	0.7393	0.0168	-0.6720	-0.0403	175.47	264.63	357.88
2026-05-08T17:06:05.3052517+08:00	0x08	-0.0023	-0.0193	0.0509	0.9985	5.84	357.78	359.84
2026-05-08T17:06:05.4260227+08:00	0x09	0.0412	-0.0824	-0.6656	0.7406	276.35	349.79	357.21
2026-05-08T17:06:05.5256742+08:00	0x04	-0.0143	-0.0270	-0.2126	0.9767	335.49	357.33	357.74
2026-05-08T17:06:05.5606017+08:00	0x07	-0.0143	-0.0396	-0.2975	0.9538	325.46	356.15	357.09
2026-05-08T17:06:05.5925556+08:00	0x02	0.0227	-0.0049	-0.9656	0.2589	210.02	357.34	0.14
2026-05-08T17:06:05.7684595+08:00	0x03	0.0099	-0.0733	0.2862	0.9553	33.12	352.26	3.49
2026-05-08T17:06:05.8072829+08:00	0x06	0.7397	0.0161	-0.6714	-0.0420	175.39	264.55	357.68
2026-05-08T17:06:05.9647556+08:00	0x09	0.0412	-0.0824	-0.6656	0.7406	276.35	349.79	357.21
2026-05-08T17:06:06.0432552+08:00	0x01	-0.0244	-0.0426	-0.1250	0.9909	345.75	355.50	356.62
2026-05-08T17:06:06.0831667+08:00	0x07	-0.0143	-0.0396	-0.2975	0.9538	325.46	356.15	357.09
2026-05-08T17:06:06.1058422+08:00	0x04	-0.0144	-0.0270	-0.2126	0.9767	335.49	357.33	357.73
2026-05-08T17:06:06.1672080+08:00	0x02	0.0227	-0.0049	-0.9656	0.2589	210.02	357.34	0.14
2026-05-08T17:06:06.3347490+08:00	0x03	0.0099	-0.0733	0.2862	0.9553	33.12	352.26	3.49
2026-05-08T17:06:06.4014101+08:00	0x08	-0.0023	-0.0193	0.0509	0.9985	5.84	357.78	359.84
2026-05-08T17:06:06.4699714+08:00	0x06	0.7421	0.0171	-0.6689	-0.0409	175.40	264.15	357.83
2026-05-08T17:06:06.5751806+08:00	0x01	-0.0244	-0.0426	-0.1250	0.9909	345.75	355.50	356.62
2026-05-08T17:06:06.6221537+08:00	0x07	-0.0143	-0.0396	-0.2975	0.9538	325.46	356.15	357.09
2026-05-08T17:06:06.6861903+08:00	0x05	0.0082	-0.0328	0.5366	0.8431	64.88	357.33	2.81
2026-05-08T17:06:06.7185713+08:00	0x04	-0.0144	-0.0270	-0.2126	0.9767	335.49	357.33	357.73
2026-05-08T17:06:06.8675329+08:00	0x03	0.0099	-0.0733	0.2862	0.9553	33.12	352.26	3.49
2026-05-08T17:06:06.8949962+08:00	0x06	0.7441	0.0138	-0.6666	-0.0420	175.61	263.81	357.47
2026-05-08T17:06:06.9714602+08:00	0x08	-0.0024	-0.0193	0.0509	0.9985	5.84	357.78	359.84
2026-05-08T17:06:07.0974776+08:00	0x09	0.0412	-0.0824	-0.6656	0.7406	276.36	349.80	357.21
2026-05-08T17:06:07.2692938+08:00	0x02	0.0227	-0.0049	-0.9656	0.2589	210.02	357.34	0.14
2026-05-08T17:06:07.4007165+08:00	0x06	0.7451	0.0130	-0.6655	-0.0420	175.68	263.63	357.41
2026-05-08T17:06:07.5522177+08:00	0x08	-0.0024	-0.0192	0.0509	0.9985	5.84	357.79	359.84
2026-05-08T17:06:07.6069392+08:00	0x01	-0.0244	-0.0426	-0.1250	0.9909	345.75	355.50	356.62
2026-05-08T17:06:07.6877806+08:00	0x07	-0.0143	-0.0396	-0.2975	0.9538	325.46	356.15	357.09
2026-05-08T17:06:07.7669585+08:00	0x04	-0.0144	-0.0270	-0.2126	0.9767	335.49	357.33	357.73
2026-05-08T17:06:07.8352769+08:00	0x02	0.0227	-0.0049	-0.9656	0.2589	210.02	357.34	0.14
2026-05-08T17:06:07.9733891+08:00	0x06	0.7450	0.0143	-0.6656	-0.0426	175.52	263.66	357.45
2026-05-08T17:06:08.0036962+08:00	0x03	0.0099	-0.0733	0.2862	0.9553	33.12	352.26	3.49
2026-05-08T17:06:08.0639307+08:00	0x08	-0.0024	-0.0193	0.0509	0.9985	5.84	357.78	359.84
2026-05-08T17:06:08.2371709+08:00	0x07	-0.0143	-0.0396	-0.2975	0.9538	325.46	356.15	357.09
2026-05-08T17:06:08.2562426+08:00	0x01	-0.0244	-0.0426	-0.1250	0.9909	345.75	355.50	356.62
2026-05-08T17:06:08.3419578+08:00	0x02	0.0227	-0.0049	-0.9656	0.2589	210.02	357.34	0.14
2026-05-08T17:06:08.5305847+08:00	0x03	0.0099	-0.0733	0.2862	0.9553	33.12	352.26	3.49
2026-05-08T17:06:08.5631517+08:00	0x06	0.7446	0.0150	-0.6660	-0.0418	175.52	263.71	357.58
2026-05-08T17:06:08.6392373+08:00	0x08	-0.0023	-0.0193	0.0509	0.9985	5.84	357.78	359.84
2026-05-08T17:06:08.7452471+08:00	0x07	-0.0143	-0.0396	-0.2975	0.9538	325.46	356.15	357.09
2026-05-08T17:06:08.9211248+08:00	0x02	0.0227	-0.0048	-0.9656	0.2589	210.02	357.34	0.14
2026-05-08T17:06:09.0712978+08:00	0x06	0.7453	0.0145	-0.6653	-0.0412	175.61	263.60	357.59
2026-05-08T17:06:09.1709922+08:00	0x08	-0.0024	-0.0193	0.0509	0.9985	5.84	357.78	359.84
2026-05-08T17:06:09.2291211+08:00	0x09	0.0412	-0.0824	-0.6656	0.7406	276.35	349.80	357.21
2026-05-08T17:06:09.3062918+08:00	0x07	-0.0143	-0.0396	-0.2975	0.9538	325.45	356.15	357.09
2026-05-08T17:06:09.4265401+08:00	0x02	0.0227	-0.0048	-0.9656	0.2589	210.02	357.34	0.14
2026-05-08T17:06:09.6060459+08:00	0x03	0.0099	-0.0733	0.2862	0.9553	33.12	352.26	3.49
2026-05-08T17:06:09.7410936+08:00	0x08	-0.0024	-0.0192	0.0509	0.9985	5.84	357.79	359.84
2026-05-08T17:06:09.7941537+08:00	0x01	-0.0244	-0.0426	-0.1250	0.9909	345.75	355.50	356.62
2026-05-08T17:06:09.8333430+08:00	0x07	-0.0143	-0.0396	-0.2975	0.9538	325.45	356.15	357.09
2026-05-08T17:06:10.0025350+08:00	0x02	0.0227	-0.0048	-0.9656	0.2589	210.02	357.34	0.14
2026-05-08T17:06:10.1663324+08:00	0x06	0.7455	0.0161	-0.6651	-0.0404	175.54	263.57	357.78
2026-05-08T17:06:10.3854961+08:00	0x09	0.0412	-0.0824	-0.6656	0.7406	276.36	349.80	357.21
2026-05-08T17:06:10.4051771+08:00	0x01	-0.0244	-0.0426	-0.1250	0.9909	345.75	355.50	356.62
2026-05-08T17:06:10.5890590+08:00	0x04	-0.0144	-0.0270	-0.2126	0.9767	335.49	357.33	357.73
2026-05-08T17:06:10.6080818+08:00	0x02	0.0227	-0.0048	-0.9656	0.2589	210.02	357.34	0.14
2026-05-08T17:06:10.7492530+08:00	0x06	0.7464	0.0149	-0.6640	-0.0418	175.54	263.41	357.55
2026-05-08T17:06:10.9148734+08:00	0x01	-0.0244	-0.0426	-0.1250	0.9909	345.75	355.50	356.62
2026-05-08T17:06:11.0147927+08:00	0x07	-0.0143	-0.0396	-0.2975	0.9538	325.45	356.15	357.09
2026-05-08T17:06:11.2183542+08:00	0x06	0.7467	0.0154	-0.6637	-0.0418	175.50	263.36	357.59
2026-05-08T17:06:11.2527706+08:00	0x05	0.0082	-0.0328	0.5366	0.8432	64.88	357.33	2.81
2026-05-08T17:06:11.3217755+08:00	0x03	0.0099	-0.0733	0.2862	0.9553	33.12	352.26	3.49
2026-05-08T17:06:11.4865976+08:00	0x09	0.0412	-0.0825	-0.6656	0.7406	276.35	349.79	357.21
2026-05-08T17:06:11.5985030+08:00	0x07	-0.0143	-0.0396	-0.2975	0.9538	325.45	356.15	357.09
2026-05-08T17:06:11.6303447+08:00	0x04	-0.0144	-0.0270	-0.2126	0.9767	335.49	357.33	357.73
2026-05-08T17:06:11.6965794+08:00	0x02	0.0227	-0.0049	-0.9656	0.2589	210.02	357.34	0.14
2026-05-08T17:06:11.8194677+08:00	0x06	0.7474	0.0174	-0.6629	-0.0414	175.36	263.24	357.77
2026-05-08T17:06:11.8758862+08:00	0x03	0.0099	-0.0733	0.2862	0.9553	33.12	352.26	3.49
2026-05-08T17:06:11.9215591+08:00	0x01	-0.0244	-0.0426	-0.1250	0.9909	345.75	355.50	356.62
2026-05-08T17:06:12.0217063+08:00	0x09	0.0412	-0.0825	-0.6656	0.7406	276.36	349.79	357.21
2026-05-08T17:06:12.1584055+08:00	0x07	-0.0143	-0.0396	-0.2975	0.9538	325.45	356.15	357.09
2026-05-08T17:06:12.1966761+08:00	0x02	0.0227	-0.0048	-0.9656	0.2589	210.02	357.34	0.14
2026-05-08T17:06:12.4071881+08:00	0x08	-0.0024	-0.0192	0.0509	0.9985	5.84	357.79	359.84
2026-05-08T17:06:12.4416346+08:00	0x03	0.0099	-0.0733	0.2862	0.9553	33.12	352.26	3.49
2026-05-08T17:06:12.4664605+08:00	0x01	-0.0244	-0.0426	-0.1250	0.9909	345.75	355.50	356.62
2026-05-08T17:06:12.5692341+08:00	0x09	0.0412	-0.0824	-0.6656	0.7406	276.35	349.79	357.21
2026-05-08T17:06:12.6839146+08:00	0x07	-0.0143	-0.0396	-0.2975	0.9538	325.45	356.15	357.09
2026-05-08T17:06:12.7222682+08:00	0x04	-0.0144	-0.0270	-0.2126	0.9767	335.49	357.33	357.73
2026-05-08T17:06:12.9092092+08:00	0x06	0.7477	0.0166	-0.6625	-0.0426	175.34	263.18	357.61
2026-05-08T17:06:12.9989801+08:00	0x03	0.0099	-0.0733	0.2862	0.9553	33.12	352.26	3.49
2026-05-08T17:06:13.0847501+08:00	0x09	0.0412	-0.0824	-0.6656	0.7406	276.36	349.80	357.21
2026-05-08T17:06:13.2293016+08:00	0x04	-0.0144	-0.0270	-0.2126	0.9767	335.49	357.33	357.73
2026-05-08T17:06:13.2422668+08:00	0x07	-0.0143	-0.0396	-0.2975	0.9538	325.45	356.15	357.09
2026-05-08T17:06:13.2781790+08:00	0x02	0.0227	-0.0048	-0.9656	0.2589	210.02	357.34	0.14
2026-05-08T17:06:13.4774045+08:00	0x08	-0.0023	-0.0193	0.0509	0.9985	5.84	357.78	359.84
2026-05-08T17:06:13.5093151+08:00	0x06	0.7478	0.0177	-0.6624	-0.0412	175.35	263.16	357.81
2026-05-08T17:06:13.5430489+08:00	0x01	-0.0244	-0.0426	-0.1250	0.9909	345.75	355.50	356.62
2026-05-08T17:06:13.6211380+08:00	0x09	0.0412	-0.0824	-0.6656	0.7406	276.35	349.79	357.21
2026-05-08T17:06:13.7900261+08:00	0x04	-0.0144	-0.0269	-0.2126	0.9767	335.49	357.33	357.73
2026-05-08T17:06:13.8290946+08:00	0x07	-0.0143	-0.0396	-0.2975	0.9538	325.46	356.15	357.09
2026-05-08T17:06:14.0071571+08:00	0x06	0.7476	0.0185	-0.6626	-0.0402	175.36	263.18	357.96
2026-05-08T17:06:14.0814414+08:00	0x03	0.0099	-0.0733	0.2862	0.9553	33.12	352.26	3.49
2026-05-08T17:06:14.1140150+08:00	0x01	-0.0244	-0.0426	-0.1250	0.9909	345.75	355.50	356.62
2026-05-08T17:06:14.1706410+08:00	0x09	0.0412	-0.0824	-0.6656	0.7406	276.35	349.79	357.21
2026-05-08T17:06:14.3065047+08:00	0x04	-0.0144	-0.0269	-0.2126	0.9767	335.49	357.33	357.73
2026-05-08T17:06:14.3441960+08:00	0x02	0.0227	-0.0048	-0.9656	0.2589	210.02	357.34	0.14
2026-05-08T17:06:14.5747397+08:00	0x08	-0.0023	-0.0193	0.0509	0.9985	5.84	357.78	359.84
2026-05-08T17:06:14.6092279+08:00	0x06	0.7479	0.0194	-0.6623	-0.0407	175.24	263.13	357.99
2026-05-08T17:06:14.6866523+08:00	0x01	-0.0244	-0.0426	-0.1250	0.9909	345.75	355.50	356.62
2026-05-08T17:06:14.7009106+08:00	0x09	0.0412	-0.0824	-0.6656	0.7406	276.35	349.79	357.21
2026-05-08T17:06:14.8642474+08:00	0x02	0.0227	-0.0049	-0.9656	0.2589	210.02	357.34	0.14
2026-05-08T17:06:14.9289807+08:00	0x07	-0.0143	-0.0396	-0.2975	0.9538	325.45	356.15	357.09
2026-05-08T17:06:15.0653007+08:00	0x06	0.7481	0.0222	-0.6621	-0.0389	175.14	263.09	358.35
2026-05-08T17:06:15.1432375+08:00	0x03	0.0099	-0.0733	0.2862	0.9553	33.12	352.26	3.49
2026-05-08T17:06:15.2882575+08:00	0x09	0.0412	-0.0824	-0.6656	0.7406	276.35	349.79	357.21
2026-05-08T17:06:15.3977783+08:00	0x04	-0.0144	-0.0269	-0.2126	0.9767	335.49	357.33	357.73
2026-05-08T17:06:15.4293573+08:00	0x02	0.0227	-0.0048	-0.9656	0.2589	210.02	357.34	0.14
2026-05-08T17:06:15.5264456+08:00	0x07	-0.0143	-0.0396	-0.2975	0.9538	325.46	356.15	357.09
2026-05-08T17:06:15.6247100+08:00	0x08	-0.0023	-0.0193	0.0509	0.9985	5.84	357.78	359.84
2026-05-08T17:06:15.6964363+08:00	0x03	0.0099	-0.0733	0.2862	0.9553	33.12	352.26	3.49
2026-05-08T17:06:15.8169379+08:00	0x09	0.0412	-0.0824	-0.6656	0.7406	276.35	349.79	357.21
2026-05-08T17:06:15.8749006+08:00	0x04	-0.0144	-0.0269	-0.2126	0.9767	335.49	357.33	357.73
2026-05-08T17:06:15.9408750+08:00	0x02	0.0227	-0.0048	-0.9656	0.2589	210.02	357.34	0.14
2026-05-08T17:06:16.0887585+08:00	0x07	-0.0143	-0.0396	-0.2975	0.9538	325.46	356.15	357.09
2026-05-08T17:06:16.1362263+08:00	0x08	-0.0023	-0.0192	0.0509	0.9985	5.84	357.79	359.84
2026-05-08T17:06:16.2292805+08:00	0x03	0.0099	-0.0733	0.2862	0.9553	33.12	352.26	3.49
2026-05-08T17:06:16.2868023+08:00	0x06	0.7486	0.0233	-0.6615	-0.0371	175.17	262.99	358.58
2026-05-08T17:06:16.3536026+08:00	0x01	-0.0244	-0.0426	-0.1250	0.9909	345.75	355.50	356.62
2026-05-08T17:06:16.4113309+08:00	0x02	0.0227	-0.0048	-0.9656	0.2589	210.02	357.34	0.14
2026-05-08T17:06:16.6045287+08:00	0x07	-0.0143	-0.0396	-0.2975	0.9538	325.46	356.15	357.09
2026-05-08T17:06:16.7124116+08:00	0x08	-0.0023	-0.0192	0.0509	0.9985	5.84	357.79	359.84
2026-05-08T17:06:16.8204135+08:00	0x03	0.0099	-0.0733	0.2862	0.9553	33.12	352.26	3.49
2026-05-08T17:06:16.8964677+08:00	0x09	0.0412	-0.0824	-0.6656	0.7406	276.36	349.80	357.21
2026-05-08T17:06:16.9673743+08:00	0x04	-0.0144	-0.0270	-0.2126	0.9767	335.49	357.33	357.73
2026-05-08T17:06:17.1021714+08:00	0x02	0.0227	-0.0048	-0.9656	0.2589	210.02	357.34	0.14
2026-05-08T17:06:17.1553095+08:00	0x07	-0.0143	-0.0396	-0.2975	0.9538	325.46	356.15	357.09
2026-05-08T17:06:17.2308037+08:00	0x08	-0.0023	-0.0193	0.0509	0.9985	5.84	357.78	359.85
2026-05-08T17:06:17.3158549+08:00	0x03	0.0099	-0.0733	0.2862	0.9553	33.12	352.26	3.49
2026-05-08T17:06:17.4361103+08:00	0x09	0.0412	-0.0825	-0.6656	0.7406	276.35	349.79	357.21
2026-05-08T17:06:17.5390604+08:00	0x04	-0.0144	-0.0269	-0.2126	0.9767	335.49	357.33	357.73
2026-05-08T17:06:17.5862984+08:00	0x01	-0.0244	-0.0426	-0.1250	0.9909	345.75	355.50	356.62
2026-05-08T17:06:17.6328289+08:00	0x02	0.0227	-0.0048	-0.9656	0.2589	210.02	357.34	0.14
2026-05-08T17:06:17.6952989+08:00	0x07	-0.0143	-0.0396	-0.2975	0.9538	325.46	356.15	357.09
2026-05-08T17:06:17.8118594+08:00	0x08	-0.0023	-0.0193	0.0509	0.9985	5.84	357.78	359.85
2026-05-08T17:06:17.8504829+08:00	0x03	0.0099	-0.0733	0.2862	0.9553	33.12	352.26	3.49
2026-05-08T17:06:17.9912205+08:00	0x01	-0.0244	-0.0426	-0.1250	0.9909	345.75	355.50	356.62
2026-05-08T17:06:18.1617429+08:00	0x04	-0.0144	-0.0269	-0.2126	0.9767	335.49	357.33	357.73
2026-05-08T17:06:18.1848036+08:00	0x02	0.0227	-0.0049	-0.9656	0.2589	210.02	357.34	0.14
2026-05-08T17:06:18.4090087+08:00	0x08	-0.0023	-0.0192	0.0509	0.9985	5.84	357.79	359.84
2026-05-08T17:06:18.5398995+08:00	0x01	-0.0244	-0.0426	-0.1250	0.9909	345.75	355.50	356.62
2026-05-08T17:06:18.5718024+08:00	0x09	0.0412	-0.0824	-0.6656	0.7406	276.36	349.79	357.21
2026-05-08T17:06:18.7207842+08:00	0x02	0.0227	-0.0049	-0.9656	0.2589	210.02	357.34	0.14
2026-05-08T17:06:18.7900607+08:00	0x07	-0.0143	-0.0396	-0.2975	0.9538	325.46	356.15	357.09
2026-05-08T17:06:18.9172831+08:00	0x03	0.0099	-0.0733	0.2862	0.9553	33.12	352.26	3.49
2026-05-08T17:06:19.0053744+08:00	0x01	-0.0244	-0.0426	-0.1250	0.9909	345.75	355.50	356.62
2026-05-08T17:06:19.0918554+08:00	0x09	0.0412	-0.0824	-0.6656	0.7406	276.35	349.79	357.21
2026-05-08T17:06:19.2045009+08:00	0x04	-0.0144	-0.0270	-0.2126	0.9767	335.49	357.33	357.73
2026-05-08T17:06:19.2639882+08:00	0x02	0.0227	-0.0049	-0.9656	0.2589	210.02	357.34	0.14
2026-05-08T17:06:19.3593337+08:00	0x07	-0.0143	-0.0396	-0.2975	0.9538	325.46	356.15	357.09
2026-05-08T17:06:19.4693403+08:00	0x08	-0.0023	-0.0192	0.0509	0.9985	5.84	357.79	359.84
2026-05-08T17:06:19.5317063+08:00	0x06	0.7474	0.0245	-0.6631	-0.0344	175.28	263.20	358.91
2026-05-08T17:06:19.6866246+08:00	0x09	0.0412	-0.0824	-0.6656	0.7406	276.36	349.80	357.21
2026-05-08T17:06:19.7901888+08:00	0x02	0.0227	-0.0049	-0.9656	0.2589	210.02	357.34	0.14
2026-05-08T17:06:19.9527665+08:00	0x07	-0.0143	-0.0396	-0.2975	0.9538	325.46	356.15	357.09
2026-05-08T17:06:20.0416597+08:00	0x08	-0.0023	-0.0193	0.0509	0.9985	5.84	357.78	359.84
2026-05-08T17:06:20.1032177+08:00	0x01	-0.0244	-0.0426	-0.1250	0.9909	345.75	355.50	356.62
2026-05-08T17:06:20.2243698+08:00	0x09	0.0412	-0.0824	-0.6656	0.7406	276.35	349.80	357.21
2026-05-08T17:06:20.3000565+08:00	0x04	-0.0144	-0.0269	-0.2126	0.9767	335.49	357.33	357.73
2026-05-08T17:06:20.3745106+08:00	0x02	0.0227	-0.0049	-0.9656	0.2589	210.02	357.34	0.14
2026-05-08T17:06:20.4181527+08:00	0x07	-0.0143	-0.0396	-0.2975	0.9538	325.45	356.15	357.09
2026-05-08T17:06:20.5680161+08:00	0x08	-0.0023	-0.0192	0.0509	0.9985	5.84	357.79	359.84
2026-05-08T17:06:20.5949548+08:00	0x03	0.0099	-0.0733	0.2862	0.9553	33.12	352.26	3.49
2026-05-08T17:06:20.6312329+08:00	0x06	0.7481	0.0241	-0.6623	-0.0339	175.35	263.08	358.93
2026-05-08T17:06:20.8004789+08:00	0x09	0.0412	-0.0825	-0.6656	0.7406	276.35	349.79	357.21
2026-05-08T17:06:20.9214416+08:00	0x04	-0.0144	-0.0270	-0.2126	0.9767	335.49	357.33	357.73
2026-05-08T17:06:20.9613432+08:00	0x02	0.0227	-0.0049	-0.9656	0.2589	210.02	357.34	0.14
2026-05-08T17:06:21.0129494+08:00	0x07	-0.0143	-0.0396	-0.2975	0.9538	325.45	356.15	357.09
2026-05-08T17:06:21.1493431+08:00	0x03	0.0099	-0.0733	0.2862	0.9553	33.12	352.26	3.49
2026-05-08T17:06:21.1765411+08:00	0x08	-0.0023	-0.0192	0.0509	0.9985	5.84	357.79	359.84
2026-05-08T17:06:21.2413685+08:00	0x01	-0.0244	-0.0426	-0.1250	0.9909	345.75	355.50	356.62
2026-05-08T17:06:21.3320767+08:00	0x09	0.0412	-0.0825	-0.6656	0.7406	276.35	349.79	357.21
2026-05-08T17:06:21.3962020+08:00	0x04	-0.0144	-0.0269	-0.2126	0.9767	335.49	357.33	357.73
2026-05-08T17:06:21.5565117+08:00	0x07	-0.0143	-0.0396	-0.2975	0.9538	325.45	356.15	357.09
2026-05-08T17:06:21.6494570+08:00	0x08	-0.0023	-0.0192	0.0509	0.9985	5.84	357.79	359.84
2026-05-08T17:06:21.6958477+08:00	0x03	0.0099	-0.0733	0.2862	0.9553	33.12	352.26	3.49
2026-05-08T17:06:21.8734354+08:00	0x09	0.0412	-0.0825	-0.6656	0.7406	276.36	349.79	357.21
2026-05-08T17:06:21.9119908+08:00	0x04	-0.0143	-0.0269	-0.2126	0.9767	335.49	357.33	357.74
2026-05-08T17:06:22.0285489+08:00	0x02	0.0227	-0.0049	-0.9656	0.2589	210.02	357.34	0.14
2026-05-08T17:06:22.0980823+08:00	0x07	-0.0143	-0.0397	-0.2975	0.9538	325.45	356.14	357.09
2026-05-08T17:06:22.2015730+08:00	0x03	0.0099	-0.0733	0.2862	0.9553	33.12	352.26	3.49
2026-05-08T17:06:22.4021430+08:00	0x09	0.0412	-0.0825	-0.6656	0.7406	276.36	349.79	357.21
2026-05-08T17:06:22.4862915+08:00	0x04	-0.0143	-0.0269	-0.2126	0.9767	335.49	357.33	357.74
2026-05-08T17:06:22.5661631+08:00	0x05	0.0082	-0.0328	0.5366	0.8432	64.88	357.33	2.81
2026-05-08T17:06:22.6615669+08:00	0x07	-0.0143	-0.0396	-0.2975	0.9538	325.45	356.15	357.09
2026-05-08T17:06:22.7730960+08:00	0x03	0.0099	-0.0733	0.2862	0.9553	33.12	352.26	3.49
2026-05-08T17:06:22.9432206+08:00	0x09	0.0412	-0.0825	-0.6656	0.7406	276.36	349.79	357.21
2026-05-08T17:06:23.0027225+08:00	0x04	-0.0143	-0.0269	-0.2126	0.9767	335.49	357.33	357.74
2026-05-08T17:06:23.1213854+08:00	0x02	0.0227	-0.0049	-0.9656	0.2589	210.02	357.34	0.13
2026-05-08T17:06:23.2262891+08:00	0x03	0.0099	-0.0733	0.2862	0.9553	33.12	352.26	3.49
2026-05-08T17:06:23.3295381+08:00	0x08	-0.0023	-0.0192	0.0509	0.9985	5.84	357.79	359.84
2026-05-08T17:06:23.3564137+08:00	0x07	-0.0143	-0.0396	-0.2975	0.9538	325.45	356.15	357.09
2026-05-08T17:06:23.4825896+08:00	0x09	0.0412	-0.0824	-0.6656	0.7406	276.35	349.80	357.21
