timestamp	device	q0	q1	q2	q3	yaw	pitch	roll
2026-06-15T22:16:49.9886602+08:00	0x02	-0.0126	0.0135	0.6732	0.7392	84.64	0.17	357.89
2026-06-15T22:16:50.0702615+08:00	0x07	-0.6593	-0.0598	0.7450	-0.0819	182.52	277.24	11.37
2026-06-15T22:16:50.2179470+08:00	0x06	-0.2061	0.6496	0.1569	0.7148	357.13	85.30	330.10
2026-06-15T22:16:50.2968951+08:00	0x03	-0.0204	-0.0223	0.1573	0.9871	18.15	357.11	358.10
2026-06-15T22:16:50.3208579+08:00	0x04	-0.0134	-0.0335	-0.0047	0.9993	359.51	356.17	358.45
2026-06-15T22:16:50.5142976+08:00	0x02	-0.0126	0.0135	0.6732	0.7392	84.64	0.17	357.89
2026-06-15T22:16:50.5541870+08:00	0x07	-0.6588	-0.0600	0.7454	-0.0821	182.54	277.30	11.40
2026-06-15T22:16:50.7329918+08:00	0x06	-0.2057	0.6493	0.1565	0.7152	357.15	85.23	330.17
2026-06-15T22:16:50.8164229+08:00	0x03	-0.0204	-0.0223	0.1573	0.9871	18.15	357.11	358.10
2026-06-15T22:16:50.8855724+08:00	0x09	0.3979	-0.6211	-0.2732	-0.6174	343.63	99.12	303.83
2026-06-15T22:16:51.1031436+08:00	0x02	-0.0126	0.0135	0.6732	0.7392	84.64	0.17	357.89
2026-06-15T22:16:51.1220875+08:00	0x07	-0.6590	-0.0600	0.7452	-0.0825	182.56	277.28	11.43
2026-06-15T22:16:51.2098080+08:00	0x06	-0.2052	0.6488	0.1561	0.7159	357.18	85.12	330.24
2026-06-15T22:16:51.3750434+08:00	0x03	-0.0204	-0.0223	0.1573	0.9871	18.15	357.11	358.10
2026-06-15T22:16:51.4870165+08:00	0x09	0.3979	-0.6208	-0.2732	-0.6177	343.66	99.06	303.81
2026-06-15T22:16:51.5879117+08:00	0x08	0.1303	0.7127	-0.0592	0.6867	6.21	92.96	15.27
2026-06-15T22:16:51.6134090+08:00	0x02	-0.0126	0.0135	0.6732	0.7392	84.64	0.17	357.89
2026-06-15T22:16:51.6527145+08:00	0x07	-0.6583	-0.0601	0.7458	-0.0821	182.54	277.38	11.41
2026-06-15T22:16:51.7256281+08:00	0x06	-0.2047	0.6485	0.1557	0.7165	357.20	85.04	330.32
2026-06-15T22:16:51.8520282+08:00	0x03	-0.0204	-0.0223	0.1573	0.9871	18.15	357.11	358.10
2026-06-15T22:16:51.9706657+08:00	0x09	0.3977	-0.6202	-0.2737	-0.6183	343.82	98.87	303.77
2026-06-15T22:16:52.0960505+08:00	0x08	0.1171	0.7148	-0.0468	0.6878	6.07	92.91	13.18
2026-06-15T22:16:52.2210490+08:00	0x07	-0.6582	-0.0606	0.7459	-0.0826	182.54	277.40	11.48
2026-06-15T22:16:52.3101373+08:00	0x06	-0.2041	0.6481	0.1553	0.7171	357.24	84.94	330.40
2026-06-15T22:16:52.4358931+08:00	0x03	-0.0204	-0.0223	0.1573	0.9871	18.15	357.11	358.10
2026-06-15T22:16:52.4921936+08:00	0x09	0.3968	-0.6203	-0.2731	-0.6191	343.96	98.70	303.90
2026-06-15T22:16:52.6507638+08:00	0x02	-0.0126	0.0135	0.6732	0.7392	84.64	0.17	357.89
2026-06-15T22:16:52.7210676+08:00	0x07	-0.6581	-0.0617	0.7458	-0.0836	182.54	277.41	11.66
2026-06-15T22:16:52.7699570+08:00	0x06	-0.2043	0.6479	0.1553	0.7172	357.23	84.92	330.38
2026-06-15T22:16:52.9838568+08:00	0x03	-0.0204	-0.0223	0.1573	0.9871	18.15	357.11	358.10
2026-06-15T22:16:53.0878241+08:00	0x09	0.3965	-0.6206	-0.2725	-0.6192	343.94	98.72	303.98
2026-06-15T22:16:53.1843815+08:00	0x02	-0.0126	0.0135	0.6732	0.7392	84.64	0.17	357.89
2026-06-15T22:16:53.2003363+08:00	0x07	-0.6579	-0.0626	0.7457	-0.0843	182.54	277.42	11.79
2026-06-15T22:16:53.4010834+08:00	0x06	-0.2042	0.6478	0.1550	0.7174	357.22	84.90	330.41
2026-06-15T22:16:53.5412908+08:00	0x03	-0.0204	-0.0223	0.1573	0.9871	18.15	357.11	358.10
2026-06-15T22:16:53.5841857+08:00	0x09	0.3963	-0.6205	-0.2724	-0.6195	343.99	98.65	304.00
2026-06-15T22:16:53.6750906+08:00	0x04	-0.0134	-0.0334	-0.0047	0.9993	359.51	356.17	358.45
2026-06-15T22:16:53.7379125+08:00	0x02	-0.0126	0.0135	0.6732	0.7392	84.64	0.17	357.89
2026-06-15T22:16:53.7979754+08:00	0x07	-0.6577	-0.0632	0.7458	-0.0849	182.55	277.45	11.89
2026-06-15T22:16:53.8502073+08:00	0x01	-0.0122	-0.0266	0.1985	0.9797	22.93	356.73	359.24
2026-06-15T22:16:53.9549143+08:00	0x08	0.0603	0.7210	0.0068	0.6903	5.54	92.70	4.21
2026-06-15T22:16:54.0628720+08:00	0x03	-0.0204	-0.0223	0.1573	0.9871	18.15	357.11	358.10
2026-06-15T22:16:54.1218424+08:00	0x09	0.3961	-0.6211	-0.2720	-0.6191	343.90	98.77	304.07
2026-06-15T22:16:54.1477760+08:00	0x06	-0.2043	0.6475	0.1551	0.7176	357.23	84.86	330.39
2026-06-15T22:16:54.2660659+08:00	0x02	-0.0126	0.0135	0.6732	0.7392	84.64	0.17	357.89
2026-06-15T22:16:54.3010223+08:00	0x04	-0.0134	-0.0335	-0.0047	0.9993	359.51	356.17	358.45
2026-06-15T22:16:54.3438923+08:00	0x07	-0.6577	-0.0631	0.7458	-0.0849	182.55	277.45	11.88
2026-06-15T22:16:54.4520465+08:00	0x06	-0.2040	0.6476	0.1549	0.7177	357.24	84.85	330.44
2026-06-15T22:16:54.4879444+08:00	0x01	-0.0122	-0.0267	0.1985	0.9797	22.93	356.73	359.23
2026-06-15T22:16:54.6196576+08:00	0x03	-0.0204	-0.0223	0.1573	0.9871	18.15	357.11	358.10
2026-06-15T22:16:54.7455023+08:00	0x04	-0.0134	-0.0335	-0.0047	0.9993	359.51	356.17	358.45
2026-06-15T22:16:54.8205595+08:00	0x02	-0.0126	0.0135	0.6732	0.7392	84.64	0.17	357.89
2026-06-15T22:16:54.8510654+08:00	0x08	0.0524	0.7215	0.0142	0.6902	5.47	92.68	2.98
2026-06-15T22:16:54.8854506+08:00	0x07	-0.6577	-0.0627	0.7459	-0.0844	182.55	277.45	11.80
2026-06-15T22:16:54.9521152+08:00	0x01	-0.0122	-0.0266	0.1985	0.9797	22.93	356.73	359.23
2026-06-15T22:16:55.0917559+08:00	0x06	-0.2041	0.6475	0.1551	0.7177	357.25	84.84	330.42
2026-06-15T22:16:55.1356045+08:00	0x03	-0.0204	-0.0223	0.1573	0.9871	18.15	357.11	358.10
2026-06-15T22:16:55.3469715+08:00	0x02	-0.0126	0.0135	0.6732	0.7392	84.64	0.17	357.89
2026-06-15T22:16:55.3749353+08:00	0x04	-0.0134	-0.0335	-0.0047	0.9993	359.51	356.17	358.45
2026-06-15T22:16:55.3958999+08:00	0x07	-0.6577	-0.0621	0.7460	-0.0840	182.56	277.46	11.73
2026-06-15T22:16:55.5341272+08:00	0x06	-0.2035	0.6475	0.1546	0.7179	357.26	84.82	330.50
2026-06-15T22:16:55.6676328+08:00	0x09	0.3961	-0.6211	-0.2724	-0.6190	343.95	98.77	304.03
2026-06-15T22:16:55.7012849+08:00	0x03	-0.0204	-0.0223	0.1573	0.9871	18.15	357.11	358.10
2026-06-15T22:16:55.8212744+08:00	0x04	-0.0134	-0.0335	-0.0047	0.9993	359.51	356.17	358.45
2026-06-15T22:16:55.9182816+08:00	0x02	-0.0126	0.0135	0.6732	0.7392	84.64	0.17	357.89
2026-06-15T22:16:56.0011776+08:00	0x07	-0.6574	-0.0617	0.7463	-0.0837	182.56	277.51	11.66
2026-06-15T22:16:56.1501093+08:00	0x06	-0.2031	0.6477	0.1543	0.7180	357.26	84.83	330.56
2026-06-15T22:16:56.1999207+08:00	0x09	0.3959	-0.6211	-0.2725	-0.6191	343.98	98.74	304.03
2026-06-15T22:16:56.2259072+08:00	0x03	-0.0204	-0.0223	0.1573	0.9871	18.15	357.11	358.09
2026-06-15T22:16:56.3503761+08:00	0x04	-0.0134	-0.0335	-0.0047	0.9993	359.51	356.17	358.45
2026-06-15T22:16:56.4289912+08:00	0x02	-0.0126	0.0135	0.6732	0.7392	84.64	0.17	357.89
2026-06-15T22:16:56.5313327+08:00	0x07	-0.6575	-0.0618	0.7462	-0.0838	182.56	277.50	11.68
2026-06-15T22:16:56.7209978+08:00	0x06	-0.2035	0.6477	0.1545	0.7177	357.24	84.86	330.51
2026-06-15T22:16:56.7524657+08:00	0x09	0.3957	-0.6212	-0.2724	-0.6191	343.99	98.73	304.07
2026-06-15T22:16:56.9183142+08:00	0x04	-0.0134	-0.0335	-0.0047	0.9993	359.51	356.17	358.45
2026-06-15T22:16:57.0000318+08:00	0x02	-0.0126	0.0135	0.6732	0.7392	84.64	0.17	357.89
2026-06-15T22:16:57.0738330+08:00	0x07	-0.6571	-0.0621	0.7465	-0.0841	182.57	277.56	11.73
2026-06-15T22:16:57.1449649+08:00	0x01	-0.0122	-0.0266	0.1984	0.9797	22.92	356.73	359.23
2026-06-15T22:16:57.2129866+08:00	0x06	-0.2037	0.6471	0.1537	0.7184	357.18	84.76	330.55
2026-06-15T22:16:57.3299829+08:00	0x09	0.3975	-0.6173	-0.2730	-0.6216	344.20	98.08	303.77
2026-06-15T22:16:57.3978030+08:00	0x03	-0.0204	-0.0223	0.1573	0.9871	18.15	357.11	358.10
2026-06-15T22:16:57.5112890+08:00	0x04	-0.0134	-0.0335	-0.0047	0.9993	359.51	356.17	358.45
2026-06-15T22:16:57.5933294+08:00	0x02	-0.0126	0.0135	0.6732	0.7392	84.64	0.17	357.89
2026-06-15T22:16:57.6938865+08:00	0x01	-0.0122	-0.0266	0.1984	0.9797	22.92	356.73	359.24
2026-06-15T22:16:57.7269584+08:00	0x06	-0.2010	0.6456	0.1388	0.7236	356.19	84.43	331.96
2026-06-15T22:16:57.8866484+08:00	0x09	0.4022	-0.6111	-0.2628	-0.6291	343.37	97.20	304.19
2026-06-15T22:16:57.9985324+08:00	0x04	-0.0134	-0.0335	-0.0047	0.9993	359.51	356.17	358.45
2026-06-15T22:16:58.1013760+08:00	0x02	-0.0126	0.0135	0.6732	0.7392	84.64	0.17	357.89
2026-06-15T22:16:58.1541688+08:00	0x07	-0.6371	-0.0513	0.7689	-0.0171	177.75	280.60	5.78
2026-06-15T22:16:58.2971500+08:00	0x06	-0.1704	0.6493	0.0829	0.7366	353.90	83.92	338.98
2026-06-15T22:16:58.3844253+08:00	0x03	-0.0204	-0.0223	0.1573	0.9871	18.15	357.11	358.10
2026-06-15T22:16:58.4060187+08:00	0x09	0.4037	-0.5971	-0.2523	-0.6456	344.04	93.93	304.65
2026-06-15T22:16:58.5870027+08:00	0x04	-0.0134	-0.0335	-0.0047	0.9993	359.51	356.17	358.45
2026-06-15T22:16:58.6882832+08:00	0x02	-0.0126	0.0135	0.6732	0.7392	84.64	0.17	357.89
2026-06-15T22:16:58.7440453+08:00	0x07	-0.6344	-0.0701	0.7697	-0.0131	176.02	280.76	7.15
2026-06-15T22:16:58.8015721+08:00	0x06	-0.1815	0.6391	0.0916	0.7418	354.02	82.70	337.27
2026-06-15T22:16:58.9057213+08:00	0x03	-0.0204	-0.0223	0.1573	0.9871	18.15	357.11	358.10
2026-06-15T22:16:58.9844545+08:00	0x09	0.3482	-0.4384	-0.3019	-0.7716	15.60	51.34	306.67
2026-06-15T22:16:59.1006443+08:00	0x04	-0.0134	-0.0335	-0.0047	0.9993	359.51	356.17	358.45
2026-06-15T22:16:59.1850711+08:00	0x02	-0.0126	0.0135	0.6732	0.7392	84.64	0.17	357.89
2026-06-15T22:16:59.2562749+08:00	0x01	-0.0122	-0.0266	0.1984	0.9797	22.92	356.73	359.24
2026-06-15T22:16:59.3011522+08:00	0x08	0.0527	0.7215	0.0140	0.6902	5.48	92.68	3.01
2026-06-15T22:16:59.3341085+08:00	0x07	-0.6412	-0.0583	0.7651	0.0001	175.69	279.88	5.11
2026-06-15T22:16:59.4534424+08:00	0x03	-0.0204	-0.0223	0.1573	0.9871	18.15	357.11	358.10
2026-06-15T22:16:59.5304409+08:00	0x09	0.2991	-0.4342	-0.2912	-0.7983	17.47	49.46	313.08
2026-06-15T22:16:59.5570177+08:00	0x04	-0.0134	-0.0335	-0.0047	0.9993	359.51	356.17	358.45
2026-06-15T22:16:59.7710793+08:00	0x02	-0.0126	0.0135	0.6732	0.7392	84.64	0.17	357.89
2026-06-15T22:16:59.8075586+08:00	0x07	-0.6440	-0.0412	0.7637	0.0196	175.24	279.63	2.16
2026-06-15T22:16:59.9592889+08:00	0x06	-0.1930	0.6454	0.0992	0.7324	353.46	84.18	335.75
2026-06-15T22:17:00.0050378+08:00	0x03	-0.0204	-0.0223	0.1573	0.9871	18.15	357.11	358.10
2026-06-15T22:17:00.0679159+08:00	0x09	0.3037	-0.4375	-0.2967	-0.7927	17.74	49.88	312.18
2026-06-15T22:17:00.1886900+08:00	0x04	-0.0134	-0.0335	-0.0047	0.9993	359.51	356.17	358.45
2026-06-15T22:17:00.3512950+08:00	0x02	-0.0126	0.0135	0.6732	0.7392	84.64	0.17	357.89
2026-06-15T22:17:00.3681012+08:00	0x01	-0.0122	-0.0266	0.1984	0.9797	22.92	356.73	359.24
2026-06-15T22:17:00.4682620+08:00	0x06	-0.1953	0.6397	0.1029	0.7363	353.78	83.33	335.22
2026-06-15T22:17:00.5509823+08:00	0x03	-0.0204	-0.0223	0.1573	0.9871	18.15	357.11	358.10
2026-06-15T22:17:00.6147653+08:00	0x09	0.2927	-0.4275	-0.2950	-0.8029	18.85	47.96	313.76
2026-06-15T22:17:00.7750714+08:00	0x04	-0.0134	-0.0335	-0.0047	0.9993	359.51	356.17	358.45
2026-06-15T22:17:00.9547479+08:00	0x08	-0.2161	0.4418	0.3278	0.8067	26.03	47.88	320.34
2026-06-15T22:17:00.9687078+08:00	0x02	-0.0126	0.0135	0.6732	0.7392	84.64	0.17	357.89
2026-06-15T22:17:01.0227142+08:00	0x01	-0.0122	-0.0267	0.1984	0.9797	22.92	356.73	359.23
2026-06-15T22:17:01.0645583+08:00	0x03	-0.0204	-0.0223	0.1573	0.9871	18.15	357.11	358.10
2026-06-15T22:17:01.1657437+08:00	0x09	0.2800	-0.4246	-0.2930	-0.8096	19.42	47.32	315.40
2026-06-15T22:17:01.2605480+08:00	0x04	-0.0134	-0.0335	-0.0047	0.9993	359.51	356.17	358.45
2026-06-15T22:17:01.4562707+08:00	0x02	-0.0126	0.0135	0.6732	0.7392	84.64	0.17	357.89
2026-06-15T22:17:01.4730196+08:00	0x06	-0.1956	0.6392	0.1054	0.7362	353.99	83.26	334.99
2026-06-15T22:17:01.5221015+08:00	0x07	-0.6428	-0.0180	0.7645	0.0454	174.69	279.97	358.24
2026-06-15T22:17:01.5623703+08:00	0x03	-0.0204	-0.0223	0.1573	0.9871	18.15	357.11	358.10
2026-06-15T22:17:01.7361491+08:00	0x09	0.2700	-0.4333	-0.2888	-0.8099	18.78	48.76	316.56
2026-06-15T22:17:01.8623380+08:00	0x04	-0.0134	-0.0335	-0.0047	0.9993	359.51	356.17	358.45
2026-06-15T22:17:01.9727643+08:00	0x02	-0.0126	0.0135	0.6732	0.7392	84.64	0.17	357.89
2026-06-15T22:17:02.0362372+08:00	0x06	-0.1991	0.6382	0.1064	0.7360	353.80	83.26	334.60
2026-06-15T22:17:02.0863903+08:00	0x03	-0.0204	-0.0223	0.1573	0.9871	18.15	357.11	358.10
2026-06-15T22:17:02.2527513+08:00	0x09	0.2690	-0.4296	-0.2865	-0.8130	18.75	48.24	316.88
2026-06-15T22:17:02.3215589+08:00	0x04	-0.0134	-0.0335	-0.0047	0.9993	359.51	356.17	358.45
2026-06-15T22:17:02.5374305+08:00	0x02	-0.0126	0.0135	0.6732	0.7392	84.64	0.17	357.89
2026-06-15T22:17:02.6121536+08:00	0x07	-0.6449	-0.0266	0.7626	0.0425	174.32	279.60	359.18
2026-06-15T22:17:02.6121536+08:00	0x06	-0.2000	0.6387	0.1038	0.7358	353.48	83.38	334.73
2026-06-15T22:17:02.8222604+08:00	0x09	0.3089	-0.4435	-0.3008	-0.7858	17.55	50.88	311.22
2026-06-15T22:17:02.8416328+08:00	0x08	-0.2851	0.3915	0.5202	0.7035	59.79	25.58	306.06
2026-06-15T22:17:03.1120014+08:00	0x01	-0.0122	-0.0267	0.1984	0.9797	22.92	356.72	359.24
2026-06-15T22:17:03.1559051+08:00	0x06	-0.2128	0.6390	0.1109	0.7308	352.93	84.03	333.08
2026-06-15T22:17:03.2203152+08:00	0x03	-0.0204	-0.0223	0.1573	0.9871	18.15	357.11	358.10
2026-06-15T22:17:03.3701418+08:00	0x09	0.3077	-0.4431	-0.3004	-0.7866	17.60	50.79	311.39
2026-06-15T22:17:03.5210560+08:00	0x04	-0.0134	-0.0335	-0.0047	0.9993	359.51	356.17	358.45
2026-06-15T22:17:03.6872608+08:00	0x07	-0.6523	-0.0480	0.7562	0.0173	174.90	278.31	2.87
2026-06-15T22:17:03.7468889+08:00	0x06	-0.2263	0.6429	0.1243	0.7212	352.66	85.33	330.91
2026-06-15T22:17:03.8074053+08:00	0x03	-0.0204	-0.0223	0.1573	0.9871	18.15	357.11	358.10
2026-06-15T22:17:03.9189876+08:00	0x08	-0.3497	0.3571	0.5900	0.6340	83.24	4.59	300.13
2026-06-15T22:17:04.0216259+08:00	0x04	-0.0133	-0.0335	-0.0047	0.9993	359.51	356.17	358.45
2026-06-15T22:17:04.1858218+08:00	0x02	-0.0126	0.0135	0.6732	0.7392	84.64	0.17	357.89
2026-06-15T22:17:04.2194761+08:00	0x01	-0.0122	-0.0267	0.1984	0.9797	22.92	356.72	359.23
2026-06-15T22:17:04.3531838+08:00	0x03	-0.0204	-0.0223	0.1573	0.9871	18.15	357.11	358.10
2026-06-15T22:17:04.4440229+08:00	0x09	0.4102	-0.7329	-0.1551	-0.5201	324.43	122.89	319.15
2026-06-15T22:17:04.6935344+08:00	0x04	-0.0134	-0.0335	-0.0047	0.9993	359.51	356.17	358.45
2026-06-15T22:17:04.7369043+08:00	0x02	-0.0126	0.0135	0.6732	0.7392	84.64	0.17	357.89
2026-06-15T22:17:04.7694029+08:00	0x01	-0.0123	-0.0267	0.1984	0.9797	22.92	356.72	359.23
2026-06-15T22:17:04.8162613+08:00	0x06	-0.2178	0.6423	0.1208	0.7249	353.19	84.79	331.90
2026-06-15T22:17:04.8899116+08:00	0x03	-0.0204	-0.0223	0.1573	0.9871	18.15	357.11	358.10
2026-06-15T22:17:05.0398454+08:00	0x09	0.2905	-0.7921	-0.0612	-0.5334	334.38	117.62	335.99
2026-06-15T22:17:05.3095795+08:00	0x02	-0.0126	0.0135	0.6732	0.7392	84.64	0.17	357.89
2026-06-15T22:17:05.3345168+08:00	0x01	-0.0122	-0.0267	0.1984	0.9797	22.92	356.72	359.23
2026-06-15T22:17:05.3698226+08:00	0x03	-0.0204	-0.0223	0.1573	0.9871	18.15	357.11	358.10
2026-06-15T22:17:05.5801550+08:00	0x09	0.2417	-0.7963	-0.0497	-0.5523	339.40	114.23	339.75
2026-06-15T22:17:05.6030928+08:00	0x08	-0.2034	0.7661	0.1907	0.5791	353.86	107.59	328.15
2026-06-15T22:17:05.6220462+08:00	0x04	-0.0133	-0.0335	-0.0047	0.9993	359.51	356.17	358.45
2026-06-15T22:17:05.8394995+08:00	0x07	-0.6432	-0.0502	0.7641	-0.0003	176.31	279.68	4.42
2026-06-15T22:17:05.9029864+08:00	0x03	-0.0204	-0.0223	0.1573	0.9871	18.15	357.11	358.10
2026-06-15T22:17:05.9482398+08:00	0x02	-0.0126	0.0135	0.6732	0.7392	84.64	0.17	357.89
2026-06-15T22:17:06.1030424+08:00	0x09	0.2160	-0.8062	-0.0320	-0.5499	340.91	114.25	343.19
2026-06-15T22:17:06.1866405+08:00	0x04	-0.0133	-0.0335	-0.0047	0.9993	359.51	356.17	358.45
2026-06-15T22:17:06.2205093+08:00	0x08	-0.0953	0.7837	0.1204	0.6018	359.73	105.00	342.33
2026-06-15T22:17:06.3690500+08:00	0x07	-0.6421	-0.0483	0.7651	-0.0034	176.74	279.87	4.49
2026-06-15T22:17:06.4077242+08:00	0x02	-0.0126	0.0135	0.6732	0.7392	84.64	0.17	357.89
2026-06-15T22:17:06.4367532+08:00	0x01	-0.0122	-0.0267	0.1984	0.9797	22.92	356.72	359.23
2026-06-15T22:17:06.4720532+08:00	0x03	-0.0204	-0.0223	0.1573	0.9871	18.15	357.11	358.10
2026-06-15T22:17:06.6708393+08:00	0x09	0.2018	-0.8104	-0.0232	-0.5496	341.80	114.13	344.97
2026-06-15T22:17:06.7694738+08:00	0x08	-0.0007	0.7909	0.0485	0.6100	3.34	104.59	355.55
2026-06-15T22:17:06.9060325+08:00	0x02	-0.0126	0.0135	0.6732	0.7392	84.64	0.17	357.89
2026-06-15T22:17:06.9310070+08:00	0x07	-0.6425	-0.0467	0.7649	-0.0016	176.69	279.82	4.21
2026-06-15T22:17:06.9695389+08:00	0x06	-0.2088	0.6391	0.1223	0.7300	354.28	83.81	332.53
2026-06-15T22:17:07.0331094+08:00	0x03	-0.0204	-0.0223	0.1573	0.9871	18.15	357.11	358.10
2026-06-15T22:17:07.1743992+08:00	0x09	0.1970	-0.8120	-0.0201	-0.5491	342.09	114.15	345.59
2026-06-15T22:17:07.2560014+08:00	0x08	0.0555	0.7888	0.0043	0.6121	5.34	104.54	3.51
2026-06-15T22:17:07.4396413+08:00	0x07	-0.6430	-0.0500	0.7642	-0.0029	176.56	279.71	4.60
2026-06-15T22:17:07.4728623+08:00	0x03	-0.0204	-0.0223	0.1573	0.9871	18.15	357.11	358.10
2026-06-15T22:17:07.6750854+08:00	0x09	0.1911	-0.8140	-0.0162	-0.5482	342.43	114.20	346.35
2026-06-15T22:17:07.7572402+08:00	0x08	0.0538	0.7889	0.0056	0.6121	5.28	104.54	3.27
2026-06-15T22:17:07.9710877+08:00	0x07	-0.6433	-0.0496	0.7640	-0.0041	176.69	279.67	4.65
2026-06-15T22:17:08.0032243+08:00	0x02	-0.0126	0.0135	0.6732	0.7392	84.64	0.17	357.89
2026-06-15T22:17:08.1231339+08:00	0x06	-0.2078	0.6394	0.1221	0.7301	354.35	83.79	332.64
2026-06-15T22:17:08.1706342+08:00	0x03	-0.0204	-0.0223	0.1573	0.9871	18.15	357.11	358.10
2026-06-15T22:17:08.2380903+08:00	0x09	0.1833	-0.8163	-0.0105	-0.5477	342.85	114.19	347.42
2026-06-15T22:17:08.3579498+08:00	0x08	0.1025	0.7843	-0.0321	0.6110	7.09	104.78	10.12
2026-06-15T22:17:08.4008773+08:00	0x04	-0.0134	-0.0335	-0.0047	0.9993	359.51	356.17	358.45
2026-06-15T22:17:08.5350550+08:00	0x01	-0.0122	-0.0267	0.1984	0.9797	22.92	356.72	359.24
2026-06-15T22:17:08.6375592+08:00	0x06	-0.2068	0.6394	0.1227	0.7303	354.49	83.75	332.68
2026-06-15T22:17:08.8030261+08:00	0x09	0.1766	-0.8184	-0.0057	-0.5468	343.22	114.23	348.32
2026-06-15T22:17:08.8406131+08:00	0x04	-0.0134	-0.0335	-0.0047	0.9993	359.51	356.17	358.45
2026-06-15T22:17:08.9004753+08:00	0x08	0.1420	0.7785	-0.0611	0.6083	8.76	105.20	15.54
2026-06-15T22:17:09.0605567+08:00	0x07	-0.6437	-0.0479	0.7637	-0.0056	176.95	279.63	4.61
2026-06-15T22:17:09.1253895+08:00	0x02	-0.0126	0.0135	0.6732	0.7392	84.64	0.17	357.89
2026-06-15T22:17:09.1725684+08:00	0x03	-0.0204	-0.0223	0.1573	0.9871	18.15	357.11	358.10
2026-06-15T22:17:09.2234809+08:00	0x07	-0.6437	-0.0476	0.7638	-0.0052	176.93	279.63	4.55
2026-06-15T22:17:09.2374410+08:00	0x09	0.1744	-0.8195	-0.0042	-0.5459	343.33	114.33	348.62
2026-06-15T22:17:09.4545141+08:00	0x08	0.1647	0.7720	-0.0808	0.6086	9.50	105.10	18.98
2026-06-15T22:17:09.4905528+08:00	0x04	-0.0134	-0.0335	-0.0047	0.9993	359.51	356.17	358.45
2026-06-15T22:17:09.6203046+08:00	0x01	-0.0123	-0.0266	0.1984	0.9797	22.92	356.73	359.23
2026-06-15T22:17:09.6661099+08:00	0x02	-0.0126	0.0135	0.6732	0.7392	84.64	0.17	357.89
2026-06-15T22:17:09.7651604+08:00	0x07	-0.6497	-0.0381	0.7592	0.0099	176.30	278.81	2.58
2026-06-15T22:17:09.7858321+08:00	0x09	0.1737	-0.8249	-0.0019	-0.5379	343.15	115.41	349.05
2026-06-15T22:17:09.9258716+08:00	0x04	-0.0133	-0.0334	-0.0047	0.9993	359.51	356.17	358.45
2026-06-15T22:17:10.0040841+08:00	0x08	0.1118	0.7898	-0.0790	0.5978	4.88	106.40	14.98
2026-06-15T22:17:10.1843698+08:00	0x01	-0.0123	-0.0267	0.1983	0.9797	22.91	356.72	359.23
2026-06-15T22:17:10.2972436+08:00	0x07	-0.6579	-0.0340	0.7513	0.0391	174.06	277.59	359.98
2026-06-15T22:17:10.3202970+08:00	0x09	0.1566	-0.8751	0.0374	-0.4564	341.99	125.62	355.56
2026-06-15T22:17:10.3380318+08:00	0x06	-0.2359	0.6506	0.1202	0.7118	351.02	87.23	330.52
2026-06-15T22:17:10.5329180+08:00	0x08	0.0728	0.7707	-0.0354	0.6321	3.91	101.57	8.42
2026-06-15T22:17:10.5731371+08:00	0x04	-0.0133	-0.0334	-0.0047	0.9993	359.51	356.17	358.45
2026-06-15T22:17:10.7575404+08:00	0x02	-0.0126	0.0135	0.6732	0.7392	84.64	0.17	357.89
2026-06-15T22:17:10.7879639+08:00	0x06	-0.2314	0.6565	0.1165	0.7085	350.90	87.97	331.26
2026-06-15T22:17:10.8369734+08:00	0x07	-0.6589	-0.0359	0.7507	0.0327	174.47	277.42	0.62
2026-06-15T22:17:10.8745322+08:00	0x09	0.1677	-0.9176	0.0469	-0.3573	340.03	137.79	358.07
2026-06-15T22:17:10.9290344+08:00	0x01	-0.0123	-0.0267	0.1983	0.9797	22.91	356.72	359.23
2026-06-15T22:17:11.0178657+08:00	0x04	-0.0133	-0.0334	-0.0047	0.9993	359.51	356.17	358.45
2026-06-15T22:17:11.0915781+08:00	0x08	0.1339	0.7853	-0.0517	0.6022	8.78	106.11	14.03
2026-06-15T22:17:11.1755610+08:00	0x01	-0.0123	-0.0267	0.1983	0.9797	22.91	356.72	359.23
2026-06-15T22:17:11.3412180+08:00	0x02	-0.0126	0.0135	0.6732	0.7392	84.64	0.17	357.89
2026-06-15T22:17:11.3772018+08:00	0x07	-0.6682	-0.0534	0.7420	-0.0022	176.08	275.83	4.71
2026-06-15T22:17:11.4241056+08:00	0x09	0.1982	-0.9085	0.0422	-0.3654	336.93	136.98	356.09
2026-06-15T22:17:11.5957460+08:00	0x04	-0.0133	-0.0334	-0.0047	0.9993	359.51	356.17	358.45
2026-06-15T22:17:11.6384284+08:00	0x08	0.1505	0.7836	-0.0476	0.6008	10.65	106.43	14.80
2026-06-15T22:17:11.6967763+08:00	0x01	-0.0123	-0.0268	0.1983	0.9797	22.91	356.71	359.23
2026-06-15T22:17:11.8663224+08:00	0x02	-0.0126	0.0135	0.6732	0.7392	84.64	0.17	357.89
2026-06-15T22:17:11.9055113+08:00	0x06	-0.1724	0.6342	0.0788	0.7496	353.82	81.61	339.00
2026-06-15T22:17:11.9584269+08:00	0x07	-0.6662	-0.0757	0.7412	-0.0329	176.98	275.87	8.97
2026-06-15T22:17:11.9883539+08:00	0x09	0.1759	-0.9126	0.0411	-0.3668	339.40	136.76	356.90
2026-06-15T22:17:12.1540422+08:00	0x04	-0.0133	-0.0334	-0.0047	0.9993	359.51	356.17	358.45
2026-06-15T22:17:12.2696838+08:00	0x01	-0.0122	-0.0268	0.1983	0.9797	22.91	356.71	359.24
2026-06-15T22:17:12.4225156+08:00	0x02	-0.0126	0.0135	0.6732	0.7392	84.64	0.17	357.89
2026-06-15T22:17:12.4553846+08:00	0x03	-0.0204	-0.0223	0.1573	0.9871	18.15	357.11	358.09
2026-06-15T22:17:12.4919140+08:00	0x09	0.1629	-0.9075	0.0513	-0.3837	340.41	134.48	358.17
2026-06-15T22:17:12.6879246+08:00	0x04	-0.0134	-0.0334	-0.0047	0.9993	359.51	356.17	358.45
2026-06-15T22:17:12.7218451+08:00	0x08	0.2003	0.7698	-0.1175	0.5945	10.70	107.00	24.77
2026-06-15T22:17:12.7385222+08:00	0x01	-0.0122	-0.0268	0.1983	0.9797	22.91	356.71	359.24
2026-06-15T22:17:12.8909350+08:00	0x02	-0.0126	0.0135	0.6732	0.7392	84.64	0.17	357.89
2026-06-15T22:17:12.9643702+08:00	0x06	-0.2199	0.6506	0.1256	0.7159	353.06	86.30	331.42
2026-06-15T22:17:12.9882357+08:00	0x03	-0.0204	-0.0223	0.1573	0.9871	18.15	357.11	358.09
2026-06-15T22:17:13.0550824+08:00	0x07	-0.6478	-0.1109	0.7505	-0.0695	177.66	278.10	14.86
2026-06-15T22:17:13.2214145+08:00	0x02	-0.0126	0.0135	0.6732	0.7392	84.64	0.17	357.89
2026-06-15T22:17:13.3716897+08:00	0x01	-0.0122	-0.0268	0.1983	0.9797	22.91	356.72	359.24
2026-06-15T22:17:13.5378204+08:00	0x06	-0.2227	0.6501	0.1277	0.7152	352.99	86.36	331.02
2026-06-15T22:17:13.6217944+08:00	0x09	0.1684	-0.9064	0.0369	-0.3857	340.46	134.52	356.38
2026-06-15T22:17:13.7215345+08:00	0x02	-0.0126	0.0135	0.6732	0.7392	84.64	0.17	357.89
2026-06-15T22:17:13.8282912+08:00	0x01	-0.0122	-0.0267	0.1983	0.9797	22.91	356.72	359.24
2026-06-15T22:17:13.9257969+08:00	0x04	-0.0134	-0.0334	-0.0047	0.9993	359.51	356.17	358.45
2026-06-15T22:17:14.0552155+08:00	0x06	-0.2258	0.6498	0.1267	0.7147	352.62	86.47	330.83
2026-06-15T22:17:14.1208876+08:00	0x07	-0.6433	-0.1398	0.7466	-0.0962	177.80	278.12	19.42
2026-06-15T22:17:14.2814563+08:00	0x03	-0.0204	-0.0223	0.1573	0.9871	18.15	357.11	358.10
2026-06-15T22:17:14.3091122+08:00	0x02	-0.0126	0.0135	0.6732	0.7392	84.64	0.17	357.89
2026-06-15T22:17:14.4548211+08:00	0x01	-0.0122	-0.0267	0.1983	0.9797	22.91	356.72	359.24
2026-06-15T22:17:14.6267206+08:00	0x06	-0.2030	0.6488	0.1141	0.7245	353.72	85.16	333.76
2026-06-15T22:17:14.6576350+08:00	0x07	-0.6341	-0.1351	0.7564	-0.0872	177.62	279.67	18.35
2026-06-15T22:17:14.6901590+08:00	0x09	0.0959	-0.8818	0.0897	-0.4530	345.46	125.10	4.09
2026-06-15T22:17:14.7498361+08:00	0x02	-0.0126	0.0135	0.6732	0.7392	84.64	0.17	357.89
2026-06-15T22:17:14.8394627+08:00	0x08	0.1111	0.6288	-0.0707	0.7663	1.87	78.99	15.02
2026-06-15T22:17:14.8878870+08:00	0x03	-0.0204	-0.0223	0.1573	0.9871	18.15	357.11	358.10
2026-06-15T22:17:15.0426679+08:00	0x01	-0.0122	-0.0267	0.1983	0.9797	22.91	356.72	359.23
2026-06-15T22:17:15.2097482+08:00	0x06	-0.2375	0.6401	0.1707	0.7105	355.76	85.32	326.22
2026-06-15T22:17:15.2439550+08:00	0x09	0.1159	-0.7308	-0.0013	-0.6727	350.22	95.53	350.92
2026-06-15T22:17:15.3718776+08:00	0x08	0.0580	0.7322	0.0394	0.6775	7.96	94.53	1.20
2026-06-15T22:17:15.4085924+08:00	0x02	-0.0126	0.0135	0.6732	0.7392	84.64	0.17	357.89
2026-06-15T22:17:15.4407106+08:00	0x03	-0.0204	-0.0223	0.1573	0.9871	18.15	357.11	358.10
2026-06-15T22:17:15.5102915+08:00	0x01	-0.0122	-0.0267	0.1983	0.9797	22.91	356.72	359.23
2026-06-15T22:17:15.7214938+08:00	0x06	-0.2403	0.6366	0.1887	0.7080	357.27	84.79	324.51
2026-06-15T22:17:15.7652482+08:00	0x09	0.0574	-0.7338	0.0385	-0.6758	352.16	94.79	358.79
2026-06-15T22:17:15.8395601+08:00	0x02	-0.0126	0.0135	0.6732	0.7392	84.64	0.17	357.89
2026-06-15T22:17:15.8927762+08:00	0x04	-0.0134	-0.0335	-0.0047	0.9993	359.51	356.17	358.45
2026-06-15T22:17:15.9390865+08:00	0x08	0.0438	0.7285	0.0570	0.6813	8.14	93.74	358.66
2026-06-15T22:17:15.9593580+08:00	0x03	-0.0204	-0.0223	0.1573	0.9871	18.15	357.11	358.10
2026-06-15T22:17:16.2844605+08:00	0x06	-0.2302	0.6307	0.1643	0.7226	356.40	83.28	327.32
2026-06-15T22:17:16.3050089+08:00	0x09	0.0175	-0.7415	0.0734	-0.6667	352.86	95.78	4.91
2026-06-15T22:17:16.3523372+08:00	0x01	-0.0122	-0.0267	0.1983	0.9797	22.91	356.73	359.23
2026-06-15T22:17:16.4262225+08:00	0x04	-0.0134	-0.0334	-0.0047	0.9993	359.51	356.17	358.45
2026-06-15T22:17:16.4888212+08:00	0x03	-0.0204	-0.0223	0.1573	0.9871	18.15	357.11	358.10
2026-06-15T22:17:16.6092561+08:00	0x01	-0.0122	-0.0268	0.1983	0.9797	22.91	356.72	359.24
2026-06-15T22:17:16.6731877+08:00	0x08	-0.0089	0.5856	0.1017	0.8041	8.89	71.53	352.33
2026-06-15T22:17:16.8324248+08:00	0x06	-0.2190	0.6378	0.1374	0.7255	354.72	84.03	330.46
2026-06-15T22:17:16.8590318+08:00	0x09	-0.0265	-0.8259	0.1442	-0.5445	353.25	112.29	15.49
2026-06-15T22:17:16.9472285+08:00	0x04	-0.0134	-0.0334	-0.0047	0.9993	359.51	356.17	358.45
2026-06-15T22:17:17.0421137+08:00	0x08	-0.0073	0.5903	0.1004	0.8009	8.83	72.20	352.52
2026-06-15T22:17:17.2396118+08:00	0x01	-0.0122	-0.0268	0.1983	0.9797	22.91	356.72	359.24
2026-06-15T22:17:17.3720575+08:00	0x09	-0.0251	-0.8237	0.1421	-0.5484	353.19	111.78	15.17
2026-06-15T22:17:17.4600642+08:00	0x07	-0.5919	-0.1690	0.7727	-0.1549	182.52	285.69	26.40
2026-06-15T22:17:17.5729850+08:00	0x06	-0.2221	0.6335	0.1415	0.7275	354.99	83.45	329.84
2026-06-15T22:17:17.5925353+08:00	0x02	-0.0126	0.0135	0.6732	0.7392	84.64	0.17	357.89
2026-06-15T22:17:17.6419303+08:00	0x03	-0.0204	-0.0223	0.1573	0.9871	18.15	357.11	358.09
2026-06-15T22:17:17.6957907+08:00	0x01	-0.0122	-0.0267	0.1983	0.9797	22.91	356.72	359.24
2026-06-15T22:17:17.8564347+08:00	0x06	-0.2253	0.6357	0.1489	0.7232	355.25	83.95	328.99
2026-06-15T22:17:17.9151609+08:00	0x09	-0.2204	-0.6836	0.2382	-0.6537	359.26	92.31	37.87
2026-06-15T22:17:18.0090796+08:00	0x07	-0.5928	-0.1733	0.7683	-0.1682	183.44	285.54	27.75
2026-06-15T22:17:18.0474604+08:00	0x04	-0.0134	-0.0334	-0.0047	0.9993	359.51	356.17	358.45
2026-06-15T22:17:18.1227885+08:00	0x08	0.0873	0.5750	0.2072	0.7867	25.37	71.02	354.21
2026-06-15T22:17:18.2067503+08:00	0x03	-0.0204	-0.0223	0.1573	0.9871	18.15	357.11	358.09
2026-06-15T22:17:18.2565831+08:00	0x01	-0.0122	-0.0268	0.1983	0.9797	22.91	356.72	359.24
2026-06-15T22:17:18.3753677+08:00	0x06	-0.2073	0.6440	0.1300	0.7249	354.91	84.50	332.10
2026-06-15T22:17:18.4729729+08:00	0x09	-0.3191	-0.6463	0.2328	-0.6529	8.96	93.21	45.86
2026-06-15T22:17:18.5546346+08:00	0x07	-0.6050	-0.1969	0.7471	-0.1924	183.32	282.94	31.80
2026-06-15T22:17:18.6452850+08:00	0x04	-0.0134	-0.0334	-0.0047	0.9993	359.51	356.17	358.45
2026-06-15T22:17:18.7438021+08:00	0x03	-0.0204	-0.0223	0.1573	0.9871	18.15	357.11	358.10
2026-06-15T22:17:18.8893905+08:00	0x01	-0.0122	-0.0267	0.1983	0.9797	22.91	356.72	359.24
2026-06-15T22:17:18.9882089+08:00	0x09	-0.3255	-0.6033	0.2275	-0.6916	6.51	85.00	46.44
2026-06-15T22:17:19.0736880+08:00	0x07	-0.5721	-0.2348	0.7540	-0.2217	184.74	287.23	37.42
2026-06-15T22:17:19.1235947+08:00	0x02	-0.0126	0.0135	0.6732	0.7392	84.64	0.17	357.89
2026-06-15T22:17:19.1965743+08:00	0x04	-0.0134	-0.0334	-0.0047	0.9993	359.51	356.17	358.45
2026-06-15T22:17:19.4693922+08:00	0x01	-0.0122	-0.0268	0.1983	0.9797	22.91	356.72	359.24
2026-06-15T22:17:19.5227970+08:00	0x03	-0.0204	-0.0223	0.1573	0.9871	18.15	357.11	358.10
2026-06-15T22:17:19.5432865+08:00	0x09	-0.3528	-0.5715	0.2642	-0.6921	3.52	80.82	52.22
2026-06-15T22:17:19.6586259+08:00	0x06	-0.2204	0.6439	0.1515	0.7169	355.56	85.08	329.27
2026-06-15T22:17:19.7896173+08:00	0x08	0.2013	0.5297	0.0812	0.8199	20.93	68.35	14.13
2026-06-15T22:17:19.8222869+08:00	0x07	-0.5725	-0.2304	0.7544	-0.2236	185.29	287.39	37.13
2026-06-15T22:17:19.8594178+08:00	0x01	-0.0122	-0.0268	0.1983	0.9797	22.91	356.72	359.24
2026-06-15T22:17:20.0423687+08:00	0x06	-0.1983	0.6503	0.1318	0.7214	355.62	85.12	332.77
2026-06-15T22:17:20.0636583+08:00	0x09	-0.3603	-0.5605	0.2799	-0.6912	1.67	78.93	54.27
2026-06-15T22:17:20.1403822+08:00	0x07	-0.5744	-0.2209	0.7574	-0.2183	185.44	287.40	35.83
2026-06-15T22:17:20.1761714+08:00	0x04	-0.0134	-0.0334	-0.0047	0.9993	359.51	356.17	358.45
2026-06-15T22:17:20.2579747+08:00	0x02	-0.0126	0.0135	0.6732	0.7392	84.64	0.17	357.89
2026-06-15T22:17:20.3503058+08:00	0x03	-0.0204	-0.0223	0.1573	0.9871	18.15	357.11	358.10
2026-06-15T22:17:20.4404015+08:00	0x08	0.2232	0.5241	0.0533	0.8202	19.76	68.33	18.07
2026-06-15T22:17:20.4573547+08:00	0x01	-0.0122	-0.0268	0.1983	0.9797	22.91	356.72	359.24
2026-06-15T22:17:20.5248247+08:00	0x06	-0.1950	0.6502	0.1294	0.7229	355.74	84.95	333.25
2026-06-15T22:17:20.5906980+08:00	0x09	-0.3640	-0.5524	0.2907	-0.6913	0.02	77.27	55.53
2026-06-15T22:17:20.7599715+08:00	0x07	-0.5709	-0.2193	0.7601	-0.2196	185.90	288.08	35.73
2026-06-15T22:17:20.8004078+08:00	0x02	-0.0126	0.0135	0.6732	0.7392	84.64	0.17	357.89
2026-06-15T22:17:20.8911087+08:00	0x03	-0.0204	-0.0223	0.1573	0.9871	18.15	357.11	358.10
2026-06-15T22:17:21.0173270+08:00	0x01	-0.0122	-0.0268	0.1983	0.9797	22.91	356.71	359.24
2026-06-15T22:17:21.1396183+08:00	0x06	-0.1925	0.6508	0.1272	0.7234	355.74	84.95	333.63
2026-06-15T22:17:21.1900040+08:00	0x09	-0.3743	-0.5472	0.3005	-0.6857	359.75	77.05	57.37
2026-06-15T22:17:21.2939180+08:00	0x07	-0.5721	-0.2165	0.7610	-0.2160	185.70	287.94	35.22
2026-06-15T22:17:21.4285201+08:00	0x03	-0.0204	-0.0223	0.1573	0.9871	18.15	357.11	358.09
2026-06-15T22:17:21.5931623+08:00	0x06	-0.1943	0.6499	0.1277	0.7236	355.65	84.88	333.44
2026-06-15T22:17:21.7109289+08:00	0x01	-0.0122	-0.0267	0.1983	0.9797	22.91	356.72	359.24
2026-06-15T22:17:21.7223595+08:00	0x09	-0.3769	-0.5437	0.3054	-0.6849	359.07	76.37	58.03
2026-06-15T22:17:21.8280053+08:00	0x07	-0.5727	-0.2144	0.7614	-0.2153	185.76	287.92	34.96
2026-06-15T22:17:21.9390028+08:00	0x04	-0.0134	-0.0334	-0.0047	0.9993	359.51	356.17	358.45
2026-06-15T22:17:21.9611066+08:00	0x03	-0.0204	-0.0223	0.1573	0.9871	18.15	357.11	358.10
2026-06-15T22:17:22.1391628+08:00	0x01	-0.0122	-0.0268	0.1983	0.9797	22.91	356.72	359.24
2026-06-15T22:17:22.3300401+08:00	0x09	-0.3816	-0.5413	0.3104	-0.6819	358.86	76.24	58.93
2026-06-15T22:17:22.3569268+08:00	0x08	0.2426	0.5175	0.0231	0.8203	18.15	68.05	21.96
2026-06-15T22:17:22.4572907+08:00	0x03	-0.0204	-0.0223	0.1573	0.9871	18.15	357.11	358.09
2026-06-15T22:17:22.4940590+08:00	0x04	-0.0134	-0.0335	-0.0047	0.9993	359.51	356.17	358.45
2026-06-15T22:17:22.6374128+08:00	0x02	-0.0126	0.0135	0.6732	0.7392	84.64	0.17	357.89
2026-06-15T22:17:22.6925007+08:00	0x01	-0.0122	-0.0267	0.1983	0.9797	22.91	356.72	359.24
2026-06-15T22:17:22.7936303+08:00	0x06	-0.1983	0.6478	0.1310	0.7238	355.65	84.71	332.82
2026-06-15T22:17:22.9111450+08:00	0x09	-0.3866	-0.5400	0.3132	-0.6789	359.12	76.49	59.67
2026-06-15T22:17:23.0072639+08:00	0x04	-0.0134	-0.0334	-0.0047	0.9993	359.51	356.17	358.45
2026-06-15T22:17:23.0679750+08:00	0x03	-0.0204	-0.0223	0.1573	0.9871	18.15	357.11	358.09
2026-06-15T22:17:23.2243484+08:00	0x01	-0.0122	-0.0267	0.1983	0.9797	22.91	356.72	359.24
2026-06-15T22:17:23.3650555+08:00	0x06	-0.2029	0.6476	0.1369	0.7216	355.77	84.87	331.95
2026-06-15T22:17:23.4609531+08:00	0x09	-0.3872	-0.5390	0.3151	-0.6784	358.85	76.27	59.89
2026-06-15T22:17:23.6133181+08:00	0x08	0.2402	0.5162	0.0225	0.8218	17.87	67.74	21.81
2026-06-15T22:17:23.6900227+08:00	0x02	-0.0126	0.0135	0.6732	0.7392	84.64	0.17	357.89
2026-06-15T22:17:23.7743395+08:00	0x01	-0.0122	-0.0267	0.1983	0.9797	22.91	356.72	359.24
2026-06-15T22:17:23.8991183+08:00	0x06	-0.2215	0.6354	0.1537	0.7236	356.05	83.67	328.94
2026-06-15T22:17:23.9753786+08:00	0x09	-0.4205	-0.5689	0.2948	-0.6423	11.93	90.13	61.12
2026-06-15T22:17:24.0070952+08:00	0x07	-0.5635	-0.2404	0.7505	-0.2478	187.56	288.95	39.80
2026-06-15T22:17:24.0914444+08:00	0x03	-0.0204	-0.0223	0.1573	0.9871	18.15	357.11	358.09
2026-06-15T22:17:24.1693151+08:00	0x02	-0.0126	0.0135	0.6732	0.7392	84.64	0.17	357.89
2026-06-15T22:17:24.2910505+08:00	0x01	-0.0122	-0.0267	0.1983	0.9797	22.91	356.72	359.24
2026-06-15T22:17:24.4602816+08:00	0x06	-0.2289	0.6400	0.1635	0.7150	355.98	84.83	327.55
2026-06-15T22:17:24.5082497+08:00	0x09	-0.3908	-0.6010	0.2433	-0.6533	14.77	92.69	53.43
2026-06-15T22:17:24.5614059+08:00	0x07	-0.5413	-0.3041	0.7196	-0.3109	190.77	291.22	50.74
2026-06-15T22:17:24.6108193+08:00	0x03	-0.0204	-0.0223	0.1573	0.9871	18.15	357.11	358.10
2026-06-15T22:17:24.7775576+08:00	0x02	-0.0126	0.0135	0.6732	0.7392	84.64	0.17	357.89
2026-06-15T22:17:24.8778586+08:00	0x01	-0.0122	-0.0267	0.1983	0.9797	22.91	356.72	359.24
2026-06-15T22:17:24.9459046+08:00	0x06	-0.2158	0.6459	0.1488	0.7170	355.66	85.20	329.89
2026-06-15T22:17:25.0578391+08:00	0x09	-0.3989	-0.5943	0.2542	-0.6505	14.55	92.46	55.19
2026-06-15T22:17:25.1569894+08:00	0x07	-0.5526	-0.2920	0.7256	-0.2879	188.16	289.04	47.90
2026-06-15T22:17:25.2742294+08:00	0x02	-0.0126	0.0135	0.6732	0.7392	84.64	0.17	357.89
2026-06-15T22:17:25.4369725+08:00	0x01	-0.0122	-0.0267	0.1983	0.9797	22.91	356.72	359.24
2026-06-15T22:17:25.5548444+08:00	0x06	-0.2184	0.6415	0.1563	0.7185	356.28	84.55	329.05
2026-06-15T22:17:25.6341767+08:00	0x08	0.2414	0.5013	0.0025	0.8309	15.57	65.46	23.49
2026-06-15T22:17:25.6949452+08:00	0x07	-0.5624	-0.2491	0.7485	-0.2477	186.86	288.71	40.66
2026-06-15T22:17:25.7431490+08:00	0x03	-0.0204	-0.0223	0.1573	0.9871	18.15	357.11	358.10
2026-06-15T22:17:25.8733283+08:00	0x02	-0.0126	0.0135	0.6732	0.7392	84.64	0.17	357.89
2026-06-15T22:17:26.0580236+08:00	0x01	-0.0122	-0.0268	0.1983	0.9797	22.91	356.72	359.24
2026-06-15T22:17:26.1740042+08:00	0x09	-0.4769	-0.5692	0.3303	-0.5826	25.79	106.45	68.71
2026-06-15T22:17:26.1935530+08:00	0x08	0.2251	0.4492	-0.1408	0.8531	357.46	54.84	30.70
2026-06-15T22:17:26.2345913+08:00	0x07	-0.5676	-0.2322	0.7569	-0.2256	185.63	288.18	37.42
2026-06-15T22:17:26.2592887+08:00	0x04	-0.0134	-0.0334	-0.0047	0.9993	359.51	356.17	358.45
2026-06-15T22:17:26.3114352+08:00	0x02	-0.0126	0.0135	0.6732	0.7392	84.64	0.17	357.89
2026-06-15T22:17:26.3494619+08:00	0x03	-0.0204	-0.0223	0.1573	0.9871	18.15	357.11	358.10
2026-06-15T22:17:26.5777397+08:00	0x01	-0.0122	-0.0268	0.1983	0.9797	22.91	356.72	359.24
2026-06-15T22:17:26.6446328+08:00	0x06	-0.1632	0.6543	0.0783	0.7343	353.98	84.47	340.00
2026-06-15T22:17:26.6745336+08:00	0x08	0.1203	0.4489	-0.2300	0.8550	341.76	51.44	24.34
2026-06-15T22:17:26.7449457+08:00	0x07	-0.5864	-0.2180	0.7561	-0.1921	182.40	285.14	33.70
2026-06-15T22:17:26.8412526+08:00	0x03	-0.0204	-0.0223	0.1573	0.9871	18.15	357.11	358.10
2026-06-15T22:17:26.8615457+08:00	0x02	-0.0126	0.0135	0.6732	0.7392	84.64	0.17	357.89
2026-06-15T22:17:27.0584670+08:00	0x01	-0.0122	-0.0267	0.1983	0.9797	22.91	356.72	359.24
2026-06-15T22:17:27.1915028+08:00	0x08	0.1235	0.4491	-0.2273	0.8552	342.21	51.51	24.54
2026-06-15T22:17:27.2080239+08:00	0x09	-0.4746	-0.5701	0.3281	-0.5848	25.23	105.81	68.32
2026-06-15T22:17:27.2879288+08:00	0x07	-0.6040	-0.2225	0.7369	-0.2064	182.49	282.11	35.26
2026-06-15T22:17:27.3624312+08:00	0x03	-0.0204	-0.0223	0.1573	0.9871	18.15	357.11	358.10
2026-06-15T22:17:27.6243418+08:00	0x01	-0.0122	-0.0267	0.1983	0.9797	22.91	356.72	359.24
2026-06-15T22:17:27.7236936+08:00	0x09	-0.3188	-0.6926	0.5669	-0.3121	29.69	156.47	79.79
2026-06-15T22:17:27.7753089+08:00	0x07	-0.6052	-0.2232	0.7284	-0.2309	184.77	282.16	37.21
2026-06-15T22:17:27.8812293+08:00	0x04	-0.0133	-0.0335	-0.0047	0.9993	359.51	356.17	358.45
2026-06-15T22:17:27.9085867+08:00	0x03	-0.0204	-0.0223	0.1573	0.9871	18.15	357.11	358.09
2026-06-15T22:17:28.2039436+08:00	0x01	-0.0122	-0.0268	0.1983	0.9797	22.91	356.72	359.24
2026-06-15T22:17:28.2616956+08:00	0x08	-0.1529	0.6658	-0.0960	0.7239	339.88	86.16	354.63
2026-06-15T22:17:28.3422992+08:00	0x09	-0.3248	-0.6958	0.5600	-0.3111	32.60	158.89	78.92
2026-06-15T22:17:28.3738829+08:00	0x07	-0.5988	-0.2256	0.7275	-0.2476	186.63	283.41	38.66
2026-06-15T22:17:28.4371563+08:00	0x03	-0.0204	-0.0222	0.1573	0.9871	18.15	357.11	358.09
2026-06-15T22:17:28.7203073+08:00	0x01	-0.0122	-0.0267	0.1983	0.9797	22.91	356.72	359.24
2026-06-15T22:17:28.8411525+08:00	0x08	-0.3885	0.5846	0.2220	0.6768	345.62	88.64	308.24
2026-06-15T22:17:28.9049841+08:00	0x07	-0.5961	-0.2290	0.7261	-0.2551	187.26	283.84	39.55
2026-06-15T22:17:28.9758148+08:00	0x03	-0.0204	-0.0222	0.1573	0.9871	18.15	357.11	358.09
2026-06-15T22:17:29.2913592+08:00	0x01	-0.0121	-0.0267	0.1983	0.9797	22.91	356.72	359.24
2026-06-15T22:17:29.3748489+08:00	0x08	-0.4885	0.5018	0.3382	0.6286	347.51	86.37	287.52
2026-06-15T22:17:29.4586925+08:00	0x07	-0.5972	-0.2265	0.7259	-0.2552	187.43	283.77	39.32
2026-06-15T22:17:29.5174904+08:00	0x06	-0.2126	0.6435	0.1616	0.7174	357.22	84.55	329.13
2026-06-15T22:17:29.5590092+08:00	0x03	-0.0204	-0.0223	0.1573	0.9871	18.15	357.11	358.09
2026-06-15T22:17:29.8306517+08:00	0x01	-0.0122	-0.0268	0.1983	0.9797	22.91	356.72	359.24
2026-06-15T22:17:29.9276148+08:00	0x09	-0.3756	-0.6512	0.6007	-0.2721	91.32	216.61	80.66
2026-06-15T22:17:29.9511234+08:00	0x08	-0.5390	0.4461	0.4008	0.5915	356.06	77.62	275.62
2026-06-15T22:17:29.9751754+08:00	0x04	-0.0133	-0.0335	-0.0047	0.9993	359.51	356.17	358.45
2026-06-15T22:17:30.0781781+08:00	0x02	-0.0126	0.0135	0.6732	0.7392	84.64	0.17	357.89
2026-06-15T22:17:30.2955778+08:00	0x01	-0.0122	-0.0268	0.1983	0.9797	22.91	356.71	359.23
2026-06-15T22:17:30.4590859+08:00	0x06	-0.2084	0.6450	0.1574	0.7182	357.18	84.61	329.84
2026-06-15T22:17:30.5422420+08:00	0x09	-0.3760	-0.6527	0.5988	-0.2721	89.96	215.20	80.51
2026-06-15T22:17:30.6592828+08:00	0x03	-0.0204	-0.0223	0.1573	0.9871	18.15	357.11	358.10
2026-06-15T22:17:30.8614353+08:00	0x01	-0.0122	-0.0268	0.1983	0.9797	22.91	356.71	359.23
2026-06-15T22:17:31.0564464+08:00	0x08	-0.5819	0.3909	0.4541	0.5499	153.56	279.93	275.74
2026-06-15T22:17:31.0773945+08:00	0x04	-0.0133	-0.0335	-0.0047	0.9993	359.51	356.17	358.45
2026-06-15T22:17:31.0773945+08:00	0x09	-0.3589	-0.6685	0.5854	-0.2857	68.58	194.16	81.01
2026-06-15T22:17:31.1752548+08:00	0x03	-0.0204	-0.0223	0.1573	0.9871	18.15	357.11	358.10
2026-06-15T22:17:31.3913063+08:00	0x01	-0.0122	-0.0268	0.1983	0.9797	22.91	356.72	359.24
2026-06-15T22:17:31.5450525+08:00	0x06	-0.2015	0.6529	0.1367	0.7172	355.65	85.70	332.12
2026-06-15T22:17:31.5925961+08:00	0x09	-0.3420	-0.7085	0.3928	-0.4762	13.58	120.36	61.92
2026-06-15T22:17:31.6088664+08:00	0x08	-0.6256	0.3221	0.5156	0.4888	162.20	271.67	289.30
2026-06-15T22:17:31.7285035+08:00	0x07	-0.6150	-0.2136	0.7220	-0.2342	185.40	280.94	36.62
2026-06-15T22:17:31.7878117+08:00	0x03	-0.0204	-0.0223	0.1573	0.9871	18.15	357.11	358.10
2026-06-15T22:17:31.9586721+08:00	0x01	-0.0123	-0.0268	0.1983	0.9797	22.90	356.71	359.23
2026-06-15T22:17:32.1431308+08:00	0x06	-0.2267	0.6477	0.1944	0.7009	358.53	85.94	325.28
2026-06-15T22:17:32.2092005+08:00	0x04	-0.0133	-0.0335	-0.0047	0.9993	359.51	356.17	358.45
2026-06-15T22:17:32.2627554+08:00	0x07	-0.6138	-0.2186	0.7016	-0.2884	190.47	281.60	41.36
2026-06-15T22:17:32.3472538+08:00	0x02	-0.0126	0.0135	0.6732	0.7392	84.64	0.17	357.89
2026-06-15T22:17:32.4604148+08:00	0x03	-0.0204	-0.0223	0.1573	0.9871	18.15	357.11	358.10
2026-06-15T22:17:32.5920788+08:00	0x01	-0.0123	-0.0268	0.1983	0.9797	22.90	356.71	359.23
2026-06-15T22:17:32.6928876+08:00	0x08	-0.5563	0.3303	0.6767	0.3514	168.57	287.37	303.07
2026-06-15T22:17:32.7499664+08:00	0x09	-0.2140	-0.7116	0.3083	-0.5939	355.10	98.33	43.86
2026-06-15T22:17:32.7766354+08:00	0x07	-0.6232	-0.2146	0.6951	-0.2872	190.06	280.01	41.02
2026-06-15T22:17:32.9262082+08:00	0x03	-0.0204	-0.0223	0.1573	0.9871	18.15	357.11	358.10
2026-06-15T22:17:33.0329733+08:00	0x01	-0.0122	-0.0268	0.1983	0.9797	22.90	356.72	359.23
2026-06-15T22:17:33.2419203+08:00	0x04	-0.0133	-0.0335	-0.0047	0.9993	359.51	356.17	358.45
2026-06-15T22:17:33.2839123+08:00	0x08	-0.3042	0.6588	0.3456	0.5949	1.04	95.29	305.18
2026-06-15T22:17:33.3583629+08:00	0x07	-0.6223	-0.2124	0.6979	-0.2839	190.00	280.26	40.53
2026-06-15T22:17:33.4654344+08:00	0x03	-0.0204	-0.0223	0.1573	0.9871	18.15	357.11	358.10
2026-06-15T22:17:33.6289828+08:00	0x01	-0.0122	-0.0267	0.1982	0.9797	22.90	356.72	359.23
2026-06-15T22:17:33.7675401+08:00	0x09	-0.1571	-0.7200	0.2571	-0.6251	353.37	96.01	34.52
2026-06-15T22:17:33.8189417+08:00	0x08	-0.1685	0.7078	0.2231	0.6488	3.45	93.98	327.70
2026-06-15T22:17:33.8979582+08:00	0x07	-0.6222	-0.2118	0.6984	-0.2832	189.98	280.28	40.41
2026-06-15T22:17:33.9295153+08:00	0x02	-0.0126	0.0135	0.6732	0.7392	84.64	0.17	357.89
2026-06-15T22:17:33.9548029+08:00	0x03	-0.0204	-0.0223	0.1573	0.9871	18.15	357.11	358.10
2026-06-15T22:17:33.9757478+08:00	0x04	-0.0133	-0.0335	-0.0047	0.9993	359.51	356.17	358.45
2026-06-15T22:17:34.1609627+08:00	0x01	-0.0122	-0.0267	0.1982	0.9797	22.90	356.72	359.23
2026-06-15T22:17:34.2932651+08:00	0x06	-0.2142	0.6534	0.1861	0.7019	358.73	86.27	327.06
2026-06-15T22:17:34.3537577+08:00	0x04	-0.0133	-0.0334	-0.0047	0.9993	359.51	356.17	358.45
2026-06-15T22:17:34.3992880+08:00	0x09	-0.1588	-0.7198	0.2587	-0.6243	353.41	96.07	34.80
2026-06-15T22:17:34.4252486+08:00	0x07	-0.6220	-0.2110	0.6994	-0.2818	189.93	280.35	40.22
2026-06-15T22:17:34.5419693+08:00	0x03	-0.0204	-0.0223	0.1573	0.9871	18.15	357.11	358.10
2026-06-15T22:17:34.7209482+08:00	0x01	-0.0122	-0.0267	0.1982	0.9797	22.90	356.72	359.24
