timestamp	device	q0	q1	q2	q3	yaw	pitch	roll
2026-05-21T20:07:39.7480290+08:00	0x02	-0.1918	-0.5174	0.5869	-0.5925	295.55	44.78	56.57
2026-05-21T20:07:39.8626814+08:00	0x03	-0.1687	0.4473	0.3574	0.8023	31.58	47.73	323.81
2026-05-21T20:07:39.8766441+08:00	0x04	0.0867	-0.3787	-0.3406	-0.8562	34.50	40.17	336.02
2026-05-21T20:07:40.0590339+08:00	0x01	-0.0858	-0.4701	0.3855	-0.7894	322.50	51.20	29.86
2026-05-21T20:07:40.3044946+08:00	0x02	-0.1923	-0.5171	0.5867	-0.5928	295.57	44.73	56.60
2026-05-21T20:07:40.3463866+08:00	0x03	-0.1687	0.4485	0.3554	0.8026	31.25	47.97	323.87
2026-05-21T20:07:40.5261743+08:00	0x01	-0.0872	-0.4695	0.3869	-0.7888	322.37	51.07	30.06
2026-05-21T20:07:40.7775441+08:00	0x02	-0.1932	-0.5172	0.5853	-0.5938	295.87	44.83	56.60
2026-05-21T20:07:40.9311973+08:00	0x03	-0.1705	0.4492	0.3557	0.8016	31.20	48.05	323.64
2026-05-21T20:07:41.0461593+08:00	0x01	-0.0872	-0.4696	0.3861	-0.7891	322.46	51.10	30.02
2026-05-21T20:07:41.2926573+08:00	0x02	-0.1945	-0.5170	0.5850	-0.5939	295.92	44.76	56.70
2026-05-21T20:07:41.4763662+08:00	0x03	-0.1700	0.4492	0.3546	0.8022	31.08	48.09	323.75
2026-05-21T20:07:41.6262697+08:00	0x01	-0.0877	-0.4693	0.3865	-0.7891	322.42	51.04	30.08
2026-05-21T20:07:41.8781813+08:00	0x02	-0.1968	-0.5163	0.5870	-0.5918	295.41	44.30	57.03
2026-05-21T20:07:41.9964287+08:00	0x03	-0.1696	0.4498	0.3537	0.8024	30.94	48.21	323.82
2026-05-21T20:07:42.1933434+08:00	0x01	-0.0892	-0.4691	0.3872	-0.7887	322.40	50.97	30.26
2026-05-21T20:07:42.3956859+08:00	0x02	-0.1977	-0.5163	0.5860	-0.5924	295.61	44.35	57.07
2026-05-21T20:07:42.5097791+08:00	0x04	0.0804	-0.3846	-0.3178	-0.8629	31.79	41.55	337.46
2026-05-21T20:07:42.6124684+08:00	0x03	-0.1696	0.4506	0.3537	0.8020	30.91	48.33	323.79
2026-05-21T20:07:42.7098457+08:00	0x01	-0.0888	-0.4686	0.3882	-0.7885	322.23	50.88	30.26
2026-05-21T20:07:42.9592852+08:00	0x02	-0.1976	-0.5151	0.5878	-0.5917	295.15	43.96	57.07
2026-05-21T20:07:43.1433991+08:00	0x04	0.0791	-0.3864	-0.3156	-0.8630	31.53	41.85	337.64
2026-05-21T20:07:43.1600793+08:00	0x03	-0.1699	0.4515	0.3533	0.8015	30.80	48.48	323.74
2026-05-21T20:07:43.2939790+08:00	0x01	-0.0900	-0.4685	0.3901	-0.7876	322.04	50.79	30.48
2026-05-21T20:07:43.5265386+08:00	0x02	-0.1990	-0.5144	0.5887	-0.5910	294.86	43.65	57.23
2026-05-21T20:07:43.6108658+08:00	0x04	0.0787	-0.3874	-0.3161	-0.8624	31.59	41.97	337.62
2026-05-21T20:07:43.6771564+08:00	0x03	-0.1698	0.4526	0.3530	0.8011	30.72	48.65	323.73
2026-05-21T20:07:43.8126081+08:00	0x01	-0.0910	-0.4668	0.3917	-0.7877	321.82	50.49	30.60
2026-05-21T20:07:44.0623375+08:00	0x02	-0.2033	-0.5092	0.5896	-0.5931	294.28	42.41	57.31
2026-05-21T20:07:44.1774152+08:00	0x04	0.0886	-0.3861	-0.3150	-0.8625	31.15	41.64	336.67
2026-05-21T20:07:44.2113407+08:00	0x03	-0.1771	0.4500	0.3525	0.8012	30.48	48.24	323.06
2026-05-21T20:07:44.3792515+08:00	0x01	-0.0965	-0.4550	0.3965	-0.7915	321.02	48.62	30.90
2026-05-21T20:07:44.6264190+08:00	0x02	-0.2069	-0.5028	0.5908	-0.5961	293.55	40.97	57.22
2026-05-21T20:07:44.6952355+08:00	0x04	0.0389	-0.3435	-0.3474	-0.8717	37.45	36.92	342.15
2026-05-21T20:07:44.7467496+08:00	0x03	-0.1083	0.4308	0.3937	0.8048	39.03	45.13	329.09
2026-05-21T20:07:44.9632919+08:00	0x01	-0.0884	-0.4637	0.3974	-0.7869	320.90	49.96	30.51
2026-05-21T20:07:45.1444460+08:00	0x02	-0.1987	-0.5082	0.5924	-0.5927	293.64	42.21	56.89
2026-05-21T20:07:45.2784238+08:00	0x04	0.0404	-0.3448	-0.3464	-0.8715	37.27	37.05	341.98
2026-05-21T20:07:45.3364929+08:00	0x03	-0.1104	0.4315	0.3925	0.8047	38.79	45.21	328.91
2026-05-21T20:07:45.4772071+08:00	0x01	-0.0699	-0.4724	0.3961	-0.7843	320.62	51.57	28.94
2026-05-21T20:07:45.7163420+08:00	0x02	-0.1717	-0.5194	0.5789	-0.6046	297.43	46.92	54.00
2026-05-21T20:07:45.7941318+08:00	0x04	-0.0813	-0.1855	-0.7469	-0.6333	97.53	21.22	349.97
2026-05-21T20:07:45.8936401+08:00	0x03	0.0626	0.4183	0.6748	0.6047	84.65	42.59	330.73
2026-05-21T20:07:46.0443241+08:00	0x01	-0.0463	-0.4812	0.3624	-0.7968	323.97	54.01	25.00
2026-05-21T20:07:46.2455756+08:00	0x02	-0.1578	-0.5261	0.5625	-0.6179	300.95	50.00	51.90
2026-05-21T20:07:46.3608583+08:00	0x04	-0.0878	-0.1036	-0.9675	-0.2133	154.11	12.53	350.62
2026-05-21T20:07:46.4789242+08:00	0x03	0.0419	0.3940	0.8453	0.3586	124.08	27.25	320.51
2026-05-21T20:07:46.6133272+08:00	0x01	-0.0396	-0.4817	0.3555	-0.8000	324.51	54.34	23.94
2026-05-21T20:07:46.8138252+08:00	0x02	-0.1518	-0.5283	0.5582	-0.6215	301.80	50.92	51.12
2026-05-21T20:07:47.0103503+08:00	0x03	0.0029	0.3859	0.9009	0.1984	150.01	12.71	316.03
2026-05-21T20:07:47.1452214+08:00	0x01	-0.0358	-0.4863	0.3461	-0.8015	325.54	55.20	23.21
2026-05-21T20:07:47.2810140+08:00	0x02	-0.1476	-0.5333	0.5515	-0.6243	303.25	52.39	50.58
2026-05-21T20:07:47.4608689+08:00	0x04	-0.0896	-0.0980	-0.9871	0.0893	189.34	9.38	347.91
2026-05-21T20:07:47.4984585+08:00	0x03	-0.0175	0.3894	0.9094	0.1452	159.07	6.65	314.50
2026-05-21T20:07:47.6117413+08:00	0x01	-0.0347	-0.4871	0.3454	-0.8014	325.60	55.35	23.09
2026-05-21T20:07:47.9120951+08:00	0x02	-0.1491	-0.5349	0.5491	-0.6245	303.80	52.78	50.69
2026-05-21T20:07:48.0444221+08:00	0x04	-0.0735	-0.1143	-0.9490	0.2846	212.81	4.42	345.00
2026-05-21T20:07:48.1946342+08:00	0x01	-0.0395	-0.4886	0.3439	-0.8009	326.03	55.49	23.53
2026-05-21T20:07:48.4795303+08:00	0x02	-0.1518	-0.5346	0.5495	-0.6238	303.77	52.61	50.99
2026-05-21T20:07:48.5652301+08:00	0x03	-0.0204	0.3838	0.9135	0.1332	161.22	5.27	315.04
2026-05-21T20:07:48.8125760+08:00	0x01	-0.0410	-0.4892	0.3426	-0.8011	326.27	55.56	23.63
2026-05-21T20:07:48.9954381+08:00	0x02	-0.1526	-0.5364	0.5467	-0.6246	304.40	53.08	51.00
2026-05-21T20:07:49.0291734+08:00	0x04	-0.0653	-0.1171	-0.9313	0.3385	219.62	2.52	344.79
2026-05-21T20:07:49.1649925+08:00	0x03	-0.0264	0.3809	0.9157	0.1252	162.86	3.80	315.24
2026-05-21T20:07:49.2757431+08:00	0x01	-0.0418	-0.4900	0.3397	-0.8017	326.66	55.72	23.58
2026-05-21T20:07:49.5448268+08:00	0x04	-0.0584	-0.1189	-0.9097	0.3936	226.69	0.75	344.79
2026-05-21T20:07:49.6981624+08:00	0x03	-0.0303	0.3781	0.9180	0.1159	164.56	2.57	315.48
2026-05-21T20:07:49.8946674+08:00	0x01	-0.0426	-0.4915	0.3378	-0.8016	326.96	55.94	23.59
2026-05-21T20:07:50.1116354+08:00	0x04	-0.0552	-0.1188	-0.9014	0.4127	229.19	0.09	344.94
2026-05-21T20:07:50.2448781+08:00	0x03	-0.0306	0.3763	0.9189	0.1146	164.81	2.40	315.69
2026-05-21T20:07:50.3618173+08:00	0x01	-0.0377	-0.4945	0.3287	-0.8037	327.84	56.58	22.69
2026-05-21T20:07:50.6615294+08:00	0x02	-0.1513	-0.5454	0.5365	-0.6259	306.78	55.39	50.78
2026-05-21T20:07:50.6954843+08:00	0x04	-0.0539	-0.1186	-0.8945	0.4276	231.13	359.70	345.03
2026-05-21T20:07:50.7790101+08:00	0x03	-0.0310	0.3728	0.9206	0.1117	165.33	2.09	316.10
2026-05-21T20:07:50.9468385+08:00	0x01	-0.0416	-0.4971	0.3275	-0.8024	328.23	56.89	23.10
2026-05-21T20:07:51.2127690+08:00	0x04	-0.0556	-0.1163	-0.8901	0.4372	232.34	359.84	345.19
2026-05-21T20:07:51.3124723+08:00	0x03	-0.0320	0.3706	0.9215	0.1115	165.45	1.88	316.36
2026-05-21T20:07:51.5800270+08:00	0x01	-0.0507	-0.4953	0.3310	-0.8016	328.23	56.46	24.15
2026-05-21T20:07:51.7620041+08:00	0x02	-0.1649	-0.5447	0.5395	-0.6205	306.56	54.73	52.41
2026-05-21T20:07:51.8640102+08:00	0x03	-0.0351	0.3660	0.9226	0.1169	164.91	1.63	316.88
2026-05-21T20:07:52.0288026+08:00	0x01	-0.0573	-0.4936	0.3299	-0.8026	328.62	56.14	24.69
2026-05-21T20:07:52.2969004+08:00	0x04	-0.0499	-0.1064	-0.8851	0.4504	233.99	359.56	346.51
2026-05-21T20:07:52.3450021+08:00	0x03	-0.0386	0.3671	0.9217	0.1188	164.80	1.27	316.69
2026-05-21T20:07:52.6117476+08:00	0x01	-0.0555	-0.4936	0.3296	-0.8029	328.58	56.18	24.49
2026-05-21T20:07:52.8794409+08:00	0x04	-0.0328	-0.1021	-0.8835	0.4560	234.81	357.94	347.86
2026-05-21T20:07:52.9288267+08:00	0x03	-0.0527	0.3674	0.9204	0.1229	165.00	359.47	316.43
2026-05-21T20:07:53.1282499+08:00	0x01	-0.0587	-0.4932	0.3330	-0.8015	328.33	56.02	25.00
2026-05-21T20:07:53.4356638+08:00	0x02	-0.1736	-0.5429	0.5400	-0.6193	306.59	54.16	53.26
2026-05-21T20:07:53.4813197+08:00	0x03	-0.0553	0.3683	0.9198	0.1235	165.06	359.14	316.28
2026-05-21T20:07:53.6975155+08:00	0x01	-0.0772	-0.4912	0.3364	-0.7997	328.75	55.43	27.00
2026-05-21T20:07:53.9751051+08:00	0x04	-0.0392	-0.0897	-0.8794	0.4659	235.91	359.14	348.80
2026-05-21T20:07:54.0674792+08:00	0x03	-0.0580	0.3660	0.9202	0.1260	164.86	358.86	316.51
2026-05-21T20:07:54.2156097+08:00	0x01	-0.0817	-0.4888	0.3389	-0.7997	328.59	54.99	27.51
2026-05-21T20:07:54.4312659+08:00	0x04	-0.0379	-0.0928	-0.8782	0.4676	236.19	358.81	348.55
2026-05-21T20:07:54.5130116+08:00	0x02	-0.1903	-0.5379	0.5497	-0.6102	304.75	52.04	55.45
2026-05-21T20:07:54.5459416+08:00	0x03	-0.0587	0.3707	0.9188	0.1227	165.33	358.65	315.93
2026-05-21T20:07:54.7988486+08:00	0x01	-0.0687	-0.4922	0.3303	-0.8025	329.09	55.79	25.81
2026-05-21T20:07:54.9463371+08:00	0x04	-0.0367	-0.0948	-0.8768	0.4699	236.53	358.55	348.42
2026-05-21T20:07:55.0788758+08:00	0x03	-0.0605	0.3727	0.9182	0.1197	165.85	358.25	315.66
2026-05-21T20:07:55.1130099+08:00	0x02	-0.1803	-0.5395	0.5417	-0.6189	306.19	53.25	53.87
2026-05-21T20:07:55.3666704+08:00	0x01	-0.0657	-0.4928	0.3335	-0.8010	328.60	55.85	25.72
2026-05-21T20:07:55.5306186+08:00	0x04	-0.0352	-0.0981	-0.8755	0.4718	236.83	358.19	348.17
2026-05-21T20:07:55.5675694+08:00	0x02	-0.1753	-0.5339	0.5474	-0.6201	304.61	51.93	53.32
2026-05-21T20:07:55.6304151+08:00	0x03	-0.0605	0.3743	0.9175	0.1201	165.78	358.30	315.46
2026-05-21T20:07:55.8836256+08:00	0x01	-0.0657	-0.4871	0.3372	-0.8030	327.99	54.99	25.72
2026-05-21T20:07:56.0464619+08:00	0x04	-0.0409	-0.0914	-0.8752	0.4733	236.90	359.12	348.54
2026-05-21T20:07:56.1539216+08:00	0x03	-0.0560	0.3684	0.9195	0.1252	164.83	359.15	316.25
2026-05-21T20:07:56.2034488+08:00	0x02	-0.1759	-0.5271	0.5410	-0.6313	305.34	51.18	52.41
2026-05-21T20:07:56.3518661+08:00	0x01	-0.0675	-0.4833	0.3389	-0.8043	327.76	54.41	25.86
2026-05-21T20:07:56.6157867+08:00	0x04	-0.0358	-0.0987	-0.8739	0.4747	237.21	358.17	348.08
2026-05-21T20:07:56.6972977+08:00	0x03	-0.0543	0.3758	0.9170	0.1227	165.00	359.40	315.38
2026-05-21T20:07:56.9301891+08:00	0x01	-0.0642	-0.4922	0.3360	-0.8005	328.21	55.74	25.70
2026-05-21T20:07:57.0900045+08:00	0x04	-0.0347	-0.0804	-0.8705	0.4843	238.26	358.99	350.01
2026-05-21T20:07:57.2298244+08:00	0x03	-0.0558	0.3895	0.9105	0.1269	164.23	359.77	313.65
2026-05-21T20:07:57.4506003+08:00	0x01	-0.0652	-0.4937	0.3442	-0.7959	327.35	55.78	26.34
2026-05-21T20:07:57.6123250+08:00	0x04	-0.0371	-0.0429	-0.8557	0.5143	241.95	1.12	353.59
2026-05-21T20:07:57.7712875+08:00	0x03	-0.0680	0.3922	0.9039	0.1566	160.35	359.99	313.08
2026-05-21T20:07:58.0152815+08:00	0x01	-0.0723	-0.4882	0.3556	-0.7937	326.16	54.68	27.52
2026-05-21T20:07:58.1795987+08:00	0x04	-0.0905	0.0063	-0.6741	0.7330	274.32	7.60	352.87
2026-05-21T20:07:58.3140456+08:00	0x03	-0.0681	0.3778	0.9055	0.1810	156.93	1.10	314.87
2026-05-21T20:07:58.5357298+08:00	0x01	-0.0733	-0.4873	0.3469	-0.7980	327.21	54.72	27.08
2026-05-21T20:07:58.6999036+08:00	0x04	-0.0890	0.0048	-0.6805	0.7273	273.36	7.42	352.94
2026-05-21T20:07:58.8636570+08:00	0x03	-0.0668	0.3640	0.9133	0.1702	158.83	0.14	316.56
2026-05-21T20:07:58.9472671+08:00	0x02	-0.1859	-0.5324	0.5636	-0.6036	301.49	49.96	55.55
2026-05-21T20:07:59.1145321+08:00	0x01	-0.0767	-0.4912	0.3492	-0.7943	327.22	55.17	27.70
2026-05-21T20:07:59.2869530+08:00	0x04	-0.0989	-0.0434	-0.7780	0.6189	256.44	5.86	349.05
2026-05-21T20:07:59.3843526+08:00	0x03	-0.0473	0.3942	0.8998	0.1808	155.21	4.79	313.40
2026-05-21T20:07:59.5136922+08:00	0x02	-0.1847	-0.5385	0.5618	-0.6002	302.30	51.30	55.77
2026-05-21T20:07:59.7026968+08:00	0x01	-0.0777	-0.4956	0.3509	-0.7907	327.21	55.74	28.08
2026-05-21T20:07:59.7843827+08:00	0x04	-0.0374	-0.0974	-0.9079	0.4060	228.25	359.34	348.04
2026-05-21T20:07:59.9302389+08:00	0x03	-0.0640	0.4212	0.8937	0.1405	161.97	0.35	309.57
2026-05-21T20:08:00.0304983+08:00	0x02	-0.1831	-0.5386	0.5609	-0.6014	302.46	51.44	55.54
2026-05-21T20:08:00.2102709+08:00	0x01	-0.0750	-0.4952	0.3482	-0.7924	327.39	55.77	27.63
2026-05-21T20:08:00.3637573+08:00	0x04	-0.0035	-0.1704	-0.9237	0.3432	221.86	353.31	341.51
2026-05-21T20:08:00.5134170+08:00	0x03	-0.0690	0.3898	0.9140	0.0885	170.99	355.24	313.55
2026-05-21T20:08:00.6156229+08:00	0x02	-0.1832	-0.5412	0.5510	-0.6082	304.60	52.75	55.01
2026-05-21T20:08:00.7835364+08:00	0x01	-0.0768	-0.4965	0.3456	-0.7926	327.82	55.99	27.70
2026-05-21T20:08:00.9324089+08:00	0x04	-0.0015	-0.1601	-0.9144	0.3718	225.31	353.01	342.91
2026-05-21T20:08:00.9984319+08:00	0x03	-0.0710	0.3934	0.9118	0.0939	170.28	355.32	313.05
2026-05-21T20:08:01.1814078+08:00	0x02	-0.1825	-0.5391	0.5532	-0.6083	304.01	52.19	54.93
2026-05-21T20:08:01.3477236+08:00	0x01	-0.0745	-0.4929	0.3492	-0.7934	327.17	55.44	27.55
2026-05-21T20:08:01.4573279+08:00	0x04	0.0000	-0.1519	-0.9075	0.3917	227.69	352.89	343.99
2026-05-21T20:08:01.5471679+08:00	0x03	-0.0727	0.3964	0.9096	0.1010	169.27	355.58	312.63
2026-05-21T20:08:01.6974891+08:00	0x02	-0.1848	-0.5327	0.5575	-0.6093	302.72	50.59	55.00
2026-05-21T20:08:01.8802421+08:00	0x01	-0.0782	-0.4903	0.3497	-0.7945	327.20	55.02	27.85
2026-05-21T20:08:02.0367793+08:00	0x04	0.0016	-0.1460	-0.8998	0.4111	230.08	352.69	344.85
2026-05-21T20:08:02.0805970+08:00	0x03	-0.0739	0.3999	0.9072	0.1073	168.34	355.87	312.14
2026-05-21T20:08:02.2675928+08:00	0x02	-0.1883	-0.5270	0.5647	-0.6066	300.91	48.79	55.45
2026-05-21T20:08:02.4567204+08:00	0x01	-0.0834	-0.4842	0.3535	-0.7960	326.79	54.00	28.37
2026-05-21T20:08:02.5627465+08:00	0x04	0.0034	-0.1450	-0.8952	0.4214	231.42	352.37	345.12
2026-05-21T20:08:02.6298561+08:00	0x03	-0.0758	0.4052	0.9042	0.1114	167.78	355.94	311.44
2026-05-21T20:08:02.8555106+08:00	0x02	-0.1926	-0.5284	0.5581	-0.6101	302.39	49.48	55.57
2026-05-21T20:08:02.9157191+08:00	0x01	-0.0852	-0.4831	0.3552	-0.7958	326.62	53.78	28.60
2026-05-21T20:08:03.1195366+08:00	0x04	0.0156	-0.1326	-0.8895	0.4370	233.28	351.52	347.16
2026-05-21T20:08:03.3694760+08:00	0x02	-0.1930	-0.5315	0.5525	-0.6124	303.74	50.52	55.46
2026-05-21T20:08:03.5322683+08:00	0x01	-0.0849	-0.4881	0.3514	-0.7944	327.23	54.58	28.56
2026-05-21T20:08:03.7022421+08:00	0x03	-0.0678	0.3975	0.9038	0.1434	162.29	359.28	312.44
2026-05-21T20:08:03.9537384+08:00	0x02	-0.1998	-0.5262	0.5670	-0.6014	300.44	47.97	56.83
2026-05-21T20:08:04.1148019+08:00	0x01	-0.0957	-0.4857	0.3808	-0.7810	324.04	53.36	31.29
2026-05-21T20:08:04.2144002+08:00	0x04	0.0153	-0.1330	-0.8897	0.4365	233.23	351.55	347.09
2026-05-21T20:08:04.2358353+08:00	0x03	0.0303	0.3831	0.8468	0.3676	124.03	25.30	321.20
2026-05-21T20:08:04.4595858+08:00	0x02	-0.2179	-0.5246	0.5858	-0.5781	296.00	44.73	60.06
2026-05-21T20:08:04.5832783+08:00	0x01	-0.1096	-0.4835	0.3963	-0.7728	322.57	52.40	33.55
2026-05-21T20:08:04.7687218+08:00	0x03	0.0274	0.3839	0.8494	0.3612	125.00	24.71	320.78
2026-05-21T20:08:04.7974855+08:00	0x04	-0.0098	-0.1416	-0.9793	0.1447	196.99	358.71	343.73
2026-05-21T20:08:05.0358719+08:00	0x02	-0.2247	-0.5133	0.5982	-0.5729	291.96	40.64	60.64
2026-05-21T20:08:05.0977355+08:00	0x01	-0.1105	-0.4776	0.4079	-0.7703	320.87	51.18	34.05
2026-05-21T20:08:05.3168678+08:00	0x04	-0.0199	-0.2162	-0.9234	-0.3166	139.96	10.86	337.25
2026-05-21T20:08:05.5979571+08:00	0x02	-0.2283	-0.5106	0.6037	-0.5681	290.24	39.13	61.14
2026-05-21T20:08:05.6822595+08:00	0x01	-0.1092	-0.4782	0.4109	-0.7685	320.46	51.20	34.11
2026-05-21T20:08:05.8930615+08:00	0x04	-0.1046	-0.2247	-0.7297	-0.6373	95.08	26.59	348.78
2026-05-21T20:08:06.1323065+08:00	0x02	-0.2281	-0.5118	0.6044	-0.5663	290.13	39.25	61.28
2026-05-21T20:08:06.1904479+08:00	0x01	-0.1101	-0.4782	0.4127	-0.7673	320.25	51.13	34.32
2026-05-21T20:08:06.4317702+08:00	0x03	0.1162	0.3976	0.6469	0.6402	81.60	45.11	338.55
2026-05-21T20:08:06.4904149+08:00	0x04	-0.1163	-0.1784	-0.5455	-0.8106	67.80	24.59	359.65
2026-05-21T20:08:06.7004125+08:00	0x02	-0.2276	-0.5081	0.5987	-0.5759	291.39	39.44	60.51
2026-05-21T20:08:06.7769466+08:00	0x01	-0.1097	-0.4733	0.4074	-0.7733	320.74	50.60	33.73
2026-05-21T20:08:06.9813182+08:00	0x04	-0.1264	-0.1584	-0.4313	-0.8792	53.26	22.89	4.91
2026-05-21T20:08:07.2195060+08:00	0x02	-0.2278	-0.5046	0.6003	-0.5772	290.77	38.61	60.32
2026-05-21T20:08:07.3432464+08:00	0x01	-0.0996	-0.4649	0.4060	-0.7804	320.24	49.64	32.21
2026-05-21T20:08:07.4536542+08:00	0x04	-0.1328	-0.1451	-0.3620	-0.9112	44.81	21.34	7.87
2026-05-21T20:08:07.5156986+08:00	0x03	0.1365	0.3352	0.4114	0.8365	51.32	42.37	357.28
2026-05-21T20:08:07.7836260+08:00	0x02	-0.1958	-0.4797	0.6085	-0.6011	288.59	36.15	55.00
2026-05-21T20:08:07.8526658+08:00	0x01	-0.0657	-0.4470	0.4070	-0.7938	318.33	47.96	27.92
2026-05-21T20:08:07.9703915+08:00	0x04	-0.1369	-0.1386	-0.3104	-0.9305	38.64	20.35	9.71
2026-05-21T20:08:08.0493053+08:00	0x03	0.1292	0.3252	0.4076	0.8435	50.57	40.89	357.30
2026-05-21T20:08:08.2523801+08:00	0x02	-0.1965	-0.4805	0.6063	-0.6024	289.11	36.47	55.03
2026-05-21T20:08:08.4280268+08:00	0x01	-0.0681	-0.4486	0.4070	-0.7928	318.46	48.10	28.24
2026-05-21T20:08:08.5364346+08:00	0x04	-0.1374	-0.1297	-0.2808	-0.9410	35.04	19.09	10.70
2026-05-21T20:08:08.6006632+08:00	0x03	0.1248	0.3213	0.4170	0.8410	51.53	40.21	356.67
2026-05-21T20:08:08.7833686+08:00	0x02	-0.1969	-0.4810	0.6073	-0.6009	288.88	36.39	55.16
2026-05-21T20:08:08.9056477+08:00	0x01	-0.0689	-0.4514	0.4064	-0.7914	318.65	48.48	28.43
2026-05-21T20:08:09.1296915+08:00	0x04	-0.1410	-0.1200	-0.2391	-0.9532	30.06	17.64	12.21
2026-05-21T20:08:09.3453071+08:00	0x02	-0.2055	-0.4863	0.5989	-0.6021	290.81	37.50	56.11
2026-05-21T20:08:09.5323979+08:00	0x01	-0.0393	-0.4494	0.4046	-0.7955	317.74	49.04	25.22
2026-05-21T20:08:09.6207180+08:00	0x03	0.1302	0.3178	0.4233	0.8384	52.52	40.08	357.09
2026-05-21T20:08:09.6426512+08:00	0x04	-0.1457	-0.1213	-0.2123	-0.9586	27.02	17.60	13.17
2026-05-21T20:08:09.8654347+08:00	0x02	0.0151	-0.3967	0.6537	-0.6443	279.63	37.78	29.94
2026-05-21T20:08:10.0015015+08:00	0x01	0.2276	-0.3934	0.4922	-0.7424	294.35	54.01	2.83
2026-05-21T20:08:10.0937897+08:00	0x04	-0.1914	-0.0509	-0.2279	-0.9533	28.89	11.31	19.98
2026-05-21T20:08:10.2125256+08:00	0x03	0.1901	0.2837	0.4898	0.8022	63.38	39.91	1.55
2026-05-21T20:08:10.4501512+08:00	0x02	0.1305	-0.3444	0.6520	-0.6628	276.92	40.70	16.02
2026-05-21T20:08:10.6215990+08:00	0x01	0.2759	-0.3719	0.5523	-0.6932	283.75	55.15	1.62
2026-05-21T20:08:10.7502277+08:00	0x03	0.1999	0.2723	0.4959	0.8000	64.61	39.40	2.85
2026-05-21T20:08:10.9705136+08:00	0x02	0.1103	-0.3512	0.6482	-0.6665	278.18	39.98	17.96
2026-05-21T20:08:11.0842394+08:00	0x01	0.2683	-0.3840	0.5498	-0.6916	284.59	55.81	2.93
2026-05-21T20:08:11.1883664+08:00	0x04	-0.1737	-0.0258	-0.1819	-0.9675	22.45	6.87	19.08
2026-05-21T20:08:11.2891004+08:00	0x03	0.2042	0.2709	0.5008	0.7963	65.44	39.56	3.09
2026-05-21T20:08:11.5442418+08:00	0x02	0.1171	-0.3617	0.6471	-0.6608	278.17	41.53	18.26
2026-05-21T20:08:11.6797187+08:00	0x01	0.2654	-0.3859	0.5549	-0.6875	284.11	55.78	3.64
2026-05-21T20:08:11.7037430+08:00	0x04	-0.1703	-0.0356	-0.1833	-0.9675	22.75	7.95	18.45
2026-05-21T20:08:11.8828929+08:00	0x03	0.1982	0.2831	0.5006	0.7938	65.13	40.40	1.79
2026-05-21T20:08:12.0032021+08:00	0x02	0.1164	-0.3582	0.6470	-0.6630	278.21	41.14	18.01
2026-05-21T20:08:12.1823581+08:00	0x01	0.2783	-0.3935	0.5449	-0.6862	284.57	57.59	2.68
2026-05-21T20:08:12.2840814+08:00	0x04	-0.1700	-0.0396	-0.1864	-0.9668	23.19	8.47	18.29
2026-05-21T20:08:12.4220322+08:00	0x03	0.1882	0.2844	0.5049	0.7929	65.22	39.87	0.65
2026-05-21T20:08:12.6291937+08:00	0x02	0.1262	-0.3588	0.6480	-0.6598	277.72	41.88	17.37
2026-05-21T20:08:12.7676278+08:00	0x01	0.2833	-0.3927	0.5401	-0.6883	284.85	57.90	1.96
2026-05-21T20:08:12.9027842+08:00	0x03	0.1887	0.2875	0.5119	0.7872	66.13	40.23	0.16
2026-05-21T20:08:13.2025522+08:00	0x02	0.1200	-0.3548	0.6498	-0.6614	277.63	41.00	17.61
2026-05-21T20:08:13.2683050+08:00	0x01	0.2797	-0.3901	0.5456	-0.6870	284.38	57.34	2.37
2026-05-21T20:08:13.3860259+08:00	0x04	-0.1845	-0.0459	-0.1874	-0.9637	23.70	9.64	19.78
2026-05-21T20:08:13.4851657+08:00	0x03	0.2043	0.2969	0.5152	0.7776	67.31	42.25	0.67
2026-05-21T20:08:13.7162187+08:00	0x02	0.2530	-0.3059	0.7145	-0.5761	261.33	46.19	8.37
2026-05-21T20:08:13.8586702+08:00	0x01	0.4345	-0.3536	0.6483	-0.5156	257.39	68.14	0.59
2026-05-21T20:08:14.0374775+08:00	0x03	0.3598	0.2629	0.6588	0.6061	97.33	52.75	5.15
2026-05-21T20:08:14.2997647+08:00	0x02	0.2491	-0.3075	0.7129	-0.5789	261.82	46.00	8.63
2026-05-21T20:08:14.4199008+08:00	0x01	0.4303	-0.3550	0.6458	-0.5213	258.20	67.81	0.57
2026-05-21T20:08:14.5670599+08:00	0x03	0.3555	0.2642	0.6552	0.6120	96.42	52.40	5.10
2026-05-21T20:08:14.7672886+08:00	0x02	0.4420	-0.2049	0.8120	-0.3214	224.74	58.27	2.78
2026-05-21T20:08:14.9627718+08:00	0x01	0.5241	-0.3169	0.7562	-0.2303	224.47	75.09	13.76
2026-05-21T20:08:15.1094552+08:00	0x03	0.4428	0.2377	0.7780	0.3771	127.09	60.32	357.95
2026-05-21T20:08:15.3839749+08:00	0x02	0.4669	-0.0427	0.8727	-0.1366	196.18	55.86	356.96
2026-05-21T20:08:15.4582793+08:00	0x04	-0.1840	-0.0457	-0.1874	-0.9638	23.68	9.60	19.73
2026-05-21T20:08:15.6501646+08:00	0x03	0.4683	0.1870	0.8306	0.2364	145.24	60.43	354.88
2026-05-21T20:08:15.8507713+08:00	0x02	0.4615	-0.0438	0.8801	-0.1029	192.81	55.23	358.98
2026-05-21T20:08:16.0340687+08:00	0x04	-0.5284	0.2222	-0.7271	-0.3778	152.94	60.28	46.25
2026-05-21T20:08:16.1870133+08:00	0x03	0.4664	0.1824	0.8307	0.2431	144.85	60.01	355.63
2026-05-21T20:08:16.4882708+08:00	0x02	0.4518	-0.0571	0.8800	-0.1350	196.82	54.17	358.77
2026-05-21T20:08:16.6173009+08:00	0x01	0.5169	-0.2490	0.8135	-0.0953	205.68	68.97	17.86
2026-05-21T20:08:16.7167015+08:00	0x03	0.4632	0.1784	0.8324	0.2466	144.75	59.44	356.06
2026-05-21T20:08:16.9508055+08:00	0x02	0.4421	-0.0633	0.8802	-0.1606	199.80	53.04	358.25
2026-05-21T20:08:17.1211952+08:00	0x04	-0.5436	0.1749	-0.7656	-0.2963	160.95	64.48	36.15
2026-05-21T20:08:17.2503590+08:00	0x03	0.4608	0.1732	0.8315	0.2574	143.96	58.94	357.09
2026-05-21T20:08:17.5221219+08:00	0x02	0.4419	-0.0681	0.8772	-0.1750	201.56	53.09	357.99
2026-05-21T20:08:17.6504485+08:00	0x01	0.5050	-0.2380	0.8241	-0.0958	204.64	66.78	17.20
2026-05-21T20:08:17.8054614+08:00	0x03	0.4613	0.1776	0.8270	0.2677	142.60	59.21	357.32
2026-05-21T20:08:18.0442595+08:00	0x02	0.4367	-0.0721	0.8788	-0.1787	202.15	52.52	358.32
2026-05-21T20:08:18.1603797+08:00	0x01	0.5030	-0.2460	0.8218	-0.1055	206.16	67.00	17.36
2026-05-21T20:08:18.3341129+08:00	0x03	0.4596	0.1797	0.8268	0.2699	142.24	59.10	357.19
2026-05-21T20:08:18.6185527+08:00	0x02	0.4328	-0.0745	0.8805	-0.1784	202.26	52.09	358.67
2026-05-21T20:08:18.6823676+08:00	0x04	-0.5537	0.0925	-0.7905	-0.2448	161.75	65.99	24.67
2026-05-21T20:08:18.7352809+08:00	0x01	0.4962	-0.2495	0.8231	-0.1181	207.55	66.38	17.07
2026-05-21T20:08:18.8674883+08:00	0x03	0.4578	0.1882	0.8256	0.2707	141.64	59.27	356.39
2026-05-21T20:08:19.1339951+08:00	0x02	0.4215	-0.0722	0.8859	-0.1799	202.32	50.62	358.64
2026-05-21T20:08:19.2597034+08:00	0x04	-0.5477	0.0405	-0.8063	-0.2197	161.00	65.37	17.81
2026-05-21T20:08:19.3204138+08:00	0x01	0.4821	-0.2557	0.8284	-0.1266	208.58	64.90	17.55
2026-05-21T20:08:19.4125545+08:00	0x03	0.4441	0.1916	0.8286	0.2819	140.30	57.77	356.15
2026-05-21T20:08:19.6171397+08:00	0x02	0.4116	-0.0812	0.8898	-0.1794	202.71	49.61	359.82
2026-05-21T20:08:19.7805263+08:00	0x04	-0.5328	0.0245	-0.8181	-0.2149	160.24	63.42	15.61
2026-05-21T20:08:19.9403331+08:00	0x01	0.4781	-0.2631	0.8274	-0.1328	209.71	64.84	17.96
2026-05-21T20:08:19.9598175+08:00	0x03	0.4348	0.1967	0.8305	0.2873	139.44	56.90	355.59
2026-05-21T20:08:20.1853713+08:00	0x02	0.4060	-0.0917	0.8904	-0.1843	203.75	49.19	0.79
2026-05-21T20:08:20.3633598+08:00	0x04	-0.5202	0.0225	-0.8281	-0.2079	160.63	61.75	14.69
2026-05-21T20:08:20.4867852+08:00	0x03	0.4298	0.2025	0.8327	0.2844	139.42	56.57	354.68
2026-05-21T20:08:20.7062748+08:00	0x02	0.4099	-0.0999	0.8857	-0.1939	205.18	49.90	1.04
2026-05-21T20:08:20.8742576+08:00	0x04	-0.5165	0.0091	-0.8333	-0.1969	160.93	61.46	12.62
2026-05-21T20:08:21.0384689+08:00	0x01	0.4796	-0.2672	0.8233	-0.1440	211.17	65.38	17.57
2026-05-21T20:08:21.2683473+08:00	0x02	0.4113	-0.0991	0.8836	-0.2007	205.86	50.05	0.58
2026-05-21T20:08:21.4446905+08:00	0x04	-0.5082	-0.0161	-0.8444	-0.1685	162.30	60.79	8.28
2026-05-21T20:08:21.5035263+08:00	0x01	0.4767	-0.2655	0.8241	-0.1518	211.76	64.97	17.03
2026-05-21T20:08:21.6193023+08:00	0x03	0.4213	0.2076	0.8393	0.2738	140.29	55.76	353.24
2026-05-21T20:08:21.9026109+08:00	0x02	0.4075	-0.0946	0.8851	-0.2039	205.97	49.46	0.07
2026-05-21T20:08:21.9245788+08:00	0x04	-0.5070	-0.0207	-0.8482	-0.1522	163.67	60.75	6.84
2026-05-21T20:08:22.0688073+08:00	0x01	0.4799	-0.2652	0.8215	-0.1567	212.29	65.42	16.58
2026-05-21T20:08:22.1526517+08:00	0x03	0.4200	0.2106	0.8403	0.2706	140.45	55.73	352.72
2026-05-21T20:08:22.3680610+08:00	0x02	0.4131	-0.0947	0.8817	-0.2073	206.35	50.15	359.75
2026-05-21T20:08:22.5348249+08:00	0x04	-0.5077	-0.0163	-0.8496	-0.1420	164.95	60.83	6.69
2026-05-21T20:08:22.6956115+08:00	0x01	0.5086	-0.2516	0.8078	-0.1598	212.01	68.46	14.12
2026-05-21T20:08:22.7517235+08:00	0x03	0.4244	0.2080	0.8397	0.2674	140.92	56.12	352.97
2026-05-21T20:08:22.8902683+08:00	0x02	0.4398	-0.0862	0.8677	-0.2152	206.71	53.22	357.72
2026-05-21T20:08:23.1122011+08:00	0x04	-0.5142	-0.0135	-0.8467	-0.1360	165.77	61.70	6.72
2026-05-21T20:08:23.1726734+08:00	0x01	0.5073	-0.2574	0.8071	-0.1578	212.25	68.60	14.79
2026-05-21T20:08:23.3046906+08:00	0x03	0.4277	0.2066	0.8368	0.2724	140.46	56.48	353.53
2026-05-21T20:08:23.4524553+08:00	0x02	0.4391	-0.0877	0.8698	-0.2073	205.97	53.18	358.31
2026-05-21T20:08:23.6395901+08:00	0x04	-0.5211	-0.0132	-0.8367	-0.1682	162.61	62.48	8.81
2026-05-21T20:08:23.7323971+08:00	0x01	0.5256	-0.2856	0.7725	-0.2131	220.15	73.07	12.55
2026-05-21T20:08:23.8235497+08:00	0x03	0.4523	0.2160	0.7961	0.3391	132.63	60.14	357.87
2026-05-21T20:08:24.0390289+08:00	0x02	0.4366	-0.1669	0.7930	-0.3906	230.13	55.62	355.62
2026-05-21T20:08:24.2076667+08:00	0x04	-0.4293	-0.0194	-0.7523	-0.4994	123.09	46.53	23.55
2026-05-21T20:08:24.3748284+08:00	0x01	0.5230	-0.3424	0.6380	-0.4496	248.81	77.38	358.08
2026-05-21T20:08:24.5496064+08:00	0x02	0.4370	-0.1646	0.7959	-0.3854	229.41	55.57	355.71
2026-05-21T20:08:24.7276080+08:00	0x04	-0.4329	-0.0193	-0.7563	-0.4902	124.38	47.17	23.28
2026-05-21T20:08:24.8262492+08:00	0x01	0.5237	-0.3411	0.6428	-0.4430	247.97	77.36	358.54
2026-05-21T20:08:24.9674037+08:00	0x03	0.4516	0.2158	0.7974	0.3371	132.86	60.04	357.73
2026-05-21T20:08:25.1420616+08:00	0x02	0.3171	-0.2779	0.7009	-0.5753	259.42	49.86	1.41
2026-05-21T20:08:25.2047703+08:00	0x04	-0.1357	-0.0729	-0.6270	-0.7637	79.74	16.46	6.65
2026-05-21T20:08:25.3953077+08:00	0x01	0.2618	-0.4508	0.4938	-0.6960	292.11	62.74	4.63
2026-05-21T20:08:25.4912487+08:00	0x03	0.1060	0.3485	0.5216	0.7716	63.74	41.43	348.47
2026-05-21T20:08:25.6558800+08:00	0x02	-0.2802	-0.4387	0.6121	-0.5953	280.97	21.37	60.53
2026-05-21T20:08:25.7585276+08:00	0x04	0.3388	-0.2591	-0.5518	-0.7167	75.30	359.77	309.50
2026-05-21T20:08:25.9283103+08:00	0x01	-0.3746	-0.3177	0.5632	-0.6645	279.45	0.03	58.83
2026-05-21T20:08:26.0374965+08:00	0x03	-0.4200	0.3264	0.4897	0.6908	67.39	5.21	295.85
2026-05-21T20:08:26.2191349+08:00	0x02	-0.6125	-0.2855	0.6860	-0.2697	181.68	277.19	46.23
2026-05-21T20:08:26.2936626+08:00	0x04	0.4312	-0.3752	-0.5360	-0.6213	81.11	0.65	290.28
2026-05-21T20:08:26.5013009+08:00	0x01	-0.3933	-0.3203	0.5630	-0.6525	276.69	357.06	60.91
2026-05-21T20:08:26.5716797+08:00	0x03	-0.4203	0.3538	0.4756	0.6870	61.37	12.30	293.93
2026-05-21T20:08:26.8034901+08:00	0x02	-0.6210	-0.3082	0.6691	-0.2677	177.88	273.32	48.15
2026-05-21T20:08:27.0104280+08:00	0x01	-0.3957	-0.3311	0.5557	-0.6519	278.52	359.01	62.12
2026-05-21T20:08:27.1020554+08:00	0x03	-0.4223	0.3640	0.4635	0.6887	57.15	16.20	293.20
2026-05-21T20:08:27.2024410+08:00	0x02	-0.6308	-0.2944	0.6694	-0.2594	178.01	272.55	46.17
2026-05-21T20:08:27.3871462+08:00	0x04	0.4479	-0.3684	-0.5457	-0.6048	89.45	352.49	289.28
2026-05-21T20:08:27.5863723+08:00	0x01	-0.4027	-0.3261	0.5577	-0.6484	276.65	356.76	62.38
2026-05-21T20:08:27.6524080+08:00	0x03	-0.4236	0.3676	0.4574	0.6901	55.15	17.92	292.94
2026-05-21T20:08:27.7718099+08:00	0x02	-0.6414	-0.2797	0.6715	-0.2440	177.54	271.65	43.51
2026-05-21T20:08:27.9532736+08:00	0x04	0.4224	-0.3983	-0.5265	-0.6211	74.39	8.71	289.25
2026-05-21T20:08:28.1695645+08:00	0x01	-0.4177	-0.2857	0.5644	-0.6522	271.61	348.54	60.15
2026-05-21T20:08:28.2364678+08:00	0x03	-0.4268	0.3493	0.4456	0.7052	54.15	16.00	294.05
2026-05-21T20:08:28.2992933+08:00	0x02	-0.6975	-0.2041	0.6346	-0.2629	183.60	265.85	38.74
2026-05-21T20:08:28.5192283+08:00	0x04	0.5325	-0.3394	-0.4481	-0.6328	81.35	346.75	282.01
2026-05-21T20:08:28.6650147+08:00	0x02	-0.8300	0.0071	0.4254	-0.3607	203.30	242.02	36.35
2026-05-21T20:08:28.6882566+08:00	0x01	-0.5004	-0.1133	0.4404	-0.7367	281.73	329.95	56.84
2026-05-21T20:08:28.7266865+08:00	0x03	-0.4164	0.3139	0.2540	0.8146	16.22	33.31	303.09
2026-05-21T20:08:29.0360887+08:00	0x04	0.7382	-0.2369	-0.2219	-0.5913	204.87	193.22	281.99
2026-05-21T20:08:29.2865417+08:00	0x02	-0.8316	0.0977	0.3552	-0.4155	215.76	239.09	38.43
2026-05-21T20:08:29.3199330+08:00	0x01	-0.5236	-0.0420	0.3920	-0.7552	284.75	322.24	55.47
2026-05-21T20:08:29.4618864+08:00	0x01	-0.5320	-0.0380	0.4179	-0.7355	278.39	317.96	54.52
2026-05-21T20:08:29.6298924+08:00	0x04	0.7366	-0.2636	-0.1766	-0.5972	230.24	166.29	283.35
2026-05-21T20:08:29.7537835+08:00	0x02	-0.8308	0.1005	0.3571	-0.4149	216.09	239.37	38.15
2026-05-21T20:08:29.8533919+08:00	0x03	-0.4177	0.2575	0.1768	0.8532	8.37	29.37	306.51
2026-05-21T20:08:29.9301793+08:00	0x01	-0.5369	-0.0355	0.4225	-0.7294	276.56	316.33	54.41
2026-05-21T20:08:30.1362505+08:00	0x04	0.7225	-0.2830	-0.1732	-0.6065	242.40	155.49	282.97
2026-05-21T20:08:30.3367789+08:00	0x02	-0.8317	0.0913	0.3498	-0.4214	215.41	238.72	39.58
2026-05-21T20:08:30.4362763+08:00	0x03	-0.4388	0.2694	0.1902	0.8359	8.55	31.10	303.28
2026-05-21T20:08:30.4559591+08:00	0x01	-0.5401	-0.0390	0.4241	-0.7259	275.67	315.85	54.80
2026-05-21T20:08:30.6036193+08:00	0x04	0.7071	-0.3057	-0.1823	-0.6110	252.40	148.23	282.71
2026-05-21T20:08:30.8312156+08:00	0x04	0.7058	-0.3063	-0.1810	-0.6126	253.67	146.90	282.68
2026-05-21T20:08:30.8471031+08:00	0x02	-0.8359	0.0809	0.3465	-0.4180	213.68	237.60	39.99
2026-05-21T20:08:30.9897635+08:00	0x03	-0.4427	0.2709	0.1994	0.8312	9.83	30.70	302.43
2026-05-21T20:08:31.3868045+08:00	0x04	0.6925	-0.3143	-0.2085	-0.6150	255.56	148.03	280.64
2026-05-21T20:08:31.4254678+08:00	0x02	-0.8262	0.0701	0.3754	-0.4143	213.42	241.07	39.19
2026-05-21T20:08:31.4726757+08:00	0x03	-0.4503	0.2731	0.2201	0.8211	13.07	29.33	300.71
2026-05-21T20:08:31.5091054+08:00	0x01	-0.5242	-0.0609	0.4491	-0.7210	274.62	319.17	54.16
2026-05-21T20:08:31.7464931+08:00	0x03	-0.4502	0.2879	0.2493	0.8077	16.96	29.29	299.45
2026-05-21T20:08:31.9095676+08:00	0x04	0.6477	-0.3360	-0.2567	-0.6338	284.93	124.72	276.52
2026-05-21T20:08:32.0423314+08:00	0x02	-0.8276	0.0343	0.3858	-0.4064	209.03	240.82	40.25
2026-05-21T20:08:32.2198858+08:00	0x03	-0.4481	0.2868	0.2171	0.8185	11.05	32.34	300.91
2026-05-21T20:08:32.4872349+08:00	0x04	0.6739	-0.3210	-0.2262	-0.6258	265.94	139.72	278.62
2026-05-21T20:08:32.5203901+08:00	0x02	-0.8232	0.0783	0.3675	-0.4255	215.23	241.31	40.02
2026-05-21T20:08:32.5872824+08:00	0x01	-0.5575	-0.0484	0.4307	-0.7081	270.77	312.24	56.23
2026-05-21T20:08:32.7626505+08:00	0x03	-0.4500	0.2754	0.2187	0.8209	12.56	29.93	300.77
2026-05-21T20:08:33.0038804+08:00	0x04	0.6767	-0.3237	-0.2095	-0.6273	268.84	135.63	280.09
2026-05-21T20:08:33.0874095+08:00	0x02	-0.8328	0.0643	0.3578	-0.4175	212.26	238.67	40.50
2026-05-21T20:08:33.1595713+08:00	0x01	-0.5634	-0.0515	0.4288	-0.7043	269.73	311.23	56.90
2026-05-21T20:08:33.3055779+08:00	0x03	-0.4576	0.2701	0.2280	0.8159	14.66	28.06	299.56
2026-05-21T20:08:33.5699071+08:00	0x04	0.6759	-0.3228	-0.2149	-0.6267	267.90	136.96	279.62
2026-05-21T20:08:33.6046651+08:00	0x02	-0.8336	0.0596	0.3632	-0.4118	211.36	238.77	40.03
2026-05-21T20:08:33.6872367+08:00	0x01	-0.5631	-0.0522	0.4310	-0.7031	269.39	311.16	56.81
2026-05-21T20:08:33.8876368+08:00	0x03	-0.4651	0.2668	0.2261	0.8133	14.43	27.74	298.71
2026-05-21T20:08:34.0366074+08:00	0x04	0.6857	-0.3228	-0.1955	-0.6224	265.14	138.09	281.54
2026-05-21T20:08:34.1912735+08:00	0x02	-0.8467	0.0627	0.3376	-0.4065	209.91	234.66	40.25
2026-05-21T20:08:34.2612573+08:00	0x01	-0.5792	-0.0283	0.4195	-0.6984	267.63	306.26	56.38
2026-05-21T20:08:34.4342638+08:00	0x03	-0.4821	0.2434	0.2129	0.8143	14.14	24.63	297.29
2026-05-21T20:08:34.5715117+08:00	0x04	0.6924	-0.3264	-0.1786	-0.6182	264.43	137.71	283.43
2026-05-21T20:08:34.7076058+08:00	0x02	-0.8498	0.0637	0.3391	-0.3986	209.31	234.20	39.36
2026-05-21T20:08:34.7816757+08:00	0x01	-0.5823	-0.0273	0.4270	-0.6913	265.62	304.89	55.93
2026-05-21T20:08:35.0175552+08:00	0x03	-0.4715	0.2629	0.2243	0.8113	14.33	27.27	298.00
2026-05-21T20:08:35.1392428+08:00	0x04	0.6629	-0.3489	-0.2054	-0.6298	280.21	126.21	281.95
2026-05-21T20:08:35.2701823+08:00	0x02	-0.8387	0.0424	0.3609	-0.4057	208.61	237.32	40.53
2026-05-21T20:08:35.3453063+08:00	0x01	-0.5649	-0.0533	0.4394	-0.6964	267.47	310.14	56.47
2026-05-21T20:08:35.5052574+08:00	0x03	-0.4730	0.2794	0.2377	0.8010	14.85	29.34	297.04
2026-05-21T20:08:35.6588726+08:00	0x04	0.6650	-0.3479	-0.2102	-0.6266	277.81	128.93	281.61
2026-05-21T20:08:35.7491803+08:00	0x02	-0.8381	0.0443	0.3601	-0.4074	208.96	237.42	40.61
2026-05-21T20:08:35.9170969+08:00	0x01	-0.5687	-0.0502	0.4396	-0.6934	266.55	308.97	56.39
2026-05-21T20:08:36.1036333+08:00	0x03	-0.4757	0.2760	0.2337	0.8018	14.35	29.15	296.89
2026-05-21T20:08:36.2254219+08:00	0x04	0.6656	-0.3460	-0.2077	-0.6279	277.92	128.43	281.64
2026-05-21T20:08:36.3854578+08:00	0x02	-0.8440	0.0418	0.3532	-0.4015	207.72	235.79	40.40
2026-05-21T20:08:36.4426032+08:00	0x01	-0.5737	-0.0476	0.4342	-0.6929	266.30	307.95	56.76
2026-05-21T20:08:36.6412188+08:00	0x03	-0.4728	0.2783	0.2299	0.8039	13.38	30.03	297.37
2026-05-21T20:08:36.7432084+08:00	0x04	0.6616	-0.3473	-0.2149	-0.6289	279.65	127.44	281.07
2026-05-21T20:08:36.8263209+08:00	0x02	-0.8421	0.0351	0.3580	-0.4018	207.21	236.31	40.66
2026-05-21T20:08:37.0050357+08:00	0x01	-0.5696	-0.0573	0.4391	-0.6925	266.37	309.30	57.05
2026-05-21T20:08:37.1862222+08:00	0x03	-0.4746	0.2757	0.2516	0.7971	18.25	26.79	296.44
2026-05-21T20:08:37.3513987+08:00	0x04	0.6620	-0.3309	-0.2392	-0.6285	273.78	133.89	277.92
2026-05-21T20:08:37.3660757+08:00	0x02	-0.8396	0.0255	0.3655	-0.4011	206.40	237.05	40.92
2026-05-21T20:08:37.4876544+08:00	0x01	-0.5677	-0.0647	0.4449	-0.6897	265.73	309.86	57.20
2026-05-21T20:08:37.7216159+08:00	0x03	-0.4785	0.2695	0.2652	0.7925	22.04	23.60	295.66
2026-05-21T20:08:37.8892717+08:00	0x04	0.6636	-0.3259	-0.2495	-0.6254	267.48	140.63	276.92
2026-05-21T20:08:37.9268552+08:00	0x02	-0.8396	0.0222	0.3687	-0.3984	205.91	237.17	40.73
2026-05-21T20:08:38.0164291+08:00	0x01	-0.5641	-0.0697	0.4433	-0.6931	266.86	311.26	57.54
2026-05-21T20:08:38.2513488+08:00	0x03	-0.4724	0.2690	0.2748	0.7931	24.29	22.23	296.22
2026-05-21T20:08:38.4222417+08:00	0x04	0.6211	-0.3247	-0.2716	-0.6596	330.91	79.02	275.31
2026-05-21T20:08:38.4933392+08:00	0x02	-0.8314	-0.0038	0.3964	-0.3893	203.46	239.76	40.57
2026-05-21T20:08:38.5746547+08:00	0x01	-0.5551	-0.0878	0.4609	-0.6868	265.60	313.28	57.51
2026-05-21T20:08:38.7438471+08:00	0x03	-0.4658	0.2741	0.2808	0.7931	24.96	22.62	296.78
2026-05-21T20:08:38.8887441+08:00	0x04	0.6146	-0.3623	-0.2572	-0.6518	315.58	96.56	279.04
2026-05-21T20:08:39.1199410+08:00	0x02	-0.6737	-0.0636	0.5444	-0.4957	222.21	277.15	47.49
2026-05-21T20:08:39.3268708+08:00	0x03	-0.4774	0.3184	0.2544	0.7785	12.53	36.50	295.15
2026-05-21T20:08:39.4082334+08:00	0x04	0.6244	-0.3791	-0.2738	-0.6256	298.24	116.91	278.54
2026-05-21T20:08:39.5935523+08:00	0x02	-0.6791	-0.0619	0.5404	-0.4930	221.55	275.94	47.42
2026-05-21T20:08:39.6716346+08:00	0x01	-0.5554	-0.0873	0.4604	-0.6870	265.64	313.22	57.51
2026-05-21T20:08:39.8101927+08:00	0x03	-0.4921	0.3330	0.2804	0.7539	14.85	37.57	291.77
2026-05-21T20:08:39.9721667+08:00	0x04	0.6144	-0.3751	-0.3309	-0.6102	294.57	125.36	273.60
2026-05-21T20:08:40.1061186+08:00	0x02	-0.3645	-0.1859	0.7391	-0.5351	241.35	332.94	41.67
2026-05-21T20:08:40.2432551+08:00	0x01	-0.0422	-0.2778	0.6105	-0.7405	285.92	23.14	23.68
2026-05-21T20:08:40.3593163+08:00	0x03	-0.4762	0.3607	0.2672	0.7562	8.53	45.46	294.10
2026-05-21T20:08:40.5547286+08:00	0x04	0.6217	-0.3574	-0.3606	-0.5964	203.16	217.87	272.07
2026-05-21T20:08:40.7103048+08:00	0x02	-0.0534	-0.1938	0.9723	-0.1191	193.24	356.41	22.92
2026-05-21T20:08:40.8613345+08:00	0x01	0.1067	-0.3863	0.8424	-0.3601	237.32	34.01	35.03
2026-05-21T20:08:41.0773176+08:00	0x04	0.6357	-0.3441	-0.3765	-0.5795	180.67	240.67	275.26
2026-05-21T20:08:41.2556836+08:00	0x02	-0.0386	-0.1511	0.9857	-0.0633	186.82	356.57	17.62
2026-05-21T20:08:41.3387804+08:00	0x01	0.1122	-0.3576	0.8643	-0.3354	231.81	31.10	32.88
2026-05-21T20:08:41.4938480+08:00	0x03	-0.5056	0.3537	0.2722	0.7383	7.42	46.00	290.08
2026-05-21T20:08:41.6462300+08:00	0x04	0.6618	-0.3099	-0.4078	-0.5474	170.15	251.23	282.23
2026-05-21T20:08:41.7765764+08:00	0x02	-0.4288	-0.2583	0.5727	-0.6492	267.40	342.65	58.49
2026-05-21T20:08:41.9063518+08:00	0x01	-0.3108	-0.2086	0.4476	-0.8121	304.20	4.80	43.76
2026-05-21T20:08:42.0222637+08:00	0x03	-0.4988	0.3501	0.2761	0.7432	9.93	43.58	290.81
2026-05-21T20:08:42.1590495+08:00	0x04	0.6523	-0.3030	-0.4148	-0.5574	161.00	260.36	281.90
2026-05-21T20:08:42.3593261+08:00	0x02	-0.7898	-0.1324	0.4429	-0.4033	193.04	244.52	48.95
2026-05-21T20:08:42.4944848+08:00	0x03	-0.4867	0.3520	0.2824	0.7479	12.27	42.12	292.04
2026-05-21T20:08:42.7428146+08:00	0x04	0.6451	-0.3004	-0.4144	-0.5673	154.84	266.21	281.20
2026-05-21T20:08:43.0128763+08:00	0x02	-0.7995	-0.1210	0.4595	-0.3675	191.63	244.52	44.33
2026-05-21T20:08:43.0942595+08:00	0x01	-0.5027	-0.1730	0.4345	-0.7270	284.33	336.91	61.80
2026-05-21T20:08:43.1200793+08:00	0x03	-0.4864	0.3454	0.2787	0.7526	12.67	40.80	292.38
2026-05-21T20:08:43.2057659+08:00	0x04	0.6436	-0.3057	-0.4098	-0.5696	155.93	265.13	280.37
2026-05-21T20:08:43.4143870+08:00	0x01	-0.5107	-0.1914	0.4352	-0.7163	283.09	337.20	63.93
2026-05-21T20:08:43.5474164+08:00	0x02	-0.7844	-0.1274	0.4742	-0.3789	193.20	247.89	45.66
2026-05-21T20:08:43.6277436+08:00	0x03	-0.4558	0.3263	0.3138	0.7663	25.34	29.95	295.39
2026-05-21T20:08:43.8386482+08:00	0x04	0.3764	-0.2827	-0.5058	-0.7229	68.42	2.88	303.89
2026-05-21T20:08:43.9826649+08:00	0x02	-0.7847	-0.1251	0.4853	-0.3650	192.67	248.60	43.96
2026-05-21T20:08:44.2167544+08:00	0x03	-0.4567	0.3269	0.3128	0.7660	25.00	30.23	295.29
2026-05-21T20:08:44.3003457+08:00	0x04	0.3851	-0.2838	-0.5036	-0.7194	68.82	2.16	302.86
2026-05-21T20:08:44.5342381+08:00	0x02	-0.7583	-0.1370	0.5191	-0.3698	194.34	254.71	44.67
2026-05-21T20:08:44.7560422+08:00	0x03	0.0056	0.3449	0.4911	0.7999	56.76	36.17	340.74
2026-05-21T20:08:44.9374445+08:00	0x04	-0.0445	-0.1325	-0.9445	-0.2972	143.98	9.61	347.06
2026-05-21T20:08:45.0783547+08:00	0x01	-0.4629	-0.2829	0.4402	-0.7155	296.56	359.63	65.71
2026-05-21T20:08:45.3055556+08:00	0x03	-0.0109	0.3955	0.8227	0.4082	118.09	23.95	318.73
2026-05-21T20:08:45.3897465+08:00	0x04	-0.0075	-0.0328	-0.9988	0.0356	184.06	0.73	356.21
2026-05-21T20:08:45.5475033+08:00	0x01	-0.4576	-0.2910	0.4207	-0.7273	303.33	5.31	65.57
2026-05-21T20:08:45.6371754+08:00	0x02	-0.7158	-0.1577	0.5217	-0.4366	202.00	263.03	52.15
2026-05-21T20:08:45.8362642+08:00	0x03	-0.0431	0.3761	0.8879	0.2614	143.36	9.55	316.33
2026-05-21T20:08:45.9072571+08:00	0x04	-0.0099	-0.0255	-0.9883	0.1500	197.24	0.69	356.94
2026-05-21T20:08:46.1273021+08:00	0x01	-0.4533	-0.2953	0.4159	-0.7310	305.54	7.50	65.28
2026-05-21T20:08:46.3728753+08:00	0x03	-0.0499	0.3650	0.9018	0.2258	149.58	5.86	317.09
2026-05-21T20:08:46.4776658+08:00	0x04	-0.0145	-0.0281	-0.9708	0.2377	207.49	0.85	356.47
2026-05-21T20:08:46.7203710+08:00	0x02	-0.7099	-0.1600	0.5284	-0.4374	202.55	264.48	52.19
2026-05-21T20:08:46.9082165+08:00	0x03	-0.0579	0.3637	0.9054	0.2113	152.22	3.83	316.92
2026-05-21T20:08:47.0566726+08:00	0x04	-0.0127	-0.0260	-0.9487	0.3150	216.72	0.44	356.72
2026-05-21T20:08:47.2169947+08:00	0x01	-0.4514	-0.3000	0.4088	-0.7342	308.08	9.82	65.26
2026-05-21T20:08:47.4571005+08:00	0x03	-0.0645	0.3607	0.9084	0.2011	154.17	2.19	317.05
2026-05-21T20:08:47.6771320+08:00	0x04	-0.0077	-0.0268	-0.9304	0.3654	222.89	359.69	356.82
2026-05-21T20:08:47.7368045+08:00	0x01	-0.4589	-0.2825	0.4057	-0.7382	306.30	6.09	65.07
2026-05-21T20:08:47.7614199+08:00	0x02	-0.7028	-0.1650	0.5189	-0.4577	204.79	265.81	54.55
2026-05-21T20:08:47.9899661+08:00	0x03	-0.1948	0.4341	0.8229	0.3106	141.50	354.69	303.33
2026-05-21T20:08:48.1426677+08:00	0x04	0.0238	-0.3113	-0.7921	0.5245	253.16	335.66	332.09
2026-05-21T20:08:48.3323139+08:00	0x01	-0.3307	-0.1388	0.3796	-0.8528	311.59	358.90	42.03
2026-05-21T20:08:48.5293678+08:00	0x03	-0.2508	0.4652	0.7935	0.3017	147.49	345.11	297.17
2026-05-21T20:08:48.6763160+08:00	0x04	0.0947	-0.2731	-0.7856	0.5471	254.53	331.75	341.01
2026-05-21T20:08:48.7754683+08:00	0x01	-0.3026	-0.0364	0.3989	-0.8649	306.74	347.64	33.53
2026-05-21T20:08:48.9574837+08:00	0x02	-0.7332	-0.3415	0.5746	-0.1249	154.09	247.84	35.14
2026-05-21T20:08:49.0740158+08:00	0x03	-0.2986	0.4961	0.7673	0.2756	160.39	330.72	292.19
2026-05-21T20:08:49.2533305+08:00	0x04	-0.0592	-0.4583	-0.5410	0.7026	300.00	314.64	324.61
2026-05-21T20:08:49.4129348+08:00	0x01	-0.3613	0.0389	0.4953	-0.7891	287.05	330.32	32.12
2026-05-21T20:08:49.4745574+08:00	0x02	-0.7869	-0.3018	0.5309	-0.0888	154.61	241.73	27.40
2026-05-21T20:08:49.6582605+08:00	0x03	-0.3020	0.4992	0.7685	0.2626	164.32	327.67	292.19
2026-05-21T20:08:49.8103802+08:00	0x04	-0.0987	-0.5215	-0.3825	0.7563	325.34	301.47	326.76
2026-05-21T20:08:49.8625310+08:00	0x01	-0.3625	0.0445	0.4981	-0.7865	286.46	329.55	31.73
2026-05-21T20:08:49.9534100+08:00	0x02	-0.7841	-0.3030	0.5352	-0.0832	154.31	242.35	27.05
2026-05-21T20:08:50.2005420+08:00	0x03	-0.3042	0.4939	0.7709	0.2631	164.27	327.41	292.85
2026-05-21T20:08:50.3369020+08:00	0x04	-0.1014	-0.5301	-0.3890	0.7466	325.03	300.36	325.68
2026-05-21T20:08:50.4502284+08:00	0x01	-0.3638	0.0498	0.4988	-0.7851	286.18	328.87	31.44
2026-05-21T20:08:50.5240684+08:00	0x02	-0.7836	-0.3042	0.5356	-0.0818	154.11	242.39	27.00
2026-05-21T20:08:50.7429992+08:00	0x03	-0.3039	0.4913	0.7726	0.2635	164.00	327.65	293.19
2026-05-21T20:08:50.9196950+08:00	0x04	-0.1047	-0.5318	-0.3998	0.7392	323.92	300.42	324.55
2026-05-21T20:08:51.0455297+08:00	0x02	-0.7836	-0.3041	0.5356	-0.0818	154.12	242.39	27.00
2026-05-21T20:08:51.3301241+08:00	0x03	-0.2502	0.4770	0.7647	0.3537	134.26	353.87	294.97
2026-05-21T20:08:51.5320086+08:00	0x04	0.1795	-0.3892	-0.8088	0.4027	244.78	316.34	330.99
2026-05-21T20:08:51.5456148+08:00	0x01	-0.3638	0.0496	0.4987	-0.7852	286.19	328.89	31.45
2026-05-21T20:08:51.6287922+08:00	0x02	-0.2881	-0.3898	0.8531	0.1928	138.32	309.55	33.64
2026-05-21T20:08:51.8131764+08:00	0x03	-0.2909	0.4155	0.7668	0.3935	133.66	346.22	299.99
2026-05-21T20:08:52.0577874+08:00	0x01	-0.3183	-0.5107	0.7254	-0.3342	212.04	336.38	72.49
2026-05-21T20:08:52.1363654+08:00	0x02	-0.3290	-0.4336	0.7605	0.3541	114.37	296.78	25.24
2026-05-21T20:08:52.3662990+08:00	0x03	-0.2603	0.4350	0.7545	0.4170	124.22	356.47	299.15
2026-05-21T20:08:52.6244257+08:00	0x01	-0.3175	-0.4829	0.7420	-0.3396	213.08	336.65	68.81
2026-05-21T20:08:52.7326634+08:00	0x02	-0.3048	-0.4198	0.7843	0.3403	117.78	301.16	26.81
2026-05-21T20:08:52.9075175+08:00	0x03	-0.2203	0.4343	0.7122	0.5056	101.90	13.42	302.72
2026-05-21T20:08:53.1909630+08:00	0x04	0.1704	-0.3957	-0.8016	0.4147	246.78	316.28	330.46
2026-05-21T20:08:53.2978548+08:00	0x02	-0.2171	-0.4138	0.8702	0.1558	143.49	318.01	40.74
2026-05-21T20:08:53.3908767+08:00	0x01	-0.2287	-0.5142	0.6817	-0.4675	265.17	24.76	66.20
2026-05-21T20:08:53.4922671+08:00	0x03	-0.2230	0.4360	0.6988	0.5214	98.11	15.37	302.66
2026-05-21T20:08:53.7251389+08:00	0x01	-0.2326	-0.5214	0.6700	-0.4744	269.11	27.74	66.85
2026-05-21T20:08:53.7968626+08:00	0x02	-0.2449	-0.4024	0.8506	0.2336	133.64	312.61	34.76
2026-05-21T20:08:54.0252950+08:00	0x03	-0.2219	0.4345	0.6968	0.5258	97.33	15.75	302.98
2026-05-21T20:08:54.2922915+08:00	0x04	0.0952	-0.1613	-0.9067	0.3779	227.23	342.42	347.26
2026-05-21T20:08:54.3092332+08:00	0x01	-0.2291	-0.5225	0.6674	-0.4786	270.60	29.12	66.46
2026-05-21T20:08:54.5619471+08:00	0x03	-0.2215	0.4331	0.6953	0.5290	96.82	15.93	303.21
2026-05-21T20:08:54.8592415+08:00	0x04	0.1017	-0.1445	-0.8904	0.4195	232.02	342.12	350.10
2026-05-21T20:08:54.8955787+08:00	0x01	-0.2274	-0.5210	0.6701	-0.4772	269.77	28.55	66.26
2026-05-21T20:08:55.1063765+08:00	0x03	-0.2222	0.4251	0.6952	0.5354	96.71	15.15	304.01
2026-05-21T20:08:55.3264154+08:00	0x04	0.1084	-0.1372	-0.8793	0.4430	234.84	341.60	351.65
2026-05-21T20:08:55.6417012+08:00	0x03	-0.2236	0.4191	0.6940	0.5410	96.41	14.63	304.55
2026-05-21T20:08:55.6643017+08:00	0x02	-0.3143	-0.3394	0.7846	0.4127	116.48	306.48	15.85
2026-05-21T20:08:55.9425166+08:00	0x02	-0.3170	-0.3339	0.7777	0.4280	115.08	306.48	14.36
2026-05-21T20:08:55.9655107+08:00	0x04	0.1083	-0.1285	-0.8773	0.4495	235.42	342.05	352.64
2026-05-21T20:08:56.1757937+08:00	0x03	-0.2285	0.4087	0.6883	0.5540	95.16	13.83	305.33
2026-05-21T20:08:56.4257115+08:00	0x04	0.1067	-0.1236	-0.8756	0.4546	235.94	342.46	353.15
2026-05-21T20:08:56.5614096+08:00	0x02	-0.3210	-0.3261	0.7725	0.4402	114.20	306.58	12.78
2026-05-21T20:08:56.7661604+08:00	0x03	-0.2280	0.4072	0.6875	0.5564	94.86	13.90	305.56
2026-05-21T20:08:57.0264991+08:00	0x02	-0.3362	-0.3264	0.7576	0.4543	112.39	304.83	10.90
2026-05-21T20:08:57.0582212+08:00	0x04	0.1148	-0.1289	-0.8710	0.4600	236.81	341.28	353.17
2026-05-21T20:08:57.3133533+08:00	0x03	-0.2528	0.3870	0.6811	0.5678	95.50	9.43	305.48
2026-05-21T20:08:57.5259321+08:00	0x04	0.1118	-0.1286	-0.8702	0.4622	237.07	341.59	353.08
2026-05-21T20:08:57.6297597+08:00	0x01	-0.2398	-0.5287	0.6540	-0.4851	274.45	31.44	67.54
2026-05-21T20:08:57.8466963+08:00	0x03	-0.2406	0.3930	0.6855	0.5637	95.45	11.12	305.89
2026-05-21T20:08:58.0931273+08:00	0x04	0.1036	-0.1305	-0.8691	0.4657	237.53	342.29	352.52
2026-05-21T20:08:58.2311140+08:00	0x02	-0.3481	-0.3114	0.7386	0.4861	109.63	304.60	6.98
2026-05-21T20:08:58.3763017+08:00	0x03	-0.2349	0.3984	0.6842	0.5639	94.55	12.60	305.89
2026-05-21T20:08:58.6113335+08:00	0x04	0.1047	-0.1379	-0.8663	0.4686	238.13	341.72	351.91
2026-05-21T20:08:58.7264627+08:00	0x01	-0.2326	-0.5271	0.6549	-0.4890	274.91	32.10	66.62
2026-05-21T20:08:58.9215520+08:00	0x03	-0.2369	0.3972	0.6853	0.5626	95.04	12.06	305.82
2026-05-21T20:08:59.0764367+08:00	0x04	0.0947	-0.1344	-0.8675	0.4694	238.08	342.93	351.70
2026-05-21T20:08:59.2062235+08:00	0x01	-0.2321	-0.5244	0.6569	-0.4894	274.17	31.34	66.38
2026-05-21T20:08:59.3287670+08:00	0x02	-0.3487	-0.3052	0.7361	0.4934	109.19	305.01	6.04
2026-05-21T20:08:59.4723350+08:00	0x03	-0.2284	0.4108	0.6854	0.5562	94.36	14.45	305.20
2026-05-21T20:08:59.7107243+08:00	0x04	0.0916	-0.1351	-0.8671	0.4707	238.25	343.19	351.49
2026-05-21T20:08:59.8214290+08:00	0x01	-0.2311	-0.5245	0.6582	-0.4881	273.82	31.21	66.36
2026-05-21T20:09:00.0587261+08:00	0x03	-0.2266	0.4113	0.6853	0.5566	94.18	14.76	305.31
2026-05-21T20:09:00.2854625+08:00	0x04	0.0915	-0.1344	-0.8666	0.4718	238.38	343.23	351.57
2026-05-21T20:09:00.3014184+08:00	0x01	-0.2291	-0.5262	0.6583	-0.4871	274.05	31.73	66.35
2026-05-21T20:09:00.4135367+08:00	0x02	-0.3508	-0.3055	0.7388	0.4876	109.87	304.79	6.28
2026-05-21T20:09:00.5906739+08:00	0x03	-0.2188	0.4204	0.6843	0.5542	93.21	16.82	305.13
2026-05-21T20:09:00.7424468+08:00	0x04	0.1362	-0.1633	-0.8390	0.5008	243.30	336.68	352.09
2026-05-21T20:09:00.8610889+08:00	0x01	-0.1743	-0.5361	0.6743	-0.4770	273.76	37.19	62.78
2026-05-21T20:09:01.1220680+08:00	0x03	-0.1563	0.4047	0.7554	0.4911	107.17	14.50	310.10
2026-05-21T20:09:01.3759285+08:00	0x04	0.1349	-0.1625	-0.8399	0.4999	243.15	336.87	352.06
2026-05-21T20:09:01.4146278+08:00	0x01	-0.1286	-0.4367	0.8033	-0.3839	237.31	12.40	53.17
2026-05-21T20:09:01.6601700+08:00	0x03	-0.1304	0.3566	0.8108	0.4455	118.99	8.49	316.01
2026-05-21T20:09:01.9472535+08:00	0x04	0.0590	-0.1306	-0.6119	0.7779	284.17	343.98	356.10
2026-05-21T20:09:01.9729956+08:00	0x01	-0.1248	-0.4199	0.8204	-0.3674	232.85	9.56	51.33
2026-05-21T20:09:02.1598927+08:00	0x03	-0.1252	0.3624	0.8096	0.4444	118.56	9.60	315.73
2026-05-21T20:09:02.4594434+08:00	0x04	0.0575	-0.0975	-0.6114	0.7832	284.24	347.11	358.33
2026-05-21T20:09:02.5443193+08:00	0x02	-0.3508	-0.3055	0.7387	0.4877	109.85	304.79	6.27
2026-05-21T20:09:02.6022815+08:00	0x01	-0.1137	-0.4187	0.8228	-0.3671	233.26	10.92	50.58
2026-05-21T20:09:02.7418039+08:00	0x03	-0.1051	0.3574	0.8217	0.4314	120.44	10.62	317.32
2026-05-21T20:09:02.9297658+08:00	0x04	-0.0088	-0.0519	-0.7860	0.6160	256.31	357.11	354.70
2026-05-21T20:09:03.0424971+08:00	0x01	0.0645	-0.4467	0.7636	-0.4617	257.11	40.77	38.52
2026-05-21T20:09:03.2319711+08:00	0x03	0.0292	0.3387	0.7287	0.5945	94.12	30.08	332.68
2026-05-21T20:09:03.5098398+08:00	0x04	-0.0068	-0.0534	-0.7814	0.6217	257.16	356.79	354.73
2026-05-21T20:09:03.5277939+08:00	0x01	0.0591	-0.4462	0.7659	-0.4592	256.60	40.07	38.99
2026-05-21T20:09:03.6375439+08:00	0x02	-0.2441	-0.1171	0.6216	0.7350	83.65	330.87	347.69
2026-05-21T20:09:03.7661307+08:00	0x03	0.0252	0.3395	0.7321	0.5900	94.75	29.67	332.13
2026-05-21T20:09:04.0398062+08:00	0x04	-0.0472	-0.0455	-0.9978	-0.0130	178.26	5.50	354.86
2026-05-21T20:09:04.0398062+08:00	0x01	0.1954	-0.3811	0.6117	-0.6652	280.32	49.67	11.90
2026-05-21T20:09:04.2194261+08:00	0x02	-0.0184	-0.2077	0.9288	-0.3063	217.71	5.82	23.39
2026-05-21T20:09:04.3634638+08:00	0x03	0.1124	0.3328	0.5808	0.7344	72.08	39.43	347.21
2026-05-21T20:09:04.5978194+08:00	0x04	-0.0752	-0.1203	-0.8378	-0.5272	114.73	14.76	352.97
2026-05-21T20:09:04.6105292+08:00	0x01	0.2693	-0.3517	0.5630	-0.6977	282.77	52.58	1.16
2026-05-21T20:09:04.7317634+08:00	0x02	0.1481	-0.2647	0.6908	-0.6563	270.10	34.08	9.87
2026-05-21T20:09:04.8693347+08:00	0x03	0.2276	0.2563	0.5167	0.7846	68.65	39.80	5.30
2026-05-21T20:09:05.1278853+08:00	0x01	0.3477	-0.2990	0.5564	-0.6929	278.09	54.13	351.42
2026-05-21T20:09:05.2142706+08:00	0x04	-0.1852	-0.0920	-0.6127	-0.7628	79.44	21.88	9.78
2026-05-21T20:09:05.4307664+08:00	0x03	0.2381	0.2589	0.5155	0.7814	69.07	40.82	6.03
2026-05-21T20:09:05.7003152+08:00	0x01	0.3556	-0.3294	0.5871	-0.6484	273.32	57.89	355.74
2026-05-21T20:09:05.7942561+08:00	0x04	-0.2031	-0.0675	-0.4958	-0.8417	63.71	19.12	15.96
2026-05-21T20:09:05.9649297+08:00	0x03	0.2515	0.2709	0.5153	0.7732	69.85	43.02	6.30
2026-05-21T20:09:06.2797318+08:00	0x01	0.3538	-0.3383	0.5974	-0.6353	272.06	58.58	357.40
2026-05-21T20:09:06.5112986+08:00	0x03	0.2521	0.2736	0.5149	0.7723	69.84	43.34	6.18
2026-05-21T20:09:06.7780033+08:00	0x04	-0.2136	-0.0526	-0.4008	-0.8894	51.38	16.34	19.74
2026-05-21T20:09:06.8668936+08:00	0x02	0.1794	-0.2500	0.6879	-0.6573	269.38	35.37	6.20
2026-05-21T20:09:06.9999806+08:00	0x03	0.2498	0.2737	0.5161	0.7723	69.85	43.17	5.93
2026-05-21T20:09:07.3518529+08:00	0x04	-0.2181	-0.0323	-0.3019	-0.9275	38.47	11.99	22.64
2026-05-21T20:09:07.3824884+08:00	0x02	0.1852	-0.2734	0.7138	-0.6176	264.90	37.60	9.30
2026-05-21T20:09:07.5363683+08:00	0x03	0.2440	0.2702	0.5145	0.7764	69.31	42.38	5.79
2026-05-21T20:09:07.8798838+08:00	0x04	-0.2097	-0.0224	-0.2599	-0.9423	32.72	9.42	22.56
2026-05-21T20:09:07.9356271+08:00	0x01	0.3499	-0.3392	0.6072	-0.6276	271.02	58.32	358.43
2026-05-21T20:09:08.0609648+08:00	0x03	0.2393	0.2702	0.5128	0.7789	68.83	42.03	5.48
2026-05-21T20:09:08.4465749+08:00	0x04	-0.2047	-0.0185	-0.2336	-0.9504	29.23	8.13	22.37
2026-05-21T20:09:08.4615319+08:00	0x01	0.3486	-0.3431	0.6021	-0.6311	271.83	58.55	358.46
2026-05-21T20:09:08.6330752+08:00	0x03	0.2387	0.2712	0.5133	0.7784	68.87	42.08	5.35
2026-05-21T20:09:08.9618211+08:00	0x04	-0.2046	-0.0152	-0.2131	-0.9553	26.59	7.23	22.61
2026-05-21T20:09:09.0310648+08:00	0x01	0.3473	-0.3487	0.5949	-0.6355	272.92	58.96	358.48
2026-05-21T20:09:09.1487174+08:00	0x03	0.2362	0.2706	0.5155	0.7779	69.01	41.85	5.07
2026-05-21T20:09:09.5562708+08:00	0x04	-0.2008	-0.0163	-0.1930	-0.9603	24.06	6.75	22.29
2026-05-21T20:09:09.6951923+08:00	0x03	0.2303	0.2741	0.5183	0.7767	69.04	41.78	4.22
2026-05-21T20:09:10.1160983+08:00	0x04	-0.1960	-0.0202	-0.1877	-0.9623	23.41	6.95	21.69
2026-05-21T20:09:10.1406259+08:00	0x01	0.3398	-0.3531	0.5928	-0.6391	273.80	58.69	359.10
2026-05-21T20:09:10.2853616+08:00	0x03	0.2261	0.2777	0.5147	0.7790	68.37	41.83	3.81
2026-05-21T20:09:10.6215299+08:00	0x02	0.1824	-0.2753	0.7155	-0.6156	264.73	37.50	9.75
2026-05-21T20:09:10.6446625+08:00	0x04	-0.2023	-0.0260	-0.1903	-0.9603	23.97	7.89	22.25
2026-05-21T20:09:10.7512846+08:00	0x03	0.2272	0.2859	0.5198	0.7723	69.09	42.75	3.07
2026-05-21T20:09:11.1299512+08:00	0x02	0.1069	-0.2060	0.8522	-0.4689	240.59	22.82	14.53
2026-05-21T20:09:11.2002410+08:00	0x04	-0.2080	-0.0443	-0.2136	-0.9535	27.37	10.78	22.19
2026-05-21T20:09:11.3079475+08:00	0x03	0.2266	0.3090	0.5297	0.7567	70.35	45.06	0.89
2026-05-21T20:09:11.4106458+08:00	0x01	0.1686	-0.3658	0.7892	-0.4636	250.52	41.87	24.90
2026-05-21T20:09:11.7126321+08:00	0x02	0.0106	-0.0242	0.9866	0.1607	161.52	0.76	2.93
2026-05-21T20:09:11.7455443+08:00	0x04	-0.2106	-0.0433	-0.2098	-0.9538	26.95	10.67	22.56
2026-05-21T20:09:11.8438870+08:00	0x03	0.2311	0.3089	0.5274	0.7570	70.31	45.36	1.38
2026-05-21T20:09:12.3036755+08:00	0x04	-0.2096	-0.0427	-0.2050	-0.9551	26.31	10.45	22.52
2026-05-21T20:09:12.3824589+08:00	0x03	0.2299	0.3079	0.5258	0.7588	70.04	45.18	1.44
2026-05-21T20:09:12.8060893+08:00	0x02	-0.0708	0.0522	0.9555	0.2816	147.59	353.86	351.98
2026-05-21T20:09:12.8792894+08:00	0x01	0.1451	-0.3283	0.8305	-0.4260	242.29	35.04	24.94
2026-05-21T20:09:13.3809308+08:00	0x02	-0.0161	-0.0012	0.9762	-0.2161	204.96	358.22	0.54
2026-05-21T20:09:13.3988821+08:00	0x04	-0.2034	-0.0483	-0.1988	-0.9575	25.53	10.76	21.73
2026-05-21T20:09:13.4478740+08:00	0x03	0.2226	0.3114	0.5204	0.7633	68.94	45.00	0.91
2026-05-21T20:09:13.8662773+08:00	0x04	-0.1991	-0.0532	-0.2103	-0.9557	26.95	11.45	20.99
2026-05-21T20:09:14.0241905+08:00	0x01	0.3102	-0.3543	0.6380	-0.6093	269.63	56.07	4.25
2026-05-21T20:09:14.0466504+08:00	0x03	0.2107	0.3127	0.5302	0.7594	69.57	44.30	359.34
2026-05-21T20:09:14.3652183+08:00	0x02	-0.0191	0.0008	0.9789	-0.2036	203.49	357.84	0.35
2026-05-21T20:09:14.3884655+08:00	0x04	-0.1928	-0.0521	-0.2010	-0.9590	25.64	10.92	20.41
2026-05-21T20:09:14.5453941+08:00	0x01	0.3274	-0.3467	0.5792	-0.6611	276.58	56.95	358.20
2026-05-21T20:09:14.9467478+08:00	0x04	-0.1885	-0.0546	-0.1961	-0.9607	25.01	10.96	19.92
2026-05-21T20:09:15.1343377+08:00	0x01	0.3176	-0.3534	0.5743	-0.6666	277.97	56.74	359.00
2026-05-21T20:09:15.4795049+08:00	0x04	-0.1804	-0.0510	-0.1999	-0.9617	25.23	10.38	19.06
2026-05-21T20:09:15.6038392+08:00	0x01	0.3077	-0.3534	0.5767	-0.6693	278.37	55.88	359.76
2026-05-21T20:09:15.6583906+08:00	0x03	0.1990	0.3003	0.5205	0.7741	67.74	42.23	359.74
2026-05-21T20:09:15.9452509+08:00	0x04	-0.1753	-0.0489	-0.2004	-0.9627	25.16	9.99	18.54
2026-05-21T20:09:16.0293680+08:00	0x02	0.1581	-0.2512	0.6680	-0.6824	273.32	33.93	6.88
2026-05-21T20:09:16.1133221+08:00	0x01	0.2993	-0.3529	0.5778	-0.6723	278.81	55.12	0.30
2026-05-21T20:09:16.2086448+08:00	0x03	0.1937	0.2960	0.5188	0.7783	67.25	41.44	359.67
2026-05-21T20:09:16.5129177+08:00	0x04	-0.1838	-0.0558	-0.2129	-0.9580	26.98	11.30	19.18
2026-05-21T20:09:16.5468267+08:00	0x02	0.0388	-0.1903	0.9001	-0.3900	228.99	13.28	18.20
2026-05-21T20:09:16.6840524+08:00	0x01	0.2085	-0.3583	0.7266	-0.5479	261.41	46.67	16.99
2026-05-21T20:09:16.7472111+08:00	0x03	0.2027	0.3101	0.5313	0.7619	69.30	43.48	358.82
2026-05-21T20:09:17.1179660+08:00	0x02	0.0415	-0.1935	0.8952	-0.3993	230.33	13.94	18.26
2026-05-21T20:09:17.1543677+08:00	0x04	-0.1814	-0.0560	-0.2203	-0.9568	27.82	11.40	18.82
2026-05-21T20:09:17.2716384+08:00	0x03	0.2002	0.3094	0.5320	0.7623	69.28	43.23	358.62
2026-05-21T20:09:17.6472909+08:00	0x02	-0.0618	-0.0292	0.9951	0.0709	171.67	352.69	2.83
2026-05-21T20:09:17.6670763+08:00	0x01	0.1442	-0.2926	0.8223	-0.4662	245.15	32.94	20.29
2026-05-21T20:09:17.8087507+08:00	0x03	0.1927	0.3103	0.5316	0.7642	68.85	42.81	357.98
2026-05-21T20:09:18.2173312+08:00	0x02	-0.1218	0.0455	0.9580	0.2555	151.06	347.73	351.41
2026-05-21T20:09:18.2424498+08:00	0x04	-0.1786	-0.0591	-0.2168	-0.9579	27.40	11.59	18.46
2026-05-21T20:09:18.4193146+08:00	0x03	0.1977	0.3121	0.5236	0.7677	68.06	43.35	358.67
2026-05-21T20:09:18.7112414+08:00	0x04	-0.1831	-0.0598	-0.2101	-0.9585	26.69	11.69	19.01
2026-05-21T20:09:18.7822192+08:00	0x02	-0.1772	0.0705	0.9205	0.3411	141.47	343.30	345.48
2026-05-21T20:09:18.8812569+08:00	0x03	0.2009	0.3117	0.5186	0.7704	67.58	43.52	359.22
2026-05-21T20:09:19.2668412+08:00	0x04	-0.1813	-0.0579	-0.2067	-0.9597	26.21	11.35	18.91
2026-05-21T20:09:19.3178217+08:00	0x02	-0.1956	0.0758	0.9169	0.3395	141.96	341.38	344.23
2026-05-21T20:09:19.4846485+08:00	0x03	0.1952	0.3082	0.5201	0.7723	67.49	42.79	358.90
2026-05-21T20:09:19.7856005+08:00	0x04	-0.1771	-0.0569	-0.2092	-0.9600	26.40	11.14	18.44
2026-05-21T20:09:19.8578404+08:00	0x01	0.1323	-0.2786	0.8401	-0.4461	241.52	30.18	20.50
2026-05-21T20:09:20.0298782+08:00	0x03	0.1933	0.3054	0.5197	0.7741	67.35	42.36	358.96
2026-05-21T20:09:20.3629773+08:00	0x04	-0.1769	-0.0578	-0.2105	-0.9597	26.57	11.27	18.37
2026-05-21T20:09:20.4018794+08:00	0x02	-0.2038	0.0680	0.9131	0.3464	141.13	340.30	344.61
2026-05-21T20:09:20.5553054+08:00	0x03	0.1933	0.3065	0.5204	0.7732	67.44	42.48	358.85
2026-05-21T20:09:20.8834360+08:00	0x04	-0.1735	-0.0567	-0.2089	-0.9607	26.29	11.00	18.04
2026-05-21T20:09:20.9745137+08:00	0x02	-0.2017	0.0577	0.9077	0.3635	138.88	340.44	345.44
2026-05-21T20:09:21.1021679+08:00	0x03	0.1893	0.3030	0.5213	0.7750	67.36	41.85	358.71
2026-05-21T20:09:21.4642624+08:00	0x04	-0.1725	-0.0580	-0.2138	-0.9598	26.88	11.22	17.83
2026-05-21T20:09:21.5327433+08:00	0x01	0.1303	-0.2762	0.8501	-0.4291	239.13	29.41	20.96
2026-05-21T20:09:21.6304067+08:00	0x03	0.1880	0.3069	0.5239	0.7720	67.64	42.16	358.21
2026-05-21T20:09:21.9824568+08:00	0x04	-0.1755	-0.0610	-0.2141	-0.9590	27.04	11.66	18.09
2026-05-21T20:09:22.0680374+08:00	0x02	-0.2006	0.0497	0.8752	0.4375	129.38	341.42	344.78
2026-05-21T20:09:22.1644819+08:00	0x03	0.1912	0.3092	0.5214	0.7720	67.45	42.61	358.44
2026-05-21T20:09:22.4473983+08:00	0x04	-0.1852	-0.0623	-0.2164	-0.9565	27.55	12.18	19.11
2026-05-21T20:09:22.6445346+08:00	0x02	-0.1790	0.0563	0.7971	0.5740	110.51	346.64	342.83
2026-05-21T20:09:22.7716260+08:00	0x03	0.1940	0.3180	0.5250	0.7653	68.05	43.70	357.88
2026-05-21T20:09:23.0375181+08:00	0x04	-0.1905	-0.0719	-0.2173	-0.9546	27.96	13.49	19.42
2026-05-21T20:09:23.1663821+08:00	0x02	-0.1478	0.0633	0.7555	0.6351	101.14	351.43	343.54
2026-05-21T20:09:23.1813389+08:00	0x01	0.1241	-0.3096	0.8548	-0.3975	236.94	30.51	25.51
2026-05-21T20:09:23.2971153+08:00	0x03	0.1976	0.3227	0.5177	0.7674	67.28	44.44	358.23
2026-05-21T20:09:23.6597861+08:00	0x04	-0.1911	-0.0715	-0.2103	-0.9561	27.12	13.32	19.60
2026-05-21T20:09:23.7392253+08:00	0x02	-0.1463	0.0660	0.7492	0.6426	99.94	351.94	343.33
2026-05-21T20:09:23.7549658+08:00	0x01	0.1213	-0.3087	0.8534	-0.4022	237.46	30.28	25.42
2026-05-21T20:09:23.8311802+08:00	0x03	0.1971	0.3204	0.5157	0.7698	67.01	44.17	358.46
2026-05-21T20:09:24.1145295+08:00	0x04	-0.1878	-0.0700	-0.2174	-0.9553	27.88	13.18	19.17
2026-05-21T20:09:24.2655461+08:00	0x02	-0.1343	0.0755	0.8252	0.5434	114.42	351.67	344.30
2026-05-21T20:09:24.3361598+08:00	0x01	0.1279	-0.3098	0.8247	-0.4555	244.68	32.46	23.24
2026-05-21T20:09:24.4359191+08:00	0x03	0.1990	0.3223	0.5168	0.7678	67.24	44.50	358.42
2026-05-21T20:09:24.7469332+08:00	0x04	-0.1934	-0.0768	-0.2165	-0.9539	28.03	14.15	19.61
2026-05-21T20:09:24.8202066+08:00	0x02	-0.1347	0.0753	0.8231	0.5465	113.98	351.67	344.27
2026-05-21T20:09:24.9312179+08:00	0x03	0.1943	0.3269	0.5159	0.7676	66.89	44.66	357.76
2026-05-21T20:09:25.2190451+08:00	0x04	-0.1761	-0.0780	-0.2229	-0.9556	28.40	13.81	17.57
2026-05-21T20:09:25.4105360+08:00	0x02	-0.1040	0.0027	0.9901	-0.0944	190.81	348.08	0.81
2026-05-21T20:09:25.5213442+08:00	0x03	0.1716	0.3198	0.5222	0.7717	66.64	42.41	356.04
2026-05-21T20:09:25.7869032+08:00	0x04	-0.1520	-0.0756	-0.2285	-0.9586	28.49	12.81	14.89
2026-05-21T20:09:25.9203702+08:00	0x02	0.0241	-0.1790	0.8320	-0.5245	246.37	13.70	15.83
2026-05-21T20:09:25.9483382+08:00	0x01	0.2727	-0.3662	0.6031	-0.6541	277.14	54.19	4.87
2026-05-21T20:09:26.0482749+08:00	0x03	0.1605	0.3042	0.5185	0.7829	65.69	40.09	356.32
2026-05-21T20:09:26.3023215+08:00	0x04	-0.1453	-0.0717	-0.2144	-0.9632	26.61	11.94	14.43
2026-05-21T20:09:26.4023380+08:00	0x02	0.1097	-0.2721	0.7020	-0.6489	269.43	31.49	13.87
2026-05-21T20:09:26.5311815+08:00	0x01	0.2848	-0.3506	0.5613	-0.6935	281.99	53.70	359.92
2026-05-21T20:09:26.5774034+08:00	0x03	0.1568	0.2998	0.5271	0.7796	66.66	39.37	355.90
2026-05-21T20:09:26.8694717+08:00	0x04	-0.1377	-0.0573	-0.2640	-0.9529	32.24	10.78	13.42
2026-05-21T20:09:26.9159962+08:00	0x02	0.1272	-0.2798	0.6638	-0.6819	275.06	34.16	11.42
2026-05-21T20:09:27.0982584+08:00	0x01	0.2891	-0.3734	0.5522	-0.6871	282.88	56.36	0.87
2026-05-21T20:09:27.4025019+08:00	0x04	-0.1379	-0.0577	-0.2625	-0.9533	32.07	10.81	13.45
2026-05-21T20:09:27.4823970+08:00	0x02	0.1255	-0.2998	0.6641	-0.6732	275.09	35.88	13.25
2026-05-21T20:09:27.6145615+08:00	0x01	0.2961	-0.3898	0.5493	-0.6773	282.79	58.60	1.55
2026-05-21T20:09:27.9673538+08:00	0x04	-0.0658	0.0921	-0.8215	-0.5589	111.58	0.30	13.00
2026-05-21T20:09:28.0529586+08:00	0x02	0.1253	-0.3212	0.6763	-0.6510	273.22	37.63	15.74
2026-05-21T20:09:28.2026436+08:00	0x01	0.2983	-0.3936	0.5438	-0.6785	283.34	59.18	1.33
2026-05-21T20:09:28.2026436+08:00	0x03	0.1569	0.2999	0.5268	0.7797	66.63	39.39	355.91
2026-05-21T20:09:28.5365279+08:00	0x04	-0.0318	0.1032	-0.9328	0.3438	221.12	7.60	9.82
2026-05-21T20:09:28.6824475+08:00	0x02	0.1222	-0.3278	0.6752	-0.6494	273.48	38.03	16.49
2026-05-21T20:09:28.8001891+08:00	0x03	0.1337	0.2228	0.8186	0.5123	112.71	27.33	346.84
2026-05-21T20:09:29.0648105+08:00	0x04	-0.0206	0.0813	-0.8069	0.5847	252.26	7.42	6.15
2026-05-21T20:09:29.2682995+08:00	0x02	0.1251	-0.3368	0.6725	-0.6471	273.85	39.16	16.92
2026-05-21T20:09:29.3372709+08:00	0x03	0.1259	0.2266	0.8227	0.5059	113.42	26.75	345.79
2026-05-21T20:09:29.6351288+08:00	0x04	-0.0299	0.0782	-0.7514	0.6545	262.44	8.49	4.49
2026-05-21T20:09:29.7663847+08:00	0x02	0.1181	-0.3271	0.6739	-0.6519	273.82	37.68	16.67
2026-05-21T20:09:29.8494114+08:00	0x01	0.2940	-0.3796	0.5406	-0.6908	284.05	57.39	0.24
2026-05-21T20:09:29.8955945+08:00	0x03	0.1195	0.2316	0.8199	0.5098	112.70	26.56	345.06
2026-05-21T20:09:30.1496662+08:00	0x04	-0.0466	0.0666	-0.7105	0.6990	269.20	9.17	1.69
2026-05-21T20:09:30.2352354+08:00	0x02	0.1091	-0.3245	0.6735	-0.6551	274.14	36.77	17.10
2026-05-21T20:09:30.4024573+08:00	0x03	0.1051	0.2322	0.8245	0.5052	113.41	25.12	343.94
2026-05-21T20:09:30.4363590+08:00	0x01	0.2835	-0.3780	0.5414	-0.6955	284.67	56.38	0.85
2026-05-21T20:09:30.7332366+08:00	0x04	-0.0456	0.0539	-0.6853	0.7248	273.24	8.09	0.45
2026-05-21T20:09:30.8131500+08:00	0x02	0.1045	-0.3246	0.6714	-0.6580	274.60	36.49	17.36
2026-05-21T20:09:30.9492674+08:00	0x03	0.1047	0.2298	0.8244	0.5066	113.33	24.92	344.16
2026-05-21T20:09:31.2014503+08:00	0x04	-0.0482	0.0508	-0.6632	0.7452	276.65	8.03	359.75
2026-05-21T20:09:31.4324956+08:00	0x02	0.0983	-0.3218	0.6731	-0.6586	274.49	35.71	17.68
2026-05-21T20:09:31.5212726+08:00	0x01	0.2759	-0.3713	0.5428	-0.7010	284.99	55.10	0.93
2026-05-21T20:09:31.5362654+08:00	0x03	0.0980	0.2298	0.8278	0.5023	113.97	24.19	343.62
2026-05-21T20:09:31.7169982+08:00	0x04	-0.0451	0.0475	-0.6467	0.7599	279.17	7.50	359.59
2026-05-21T20:09:31.9117955+08:00	0x02	0.0987	-0.3257	0.6751	-0.6545	274.16	36.07	18.10
2026-05-21T20:09:32.0866484+08:00	0x03	0.0888	0.2470	0.7991	0.5409	107.87	25.39	342.63
2026-05-21T20:09:32.1115796+08:00	0x01	0.2741	-0.3796	0.5453	-0.6952	284.78	55.82	1.89
2026-05-21T20:09:32.2840396+08:00	0x04	-0.0575	0.1303	-0.9369	0.3193	218.83	11.26	11.97
2026-05-21T20:09:32.4862608+08:00	0x02	0.0971	-0.3297	0.6809	-0.6468	273.27	36.18	18.86
2026-05-21T20:09:32.6159209+08:00	0x03	0.0734	0.2427	0.7572	0.6019	99.45	24.83	343.79
2026-05-21T20:09:32.6488330+08:00	0x01	0.2737	-0.3811	0.5470	-0.6933	284.59	55.94	2.15
2026-05-21T20:09:32.8218244+08:00	0x04	-0.0578	0.1285	-0.9318	0.3345	220.65	11.41	11.58
2026-05-21T20:09:33.0029605+08:00	0x02	0.0891	-0.3297	0.6850	-0.6436	272.79	35.47	19.70
2026-05-21T20:09:33.1501254+08:00	0x03	0.0984	0.2571	0.6599	0.6991	83.57	29.98	348.36
2026-05-21T20:09:33.3937037+08:00	0x04	-0.0235	0.1280	-0.9902	0.0505	186.29	3.52	14.54
2026-05-21T20:09:33.5727149+08:00	0x02	0.0863	-0.3330	0.6869	-0.6402	272.54	35.52	20.30
2026-05-21T20:09:33.6845732+08:00	0x03	0.1344	0.3131	0.5836	0.7371	73.34	38.85	350.36
2026-05-21T20:09:33.7214773+08:00	0x01	0.2626	-0.3852	0.5517	-0.6916	284.70	55.50	3.55
2026-05-21T20:09:33.9029383+08:00	0x04	-0.0120	-0.0204	-0.9424	-0.3337	140.96	2.07	358.26
2026-05-21T20:09:34.0969695+08:00	0x02	0.0826	-0.3295	0.6826	-0.6471	273.33	35.03	20.06
2026-05-21T20:09:34.3007770+08:00	0x01	0.2571	-0.3751	0.5492	-0.7012	285.37	54.04	2.95
2026-05-21T20:09:34.4720313+08:00	0x04	-0.0512	-0.1184	-0.7741	-0.6198	101.84	13.16	353.12
2026-05-21T20:09:34.6672919+08:00	0x02	0.0709	-0.3237	0.6837	-0.6502	273.38	33.57	20.52
2026-05-21T20:09:34.8334085+08:00	0x03	0.1376	0.3152	0.5717	0.7449	71.80	39.39	351.06
2026-05-21T20:09:35.0499793+08:00	0x04	-0.0721	-0.1202	-0.6264	-0.7668	78.17	15.95	357.71
2026-05-21T20:09:35.1839750+08:00	0x02	0.0792	-0.3312	0.6829	-0.6463	273.36	34.93	20.48
2026-05-21T20:09:35.3009438+08:00	0x03	0.1192	0.3038	0.6343	0.7008	80.16	36.25	347.39
2026-05-21T20:09:35.5644022+08:00	0x04	-0.1191	0.0679	-0.9869	0.0849	190.66	14.37	6.54
2026-05-21T20:09:35.7485852+08:00	0x02	0.0796	-0.3328	0.6777	-0.6509	274.20	35.24	20.33
2026-05-21T20:09:35.8975891+08:00	0x03	0.0884	0.2769	0.7359	0.6116	95.93	29.43	342.58
2026-05-21T20:09:36.1457129+08:00	0x04	-0.1187	0.0658	-0.9886	0.0653	188.38	14.17	6.58
2026-05-21T20:09:36.2171397+08:00	0x02	0.0776	-0.3341	0.6766	-0.6516	274.43	35.25	20.55
2026-05-21T20:09:36.3832019+08:00	0x03	0.0781	0.2667	0.7827	0.5569	104.57	26.38	340.70
2026-05-21T20:09:36.4172766+08:00	0x01	0.2567	-0.3810	0.5409	-0.7045	286.46	54.65	2.89
2026-05-21T20:09:36.7507502+08:00	0x02	0.0825	-0.3366	0.6738	-0.6526	274.79	35.92	20.24
2026-05-21T20:09:36.7745752+08:00	0x04	-0.1084	0.0616	-0.8395	0.5289	244.34	14.31	359.35
2026-05-21T20:09:36.9678427+08:00	0x03	0.1043	0.2574	0.7990	0.5334	108.23	27.55	342.54
2026-05-21T20:09:37.2454505+08:00	0x04	-0.1274	0.0594	-0.7277	0.6714	264.73	15.43	355.14
2026-05-21T20:09:37.3167949+08:00	0x02	0.0860	-0.3367	0.6694	-0.6566	275.42	36.30	19.74
2026-05-21T20:09:37.5133931+08:00	0x01	0.2611	-0.3794	0.5367	-0.7070	286.73	54.82	2.18
2026-05-21T20:09:37.8012852+08:00	0x04	-0.1504	0.1510	-0.6584	0.7219	275.04	24.59	358.96
2026-05-21T20:09:37.9352608+08:00	0x02	0.0802	-0.3332	0.6723	-0.6562	275.08	35.46	20.04
2026-05-21T20:09:37.9982327+08:00	0x03	0.1837	0.1747	0.8270	0.5018	115.97	28.80	354.00
2026-05-21T20:09:38.0724124+08:00	0x01	0.2574	-0.3798	0.5427	-0.7036	286.19	54.57	2.87
2026-05-21T20:09:38.3189935+08:00	0x04	-0.1342	0.2324	-0.6203	0.7371	281.27	30.74	5.19
2026-05-21T20:09:38.4252808+08:00	0x02	0.0872	-0.3384	0.6706	-0.6543	275.21	36.53	19.86
2026-05-21T20:09:38.5514273+08:00	0x03	0.1288	0.2132	0.7983	0.5483	108.31	26.64	348.51
2026-05-21T20:09:38.5933026+08:00	0x01	0.2642	-0.3843	0.5355	-0.7041	286.68	55.56	2.26
2026-05-21T20:09:38.9013541+08:00	0x04	-0.0481	0.0360	-0.9067	0.4176	229.54	6.74	1.44
2026-05-21T20:09:38.9989671+08:00	0x02	0.0895	-0.3321	0.6732	-0.6546	274.72	36.03	19.27
2026-05-21T20:09:39.0643929+08:00	0x03	0.1152	0.2501	0.7643	0.5831	101.60	28.88	345.65
2026-05-21T20:09:39.1795319+08:00	0x01	0.2642	-0.3736	0.5433	-0.7039	285.68	54.45	1.95
2026-05-21T20:09:39.4193893+08:00	0x04	-0.0499	0.0401	-0.9045	0.4215	230.08	7.14	1.75
2026-05-21T20:09:39.5093508+08:00	0x02	0.0852	-0.3311	0.6744	-0.6544	274.62	35.59	19.58
2026-05-21T20:09:39.6183552+08:00	0x03	0.1105	0.2709	0.8264	0.4812	114.52	28.15	340.04
2026-05-21T20:09:39.6858175+08:00	0x01	0.2577	-0.3757	0.5456	-0.7034	285.80	54.16	2.71
2026-05-21T20:09:39.9882670+08:00	0x04	-0.0871	0.0207	-0.5803	0.8095	288.27	7.79	353.28
2026-05-21T20:09:40.0695760+08:00	0x02	0.0807	-0.3309	0.6762	-0.6532	274.42	35.18	20.00
2026-05-21T20:09:40.1062715+08:00	0x03	0.1140	0.2707	0.8281	0.4775	115.00	28.39	340.15
2026-05-21T20:09:40.1673554+08:00	0x01	0.2578	-0.3747	0.5462	-0.7035	285.71	54.06	2.67
2026-05-21T20:09:40.5558984+08:00	0x04	-0.1075	0.0190	-0.5534	0.8257	291.65	8.75	351.00
2026-05-21T20:09:40.6267254+08:00	0x03	0.1127	0.2746	0.8327	0.4675	116.12	28.35	339.39
2026-05-21T20:09:40.7348695+08:00	0x01	0.2571	-0.3728	0.5427	-0.7074	286.20	53.82	2.35
2026-05-21T20:09:41.1812361+08:00	0x02	0.0727	-0.3260	0.6719	-0.6611	275.29	34.24	20.00
2026-05-21T20:09:41.2228763+08:00	0x04	-0.1657	-0.0141	-0.6499	0.7416	275.97	11.63	344.69
2026-05-21T20:09:41.2512286+08:00	0x01	0.2576	-0.3726	0.5384	-0.7106	286.72	53.85	2.01
2026-05-21T20:09:41.6458320+08:00	0x02	0.0685	-0.3278	0.6748	-0.6577	274.90	34.02	20.63
2026-05-21T20:09:41.6639180+08:00	0x04	-0.0873	0.0440	-0.7900	0.6052	254.71	11.03	357.94
2026-05-21T20:09:41.7683404+08:00	0x03	0.0684	0.2548	0.7675	0.5843	101.37	25.07	341.87
2026-05-21T20:09:41.8306238+08:00	0x01	0.2405	-0.3741	0.5191	-0.7299	290.22	52.79	2.14
2026-05-21T20:09:42.2411595+08:00	0x03	0.0593	0.2950	0.5343	0.7899	64.36	32.88	347.20
2026-05-21T20:09:42.2725680+08:00	0x02	0.0282	-0.3432	0.6705	-0.6571	276.28	32.65	25.03
2026-05-21T20:09:42.3386101+08:00	0x01	0.2023	-0.3772	0.5150	-0.7427	292.91	50.50	5.05
2026-05-21T20:09:42.7393085+08:00	0x02	-0.0830	-0.3763	0.6730	-0.6313	275.82	27.33	37.69
2026-05-21T20:09:42.7854801+08:00	0x03	0.0597	0.2942	0.5422	0.7848	65.44	32.71	346.98
2026-05-21T20:09:42.9185472+08:00	0x01	-0.0933	-0.4079	0.4536	-0.7868	311.84	40.62	31.12
2026-05-21T20:09:43.2564354+08:00	0x02	-0.0797	-0.3754	0.6731	-0.6322	275.86	27.51	37.31
2026-05-21T20:09:43.3344400+08:00	0x03	-0.0290	0.3379	0.4603	0.8205	52.01	34.42	338.99
2026-05-21T20:09:43.5127183+08:00	0x01	-0.0844	-0.4076	0.4561	-0.7866	311.29	40.80	30.31
2026-05-21T20:09:43.8186179+08:00	0x02	-0.4329	-0.4286	0.6605	-0.4390	220.19	322.84	71.12
2026-05-21T20:09:43.8405673+08:00	0x04	-0.0897	0.0423	-0.7864	0.6098	255.34	11.12	357.55
2026-05-21T20:09:43.9181985+08:00	0x03	-0.3495	0.4285	0.4712	0.6871	48.17	33.74	297.85
2026-05-21T20:09:44.0185200+08:00	0x01	-0.2943	-0.4289	0.5032	-0.6901	305.93	32.81	56.91
2026-05-21T20:09:44.3971761+08:00	0x02	-0.4800	-0.4231	0.6714	-0.3740	194.85	298.92	68.00
2026-05-21T20:09:44.4264289+08:00	0x04	0.3419	-0.3353	-0.6655	-0.5725	102.64	352.52	303.09
2026-05-21T20:09:44.5835408+08:00	0x01	-0.2995	-0.4351	0.4982	-0.6876	307.37	34.17	57.71
2026-05-21T20:09:44.9291623+08:00	0x02	-0.4942	-0.4121	0.6729	-0.3649	192.00	295.25	66.25
2026-05-21T20:09:44.9471088+08:00	0x04	0.3287	-0.3640	-0.5967	-0.6351	82.12	7.70	301.58
2026-05-21T20:09:45.1552507+08:00	0x01	-0.2970	-0.4363	0.4857	-0.6968	310.11	35.81	56.90
2026-05-21T20:09:45.4901676+08:00	0x02	-0.4529	-0.4483	0.6755	-0.3709	196.39	303.90	70.34
2026-05-21T20:09:45.5188776+08:00	0x04	0.2963	-0.4031	-0.5226	-0.6904	60.05	26.29	303.86
2026-05-21T20:09:45.6733703+08:00	0x01	-0.3053	-0.4341	0.4897	-0.6918	309.00	34.64	57.95
2026-05-21T20:09:46.0022562+08:00	0x02	-0.5256	-0.3658	0.6836	-0.3502	190.95	291.25	60.25
2026-05-21T20:09:46.2523275+08:00	0x01	-0.3034	-0.4360	0.4932	-0.6889	308.43	34.67	58.01
2026-05-21T20:09:46.5976551+08:00	0x02	-0.5262	-0.3631	0.6868	-0.3458	190.57	291.15	59.61
2026-05-21T20:09:46.6197058+08:00	0x04	0.2828	-0.4191	-0.5207	-0.6879	58.15	30.00	304.36
2026-05-21T20:09:46.8352102+08:00	0x01	-0.3015	-0.4385	0.4922	-0.6888	308.89	35.33	57.90
2026-05-21T20:09:47.0726148+08:00	0x04	0.2607	-0.4385	-0.4998	-0.6999	52.27	36.39	306.55
2026-05-21T20:09:47.1531064+08:00	0x03	-0.3846	0.4097	0.4746	0.6775	52.27	27.28	294.49
2026-05-21T20:09:47.3375263+08:00	0x01	-0.3013	-0.4395	0.4912	-0.6891	309.19	35.63	57.88
2026-05-21T20:09:47.7015254+08:00	0x02	-0.5300	-0.3580	0.6884	-0.3420	190.17	290.56	58.81
2026-05-21T20:09:47.7289468+08:00	0x04	0.2547	-0.4417	-0.4936	-0.7045	50.86	37.70	307.34
2026-05-21T20:09:47.9190625+08:00	0x01	-0.3026	-0.4394	0.4905	-0.6890	309.30	35.62	58.00
2026-05-21T20:09:48.1574621+08:00	0x02	-0.5335	-0.3541	0.6880	-0.3415	190.11	290.08	58.39
2026-05-21T20:09:48.2225603+08:00	0x03	-0.3811	0.4320	0.4590	0.6763	45.34	34.90	294.20
2026-05-21T20:09:48.4885045+08:00	0x01	-0.3060	-0.4399	0.4894	-0.6880	309.55	35.70	58.39
2026-05-21T20:09:48.7559802+08:00	0x03	-0.3805	0.4372	0.4666	0.6680	46.60	34.92	293.59
2026-05-21T20:09:48.7920008+08:00	0x02	-0.5106	-0.3606	0.6869	-0.3707	196.86	296.72	60.92
2026-05-21T20:09:49.0238884+08:00	0x01	-0.3059	-0.4347	0.4836	-0.6954	310.32	35.36	57.76
2026-05-21T20:09:49.3042163+08:00	0x03	-0.3927	0.4270	0.4423	0.6840	41.93	35.91	293.81
2026-05-21T20:09:49.5965684+08:00	0x01	-0.3134	-0.4267	0.4809	-0.6989	310.12	33.88	58.04
2026-05-21T20:09:49.8393324+08:00	0x04	0.2301	-0.4421	-0.4788	-0.7227	48.29	39.77	310.89
2026-05-21T20:09:49.8646985+08:00	0x02	-0.5174	-0.3765	0.6775	-0.3627	192.67	292.93	62.31
2026-05-21T20:09:50.1049895+08:00	0x01	-0.3234	-0.4246	0.4857	-0.6922	308.73	32.47	59.35
2026-05-21T20:09:50.3700438+08:00	0x03	-0.3516	0.4510	0.4570	0.6813	42.36	40.27	296.97
2026-05-21T20:09:50.6704179+08:00	0x01	-0.3139	-0.4318	0.4856	-0.6922	309.55	34.27	58.64
2026-05-21T20:09:50.9371046+08:00	0x02	-0.5194	-0.3739	0.6812	-0.3555	191.60	292.27	61.49
2026-05-21T20:09:51.1365494+08:00	0x01	-0.3148	-0.4311	0.4850	-0.6927	309.60	34.16	58.68
2026-05-21T20:09:51.4423117+08:00	0x03	-0.3587	0.4495	0.4557	0.6795	42.19	39.98	296.22
2026-05-21T20:09:51.7705857+08:00	0x01	-0.3161	-0.4296	0.4855	-0.6926	309.34	33.77	58.77
2026-05-21T20:09:51.9979460+08:00	0x03	-0.3517	0.4561	0.4654	0.6721	43.66	40.31	296.20
2026-05-21T20:09:52.0166862+08:00	0x02	-0.5010	-0.3808	0.6904	-0.3569	193.72	296.34	62.06
2026-05-21T20:09:52.1532201+08:00	0x04	0.2307	-0.4422	-0.4791	-0.7222	48.33	39.73	310.79
2026-05-21T20:09:52.2341518+08:00	0x01	-0.3139	-0.4294	0.4835	-0.6952	309.80	34.07	58.39
2026-05-21T20:09:52.5250570+08:00	0x02	-0.5137	-0.3675	0.6863	-0.3607	194.05	294.68	61.04
2026-05-21T20:09:52.5487918+08:00	0x03	-0.3738	0.4400	0.4533	0.6791	42.81	37.81	294.96
2026-05-21T20:09:52.8054717+08:00	0x01	-0.3105	-0.4305	0.4849	-0.6951	309.64	34.26	58.12
2026-05-21T20:09:53.0903647+08:00	0x02	-0.5135	-0.3673	0.6864	-0.3609	194.13	294.75	61.03
2026-05-21T20:09:53.1218745+08:00	0x04	0.2359	-0.4599	-0.4645	-0.7191	44.62	43.51	309.96
2026-05-21T20:09:53.3372265+08:00	0x01	-0.3083	-0.4323	0.4844	-0.6953	309.92	34.74	57.94
2026-05-21T20:09:53.6110120+08:00	0x03	-0.3776	0.4393	0.4547	0.6766	43.25	37.35	294.44
2026-05-21T20:09:53.6876779+08:00	0x04	0.2316	-0.4590	-0.4654	-0.7205	44.90	43.40	310.45
2026-05-21T20:09:53.9053743+08:00	0x01	-0.3104	-0.4352	0.4932	-0.6863	308.26	34.20	58.80
2026-05-21T20:09:54.1491738+08:00	0x03	-0.3767	0.4394	0.4574	0.6751	43.90	37.00	294.41
2026-05-21T20:09:54.1736833+08:00	0x02	-0.5114	-0.3710	0.6887	-0.3557	193.19	294.60	61.02
2026-05-21T20:09:54.2213919+08:00	0x04	0.2315	-0.4615	-0.4674	-0.7176	45.08	43.69	310.22
2026-05-21T20:09:54.4213800+08:00	0x01	-0.3004	-0.4402	0.4822	-0.6954	311.12	36.74	57.38
2026-05-21T20:09:54.7246901+08:00	0x03	-0.3793	0.4383	0.4562	0.6752	43.77	36.84	294.20
2026-05-21T20:09:54.9925812+08:00	0x01	-0.2929	-0.4442	0.4809	-0.6969	311.74	37.87	56.66
2026-05-21T20:09:55.2711416+08:00	0x03	-0.2202	0.3968	0.4458	0.7716	45.43	35.27	316.08
2026-05-21T20:09:55.2880958+08:00	0x02	-0.3112	-0.3598	0.7143	-0.5133	247.20	352.18	56.46
2026-05-21T20:09:55.4716766+08:00	0x01	-0.2931	-0.4440	0.4809	-0.6969	311.72	37.83	56.68
2026-05-21T20:09:55.7419595+08:00	0x02	-0.3176	-0.3605	0.7142	-0.5090	245.99	350.86	56.96
2026-05-21T20:09:55.8044192+08:00	0x03	-0.2251	0.3983	0.4463	0.7691	45.40	35.30	315.43
2026-05-21T20:09:55.9876483+08:00	0x01	0.2655	-0.3599	0.5650	-0.6933	282.75	53.10	2.21
2026-05-21T20:09:56.2544436+08:00	0x02	0.2386	-0.2233	0.8337	-0.4451	239.30	37.19	9.20
2026-05-21T20:09:56.3423184+08:00	0x03	0.3060	0.1981	0.5995	0.7126	84.50	41.48	11.45
2026-05-21T20:09:56.5548584+08:00	0x01	0.4843	-0.3131	0.7568	-0.3077	231.37	70.11	10.13
2026-05-21T20:09:56.8511761+08:00	0x02	0.3845	-0.0627	0.8968	-0.2096	205.13	45.79	357.21
2026-05-21T20:09:56.9496124+08:00	0x03	0.4483	0.1918	0.7876	0.3766	130.03	58.35	2.03
2026-05-21T20:09:56.9635737+08:00	0x04	0.2315	-0.4614	-0.4673	-0.7177	45.07	43.68	310.22
2026-05-21T20:09:57.1503464+08:00	0x01	0.4919	-0.2321	0.8233	-0.1620	210.52	65.24	12.87
2026-05-21T20:09:57.4153255+08:00	0x02	0.4022	-0.0357	0.8973	-0.1784	200.49	47.47	355.45
2026-05-21T20:09:57.4711641+08:00	0x03	0.4608	0.1904	0.8160	0.2923	139.22	59.79	357.64
2026-05-21T20:09:57.6598152+08:00	0x01	0.4942	-0.2404	0.8251	-0.1309	208.08	65.74	15.51
2026-05-21T20:09:58.0045128+08:00	0x04	-0.4560	0.2491	-0.6763	-0.5221	124.63	37.80	54.40
2026-05-21T20:09:58.0592112+08:00	0x03	0.4603	0.1876	0.8229	0.2753	141.19	59.56	356.83
2026-05-21T20:09:58.2221800+08:00	0x01	0.4985	-0.2427	0.8217	-0.1318	208.42	66.44	15.51
2026-05-21T20:09:58.5081589+08:00	0x02	0.4040	-0.0539	0.8971	-0.1705	200.47	48.07	357.65
2026-05-21T20:09:58.5231965+08:00	0x04	-0.4891	0.2364	-0.7402	-0.3964	148.23	52.63	47.53
2026-05-21T20:09:58.6072712+08:00	0x03	0.4599	0.1787	0.8256	0.2736	141.91	59.10	357.51
2026-05-21T20:09:58.7402674+08:00	0x01	0.4979	-0.2366	0.8226	-0.1396	208.72	66.09	14.49
2026-05-21T20:09:59.0722596+08:00	0x02	0.4009	-0.0404	0.8927	-0.2019	203.24	47.31	354.85
2026-05-21T20:09:59.1056693+08:00	0x04	-0.4976	0.2186	-0.7603	-0.3557	153.60	55.76	43.35
2026-05-21T20:09:59.1438661+08:00	0x03	0.4594	0.1740	0.8288	0.2677	142.82	58.82	357.56
2026-05-21T20:09:59.3213450+08:00	0x01	0.4961	-0.2430	0.8223	-0.1364	208.85	66.17	15.33
2026-05-21T20:09:59.6239251+08:00	0x04	-0.5024	0.2049	-0.7753	-0.3234	157.31	57.54	39.99
2026-05-21T20:09:59.6893277+08:00	0x03	0.4555	0.1693	0.8322	0.2670	143.20	58.12	357.78
2026-05-21T20:09:59.8887396+08:00	0x01	0.4889	-0.2421	0.8259	-0.1425	209.27	65.21	15.10
2026-05-21T20:10:00.1662069+08:00	0x02	0.3994	-0.0341	0.8966	-0.1883	201.49	47.06	354.88
2026-05-21T20:10:00.1897137+08:00	0x04	-0.5030	0.1940	-0.7856	-0.3036	159.16	58.10	37.61
2026-05-21T20:10:00.2725127+08:00	0x03	0.4520	0.1704	0.8339	0.2669	143.15	57.73	357.53
2026-05-21T20:10:00.4222513+08:00	0x01	0.4809	-0.2477	0.8284	-0.1454	209.84	64.47	15.70
2026-05-21T20:10:00.7101501+08:00	0x04	-0.5023	0.1827	-0.7965	-0.2826	160.98	58.41	35.09
2026-05-21T20:10:00.7928926+08:00	0x02	0.3754	-0.0200	0.8996	-0.2222	204.74	43.66	352.48
2026-05-21T20:10:00.9752618+08:00	0x01	0.4931	-0.2563	0.7970	-0.2365	219.76	67.14	10.10
2026-05-21T20:10:01.2932500+08:00	0x04	-0.4236	0.0999	-0.7685	-0.4690	130.32	41.90	33.42
2026-05-21T20:10:01.3420842+08:00	0x03	0.4508	0.2135	0.7190	0.4840	116.36	59.56	7.44
2026-05-21T20:10:01.5167753+08:00	0x02	0.1261	-0.0002	0.9551	-0.2680	210.87	13.98	356.15
2026-05-21T20:10:01.7552759+08:00	0x04	-0.4262	0.1025	-0.7702	-0.4633	131.28	42.37	33.56
2026-05-21T20:10:01.8884243+08:00	0x03	0.4513	0.2124	0.7231	0.4779	117.17	59.57	7.13
2026-05-21T20:10:02.0764186+08:00	0x01	0.4928	-0.2560	0.7981	-0.2338	219.47	67.08	10.27
2026-05-21T20:10:02.2730521+08:00	0x04	0.1419	-0.1311	-0.8051	0.5608	250.30	337.91	357.02
2026-05-21T20:10:02.3622424+08:00	0x02	0.1338	-0.0008	0.9544	-0.2668	210.72	14.86	356.00
2026-05-21T20:10:02.5392732+08:00	0x01	-0.1335	-0.5012	0.1591	-0.8400	351.69	59.99	22.57
2026-05-21T20:10:02.8402451+08:00	0x04	0.1982	-0.1011	-0.7621	0.6080	256.05	334.75	4.99
2026-05-21T20:10:02.9221385+08:00	0x02	-0.1248	-0.6524	0.7056	-0.2469	261.73	51.12	79.19
2026-05-21T20:10:03.1271885+08:00	0x01	-0.2351	-0.5080	0.1585	-0.8133	358.70	63.60	32.92
2026-05-21T20:10:03.3738503+08:00	0x04	0.1994	-0.1204	-0.7369	0.6346	260.44	333.38	4.34
2026-05-21T20:10:03.4392916+08:00	0x02	-0.1643	-0.6807	0.6849	-0.2013	278.44	68.46	86.98
2026-05-21T20:10:03.5008867+08:00	0x03	-0.3242	0.2698	0.8954	0.1424	174.38	321.98	324.86
2026-05-21T20:10:03.6394822+08:00	0x01	-0.2631	-0.5177	0.1951	-0.7904	357.38	65.55	38.16
2026-05-21T20:10:03.9290319+08:00	0x04	0.2020	-0.1308	-0.7201	0.6508	263.16	332.45	4.27
2026-05-21T20:10:04.0230026+08:00	0x02	-0.0190	-0.6050	0.7949	-0.0409	189.01	4.11	74.46
2026-05-21T20:10:04.0560383+08:00	0x03	-0.3992	0.2557	0.8734	0.1111	180.68	310.68	327.63
2026-05-21T20:10:04.2224618+08:00	0x01	-0.2264	-0.5213	0.2793	-0.7739	345.17	62.51	39.92
2026-05-21T20:10:04.4694095+08:00	0x04	0.2093	-0.1381	-0.7003	0.6684	266.06	331.34	4.96
2026-05-21T20:10:04.5399240+08:00	0x02	0.0147	-0.5973	0.8008	-0.0412	196.45	14.28	72.83
2026-05-21T20:10:04.5747892+08:00	0x03	-0.4095	0.2476	0.8738	0.0871	183.36	308.87	329.73
2026-05-21T20:10:04.8520943+08:00	0x01	-0.2165	-0.5381	0.3223	-0.7481	340.37	63.83	42.13
2026-05-21T20:10:04.9273559+08:00	0x04	0.2115	-0.1437	-0.6912	0.6760	267.42	330.76	5.01
2026-05-21T20:10:05.1259509+08:00	0x02	0.0235	-0.6071	0.7924	-0.0547	204.16	21.60	73.64
2026-05-21T20:10:05.4072928+08:00	0x01	-0.2272	-0.5397	0.3090	-0.7494	342.85	64.83	42.38
2026-05-21T20:10:05.5023450+08:00	0x04	0.2121	-0.1512	-0.6784	0.6870	269.40	330.17	4.95
2026-05-21T20:10:05.5804217+08:00	0x02	0.0218	-0.6086	0.7908	-0.0607	205.95	22.77	73.74
2026-05-21T20:10:05.7061506+08:00	0x03	-0.4155	0.2373	0.8754	0.0689	184.99	307.96	331.79
2026-05-21T20:10:05.8669515+08:00	0x01	-0.2177	-0.5429	0.3452	-0.7339	337.93	63.98	43.98
2026-05-21T20:10:06.0175270+08:00	0x04	0.1915	-0.1713	-0.7125	0.6530	264.91	330.23	0.35
2026-05-21T20:10:06.2081661+08:00	0x02	0.0204	-0.5136	0.8573	-0.0283	188.39	7.72	61.58
2026-05-21T20:10:06.3013720+08:00	0x03	-0.4203	0.2198	0.8781	0.0629	184.74	307.75	333.96
2026-05-21T20:10:06.5095369+08:00	0x01	-0.1482	-0.4878	0.4363	-0.7414	318.87	51.05	40.20
2026-05-21T20:10:06.5942635+08:00	0x04	0.1923	-0.1705	-0.7114	0.6541	265.06	330.22	0.51
2026-05-21T20:10:06.7775894+08:00	0x02	-0.0314	-0.4376	0.8933	-0.0982	193.91	2.78	51.99
2026-05-21T20:10:06.8532385+08:00	0x03	-0.2956	0.2401	0.8178	0.4315	132.27	338.73	319.62
2026-05-21T20:10:06.9735630+08:00	0x01	-0.1110	-0.4744	0.4244	-0.7632	318.59	50.18	34.90
2026-05-21T20:10:07.1073686+08:00	0x04	0.0379	-0.1753	-0.9801	0.0848	191.00	353.65	340.29
2026-05-21T20:10:07.2483383+08:00	0x02	-0.0423	-0.4206	0.8934	-0.1522	201.50	4.66	49.85
2026-05-21T20:10:07.3712070+08:00	0x03	-0.1173	0.3632	0.6419	0.6651	79.06	25.15	321.52
2026-05-21T20:10:07.5479061+08:00	0x01	-0.1099	-0.4380	0.4190	-0.7877	317.94	45.28	32.70
2026-05-21T20:10:07.6743491+08:00	0x04	0.1290	-0.1591	-0.9478	0.2444	211.29	340.61	346.20
2026-05-21T20:10:07.7601839+08:00	0x02	-0.0436	-0.4262	0.8882	-0.1661	203.92	5.79	50.50
2026-05-21T20:10:07.9246563+08:00	0x03	-0.1446	0.3899	0.6650	0.6204	84.08	24.01	315.74
2026-05-21T20:10:08.0652877+08:00	0x01	-0.1159	-0.4336	0.4130	-0.7925	318.76	44.72	32.81
2026-05-21T20:10:08.1710379+08:00	0x04	0.1284	-0.1512	-0.9422	0.2701	214.12	340.65	347.55
2026-05-21T20:10:08.3448498+08:00	0x02	-0.0257	-0.4354	0.8754	-0.2086	212.71	12.43	50.62
2026-05-21T20:10:08.4568316+08:00	0x03	-0.1662	0.3918	0.6407	0.6390	79.81	24.28	314.40
