timestamp	device	q0	q1	q2	q3	yaw	pitch	roll
2026-04-23T21:01:36.4347787+08:00	0x09	-0.6717	-0.2239	0.6838	-0.1764	175.94	269.83	32.90
2026-04-23T21:01:36.4651042+08:00	0x04	0.4308	-0.3036	-0.8009	0.2842	227.62	297.26	346.03
2026-04-23T21:01:36.6162797+08:00	0x01	0.6917	0.3392	-0.4446	0.4570	169.88	238.50	69.03
2026-04-23T21:01:36.6910587+08:00	0x06	-0.6672	-0.1283	0.7267	-0.1016	178.58	274.66	18.78
2026-04-23T21:01:36.8058868+08:00	0x03	-0.6366	0.0281	0.7599	0.1281	170.66	281.06	348.12
2026-04-23T21:01:36.9195338+08:00	0x09	-0.6659	-0.1973	0.7023	-0.1561	177.15	272.31	29.01
2026-04-23T21:01:36.9654110+08:00	0x04	0.5111	-0.3301	-0.7787	0.1531	218.07	286.14	339.05
2026-04-23T21:01:37.1866138+08:00	0x01	0.6749	0.2866	-0.5646	0.3788	184.27	262.13	56.62
2026-04-23T21:01:37.2080376+08:00	0x03	-0.6746	0.0024	0.6266	0.3902	145.06	276.07	328.03
2026-04-23T21:01:37.4542738+08:00	0x09	-0.7689	-0.0357	0.6318	0.0911	170.16	259.28	354.55
2026-04-23T21:01:37.5300881+08:00	0x07	0.6933	-0.1251	-0.6863	-0.1805	175.30	270.46	335.04
2026-04-23T21:01:37.6227366+08:00	0x01	0.5728	0.2832	-0.6120	0.4660	211.25	292.76	61.70
2026-04-23T21:01:37.6749681+08:00	0x06	-0.6844	0.0115	0.7290	-0.0004	180.94	273.61	359.07
2026-04-23T21:01:37.7127788+08:00	0x04	0.5088	-0.3294	-0.7796	0.1571	218.35	286.46	339.28
2026-04-23T21:01:37.7512884+08:00	0x03	-0.6744	0.0031	0.6314	0.3828	145.87	276.08	328.65
2026-04-23T21:01:37.8349766+08:00	0x02	-0.4895	-0.4920	0.6293	-0.3497	171.30	277.68	74.07
2026-04-23T21:01:38.0405170+08:00	0x09	-0.7106	0.1029	0.6943	0.0495	184.55	268.19	347.69
2026-04-23T21:01:38.0792886+08:00	0x07	0.6861	-0.3200	-0.5714	-0.3168	187.39	255.87	306.83
2026-04-23T21:01:38.2540783+08:00	0x01	0.4517	0.2977	-0.6028	0.5865	252.91	334.78	62.72
2026-04-23T21:01:38.3373124+08:00	0x03	-0.5246	0.2579	0.5523	0.5944	112.58	319.24	294.71
2026-04-23T21:01:38.3533455+08:00	0x02	-0.4976	-0.4890	0.6247	-0.3509	170.07	275.46	73.76
2026-04-23T21:01:38.5269623+08:00	0x08	-0.2483	-0.5554	0.3634	-0.7056	338.84	66.70	48.94
2026-04-23T21:01:38.5427056+08:00	0x09	-0.7228	0.1045	0.6778	0.0854	182.10	266.04	344.62
2026-04-23T21:01:38.6348426+08:00	0x04	0.4755	-0.3203	-0.7423	-0.3468	159.23	305.30	306.36
2026-04-23T21:01:38.6951307+08:00	0x07	0.6870	-0.3145	-0.5754	-0.3130	186.76	256.57	307.63
2026-04-23T21:01:38.7360860+08:00	0x01	0.4279	0.3017	-0.5944	0.6104	261.16	342.75	61.77
2026-04-23T21:01:38.8192779+08:00	0x08	-0.6791	-0.2751	0.6161	-0.2890	178.53	263.80	47.01
2026-04-23T21:01:38.8941436+08:00	0x03	-0.3206	0.3874	0.4654	0.7284	49.93	28.29	304.14
2026-04-23T21:01:39.1154905+08:00	0x09	-0.7205	0.1117	0.6774	0.0974	181.74	266.21	343.04
2026-04-23T21:01:39.1987938+08:00	0x07	0.5862	-0.4089	-0.5456	-0.4376	180.40	265.59	286.42
2026-04-23T21:01:39.2899970+08:00	0x01	0.4335	0.2957	-0.5920	0.6117	260.67	341.36	61.69
2026-04-23T21:01:39.3890775+08:00	0x02	-0.3914	-0.4813	0.5821	-0.5256	273.87	12.32	76.36
2026-04-23T21:01:39.4269285+08:00	0x03	-0.2886	0.4094	0.4200	0.7568	39.72	37.13	308.68
2026-04-23T21:01:39.6530439+08:00	0x09	-0.7236	0.1059	0.6759	0.0912	181.78	265.85	344.03
2026-04-23T21:01:39.7191685+08:00	0x04	0.2035	-0.3993	-0.5833	-0.6774	69.35	26.90	312.14
2026-04-23T21:01:39.7802205+08:00	0x07	0.4994	-0.5112	-0.4551	-0.5312	342.72	103.60	275.23
2026-04-23T21:01:39.9246086+08:00	0x08	-0.7096	-0.2040	0.6392	-0.2151	178.99	263.70	34.47
2026-04-23T21:01:39.9633239+08:00	0x06	-0.7407	-0.0107	0.6715	0.0159	177.87	264.40	359.47
2026-04-23T21:01:40.2462200+08:00	0x09	-0.7261	0.0995	0.6734	0.0967	180.85	265.57	344.07
2026-04-23T21:01:40.3208567+08:00	0x07	0.4088	-0.5870	-0.3594	-0.5993	353.12	93.27	294.24
2026-04-23T21:01:40.4441898+08:00	0x03	-0.2821	0.4065	0.4056	0.7685	37.60	37.80	310.24
2026-04-23T21:01:40.5810471+08:00	0x02	-0.3522	-0.4916	0.5464	-0.5795	298.37	34.55	70.97
2026-04-23T21:01:40.7624051+08:00	0x04	0.1845	-0.3893	-0.5435	-0.7204	61.91	29.83	316.45
2026-04-23T21:01:40.7943277+08:00	0x09	-0.7264	0.0984	0.6736	0.0944	180.94	265.56	344.36
2026-04-23T21:01:40.9161159+08:00	0x07	0.3352	-0.6324	-0.2784	-0.6404	353.80	92.27	308.60
2026-04-23T21:01:40.9919818+08:00	0x06	-0.7426	-0.0159	0.6695	0.0105	177.84	264.07	0.33
2026-04-23T21:01:41.0153094+08:00	0x08	-0.7305	-0.1339	0.6517	-0.1540	180.31	263.54	23.55
2026-04-23T21:01:41.0556926+08:00	0x03	-0.2754	0.4172	0.3935	0.7715	35.02	40.49	311.12
2026-04-23T21:01:41.2438573+08:00	0x02	-0.3030	-0.5227	0.5171	-0.6062	312.23	49.90	65.23
2026-04-23T21:01:41.3087908+08:00	0x04	0.1667	-0.3974	-0.5306	-0.7299	59.29	32.68	318.31
2026-04-23T21:01:41.3661183+08:00	0x09	-0.7249	0.0977	0.6761	0.0890	181.27	265.84	344.86
2026-04-23T21:01:41.4268400+08:00	0x07	0.2741	-0.6600	-0.2194	-0.6642	354.66	91.63	319.18
2026-04-23T21:01:41.4882955+08:00	0x01	0.4026	0.3215	-0.5726	0.6377	272.44	353.79	61.85
2026-04-23T21:01:41.5954635+08:00	0x08	-0.7366	-0.1085	0.6540	-0.1340	180.95	263.37	19.84
2026-04-23T21:01:41.7404090+08:00	0x03	-0.2648	0.4240	0.3851	0.7758	33.51	42.22	312.49
2026-04-23T21:01:41.8560648+08:00	0x04	0.1616	-0.3957	-0.5253	-0.7358	58.47	33.03	319.19
2026-04-23T21:01:41.9013537+08:00	0x09	-0.7246	0.0969	0.6769	0.0861	181.41	265.91	345.17
2026-04-23T21:01:42.0079313+08:00	0x07	0.2445	-0.6699	-0.1921	-0.6742	355.14	91.21	324.05
2026-04-23T21:01:42.0541684+08:00	0x01	0.4007	0.3249	-0.5685	0.6409	273.98	355.22	62.01
2026-04-23T21:01:42.1070032+08:00	0x03	-0.2576	0.4198	0.3855	0.7803	34.06	41.56	313.48
2026-04-23T21:01:42.1462354+08:00	0x02	-0.2965	-0.5275	0.5107	-0.6107	314.20	51.91	64.29
2026-04-23T21:01:42.3462103+08:00	0x05	-0.5399	0.5021	0.5095	0.4437	221.36	230.25	277.82
2026-04-23T21:01:42.3976389+08:00	0x04	0.1591	-0.3920	-0.5306	-0.7345	59.46	32.37	319.47
2026-04-23T21:01:42.4920431+08:00	0x09	-0.7244	0.0961	0.6771	0.0870	181.27	265.97	345.16
2026-04-23T21:01:42.6412935+08:00	0x03	-0.2571	0.4199	0.3796	0.7832	33.16	41.92	313.82
2026-04-23T21:01:42.7872213+08:00	0x08	-0.7355	-0.0970	0.6585	-0.1266	181.45	263.91	18.30
2026-04-23T21:01:42.9630038+08:00	0x04	0.1583	-0.3896	-0.5280	-0.7379	59.10	32.24	319.84
2026-04-23T21:01:43.0091123+08:00	0x07	0.2115	-0.6795	-0.1604	-0.6840	355.48	90.85	329.52
2026-04-23T21:01:43.0474806+08:00	0x09	-0.7246	0.0954	0.6769	0.0876	181.17	265.95	345.17
2026-04-23T21:01:43.1314329+08:00	0x03	-0.2585	0.4220	0.3758	0.7835	32.40	42.47	313.77
2026-04-23T21:01:43.1920304+08:00	0x06	-0.7396	-0.0291	0.6724	-0.0017	177.66	264.50	2.38
2026-04-23T21:01:43.2675117+08:00	0x08	-0.7369	-0.0832	0.6609	-0.1148	181.74	264.02	16.21
2026-04-23T21:01:43.5077764+08:00	0x09	-0.7257	0.0935	0.6762	0.0854	181.20	265.80	345.50
2026-04-23T21:01:43.5456955+08:00	0x04	0.1567	-0.3959	-0.5177	-0.7421	57.22	33.72	320.02
2026-04-23T21:01:43.5578691+08:00	0x07	0.1721	-0.6903	-0.1203	-0.6924	355.55	90.76	336.15
2026-04-23T21:01:43.7439875+08:00	0x06	-0.7375	-0.0283	0.6747	-0.0077	178.20	264.87	2.84
2026-04-23T21:01:43.8132147+08:00	0x02	-0.2823	-0.5389	0.5148	-0.6040	314.35	54.21	63.63
2026-04-23T21:01:44.0412485+08:00	0x04	0.1439	-0.4037	-0.5124	-0.7442	56.15	35.63	321.10
2026-04-23T21:01:44.2011692+08:00	0x03	-0.2463	0.4344	0.3705	0.7832	31.23	44.81	314.95
2026-04-23T21:01:44.2391436+08:00	0x01	0.3753	0.3383	-0.5624	0.6546	280.09	2.43	60.67
2026-04-23T21:01:44.2619788+08:00	0x09	-0.7362	0.0822	0.6708	0.0337	184.41	264.32	350.79
2026-04-23T21:01:44.3083508+08:00	0x06	-0.5630	-0.0413	0.8248	0.0313	174.36	291.27	1.88
2026-04-23T21:01:44.5772047+08:00	0x02	-0.2578	-0.5302	0.5034	-0.6317	314.80	53.38	59.26
2026-04-23T21:01:44.5932027+08:00	0x09	-0.7361	0.1368	0.6607	0.0536	187.76	262.80	344.95
2026-04-23T21:01:44.6230410+08:00	0x08	-0.7180	-0.0686	0.6756	-0.1526	186.51	267.56	18.17
2026-04-23T21:01:44.6460109+08:00	0x05	-0.5069	0.4760	0.5675	0.4410	173.50	282.00	279.14
2026-04-23T21:01:44.7669049+08:00	0x03	-0.2720	0.4468	0.3701	0.7678	29.36	46.95	311.56
2026-04-23T21:01:44.8898015+08:00	0x05	-0.4959	0.4429	0.6141	0.4252	161.40	296.46	285.05
2026-04-23T21:01:45.0246406+08:00	0x08	-0.6775	0.0041	0.7287	-0.1002	188.79	274.75	7.46
2026-04-23T21:01:45.1343227+08:00	0x04	0.1755	-0.3976	-0.5354	-0.7242	60.14	31.95	317.16
2026-04-23T21:01:45.2561414+08:00	0x09	-0.7804	0.0862	0.6193	0.0025	187.60	256.45	353.65
2026-04-23T21:01:45.3319146+08:00	0x01	0.3929	0.3486	-0.5820	0.6208	271.77	356.87	63.33
2026-04-23T21:01:45.4229932+08:00	0x02	-0.2654	-0.5631	0.5016	-0.6007	319.53	61.28	62.10
2026-04-23T21:01:45.6528565+08:00	0x09	-0.8005	0.1126	0.5880	0.0276	188.64	251.83	349.82
2026-04-23T21:01:45.8180556+08:00	0x03	-0.2656	0.4280	0.3702	0.7806	30.94	43.75	312.99
2026-04-23T21:01:45.9372282+08:00	0x06	-0.5687	-0.0409	0.8209	0.0302	174.48	290.48	1.88
2026-04-23T21:01:46.1328992+08:00	0x09	-0.7820	0.0679	0.6194	-0.0153	187.20	256.55	356.54
2026-04-23T21:01:46.2305735+08:00	0x07	0.1622	-0.6925	-0.1104	-0.6943	355.59	90.72	337.78
2026-04-23T21:01:46.3936750+08:00	0x03	-0.2642	0.4176	0.3920	0.7760	35.04	40.75	312.49
2026-04-23T21:01:46.4160309+08:00	0x06	-0.2068	0.0006	0.9770	0.0512	174.27	336.16	358.72
2026-04-23T21:01:46.5387173+08:00	0x08	-0.6605	0.0963	0.7446	0.0042	187.03	276.32	351.44
2026-04-23T21:01:46.6694300+08:00	0x09	-0.7776	0.1234	0.6156	0.0337	188.83	255.82	348.21
2026-04-23T21:01:46.7763279+08:00	0x07	0.2225	-0.0520	-0.7600	-0.6084	105.74	342.94	339.53
2026-04-23T21:01:46.8544117+08:00	0x03	-0.2827	0.4202	0.3838	0.7721	33.06	41.57	310.62
2026-04-23T21:01:46.9968109+08:00	0x01	0.3583	0.3731	-0.5486	0.6569	287.32	11.80	61.65
2026-04-23T21:01:47.0984434+08:00	0x08	-0.6403	0.1331	0.7545	0.0543	185.28	278.63	344.32
2026-04-23T21:01:47.2102839+08:00	0x09	-0.7763	0.1282	0.6160	0.0384	188.95	255.88	347.43
2026-04-23T21:01:47.2949211+08:00	0x04	0.1969	-0.4041	-0.5339	-0.7162	59.80	31.74	314.47
2026-04-23T21:01:47.3862266+08:00	0x03	-0.2855	0.4303	0.3722	0.7712	30.39	44.03	310.48
2026-04-23T21:01:47.4613893+08:00	0x01	0.3748	0.3652	-0.5573	0.6447	282.42	6.71	62.91
2026-04-23T21:01:47.5011491+08:00	0x06	-0.1883	-0.0228	0.9810	0.0405	174.94	338.19	1.69
2026-04-23T21:01:47.6020370+08:00	0x05	-0.4963	0.4439	0.6127	0.4257	161.60	296.19	284.87
2026-04-23T21:01:47.7549837+08:00	0x02	-0.2484	-0.5645	0.4760	-0.6269	323.23	63.09	58.10
2026-04-23T21:01:47.7936390+08:00	0x04	0.1937	-0.4092	-0.5241	-0.7214	57.85	33.28	314.90
2026-04-23T21:01:47.9159440+08:00	0x07	0.1948	0.0160	-0.8627	-0.4665	124.82	339.20	351.13
2026-04-23T21:01:47.9927500+08:00	0x03	-0.2835	0.4372	0.3619	0.7730	28.36	45.84	311.00
2026-04-23T21:01:48.0082862+08:00	0x01	0.3718	0.3671	-0.5617	0.6414	281.67	6.70	62.80
2026-04-23T21:01:48.0878722+08:00	0x06	-0.1962	-0.0064	0.9795	0.0461	174.68	337.36	359.68
2026-04-23T21:01:48.1918111+08:00	0x02	-0.2403	-0.5732	0.4731	-0.6244	324.18	65.04	57.40
2026-04-23T21:01:48.2144054+08:00	0x08	-0.6336	0.1690	0.7482	0.1010	183.91	278.71	337.61
2026-04-23T21:01:48.3371735+08:00	0x09	-0.7771	0.1199	0.6168	0.0349	188.42	256.02	348.34
2026-04-23T21:01:48.4919116+08:00	0x07	0.1900	0.0347	-0.9390	-0.2846	146.76	337.86	357.53
2026-04-23T21:01:48.5285289+08:00	0x03	-0.2890	0.4337	0.3794	0.7645	31.15	44.17	309.56
2026-04-23T21:01:48.6673874+08:00	0x02	-0.2339	-0.5752	0.4609	-0.6340	325.90	66.00	55.77
2026-04-23T21:01:48.8811637+08:00	0x09	-0.7697	0.1180	0.6267	0.0307	188.40	257.47	348.74
2026-04-23T21:01:48.9343866+08:00	0x04	0.1989	-0.4099	-0.5319	-0.7138	59.22	32.57	313.95
2026-04-23T21:01:49.0260114+08:00	0x01	0.3721	0.3799	-0.5250	0.6645	292.50	14.74	63.31
2026-04-23T21:01:49.0788661+08:00	0x07	0.1921	0.0449	-0.9613	-0.1921	157.26	337.26	0.72
2026-04-23T21:01:49.1929732+08:00	0x06	-0.2348	-0.0034	0.9712	0.0411	175.32	332.85	359.28
2026-04-23T21:01:49.2551406+08:00	0x03	-0.2882	0.4365	0.3716	0.7670	29.72	45.17	309.95
2026-04-23T21:01:49.4680007+08:00	0x09	-0.7646	0.1306	0.6298	0.0414	188.71	257.94	346.83
2026-04-23T21:01:49.5600145+08:00	0x07	0.2059	0.0447	-0.9661	-0.1490	162.15	335.72	1.43
2026-04-23T21:01:49.5985874+08:00	0x03	-0.2831	0.4414	0.3562	0.7734	27.19	46.91	311.21
2026-04-23T21:01:49.6967417+08:00	0x06	-0.2568	0.0013	0.9652	0.0496	174.54	330.28	358.39
2026-04-23T21:01:49.7881671+08:00	0x02	-0.1863	-0.5797	0.5017	-0.6145	316.84	63.80	54.16
2026-04-23T21:01:56.7633740+08:00	0x09	-0.7633	0.1341	0.6305	0.0434	188.88	258.06	346.39
2026-04-23T21:01:56.7633740+08:00	0x04	0.1976	-0.4152	-0.5134	-0.7246	55.76	34.64	314.55
2026-04-23T21:01:56.7643707+08:00	0x01	0.3358	0.3494	-0.5646	0.6681	284.76	9.39	57.48
2026-04-23T21:01:56.7643707+08:00	0x03	-0.2857	0.4431	0.3497	0.7745	25.97	47.61	311.20
2026-04-23T21:01:56.7643707+08:00	0x06	-0.2807	0.0039	0.9583	0.0531	174.28	327.46	357.86
2026-04-23T21:01:56.7643707+08:00	0x08	-0.6355	0.2308	0.7173	0.1682	183.56	275.87	326.98
2026-04-23T21:01:56.7643707+08:00	0x09	-0.7386	0.1455	0.6552	0.0635	187.90	262.00	343.47
2026-04-23T21:01:56.7643707+08:00	0x04	0.2399	-0.4590	-0.4749	-0.7115	46.39	42.55	308.98
2026-04-23T21:01:56.7643707+08:00	0x01	0.4882	0.2019	-0.6550	0.5403	236.76	316.36	52.38
2026-04-23T21:01:56.7643707+08:00	0x07	0.2387	0.0294	-0.9619	-0.1298	164.71	332.17	359.69
2026-04-23T21:01:56.7643707+08:00	0x06	-0.6099	-0.0165	0.7923	0.0014	178.72	284.81	1.40
2026-04-23T21:01:56.7643707+08:00	0x08	-0.6833	0.2330	0.6722	0.1641	186.66	267.12	327.48
2026-04-23T21:01:56.7643707+08:00	0x09	-0.7031	0.1079	0.7006	0.0569	184.25	269.30	346.63
2026-04-23T21:01:56.7643707+08:00	0x04	0.3201	-0.5067	-0.5798	-0.5519	68.75	33.75	289.80
2026-04-23T21:01:56.7643707+08:00	0x03	-0.4246	0.4756	0.3648	0.6786	13.73	60.86	292.60
2026-04-23T21:01:56.7643707+08:00	0x01	0.6057	0.1982	-0.5590	0.5305	224.56	291.91	59.79
2026-04-23T21:01:56.7643707+08:00	0x06	-0.6010	-0.0159	0.7991	0.0030	178.63	286.09	1.25
2026-04-23T21:01:56.7643707+08:00	0x08	-0.7185	0.0204	0.6936	0.0462	178.00	268.07	354.57
2026-04-23T21:01:56.7643707+08:00	0x09	-0.7257	0.0178	0.6781	0.1148	172.40	266.85	349.00
2026-04-23T21:01:56.7643707+08:00	0x07	0.6232	-0.1047	-0.7681	-0.1035	178.29	282.14	343.15
2026-04-23T21:01:56.7643707+08:00	0x03	-0.4206	0.4748	0.3645	0.6818	14.38	60.18	293.13
2026-04-23T21:01:56.7643707+08:00	0x02	-0.1878	-0.5796	0.5005	-0.6151	317.10	63.85	54.21
2026-04-23T21:01:56.7643707+08:00	0x06	-0.6418	-0.1935	0.7187	-0.1848	181.15	276.79	31.03
2026-04-23T21:01:56.7643707+08:00	0x08	-0.6712	-0.1156	0.7271	-0.0866	178.25	274.32	16.52
2026-04-23T21:01:56.7643707+08:00	0x09	-0.6917	-0.0624	0.7193	-0.0164	176.38	272.04	6.45
2026-04-23T21:01:56.7643707+08:00	0x04	0.3179	-0.5056	-0.5770	-0.5571	67.68	34.44	290.34
2026-04-23T21:01:56.7643707+08:00	0x01	0.6023	0.1983	-0.5620	0.5310	225.04	292.76	59.61
2026-04-23T21:01:56.7643707+08:00	0x02	-0.6752	-0.5810	0.1913	-0.4123	88.63	159.39	51.18
2026-04-23T21:01:56.7643707+08:00	0x07	0.6344	0.2479	-0.7099	0.1792	175.77	275.08	35.41
2026-04-23T21:01:56.7643707+08:00	0x08	-0.6730	-0.1115	0.7265	-0.0826	178.21	274.12	15.86
2026-04-23T21:01:56.7643707+08:00	0x09	-0.6937	-0.0742	0.7144	-0.0543	178.53	271.55	10.45
2026-04-23T21:01:56.7643707+08:00	0x04	0.3760	-0.4344	-0.8179	0.0321	211.42	297.87	316.65
2026-04-23T21:01:56.7643707+08:00	0x07	0.6626	-0.0490	-0.7375	-0.1211	173.28	276.92	346.54
2026-04-23T21:01:56.7643707+08:00	0x03	-0.5459	0.2899	0.6874	0.3814	158.98	294.03	305.42
2026-04-23T21:01:56.7643707+08:00	0x02	-0.7278	-0.5134	0.1712	-0.4212	101.08	162.65	52.09
2026-04-23T21:01:56.7643707+08:00	0x08	-0.6599	-0.2628	0.6568	-0.2531	178.88	269.29	42.78
2026-04-23T21:01:56.7643707+08:00	0x09	-0.6927	-0.0712	0.7151	-0.0600	179.25	271.75	10.66
2026-04-23T21:01:56.7643707+08:00	0x01	0.8066	0.1154	-0.1500	0.5599	177.00	198.98	69.71
2026-04-23T21:01:56.7643707+08:00	0x03	-0.5948	0.2837	0.7202	0.2168	181.94	280.15	318.20
2026-04-23T21:01:56.7653686+08:00	0x02	-0.7940	-0.4108	0.2163	-0.3925	126.30	182.01	53.22
2026-04-23T21:01:56.7653686+08:00	0x06	-0.6644	-0.1899	0.7150	-0.1058	173.63	272.83	24.34
2026-04-23T21:01:56.7653686+08:00	0x09	-0.6864	-0.0641	0.7220	-0.0591	179.85	272.88	10.00
2026-04-23T21:01:56.7653686+08:00	0x04	0.4121	-0.4275	-0.7996	0.0895	218.70	291.85	322.42
2026-04-23T21:01:56.7653686+08:00	0x03	-0.6314	0.2105	0.6929	0.2775	171.10	278.56	320.05
2026-04-23T21:01:56.7653686+08:00	0x06	-0.6625	-0.1370	0.7310	-0.0888	176.87	275.12	18.54
2026-04-23T21:01:56.7653686+08:00	0x02	-0.8375	-0.3499	0.2381	-0.3457	140.76	193.62	48.21
2026-04-23T21:01:56.7653686+08:00	0x08	-0.6263	-0.3413	0.6129	-0.3401	178.88	268.15	57.60
2026-04-23T21:01:56.7653686+08:00	0x09	-0.6868	-0.0671	0.7206	-0.0673	180.28	272.78	10.90
2026-04-23T21:01:56.7653686+08:00	0x04	0.2552	-0.5668	-0.6983	0.3549	262.34	286.67	322.37
2026-04-23T21:01:56.7653686+08:00	0x07	0.6629	-0.0441	-0.7383	-0.1163	173.33	276.91	347.34
2026-04-23T21:01:56.7653686+08:00	0x06	-0.6620	-0.1301	0.7336	-0.0822	176.90	275.40	17.44
2026-04-23T21:01:56.7653686+08:00	0x03	-0.5649	0.2622	0.7608	0.1826	181.33	286.37	322.75
2026-04-23T21:01:56.7653686+08:00	0x02	-0.8477	-0.3333	0.2525	-0.3265	144.68	197.70	46.21
2026-04-23T21:01:56.7653686+08:00	0x08	-0.5654	-0.4212	0.5660	-0.4273	181.54	271.22	73.73
2026-04-23T21:01:56.7653686+08:00	0x09	-0.6875	-0.0641	0.7205	-0.0643	180.27	272.71	10.41
2026-04-23T21:01:56.7653686+08:00	0x01	0.8397	0.0600	-0.1666	0.5134	188.58	207.60	61.90
2026-04-23T21:01:56.7653686+08:00	0x07	0.6124	-0.2368	-0.6736	-0.3393	165.74	281.72	312.72
2026-04-23T21:01:56.7653686+08:00	0x03	-0.6988	0.1717	0.6379	0.2744	172.06	267.45	322.95
2026-04-23T21:01:56.7653686+08:00	0x02	-0.8601	-0.3030	0.2639	-0.3143	150.13	201.67	44.48
2026-04-23T21:01:56.7653686+08:00	0x06	-0.6651	-0.1256	0.7320	-0.0774	176.79	275.01	16.67
2026-04-23T21:01:56.7653686+08:00	0x08	-0.5445	-0.4465	0.5453	-0.4547	182.95	272.52	79.16
2026-04-23T21:01:56.7653686+08:00	0x09	-0.6888	-0.0593	0.7204	-0.0549	179.85	272.55	9.27
2026-04-23T21:01:56.7653686+08:00	0x04	0.3615	-0.6060	-0.6598	0.2583	260.38	270.29	322.19
2026-04-23T21:01:56.7653686+08:00	0x07	0.5951	-0.2753	-0.6510	-0.3825	162.96	283.96	305.55
2026-04-23T21:01:56.7653686+08:00	0x03	-0.6683	0.1769	0.6844	0.2317	174.45	273.03	326.51
2026-04-23T21:01:56.7653686+08:00	0x02	-0.8760	-0.2518	0.2816	-0.3000	158.57	207.36	41.87
2026-04-23T21:01:56.7653686+08:00	0x08	-0.5328	-0.4620	0.5316	-0.4692	182.79	272.30	82.35
2026-04-23T21:01:56.7653686+08:00	0x09	-0.6859	-0.0598	0.7229	-0.0577	180.08	273.02	9.54
2026-04-23T21:01:56.7653686+08:00	0x04	0.3274	-0.5891	-0.6411	0.3671	267.57	276.12	329.00
2026-04-23T21:01:56.7653686+08:00	0x07	0.5812	-0.3081	-0.6264	-0.4182	160.20	285.96	299.29
2026-04-23T21:01:56.7653686+08:00	0x03	-0.6696	0.1759	0.6827	0.2336	174.25	272.85	326.42
2026-04-23T21:01:56.7653686+08:00	0x02	-0.8745	-0.2529	0.2826	-0.3023	158.50	207.43	42.20
2026-04-23T21:01:56.7653686+08:00	0x08	-0.5241	-0.4677	0.5278	-0.4776	187.41	277.06	83.84
2026-04-23T21:01:56.7653686+08:00	0x01	0.8431	0.0473	-0.1984	0.4976	193.24	214.01	59.07
2026-04-23T21:01:56.7663660+08:00	0x09	-0.6948	-0.0634	0.7137	-0.0618	180.00	271.54	10.16
2026-04-23T21:01:56.7663660+08:00	0x04	0.2264	-0.4569	-0.7857	0.3503	246.00	305.38	325.99
2026-04-23T21:01:56.7663660+08:00	0x03	-0.3797	0.2310	0.8955	-0.0249	193.85	311.19	336.75
2026-04-23T21:01:56.7971455+08:00	0x06	-0.6625	-0.1213	0.7354	-0.0747	176.96	275.55	16.10
2026-04-23T21:01:56.9552299+08:00	0x02	-0.8780	-0.2422	0.2824	-0.3011	160.01	207.98	41.72
2026-04-23T21:01:56.9552299+08:00	0x08	-0.5017	-0.4889	0.5053	-0.5039	232.83	322.18	88.66
2026-04-23T21:01:57.0940267+08:00	0x01	0.8401	0.0383	-0.2069	0.5000	196.00	216.75	58.86
2026-04-23T21:01:57.1538560+08:00	0x04	0.2765	-0.3279	-0.8550	0.2916	227.88	313.59	336.46
2026-04-23T21:01:57.2879711+08:00	0x03	-0.4001	0.2161	0.8906	-0.0063	191.49	309.34	337.67
2026-04-23T21:01:57.4100199+08:00	0x08	-0.4928	-0.4978	0.4944	-0.5147	324.37	53.49	88.20
2026-04-23T21:01:57.5942820+08:00	0x05	-0.6891	0.5391	0.3790	0.3015	245.26	200.38	304.50
2026-04-23T21:01:57.6359390+08:00	0x01	0.8403	0.0536	-0.1952	0.5028	192.28	213.26	60.00
2026-04-23T21:01:57.6988965+08:00	0x07	0.5704	-0.3209	-0.6168	-0.4373	157.16	288.72	296.52
2026-04-23T21:01:57.8153064+08:00	0x03	-0.4149	0.1854	0.8780	-0.1501	205.22	306.81	348.40
2026-04-23T21:01:58.0311362+08:00	0x08	-0.4884	-0.5019	0.4911	-0.5181	335.47	64.69	87.44
2026-04-23T21:01:58.1421254+08:00	0x05	-0.6779	0.5487	0.3787	0.3098	248.00	198.40	303.32
2026-04-23T21:01:58.2031361+08:00	0x09	-0.6997	-0.0648	0.7089	-0.0611	179.76	270.73	10.22
2026-04-23T21:01:58.2790265+08:00	0x07	0.5525	-0.3530	-0.5945	-0.4655	152.75	293.14	290.91
2026-04-23T21:01:58.3329720+08:00	0x06	-0.6626	-0.1203	0.7356	-0.0732	176.92	275.54	15.90
2026-04-23T21:01:58.3629696+08:00	0x03	-0.4206	0.1869	0.8775	-0.1346	203.76	306.16	347.59
2026-04-23T21:01:58.5416221+08:00	0x02	-0.8824	-0.2352	0.2778	-0.2982	160.68	207.66	41.07
2026-04-23T21:02:25.0031841+08:00	0x09	-0.7015	-0.0651	0.7070	-0.0615	179.75	270.43	10.27
2026-04-23T21:02:25.0031841+08:00	0x07	0.5514	-0.3562	-0.5934	-0.4658	152.89	293.17	290.54
2026-04-23T21:02:25.0031841+08:00	0x06	-0.6630	-0.1212	0.7348	-0.0763	177.10	275.47	16.22
2026-04-23T21:02:25.0031841+08:00	0x03	-0.4176	0.1761	0.8771	-0.1589	205.64	306.76	349.85
2026-04-23T21:02:25.0031841+08:00	0x02	-0.8802	-0.2386	0.2752	-0.3044	160.18	207.08	41.85
2026-04-23T21:02:25.0031841+08:00	0x04	0.2724	-0.2784	-0.8611	0.3269	228.54	316.94	342.46
2026-04-23T21:02:25.0031841+08:00	0x01	0.8414	0.0428	-0.1900	0.5041	193.75	213.39	59.84
2026-04-23T21:02:25.0031841+08:00	0x07	0.5501	-0.3626	-0.5891	-0.4678	153.05	293.10	289.62
2026-04-23T21:02:25.0031841+08:00	0x03	-0.4173	0.1746	0.8756	-0.1696	206.66	306.79	350.55
2026-04-23T21:02:25.0031841+08:00	0x05	-0.6798	0.5623	0.3653	0.2973	250.77	196.26	305.43
2026-04-23T21:02:25.0031841+08:00	0x06	-0.6687	-0.1213	0.7291	-0.0804	177.31	274.56	16.52
2026-04-23T21:02:25.0031841+08:00	0x04	0.2890	-0.2478	-0.8396	0.3874	233.99	316.36	348.92
2026-04-23T21:02:25.0031841+08:00	0x09	-0.7085	-0.0682	0.6995	-0.0637	179.56	269.22	10.70
2026-04-23T21:02:25.0031841+08:00	0x03	-0.4105	0.1677	0.8709	-0.2119	210.69	307.66	353.21
2026-04-23T21:02:25.0031841+08:00	0x02	-0.8729	-0.2484	0.2676	-0.3236	158.67	205.32	44.26
2026-04-23T21:02:25.0031841+08:00	0x08	-0.4823	-0.5249	0.4586	-0.5306	9.78	98.10	83.35
2026-04-23T21:02:25.0031841+08:00	0x07	0.5608	-0.3673	-0.5841	-0.4577	158.47	287.62	289.54
2026-04-23T21:02:25.0031841+08:00	0x04	0.2785	-0.2482	-0.8646	0.3365	227.91	318.05	346.02
2026-04-23T21:02:25.0031841+08:00	0x03	-0.3932	0.1471	0.8914	-0.1709	205.08	310.76	352.65
2026-04-23T21:02:25.0031841+08:00	0x05	-0.6744	0.5729	0.3543	0.3023	253.95	193.08	305.53
2026-04-23T21:02:25.0031841+08:00	0x01	0.8427	0.0411	-0.1734	0.5080	192.53	210.58	60.51
2026-04-23T21:02:25.0031841+08:00	0x04	0.4021	-0.3302	-0.7768	0.3548	237.01	298.10	346.83
2026-04-23T21:02:25.0031841+08:00	0x09	-0.7182	-0.0746	0.6899	-0.0515	177.90	267.51	10.19
2026-04-23T21:02:25.0031841+08:00	0x07	0.5627	-0.3679	-0.5773	-0.4633	158.04	287.26	288.87
2026-04-23T21:02:25.0031841+08:00	0x03	-0.4961	0.0928	0.8573	0.1019	175.09	300.54	344.91
2026-04-23T21:02:25.0031841+08:00	0x02	-0.8816	-0.2329	0.2726	-0.3070	160.91	206.99	41.93
2026-04-23T21:02:25.0031841+08:00	0x04	0.3598	-0.2813	-0.7818	0.4245	240.94	306.03	352.28
2026-04-23T21:02:25.0031841+08:00	0x07	0.5635	-0.3764	-0.5684	-0.4665	159.32	285.74	287.50
2026-04-23T21:02:25.0031841+08:00	0x03	-0.4573	0.1048	0.8831	0.0077	184.81	304.78	348.92
2026-04-23T21:02:25.0031841+08:00	0x02	-0.8813	-0.2392	0.2760	-0.2999	160.06	207.18	41.35
2026-04-23T21:02:25.0031841+08:00	0x09	-0.6988	-0.1592	0.6903	-0.0992	174.74	268.32	21.00
2026-04-23T21:02:25.0031841+08:00	0x07	0.5742	-0.3797	-0.5679	-0.4513	165.87	279.61	288.29
2026-04-23T21:02:25.0031841+08:00	0x03	-0.4444	0.1236	0.8835	-0.0812	194.84	305.50	351.59
2026-04-23T21:02:25.0031841+08:00	0x08	-0.3753	-0.5204	0.4811	-0.5975	324.20	55.86	71.64
2026-04-23T21:02:25.0031841+08:00	0x04	0.3430	-0.2095	-0.8062	0.4341	237.60	312.64	357.70
2026-04-23T21:02:25.0031841+08:00	0x02	-0.8381	-0.3105	0.2741	-0.3551	149.58	201.79	49.94
2026-04-23T21:02:25.0031841+08:00	0x09	-0.7016	-0.1511	0.6808	-0.1461	179.18	268.10	24.26
2026-04-23T21:02:25.0031841+08:00	0x01	0.8163	0.1164	-0.1449	0.5468	175.18	196.89	67.91
2026-04-23T21:02:25.0031841+08:00	0x07	0.5561	-0.4146	-0.5774	-0.4306	172.78	277.53	286.71
2026-04-23T21:02:25.0031841+08:00	0x06	-0.6796	-0.1379	0.7076	-0.1358	180.30	272.37	22.31
2026-04-23T21:02:25.0031841+08:00	0x03	-0.4398	0.0876	0.8888	-0.0942	194.20	306.82	355.83
2026-04-23T21:02:25.0031841+08:00	0x08	-0.3708	-0.5301	0.4343	-0.6268	336.49	64.55	67.71
2026-04-23T21:02:25.0031841+08:00	0x02	-0.8433	-0.3097	0.2724	-0.3446	149.61	201.82	48.59
2026-04-23T21:02:25.0031841+08:00	0x09	-0.7047	-0.1542	0.6771	-0.1452	178.70	267.43	24.43
2026-04-23T21:02:25.0041807+08:00	0x04	0.3616	-0.1986	-0.8043	0.4277	236.27	311.27	359.41
2026-04-23T21:02:25.0041807+08:00	0x07	0.5384	-0.4399	-0.5543	-0.4575	170.22	279.68	281.38
2026-04-23T21:02:25.0041807+08:00	0x03	-0.4469	0.0883	0.8865	-0.0816	192.97	305.95	355.21
2026-04-23T21:02:25.0041807+08:00	0x02	-0.8431	-0.3102	0.2688	-0.3475	149.29	201.16	48.83
2026-04-23T21:02:25.0041807+08:00	0x08	-0.3553	-0.5372	0.4178	-0.6408	338.91	66.50	64.72
2026-04-23T21:02:25.0041807+08:00	0x05	-0.6745	0.5726	0.3547	0.3022	253.85	193.17	305.53
2026-04-23T21:02:25.0041807+08:00	0x09	-0.7055	-0.1541	0.6754	-0.1499	179.06	267.30	24.81
2026-04-23T21:02:25.0041807+08:00	0x04	0.3849	-0.1832	-0.7997	0.4228	234.86	309.56	1.86
2026-04-23T21:02:25.0041807+08:00	0x07	0.5327	-0.4444	-0.5557	-0.4582	169.11	281.42	280.87
2026-04-23T21:02:25.0041807+08:00	0x03	-0.4751	0.0566	0.8754	-0.0687	190.03	302.86	358.06
2026-04-23T21:02:25.0041807+08:00	0x08	-0.3452	-0.5433	0.4001	-0.6524	341.59	68.40	62.27
2026-04-23T21:02:25.0041807+08:00	0x09	-0.7072	-0.1522	0.6738	-0.1505	179.21	267.06	24.71
2026-04-23T21:02:25.0041807+08:00	0x06	-0.6881	-0.1267	0.7033	-0.1257	180.16	271.27	20.56
2026-04-23T21:02:25.0041807+08:00	0x08	-0.3461	-0.5414	0.4024	-0.6520	341.04	67.83	62.51
2026-04-23T21:02:25.0041807+08:00	0x02	-0.8443	-0.3029	0.2717	-0.3488	150.69	202.12	48.90
2026-04-23T21:02:25.0041807+08:00	0x09	-0.7046	-0.1491	0.6773	-0.1500	179.56	267.65	24.42
2026-04-23T21:02:25.0041807+08:00	0x04	0.4116	-0.2030	-0.7785	0.4282	236.55	305.39	2.09
2026-04-23T21:02:25.0041807+08:00	0x07	0.5186	-0.4614	-0.5383	-0.4779	162.95	287.23	277.05
2026-04-23T21:02:25.0041807+08:00	0x08	-0.3372	-0.5443	0.3949	-0.6588	341.59	68.23	60.95
2026-04-23T21:02:25.0041807+08:00	0x03	-0.4825	0.0243	0.8754	0.0156	179.78	302.29	356.70
2026-04-23T21:02:25.0041807+08:00	0x01	0.8162	0.1098	-0.1485	0.5475	177.48	198.93	67.87
2026-04-23T21:02:25.0041807+08:00	0x06	-0.6831	-0.1327	0.7061	-0.1309	180.22	271.93	21.48
2026-04-23T21:02:25.0041807+08:00	0x07	0.5155	-0.4596	-0.5406	-0.4804	158.53	291.71	277.16
2026-04-23T21:02:25.0041807+08:00	0x08	-0.3253	-0.5476	0.3858	-0.6675	342.08	68.55	58.95
2026-04-23T21:02:25.0041807+08:00	0x05	-0.8776	0.0025	0.4761	-0.0560	183.33	237.12	5.50
2026-04-23T21:02:25.0041807+08:00	0x01	0.8166	0.1106	-0.1452	0.5476	176.70	197.95	67.89
2026-04-23T21:02:25.0041807+08:00	0x04	0.4104	-0.1723	-0.8160	0.3687	228.02	307.15	1.22
2026-04-23T21:02:25.0041807+08:00	0x06	-0.6839	-0.1317	0.7055	-0.1312	180.31	271.84	21.42
2026-04-23T21:02:25.0041807+08:00	0x07	0.5147	-0.4614	-0.5401	-0.4801	158.94	291.45	276.97
2026-04-23T21:02:25.0041807+08:00	0x03	-0.5153	0.0731	0.8486	-0.0950	193.69	297.28	358.50
2026-04-23T21:02:25.0041807+08:00	0x08	-0.3251	-0.5480	0.3833	-0.6686	342.47	68.76	58.75
2026-04-23T21:02:25.0041807+08:00	0x09	-0.7056	-0.1539	0.6743	-0.1541	179.41	267.27	25.15
2026-04-23T21:02:25.0041807+08:00	0x05	-0.7329	-0.4949	0.3510	-0.3076	122.19	200.42	52.98
2026-04-23T21:02:25.0041807+08:00	0x01	0.8189	0.1086	-0.1443	0.5447	176.90	197.92	67.45
2026-04-23T21:02:25.0041807+08:00	0x07	0.5117	-0.4653	-0.5366	-0.4835	156.73	293.65	276.21
2026-04-23T21:02:25.0041807+08:00	0x03	-0.5147	0.0634	0.8493	-0.0983	193.43	297.53	359.63
2026-04-23T21:02:25.0041807+08:00	0x02	-0.8401	-0.3188	0.2608	-0.3529	147.31	199.13	49.39
2026-04-23T21:02:25.0041807+08:00	0x09	-0.7056	-0.1531	0.6748	-0.1531	179.40	267.31	25.00
2026-04-23T21:02:25.0041807+08:00	0x06	-0.6846	-0.1292	0.7058	-0.1283	180.25	271.79	20.98
2026-04-23T21:02:25.0041807+08:00	0x07	0.5115	-0.4646	-0.5368	-0.4841	155.94	294.39	276.26
2026-04-23T21:02:25.0041807+08:00	0x03	-0.5212	0.0643	0.8444	-0.1056	194.20	296.64	0.09
2026-04-23T21:02:25.0041807+08:00	0x08	-0.3230	-0.5476	0.3826	-0.6704	342.29	68.53	58.44
2026-04-23T21:02:25.0041807+08:00	0x02	-0.8391	-0.3186	0.2632	-0.3537	147.48	199.49	49.59
2026-04-23T21:02:25.0041807+08:00	0x09	-0.7058	-0.1519	0.6749	-0.1527	179.47	267.33	24.87
2026-04-23T21:02:25.0041807+08:00	0x04	0.4174	-0.1581	-0.8181	0.3626	226.55	307.03	2.52
2026-04-23T21:02:25.0041807+08:00	0x03	-0.5247	0.0641	0.8403	-0.1202	195.62	296.19	1.06
2026-04-23T21:02:25.0041807+08:00	0x01	0.8173	0.1077	-0.1443	0.5473	177.27	198.19	67.78
2026-04-23T21:02:25.0041807+08:00	0x08	-0.3206	-0.5483	0.3800	-0.6724	342.50	68.64	57.98
2026-04-23T21:02:25.0041807+08:00	0x02	-0.8391	-0.3190	0.2622	-0.3541	147.34	199.28	49.60
2026-04-23T21:02:25.0041807+08:00	0x01	0.8176	0.1067	-0.1449	0.5469	177.59	198.49	67.71
2026-04-23T21:02:25.0041807+08:00	0x04	0.4113	-0.1573	-0.8192	0.3674	227.06	307.79	2.55
2026-04-23T21:02:25.0051779+08:00	0x09	-0.7054	-0.1517	0.6753	-0.1529	179.52	267.39	24.87
2026-04-23T21:02:25.0051779+08:00	0x03	-0.5186	0.0587	0.8444	-0.1206	195.34	297.09	1.49
2026-04-23T21:02:25.0051779+08:00	0x08	-0.3206	-0.5480	0.3809	-0.6722	342.32	68.52	58.05
2026-04-23T21:02:25.0051779+08:00	0x05	-0.6968	-0.5438	0.3310	-0.3304	109.43	190.27	55.13
2026-04-23T21:02:25.0051779+08:00	0x01	0.8193	0.1053	-0.1465	0.5443	178.06	198.99	67.32
2026-04-23T21:02:25.0051779+08:00	0x09	-0.7040	-0.1520	0.6767	-0.1526	179.53	267.63	24.87
2026-04-23T21:02:25.0051779+08:00	0x03	-0.5160	0.0402	0.8505	-0.0936	191.58	297.67	1.62
2026-04-23T21:02:25.0051779+08:00	0x04	0.4208	-0.1838	-0.7881	0.4098	233.32	305.39	3.17
2026-04-23T21:02:25.0051779+08:00	0x08	-0.3181	-0.5500	0.3798	-0.6723	342.48	68.86	57.73
2026-04-23T21:02:25.0051779+08:00	0x02	-0.8378	-0.3243	0.2600	-0.3541	146.31	198.54	49.64
2026-04-23T21:02:25.0051779+08:00	0x01	0.8219	0.1022	-0.1504	0.5398	179.19	200.20	66.65
2026-04-23T21:02:25.0051779+08:00	0x04	0.4957	-0.3449	-0.7816	0.1566	219.45	287.05	337.43
2026-04-23T21:02:25.0051779+08:00	0x06	-0.6874	-0.1272	0.7058	-0.1150	179.23	271.38	19.74
2026-04-23T21:02:25.0051779+08:00	0x08	-0.3275	-0.5496	0.3939	-0.6600	341.40	68.79	59.91
2026-04-23T21:02:25.0051779+08:00	0x01	0.8200	0.0626	-0.1569	0.5468	189.93	208.18	66.41
2026-04-23T21:02:25.0051779+08:00	0x07	0.5082	-0.4659	-0.5160	-0.5083	133.90	314.11	274.06
2026-04-23T21:02:25.0051779+08:00	0x09	-0.6972	-0.1548	0.6864	-0.1368	178.24	268.73	23.78
2026-04-23T21:02:25.0051779+08:00	0x08	-0.3244	-0.5518	0.4028	-0.6542	340.03	68.60	60.34
2026-04-23T21:02:25.0051779+08:00	0x06	-0.6931	-0.1233	0.7046	-0.0889	177.26	270.53	17.28
2026-04-23T21:02:25.0051779+08:00	0x05	-0.6371	-0.6206	0.2898	-0.3536	88.02	173.19	54.12
2026-04-23T21:02:25.0051779+08:00	0x01	0.8181	0.0521	-0.1602	0.5499	193.12	210.77	66.41
2026-04-23T21:02:25.0051779+08:00	0x07	0.5095	-0.4618	-0.5118	-0.5150	127.18	319.90	274.08
2026-04-23T21:02:25.0051779+08:00	0x02	-0.8302	-0.3301	0.3012	-0.3333	148.18	205.16	48.79
2026-04-23T21:02:25.0051779+08:00	0x01	0.8108	0.0391	-0.1615	0.5613	197.81	214.45	67.34
2026-04-23T21:02:25.0051779+08:00	0x06	-0.6927	-0.1241	0.7059	-0.0804	176.50	270.57	16.65
2026-04-23T21:02:25.0051779+08:00	0x03	-0.6869	-0.0076	0.7008	0.1925	163.16	273.34	345.30
2026-04-23T21:02:25.0051779+08:00	0x08	-0.3210	-0.5506	0.4142	-0.6498	337.71	67.36	60.84
2026-04-23T21:02:25.0051779+08:00	0x05	-0.6164	-0.6156	0.3021	-0.3871	83.74	168.63	58.11
2026-04-23T21:02:25.0051779+08:00	0x01	0.7614	0.0443	-0.1725	0.6234	214.00	231.80	74.69
2026-04-23T21:02:25.0051779+08:00	0x07	0.5167	-0.4463	-0.5210	-0.5123	136.62	309.84	276.06
2026-04-23T21:02:25.0051779+08:00	0x04	0.3114	-0.4426	-0.7505	0.3794	249.24	297.28	334.66
2026-04-23T21:02:25.0051779+08:00	0x09	-0.6888	-0.1617	0.6947	-0.1294	177.31	269.92	23.76
2026-04-23T21:02:25.0051779+08:00	0x08	-0.3172	-0.5467	0.4102	-0.6575	337.37	66.32	59.95
2026-04-23T21:02:25.0051779+08:00	0x01	0.7683	0.0614	-0.1357	0.6225	198.92	215.05	76.71
2026-04-23T21:02:25.0051779+08:00	0x07	0.5132	-0.4599	-0.5266	-0.4978	147.30	301.29	275.55
2026-04-23T21:02:25.0051779+08:00	0x09	-0.7055	-0.1654	0.6741	-0.1431	177.45	266.83	25.14
2026-04-23T21:02:25.0051779+08:00	0x03	-0.4206	0.1437	0.8879	-0.1182	199.56	307.76	351.04
2026-04-23T21:02:25.0051779+08:00	0x06	-0.6944	-0.1329	0.6955	-0.1282	179.62	270.02	21.28
2026-04-23T21:02:25.0051779+08:00	0x02	-0.7755	-0.3983	0.2744	-0.4058	131.80	191.12	57.99
2026-04-23T21:02:25.0051779+08:00	0x04	0.3905	-0.1612	-0.8054	0.4158	232.87	310.13	3.73
2026-04-23T21:02:25.0051779+08:00	0x03	-0.4752	0.0329	0.8777	-0.0516	187.00	303.11	359.50
2026-04-23T21:02:25.0051779+08:00	0x02	-0.7184	-0.4563	0.3905	-0.3510	131.47	208.22	59.39
2026-04-23T21:02:25.0051779+08:00	0x01	0.7437	0.0867	-0.1492	0.6459	202.97	222.24	80.59
2026-04-23T21:02:25.0051779+08:00	0x09	-0.7129	-0.1587	0.6669	-0.1477	178.15	265.77	24.98
2026-04-23T21:02:25.0051779+08:00	0x03	-0.6910	0.0765	0.7025	0.1521	173.46	272.01	341.48
2026-04-23T21:02:25.0051779+08:00	0x06	-0.7030	-0.1218	0.6920	-0.1101	178.85	268.91	18.86
2026-04-23T21:02:25.0051779+08:00	0x02	-0.7188	-0.4145	0.4036	-0.3854	141.60	214.67	62.71
2026-04-23T21:02:25.0051779+08:00	0x01	0.7403	0.0858	-0.1623	0.6467	209.12	229.40	80.19
2026-04-23T21:02:25.0051779+08:00	0x05	-0.6131	-0.6363	0.2803	-0.3752	80.91	166.60	54.76
2026-04-23T21:02:25.0051779+08:00	0x04	0.4781	-0.3564	-0.7794	0.1922	223.62	288.13	338.17
2026-04-23T21:02:25.0051779+08:00	0x09	-0.6963	-0.1735	0.6827	-0.1376	176.59	268.10	25.38
2026-04-23T21:02:25.0051779+08:00	0x03	-0.6815	0.0779	0.7168	0.1248	175.65	273.52	343.63
2026-04-23T21:02:25.0051779+08:00	0x07	0.4472	-0.5215	-0.4413	-0.5773	11.60	74.84	282.41
2026-04-23T21:02:25.0051779+08:00	0x02	-0.7056	-0.4494	0.3684	-0.4055	128.54	201.25	64.60
2026-04-23T21:02:25.0051779+08:00	0x05	-0.8211	-0.3686	0.3775	-0.2178	145.16	216.53	39.49
2026-04-23T21:02:25.0051779+08:00	0x08	-0.3164	-0.5611	0.3919	-0.6569	342.02	70.82	58.81
2026-04-23T21:02:25.0051779+08:00	0x09	-0.6945	-0.1806	0.6828	-0.1372	175.95	268.09	25.92
2026-04-23T21:02:25.0051779+08:00	0x03	-0.6798	0.0796	0.7154	0.1406	174.40	273.80	342.24
2026-04-23T21:02:25.0051779+08:00	0x04	0.4702	-0.3678	-0.7804	0.1861	223.95	288.26	336.48
2026-04-23T21:02:25.0061817+08:00	0x08	-0.3180	-0.5596	0.3950	-0.6555	341.56	70.44	59.21
2026-04-23T21:02:25.0061817+08:00	0x02	-0.6958	-0.4646	0.3599	-0.4128	123.07	196.34	65.36
2026-04-23T21:02:25.0061817+08:00	0x01	0.7460	0.0942	-0.1693	0.6371	203.83	225.40	79.26
2026-04-23T21:02:25.0061817+08:00	0x09	-0.6947	-0.1781	0.6835	-0.1359	176.08	268.17	25.61
2026-04-23T21:02:25.0061817+08:00	0x06	-0.7074	-0.1143	0.6930	-0.0791	176.90	268.40	15.69
2026-04-23T21:02:25.0061817+08:00	0x04	0.4693	-0.3695	-0.7791	0.1903	224.51	288.19	336.60
2026-04-23T21:02:25.0061817+08:00	0x08	-0.3175	-0.5580	0.3957	-0.6567	341.17	69.95	59.16
2026-04-23T21:02:25.0061817+08:00	0x01	0.7454	0.0980	-0.1689	0.6374	202.36	224.21	79.52
2026-04-23T21:02:25.0061817+08:00	0x09	-0.6931	-0.1770	0.6851	-0.1379	176.41	268.52	25.70
2026-04-23T21:02:25.0061817+08:00	0x06	-0.7054	-0.1153	0.6946	-0.0819	177.08	268.71	16.00
2026-04-23T21:02:25.0061817+08:00	0x07	0.4195	-0.5425	-0.4083	-0.6025	6.68	79.18	288.47
2026-04-23T21:02:25.0061817+08:00	0x08	-0.3157	-0.5570	0.3952	-0.6587	340.91	69.59	58.89
2026-04-23T21:02:25.0061817+08:00	0x02	-0.6631	-0.5122	0.3411	-0.4262	106.09	182.23	66.15
2026-04-23T21:02:25.0061817+08:00	0x01	0.7479	0.0946	-0.1646	0.6360	201.41	222.63	79.29
2026-04-23T21:02:25.0061817+08:00	0x07	0.4123	-0.5457	-0.4043	-0.6072	7.02	78.94	289.60
2026-04-23T21:02:25.0061817+08:00	0x04	0.4665	-0.3634	-0.7804	0.2032	225.13	288.95	337.81
2026-04-23T21:02:25.0061817+08:00	0x06	-0.7054	-0.1149	0.6945	-0.0832	177.22	268.72	16.08
2026-04-23T21:02:25.0061817+08:00	0x08	-0.3166	-0.5562	0.3956	-0.6587	340.86	69.45	59.00
2026-04-23T21:02:25.0061817+08:00	0x02	-0.6562	-0.5233	0.3356	-0.4276	102.22	179.01	65.85
2026-04-23T21:02:25.0061817+08:00	0x01	0.7498	0.1020	-0.1555	0.6350	194.48	215.55	79.73
2026-04-23T21:02:25.0061817+08:00	0x04	0.4078	-0.3836	-0.7673	0.3127	237.24	293.32	340.51
2026-04-23T21:02:25.0061817+08:00	0x07	0.4078	-0.5505	-0.3994	-0.6092	6.16	79.93	290.51
2026-04-23T21:02:25.0061817+08:00	0x09	-0.6943	-0.1788	0.6820	-0.1442	176.70	268.20	26.37
2026-04-23T21:02:25.0061817+08:00	0x03	-0.6253	0.1132	0.7696	0.0623	182.71	281.47	345.40
2026-04-23T21:02:25.0061817+08:00	0x02	-0.6368	-0.5474	0.3181	-0.4401	91.85	169.42	65.33
2026-04-23T21:02:25.0061817+08:00	0x01	0.7456	0.1148	-0.1458	0.6401	185.72	207.02	81.08
2026-04-23T21:02:25.0061817+08:00	0x09	-0.6978	-0.1787	0.6786	-0.1435	176.50	267.59	26.28
2026-04-23T21:02:25.0061817+08:00	0x03	-0.5742	0.1262	0.8088	-0.0084	189.30	288.34	348.78
2026-04-23T21:02:25.0061817+08:00	0x06	-0.7029	-0.1255	0.6927	-0.1018	177.87	268.82	18.48
2026-04-23T21:02:25.0061817+08:00	0x04	0.4022	-0.3054	-0.8090	0.3006	229.17	300.41	345.38
2026-04-23T21:02:25.0061817+08:00	0x02	-0.6122	-0.5618	0.2955	-0.4715	79.50	156.19	65.42
2026-04-23T21:02:25.0061817+08:00	0x07	0.4172	-0.5357	-0.4338	-0.5923	13.65	74.04	286.47
2026-04-23T21:02:25.0061817+08:00	0x04	0.3811	-0.2318	-0.8050	0.3910	233.96	307.14	355.69
2026-04-23T21:02:25.0061817+08:00	0x03	-0.5246	0.1311	0.8051	-0.2435	212.03	294.55	2.54
2026-04-23T21:02:25.0061817+08:00	0x06	-0.6958	-0.1506	0.6839	-0.1592	180.52	269.13	25.32
2026-04-23T21:02:25.0061817+08:00	0x02	-0.5568	-0.5897	0.2552	-0.5265	57.24	133.14	62.52
2026-04-23T21:02:25.0061817+08:00	0x07	0.4340	-0.5102	-0.4885	-0.5592	35.32	54.99	280.31
2026-04-23T21:02:25.0061817+08:00	0x04	0.3854	-0.2457	-0.8001	0.3886	234.57	305.79	354.62
2026-04-23T21:02:25.0061817+08:00	0x09	-0.7516	-0.2113	0.6052	-0.1555	171.46	255.45	29.31
2026-04-23T21:02:25.0061817+08:00	0x08	-0.2521	-0.5509	0.3283	-0.7247	343.23	67.21	46.64
2026-04-23T21:02:25.0061817+08:00	0x02	-0.5790	-0.5844	0.2711	-0.4997	65.79	142.62	63.57
2026-04-23T21:02:25.0061817+08:00	0x07	0.4319	-0.5168	-0.4731	-0.5679	26.92	62.52	281.60
2026-04-23T21:02:25.0061817+08:00	0x04	0.3928	-0.2769	-0.7731	0.4140	239.56	302.75	354.09
2026-04-23T21:02:25.0061817+08:00	0x03	-0.5300	-0.0215	0.8477	0.0038	178.32	295.94	1.85
2026-04-23T21:02:25.0061817+08:00	0x06	-0.6994	-0.1342	0.6908	-0.1250	179.08	269.11	21.11
2026-04-23T21:02:25.0061817+08:00	0x07	0.4341	-0.5162	-0.4564	-0.5804	21.54	66.04	282.83
2026-04-23T21:02:25.0061817+08:00	0x02	-0.6042	-0.5677	0.2852	-0.4810	75.38	151.71	64.83
2026-04-23T21:02:25.0061817+08:00	0x04	0.3670	-0.2536	-0.8151	0.3697	232.83	307.46	351.83
2026-04-23T21:02:25.0061817+08:00	0x09	-0.7233	-0.1887	0.6490	-0.1416	174.27	262.45	26.73
2026-04-23T21:02:25.0061817+08:00	0x08	-0.2690	-0.5529	0.3619	-0.7007	340.54	67.20	50.99
2026-04-23T21:02:25.0061817+08:00	0x05	-0.7740	-0.4772	0.3064	-0.2818	124.29	197.46	46.77
2026-04-23T21:02:25.0061817+08:00	0x07	0.4412	-0.5092	-0.4654	-0.5740	25.57	62.10	281.35
2026-04-23T21:02:25.0061817+08:00	0x04	0.3716	-0.2432	-0.8089	0.3854	233.98	307.52	353.86
2026-04-23T21:02:25.0061817+08:00	0x09	-0.7243	-0.1869	0.6479	-0.1434	174.54	262.33	26.74
2026-04-23T21:02:25.0061817+08:00	0x08	-0.2696	-0.5521	0.3610	-0.7016	340.62	67.09	50.98
2026-04-23T21:02:25.0061817+08:00	0x07	0.4428	-0.5070	-0.4694	-0.5715	27.65	60.17	280.88
2026-04-23T21:02:25.0061817+08:00	0x01	0.7389	0.1231	-0.1071	0.6537	159.99	178.76	82.97
2026-04-23T21:02:25.0061817+08:00	0x04	0.3717	-0.2490	-0.8037	0.3924	235.15	307.11	353.77
2026-04-23T21:02:25.0061817+08:00	0x03	-0.5377	0.0206	0.8422	0.0333	178.05	294.96	355.95
2026-04-23T21:02:25.0061817+08:00	0x08	-0.2696	-0.5514	0.3615	-0.7019	340.49	66.93	51.00
2026-04-23T21:02:25.0061817+08:00	0x01	0.7382	0.1216	-0.1087	0.6546	161.85	180.63	83.14
2026-04-23T21:02:25.0061817+08:00	0x07	0.4437	-0.5051	-0.4717	-0.5705	29.17	58.68	280.64
2026-04-23T21:02:25.0061817+08:00	0x03	-0.5420	0.0268	0.8394	0.0313	178.65	294.36	355.48
2026-04-23T21:02:25.0061817+08:00	0x04	0.3751	-0.2626	-0.8025	0.3825	234.93	305.87	352.27
2026-04-23T21:02:25.0071777+08:00	0x09	-0.7240	-0.1861	0.6484	-0.1441	174.70	262.43	26.75
2026-04-23T21:02:25.0071777+08:00	0x02	-0.6011	-0.5715	0.2811	-0.4827	73.99	150.38	64.37
2026-04-23T21:02:25.0071777+08:00	0x04	0.3448	-0.2476	-0.8595	0.2848	222.72	311.08	346.75
2026-04-23T21:02:25.0071777+08:00	0x03	-0.5040	0.0549	0.8585	0.0778	175.44	299.57	350.06
2026-04-23T21:02:25.0071777+08:00	0x08	-0.2724	-0.5505	0.3667	-0.6988	339.96	66.69	51.66
2026-04-23T21:02:25.0071777+08:00	0x09	-0.7236	-0.1842	0.6501	-0.1413	174.70	262.63	26.35
2026-04-23T21:02:25.0071777+08:00	0x06	-0.7017	-0.1284	0.6913	-0.1149	178.70	268.92	19.81
2026-04-23T21:02:25.0071777+08:00	0x07	0.4465	-0.5046	-0.4703	-0.5699	28.27	59.35	280.39
2026-04-23T21:02:25.0071777+08:00	0x04	0.3526	-0.2225	-0.8406	0.3458	228.13	311.15	352.52
2026-04-23T21:02:25.0071777+08:00	0x03	-0.5164	0.0543	0.8534	0.0462	178.68	297.74	351.93
2026-04-23T21:02:25.0071777+08:00	0x09	-0.7236	-0.1850	0.6494	-0.1430	174.74	262.57	26.56
2026-04-23T21:02:25.0071777+08:00	0x08	-0.2734	-0.5509	0.3663	-0.6983	340.14	66.84	51.76
2026-04-23T21:02:25.0071777+08:00	0x06	-0.7012	-0.1325	0.6906	-0.1179	178.59	268.88	20.39
2026-04-23T21:02:25.0071777+08:00	0x02	-0.6145	-0.5624	0.2873	-0.4729	79.24	155.25	64.72
2026-04-23T21:02:25.0071777+08:00	0x07	0.4512	-0.5017	-0.4734	-0.5662	29.93	57.63	279.61
2026-04-23T21:02:25.0071777+08:00	0x04	0.4570	-0.3945	-0.7516	0.2657	234.23	286.81	339.50
2026-04-23T21:02:25.0071777+08:00	0x08	-0.2725	-0.5515	0.3735	-0.6943	339.16	66.63	52.22
2026-04-23T21:02:25.0071777+08:00	0x03	-0.6900	0.0248	0.6976	0.1914	165.88	272.80	342.61
2026-04-23T21:02:25.0071777+08:00	0x09	-0.7170	-0.1878	0.6570	-0.1379	174.36	263.67	26.39
2026-04-23T21:02:25.0071777+08:00	0x07	0.4513	-0.5045	-0.4601	-0.5746	23.41	63.05	280.63
2026-04-23T21:02:25.0071777+08:00	0x04	0.4441	-0.4035	-0.7696	0.2183	230.18	288.03	334.71
2026-04-23T21:02:25.0071777+08:00	0x03	-0.6920	0.0579	0.6998	0.1676	170.64	272.15	341.77
2026-04-23T21:02:25.0071777+08:00	0x09	-0.7132	-0.1894	0.6606	-0.1379	174.36	264.28	26.56
2026-04-23T21:02:25.0071777+08:00	0x06	-0.6964	-0.1297	0.6986	-0.1009	177.60	269.78	18.77
2026-04-23T21:02:25.0071777+08:00	0x01	0.7495	0.1133	-0.1267	0.6398	177.18	196.78	81.04
2026-04-23T21:02:25.0071777+08:00	0x04	0.4501	-0.4072	-0.7653	0.2145	230.32	286.95	334.52
2026-04-23T21:02:25.0071777+08:00	0x03	-0.6927	0.0544	0.7020	0.1560	171.36	272.06	342.99
2026-04-23T21:02:25.0071777+08:00	0x07	0.4551	-0.5010	-0.4638	-0.5717	25.53	60.91	279.93
2026-04-23T21:02:25.0071777+08:00	0x02	-0.6221	-0.5606	0.2967	-0.4590	83.30	160.12	64.66
2026-04-23T21:02:25.0071777+08:00	0x04	0.4492	-0.4068	-0.7657	0.2155	230.36	287.10	334.57
2026-04-23T21:02:25.0071777+08:00	0x08	-0.2734	-0.5486	0.3816	-0.6918	337.81	65.70	52.84
2026-04-23T21:02:25.0071777+08:00	0x03	-0.6931	0.0555	0.7032	0.1484	172.11	271.97	343.51
2026-04-23T21:02:25.0071777+08:00	0x07	0.4538	-0.5041	-0.4607	-0.5725	23.15	63.32	280.25
2026-04-23T21:02:25.0071777+08:00	0x01	0.7491	0.1142	-0.1317	0.6391	179.00	199.09	80.96
2026-04-23T21:02:25.0071777+08:00	0x04	0.4478	-0.4138	-0.7637	0.2118	230.72	286.61	333.74
2026-04-23T21:02:25.0071777+08:00	0x03	-0.6955	0.0640	0.7008	0.1452	173.13	271.46	343.04
2026-04-23T21:02:25.0071777+08:00	0x06	-0.6918	-0.1315	0.7025	-0.1032	177.76	270.50	19.12
2026-04-23T21:02:25.0071777+08:00	0x01	0.7491	0.1113	-0.1328	0.6394	181.10	201.04	80.94
2026-04-23T21:02:25.0071777+08:00	0x04	0.4481	-0.4115	-0.7637	0.2159	230.88	286.76	334.21
2026-04-23T21:02:25.0321500+08:00	0x09	-0.7117	-0.1826	0.6640	-0.1387	175.16	264.90	26.10
2026-04-23T21:02:25.2511649+08:00	0x06	-0.6913	-0.1308	0.7031	-0.1028	177.80	270.60	19.03
2026-04-23T21:02:25.2601460+08:00	0x07	0.4530	-0.5059	-0.4598	-0.5723	22.15	64.41	280.37
2026-04-23T21:02:25.3032107+08:00	0x01	0.7488	0.1099	-0.1354	0.6395	183.12	203.16	80.90
2026-04-23T21:02:25.5279303+08:00	0x04	0.4495	-0.4135	-0.7616	0.2167	231.20	286.38	334.21
2026-04-23T21:02:25.6154596+08:00	0x09	-0.7103	-0.1795	0.6663	-0.1387	175.52	265.31	25.86
2026-04-23T21:02:25.6886495+08:00	0x05	-0.7756	-0.4741	0.3087	-0.2799	124.99	198.11	46.63
2026-04-23T21:02:25.7658902+08:00	0x02	-0.6197	-0.5633	0.2977	-0.4583	82.67	159.90	64.62
2026-04-23T21:02:25.8791237+08:00	0x01	0.7489	0.1115	-0.1327	0.6396	181.02	200.97	80.97
2026-04-23T21:02:25.9899282+08:00	0x04	0.4471	-0.4134	-0.7629	0.2175	231.22	286.69	334.14
2026-04-23T21:02:26.1481190+08:00	0x08	-0.2743	-0.5460	0.3836	-0.6925	337.34	65.09	53.01
2026-04-23T21:02:26.1790076+08:00	0x03	-0.6944	0.0624	0.7040	0.1354	173.79	271.66	343.99
2026-04-23T21:02:26.1981730+08:00	0x09	-0.7091	-0.1789	0.6675	-0.1398	175.72	265.55	25.92
2026-04-23T21:02:26.2992969+08:00	0x07	0.4527	-0.5042	-0.4621	-0.5721	23.87	62.77	280.27
