timestamp	device	q0	q1	q2	q3	yaw	pitch	roll
2026-05-21T19:47:34.7724418+08:00	0x01	-0.0837	-0.3875	0.3620	-0.8437	322.98	40.87	24.95
2026-05-21T19:47:35.3311949+08:00	0x01	-0.0790	-0.4083	0.3760	-0.8280	321.62	43.32	25.97
2026-05-21T19:47:35.9092793+08:00	0x01	-0.0882	-0.4149	0.4002	-0.8124	319.02	43.32	28.38
2026-05-21T19:47:36.3783270+08:00	0x02	-0.2207	-0.4496	0.5913	-0.6321	290.33	31.67	54.16
2026-05-21T19:47:36.8433656+08:00	0x02	-0.2255	-0.4478	0.5902	-0.6326	290.30	31.14	54.49
2026-05-21T19:47:36.9944621+08:00	0x01	-0.0906	-0.4195	0.4095	-0.8051	318.02	43.58	29.30
2026-05-21T19:47:37.2271540+08:00	0x03	-0.2108	0.4092	0.3853	0.7998	35.85	40.50	319.27
2026-05-21T19:47:37.4765148+08:00	0x02	-0.2296	-0.4499	0.5888	-0.6310	290.56	31.27	55.04
2026-05-21T19:47:37.7775448+08:00	0x03	-0.2114	0.4133	0.3804	0.7999	34.93	41.33	319.26
2026-05-21T19:47:37.9270678+08:00	0x02	-0.2312	-0.4532	0.5850	-0.6316	291.51	32.06	55.32
2026-05-21T19:47:37.9934969+08:00	0x01	-0.0944	-0.4267	0.4109	-0.8001	318.16	44.40	30.11
2026-05-21T19:47:38.3097888+08:00	0x03	-0.2065	0.4163	0.3764	0.8015	34.34	42.02	319.88
2026-05-21T19:47:38.3434054+08:00	0x04	0.1172	-0.3552	-0.3321	-0.8659	33.19	36.72	333.97
2026-05-21T19:47:38.5101349+08:00	0x02	-0.2314	-0.4578	0.5838	-0.6294	292.00	32.86	55.66
2026-05-21T19:47:38.5597521+08:00	0x01	-0.0948	-0.4308	0.4098	-0.7984	318.44	44.96	30.30
2026-05-21T19:47:38.8452761+08:00	0x03	-0.2045	0.4156	0.3768	0.8021	34.49	41.93	320.11
2026-05-21T19:47:39.0291207+08:00	0x02	-0.2316	-0.4583	0.5834	-0.6293	292.12	32.97	55.70
2026-05-21T19:47:39.1304141+08:00	0x01	-0.0945	-0.4334	0.4101	-0.7969	318.47	45.32	30.40
2026-05-21T19:47:39.3432862+08:00	0x03	-0.2028	0.4156	0.3766	0.8027	34.51	41.95	320.31
2026-05-21T19:47:39.4118485+08:00	0x04	0.1096	-0.3542	-0.3202	-0.8718	31.94	37.05	335.30
2026-05-21T19:47:39.5952736+08:00	0x02	-0.2308	-0.4599	0.5836	-0.6282	292.17	33.24	55.76
2026-05-21T19:47:39.6599999+08:00	0x01	-0.0929	-0.4339	0.4089	-0.7974	318.61	45.46	30.20
2026-05-21T19:47:39.9273627+08:00	0x03	-0.2024	0.4144	0.3781	0.8027	34.79	41.72	320.33
2026-05-21T19:47:40.1141161+08:00	0x02	-0.2325	-0.4608	0.5822	-0.6282	292.48	33.41	55.96
2026-05-21T19:47:40.2305577+08:00	0x01	-0.0954	-0.4348	0.4080	-0.7971	318.82	45.55	30.46
2026-05-21T19:47:40.4609059+08:00	0x03	-0.2006	0.4170	0.3747	0.8034	34.25	42.27	320.59
2026-05-21T19:47:40.6849131+08:00	0x02	-0.2353	-0.4611	0.5815	-0.6275	292.54	33.32	56.27
2026-05-21T19:47:40.7437611+08:00	0x01	-0.0974	-0.4342	0.4082	-0.7971	318.85	45.42	30.64
2026-05-21T19:47:41.0113746+08:00	0x03	-0.2006	0.4187	0.3730	0.8033	33.92	42.60	320.60
2026-05-21T19:47:41.2718563+08:00	0x02	-0.2327	-0.4619	0.5804	-0.6290	292.93	33.77	55.99
2026-05-21T19:47:41.3277872+08:00	0x01	-0.0947	-0.4347	0.4062	-0.7981	319.03	45.61	30.29
2026-05-21T19:47:41.5440597+08:00	0x03	-0.2011	0.4198	0.3723	0.8030	33.76	42.78	320.55
2026-05-21T19:47:41.6618958+08:00	0x04	0.1033	-0.3613	-0.3006	-0.8766	29.54	38.53	336.52
2026-05-21T19:47:41.7807348+08:00	0x02	-0.2321	-0.4634	0.5794	-0.6291	293.26	34.16	55.99
2026-05-21T19:47:41.8972363+08:00	0x01	-0.0938	-0.4363	0.4049	-0.7980	319.23	45.88	30.20
2026-05-21T19:47:42.0782151+08:00	0x03	-0.2018	0.4192	0.3769	0.8009	34.41	42.49	320.26
2026-05-21T19:47:42.1803779+08:00	0x04	0.1036	-0.3598	-0.3044	-0.8759	30.04	38.25	336.39
2026-05-21T19:47:42.3540878+08:00	0x02	-0.2318	-0.4641	0.5794	-0.6286	293.30	34.29	56.02
2026-05-21T19:47:42.4187890+08:00	0x01	-0.0933	-0.4370	0.4047	-0.7979	319.26	45.99	30.16
2026-05-21T19:47:42.6137969+08:00	0x03	-0.2015	0.4191	0.3772	0.8009	34.47	42.46	320.28
2026-05-21T19:47:42.7644524+08:00	0x04	0.1027	-0.3617	-0.3001	-0.8767	29.50	38.59	336.60
2026-05-21T19:47:42.8369852+08:00	0x02	-0.2321	-0.4653	0.5793	-0.6277	293.40	34.48	56.15
2026-05-21T19:47:42.9882451+08:00	0x01	-0.0936	-0.4382	0.4046	-0.7972	319.32	46.15	30.25
2026-05-21T19:47:43.1476471+08:00	0x03	-0.2005	0.4211	0.3746	0.8014	34.03	42.88	320.44
2026-05-21T19:47:43.2642982+08:00	0x04	0.1007	-0.3637	-0.2994	-0.8764	29.42	38.90	336.78
2026-05-21T19:47:43.4488687+08:00	0x02	-0.2298	-0.4671	0.5803	-0.6263	293.33	34.81	56.10
2026-05-21T19:47:43.5611207+08:00	0x01	-0.0911	-0.4407	0.4047	-0.7961	319.30	46.54	30.11
2026-05-21T19:47:43.6545809+08:00	0x03	-0.1997	0.4243	0.3739	0.8002	33.80	43.40	320.44
2026-05-21T19:47:43.8447289+08:00	0x04	0.0994	-0.3653	-0.2985	-0.8761	29.32	39.15	336.90
2026-05-21T19:47:43.9277746+08:00	0x02	-0.2295	-0.4679	0.5805	-0.6256	293.34	34.94	56.15
2026-05-21T19:47:44.0799334+08:00	0x01	-0.0917	-0.4408	0.4053	-0.7957	319.25	46.52	30.21
2026-05-21T19:47:44.1807440+08:00	0x03	-0.1989	0.4247	0.3727	0.8007	33.64	43.52	320.58
2026-05-21T19:47:44.4107639+08:00	0x04	0.1005	-0.3657	-0.3017	-0.8747	29.66	39.11	336.64
2026-05-21T19:47:44.5350204+08:00	0x02	-0.2311	-0.4685	0.5799	-0.6252	293.45	34.98	56.34
2026-05-21T19:47:44.6465253+08:00	0x01	-0.0918	-0.4415	0.4035	-0.7962	319.51	46.67	30.16
2026-05-21T19:47:44.7109680+08:00	0x03	-0.2011	0.4232	0.3774	0.7987	34.30	43.07	320.15
2026-05-21T19:47:44.9395682+08:00	0x04	0.1041	-0.3625	-0.3046	-0.8746	29.97	38.58	336.24
2026-05-21T19:47:45.1148527+08:00	0x02	-0.2326	-0.4648	0.5795	-0.6277	293.31	34.34	56.17
2026-05-21T19:47:45.3078999+08:00	0x03	-0.2017	0.4210	0.3771	0.7999	34.35	42.75	320.19
2026-05-21T19:47:45.4112490+08:00	0x04	0.1039	-0.3624	-0.3037	-0.8750	29.87	38.59	336.29
2026-05-21T19:47:45.6949542+08:00	0x02	-0.2323	-0.4655	0.5768	-0.6298	293.94	34.76	56.06
2026-05-21T19:47:45.8611674+08:00	0x03	-0.2024	0.4235	0.3764	0.7987	34.10	43.15	320.04
2026-05-21T19:47:46.0276697+08:00	0x04	0.1048	-0.3653	-0.3025	-0.8741	29.63	38.96	336.16
2026-05-21T19:47:46.2133704+08:00	0x02	-0.2307	-0.4633	0.5777	-0.6312	293.69	34.44	55.74
2026-05-21T19:47:46.3111085+08:00	0x01	-0.0902	-0.4408	0.4006	-0.7982	319.81	46.70	29.81
2026-05-21T19:47:46.3798788+08:00	0x03	-0.2020	0.4243	0.3751	0.7991	33.90	43.32	320.12
2026-05-21T19:47:46.4949775+08:00	0x04	0.1064	-0.3653	-0.3042	-0.8733	29.80	38.89	335.91
2026-05-21T19:47:46.6803208+08:00	0x02	-0.2286	-0.4661	0.5763	-0.6312	294.21	35.17	55.67
2026-05-21T19:47:46.8386231+08:00	0x01	-0.0896	-0.4423	0.4003	-0.7976	319.87	46.92	29.80
2026-05-21T19:47:46.9248131+08:00	0x03	-0.2014	0.4251	0.3747	0.7990	33.82	43.46	320.19
2026-05-21T19:47:47.0147070+08:00	0x04	0.1047	-0.3650	-0.3027	-0.8742	29.67	38.92	336.17
2026-05-21T19:47:47.2958154+08:00	0x02	-0.2284	-0.4674	0.5751	-0.6313	294.54	35.52	55.70
2026-05-21T19:47:47.4055019+08:00	0x01	-0.0901	-0.4425	0.3997	-0.7977	319.97	46.95	29.83
2026-05-21T19:47:47.5222532+08:00	0x03	-0.2008	0.4254	0.3740	0.7993	33.72	43.55	320.27
2026-05-21T19:47:47.7830719+08:00	0x02	-0.2282	-0.4675	0.5759	-0.6306	294.38	35.46	55.72
2026-05-21T19:47:47.9841812+08:00	0x01	-0.0891	-0.4425	0.4009	-0.7972	319.79	46.95	29.80
2026-05-21T19:47:48.0713407+08:00	0x03	-0.1990	0.4220	0.3758	0.8007	34.20	42.98	320.52
2026-05-21T19:47:48.0852984+08:00	0x04	0.1044	-0.3617	-0.3048	-0.8748	30.01	38.47	336.22
2026-05-21T19:47:48.3448856+08:00	0x02	-0.2289	-0.4661	0.5763	-0.6311	294.20	35.15	55.70
2026-05-21T19:47:48.4944743+08:00	0x01	-0.0909	-0.4413	0.4005	-0.7979	319.85	46.74	29.90
2026-05-21T19:47:48.5451769+08:00	0x03	-0.2006	0.4192	0.3776	0.8009	34.55	42.47	320.36
2026-05-21T19:47:48.6770609+08:00	0x04	0.1076	-0.3597	-0.3040	-0.8756	29.87	38.17	335.98
2026-05-21T19:47:48.8627174+08:00	0x02	-0.2298	-0.4587	0.5757	-0.6366	293.90	34.00	55.17
2026-05-21T19:47:49.0779301+08:00	0x01	-0.0908	-0.4398	0.3997	-0.7991	319.90	46.58	29.78
2026-05-21T19:47:49.1238116+08:00	0x03	-0.2041	0.4197	0.3753	0.8008	34.09	42.61	320.07
2026-05-21T19:47:49.4283245+08:00	0x02	-0.2359	-0.4623	0.5729	-0.6343	294.54	34.43	56.00
2026-05-21T19:47:49.6509441+08:00	0x01	-0.0884	-0.4404	0.3999	-0.7989	319.82	46.70	29.57
2026-05-21T19:47:49.7218773+08:00	0x03	-0.2051	0.4216	0.3743	0.8001	33.83	42.91	319.93
2026-05-21T19:47:49.9549996+08:00	0x02	-0.2354	-0.4555	0.5765	-0.6362	293.39	33.02	55.56
2026-05-21T19:47:50.1633947+08:00	0x01	-0.0841	-0.4425	0.4010	-0.7977	319.60	47.06	29.27
2026-05-21T19:47:50.2124650+08:00	0x03	-0.2050	0.4211	0.3742	0.8004	33.84	42.85	319.96
2026-05-21T19:47:50.5319575+08:00	0x02	-0.2291	-0.4641	0.5784	-0.6305	293.61	34.60	55.67
2026-05-21T19:47:50.6322418+08:00	0x01	-0.0857	-0.4435	0.4031	-0.7959	319.42	47.10	29.60
2026-05-21T19:47:50.8022925+08:00	0x03	-0.2041	0.4208	0.3765	0.7997	34.20	42.72	319.97
2026-05-21T19:47:50.8288970+08:00	0x04	0.1163	-0.3592	-0.3029	-0.8750	29.49	37.99	335.09
2026-05-21T19:47:51.1032860+08:00	0x02	-0.2297	-0.4620	0.5807	-0.6297	292.98	33.98	55.68
2026-05-21T19:47:51.2119920+08:00	0x01	-0.0873	-0.4403	0.4025	-0.7978	319.46	46.65	29.59
2026-05-21T19:47:51.3465361+08:00	0x04	0.1201	-0.3590	-0.3072	-0.8731	29.91	37.79	334.51
2026-05-21T19:47:51.6324893+08:00	0x02	-0.2299	-0.4631	0.5818	-0.6278	292.78	34.02	55.85
2026-05-21T19:47:51.7298786+08:00	0x01	-0.0866	-0.4414	0.4038	-0.7966	319.30	46.77	29.64
2026-05-21T19:47:51.8145569+08:00	0x03	-0.2072	0.4222	0.3735	0.7996	33.62	43.02	319.71
2026-05-21T19:47:51.9158270+08:00	0x04	0.1189	-0.3642	-0.3014	-0.8732	29.10	38.61	334.71
2026-05-21T19:47:52.1997132+08:00	0x02	-0.2294	-0.4639	0.5785	-0.6305	293.58	34.54	55.70
2026-05-21T19:47:52.3127608+08:00	0x01	-0.0880	-0.4419	0.4011	-0.7975	319.70	46.89	29.67
2026-05-21T19:47:52.4169998+08:00	0x03	-0.2055	0.4208	0.3738	0.8006	33.79	42.81	319.94
2026-05-21T19:47:52.7162884+08:00	0x02	-0.2312	-0.4643	0.5799	-0.6282	293.23	34.32	56.00
2026-05-21T19:47:52.8172962+08:00	0x01	-0.0885	-0.4432	0.4018	-0.7964	319.67	47.03	29.82
2026-05-21T19:47:52.9502790+08:00	0x03	-0.2040	0.4216	0.3737	0.8006	33.77	42.95	320.08
2026-05-21T19:47:53.2817674+08:00	0x02	-0.2289	-0.4675	0.5771	-0.6293	294.08	35.27	55.86
2026-05-21T19:47:53.3960977+08:00	0x01	-0.0878	-0.4444	0.4001	-0.7967	319.90	47.25	29.70
2026-05-21T19:47:53.4901170+08:00	0x03	-0.2018	0.4178	0.3769	0.8017	34.48	42.28	320.33
2026-05-21T19:47:53.8641286+08:00	0x02	-0.2351	-0.4665	0.5744	-0.6302	294.45	34.98	56.32
2026-05-21T19:47:53.9810717+08:00	0x01	-0.0939	-0.4440	0.3970	-0.7978	320.50	47.15	30.15
2026-05-21T19:47:54.0308582+08:00	0x03	-0.2037	0.4138	0.3764	0.8035	34.55	41.69	320.30
2026-05-21T19:47:54.3812051+08:00	0x02	-0.2330	-0.4622	0.5780	-0.6309	293.49	34.06	55.92
2026-05-21T19:47:54.4996266+08:00	0x01	-0.0943	-0.4408	0.4033	-0.7963	319.59	46.51	30.38
2026-05-21T19:47:54.6136829+08:00	0x03	-0.2052	0.4205	0.3689	0.8031	33.12	43.00	320.22
2026-05-21T19:47:54.9465098+08:00	0x02	-0.2398	-0.4546	0.5815	-0.6306	292.06	31.98	56.22
2026-05-21T19:47:55.0667832+08:00	0x01	-0.0954	-0.4413	0.4044	-0.7954	319.51	46.54	30.58
2026-05-21T19:47:55.1637043+08:00	0x03	-0.2054	0.4219	0.3670	0.8032	32.78	43.28	320.24
2026-05-21T19:47:55.3465223+08:00	0x04	0.1210	-0.3625	-0.2899	-0.8775	27.68	38.64	335.01
2026-05-21T19:47:55.4160845+08:00	0x02	-0.2354	-0.4512	0.5771	-0.6388	293.03	32.30	55.23
2026-05-21T19:47:55.5304571+08:00	0x01	-0.0933	-0.4412	0.4056	-0.7951	319.28	46.53	30.41
2026-05-21T19:47:55.6419575+08:00	0x03	-0.2040	0.4217	0.3677	0.8034	32.94	43.22	320.37
2026-05-21T19:47:55.7716620+08:00	0x04	0.1250	-0.3641	-0.2952	-0.8744	28.16	38.66	334.30
2026-05-21T19:47:55.9499662+08:00	0x02	-0.2283	-0.4544	0.5781	-0.6381	293.21	33.21	54.77
2026-05-21T19:47:56.1652216+08:00	0x01	-0.0918	-0.4419	0.4066	-0.7943	319.11	46.64	30.34
2026-05-21T19:47:56.2303843+08:00	0x03	-0.2026	0.4204	0.3729	0.8020	33.77	42.82	320.33
2026-05-21T19:47:56.3299373+08:00	0x04	0.1231	-0.3620	-0.2998	-0.8740	28.84	38.31	334.39
2026-05-21T19:47:56.5203390+08:00	0x02	-0.2321	-0.4588	0.5809	-0.6311	292.69	33.28	55.68
2026-05-21T19:47:56.7228915+08:00	0x03	-0.2025	0.4195	0.3725	0.8026	33.76	42.72	320.38
2026-05-21T19:47:56.7368512+08:00	0x01	-0.0930	-0.4428	0.4069	-0.7936	319.15	46.72	30.53
2026-05-21T19:47:56.8662181+08:00	0x04	0.1182	-0.3634	-0.2926	-0.8766	28.06	38.74	335.17
2026-05-21T19:47:57.1309816+08:00	0x02	-0.2346	-0.4650	0.5766	-0.6295	293.90	34.54	56.26
2026-05-21T19:47:57.2407708+08:00	0x01	-0.0936	-0.4438	0.4050	-0.7939	319.44	46.89	30.53
2026-05-21T19:47:57.2673699+08:00	0x03	-0.2025	0.4233	0.3709	0.8014	33.34	43.35	320.31
2026-05-21T19:47:57.4304603+08:00	0x04	0.1145	-0.3638	-0.2935	-0.8766	28.28	38.82	335.53
2026-05-21T19:47:57.5970059+08:00	0x02	-0.2344	-0.4628	0.5757	-0.6321	293.99	34.31	56.01
2026-05-21T19:47:57.8308494+08:00	0x01	-0.0939	-0.4429	0.4033	-0.7952	319.64	46.81	30.44
2026-05-21T19:47:57.9503397+08:00	0x04	0.1149	-0.3639	-0.2927	-0.8767	28.17	38.85	335.51
2026-05-21T19:47:58.1304295+08:00	0x02	-0.2344	-0.4616	0.5757	-0.6329	293.92	34.12	55.91
2026-05-21T19:47:58.3070277+08:00	0x01	-0.0924	-0.4427	0.4040	-0.7951	319.50	46.81	30.30
2026-05-21T19:47:58.3845395+08:00	0x03	-0.2034	0.4235	0.3682	0.8023	32.94	43.48	320.33
2026-05-21T19:47:58.5173376+08:00	0x04	0.1137	-0.3652	-0.2921	-0.8766	28.10	39.05	335.63
2026-05-21T19:47:58.7040160+08:00	0x02	-0.2297	-0.4667	0.5786	-0.6282	293.69	34.94	55.96
2026-05-21T19:47:58.9183003+08:00	0x01	-0.0855	-0.4457	0.4048	-0.7938	319.26	47.34	29.78
2026-05-21T19:47:58.9384630+08:00	0x03	-0.2040	0.4269	0.3693	0.7998	32.90	43.95	320.09
2026-05-21T19:47:58.9845664+08:00	0x04	0.1140	-0.3665	-0.2962	-0.8746	28.56	39.12	335.38
2026-05-21T19:47:59.2711615+08:00	0x02	-0.2266	-0.4658	0.5785	-0.6301	293.76	35.03	55.54
2026-05-21T19:47:59.4669013+08:00	0x03	-0.2060	0.4244	0.3739	0.7986	33.60	43.34	319.74
2026-05-21T19:47:59.5136724+08:00	0x04	0.1179	-0.3636	-0.2986	-0.8745	28.80	38.63	334.95
2026-05-21T19:47:59.7983702+08:00	0x02	-0.2268	-0.4584	0.5804	-0.6337	292.95	33.68	55.04
2026-05-21T19:47:59.9641223+08:00	0x01	-0.0620	-0.4339	0.4206	-0.7943	316.10	45.98	27.62
2026-05-21T19:48:00.0076201+08:00	0x03	-0.2013	0.4178	0.3682	0.8058	33.28	42.66	320.79
2026-05-21T19:48:00.0805366+08:00	0x04	0.1151	-0.3576	-0.2901	-0.8801	28.02	38.10	335.78
2026-05-21T19:48:00.3638959+08:00	0x02	-0.2169	-0.4588	0.5836	-0.6339	292.56	34.11	54.15
2026-05-21T19:48:00.5341049+08:00	0x03	-0.1994	0.4250	0.3607	0.8059	31.96	44.06	321.09
2026-05-21T19:48:00.7160460+08:00	0x04	0.1019	-0.3584	-0.2839	-0.8835	27.65	38.54	337.45
2026-05-21T19:48:00.8335471+08:00	0x02	-0.2065	-0.4604	0.5845	-0.6354	292.73	35.01	53.19
2026-05-21T19:48:01.0484744+08:00	0x01	-0.0630	-0.4514	0.4212	-0.7842	316.55	48.25	28.62
2026-05-21T19:48:01.0810840+08:00	0x03	0.0273	0.4050	0.5188	0.7524	60.17	43.57	337.73
2026-05-21T19:48:01.1862304+08:00	0x04	0.1023	-0.3583	-0.2841	-0.8834	27.66	38.52	337.40
2026-05-21T19:48:01.3480011+08:00	0x02	-0.1995	-0.4788	0.5840	-0.6244	293.88	38.31	53.94
2026-05-21T19:48:01.6143345+08:00	0x03	0.0205	0.4060	0.5146	0.7549	59.39	43.45	337.24
2026-05-21T19:48:01.6332850+08:00	0x01	-0.0521	-0.4589	0.3992	-0.7921	319.15	50.08	26.67
2026-05-21T19:48:01.7520642+08:00	0x04	-0.1182	-0.1889	-0.6332	-0.7412	80.18	25.50	356.34
2026-05-21T19:48:01.9359025+08:00	0x02	-0.0468	-0.5162	0.6435	-0.5632	283.90	48.41	45.81
2026-05-21T19:48:02.1488532+08:00	0x01	0.0438	-0.4487	0.3687	-0.8129	318.59	52.08	15.05
2026-05-21T19:48:02.1992591+08:00	0x03	-0.0716	0.3870	0.6426	0.6575	78.27	31.12	323.74
2026-05-21T19:48:02.3673734+08:00	0x04	-0.0764	-0.0064	-0.9814	0.1760	200.16	8.50	357.73
2026-05-21T19:48:02.5506828+08:00	0x02	-0.0514	-0.5153	0.6420	-0.5653	284.20	48.10	46.04
2026-05-21T19:48:02.7169028+08:00	0x01	0.0392	-0.4240	0.4614	-0.7784	307.24	47.52	19.28
2026-05-21T19:48:02.7488598+08:00	0x03	-0.0685	0.3949	0.5333	0.7449	60.34	37.20	328.45
2026-05-21T19:48:02.8433018+08:00	0x04	0.1081	-0.1408	-0.9818	-0.0672	173.91	348.34	343.08
2026-05-21T19:48:03.0092189+08:00	0x02	-0.0613	-0.4430	0.6633	-0.6000	278.63	36.89	41.39
2026-05-21T19:48:03.2321229+08:00	0x01	0.0085	-0.4525	0.4170	-0.7882	314.43	50.67	21.35
2026-05-21T19:48:03.3348265+08:00	0x03	-0.1200	0.4044	0.4163	0.8054	42.56	40.58	327.99
2026-05-21T19:48:03.4672871+08:00	0x04	0.1215	-0.2604	-0.5865	-0.7572	71.10	16.79	330.70
2026-05-21T19:48:03.5859978+08:00	0x02	-0.1109	-0.4634	0.5465	-0.6887	300.19	43.45	41.24
2026-05-21T19:48:03.8192636+08:00	0x01	0.0035	-0.4518	0.4376	-0.7774	312.07	50.01	22.96
2026-05-21T19:48:03.8848055+08:00	0x03	-0.1135	0.4054	0.4015	0.8134	40.73	41.36	329.33
2026-05-21T19:48:04.2179297+08:00	0x02	-0.1207	-0.4564	0.5570	-0.6833	298.28	41.43	42.33
2026-05-21T19:48:04.4009355+08:00	0x01	0.0000	-0.4443	0.4287	-0.7867	313.16	49.11	22.39
2026-05-21T19:48:04.4483188+08:00	0x04	0.0786	-0.2883	-0.4461	-0.8436	50.19	26.88	337.05
2026-05-21T19:48:04.6831666+08:00	0x02	-0.1280	-0.4586	0.5536	-0.6832	299.00	41.59	43.05
2026-05-21T19:48:04.9023602+08:00	0x01	-0.0016	-0.4443	0.4174	-0.7927	314.62	49.27	21.93
2026-05-21T19:48:04.9487387+08:00	0x03	-0.1133	0.4069	0.3902	0.8181	39.20	41.91	329.80
2026-05-21T19:48:05.0242350+08:00	0x04	0.0633	-0.2969	-0.3917	-0.8686	43.17	29.75	339.97
2026-05-21T19:48:05.3160653+08:00	0x02	-0.1234	-0.4620	0.5580	-0.6782	298.34	42.02	43.08
2026-05-21T19:48:05.4821592+08:00	0x01	0.0013	-0.4472	0.4081	-0.7959	315.70	49.92	21.28
2026-05-21T19:48:05.4981153+08:00	0x03	-0.1081	0.4109	0.3849	0.8193	38.54	42.73	330.43
2026-05-21T19:48:05.6010044+08:00	0x04	0.0452	-0.3069	-0.3511	-0.8835	38.34	32.30	342.82
2026-05-21T19:48:05.7819373+08:00	0x02	-0.1251	-0.4683	0.5564	-0.6749	298.87	42.91	43.62
2026-05-21T19:48:05.9420685+08:00	0x01	0.0013	-0.4492	0.4027	-0.7975	316.39	50.26	21.08
2026-05-21T19:48:06.0989429+08:00	0x03	-0.1061	0.4135	0.3856	0.8180	38.60	43.10	330.51
2026-05-21T19:48:06.3506918+08:00	0x02	-0.1267	-0.4679	0.5610	-0.6711	298.07	42.50	44.02
2026-05-21T19:48:06.4660671+08:00	0x01	0.0026	-0.4482	0.4022	-0.7983	316.38	50.19	20.88
2026-05-21T19:48:06.6171508+08:00	0x03	-0.1106	0.4124	0.3911	0.8153	39.22	42.68	329.80
2026-05-21T19:48:06.8681328+08:00	0x02	-0.1278	-0.4682	0.5606	-0.6710	298.18	42.53	44.14
2026-05-21T19:48:07.0398994+08:00	0x01	-0.0025	-0.4473	0.3982	-0.8009	317.06	49.98	21.11
2026-05-21T19:48:07.1680271+08:00	0x03	-0.1139	0.4123	0.3911	0.8149	39.13	42.59	329.46
2026-05-21T19:48:07.4449488+08:00	0x02	-0.1350	-0.4738	0.5584	-0.6675	298.83	43.10	45.18
2026-05-21T19:48:07.6152599+08:00	0x01	0.0034	-0.4506	0.3786	-0.8085	319.22	50.92	19.61
2026-05-21T19:48:07.6880810+08:00	0x03	-0.1184	0.4144	0.3910	0.8132	38.91	42.78	328.89
2026-05-21T19:48:07.7830481+08:00	0x04	0.0458	-0.3066	-0.3523	-0.8830	38.48	32.22	342.73
2026-05-21T19:48:07.9519868+08:00	0x02	0.0285	-0.4740	0.7372	-0.4807	263.15	42.20	42.18
2026-05-21T19:48:08.2504718+08:00	0x03	-0.0854	0.4149	0.3921	0.8166	40.04	43.60	332.31
2026-05-21T19:48:08.3577081+08:00	0x04	-0.1217	-0.2882	-0.7112	-0.6296	92.45	33.68	345.13
2026-05-21T19:48:08.5336080+08:00	0x02	0.0236	-0.4747	0.7328	-0.4870	264.18	42.19	42.27
2026-05-21T19:48:08.7043080+08:00	0x01	0.0032	-0.4505	0.3792	-0.8082	319.16	50.89	19.66
2026-05-21T19:48:08.7668455+08:00	0x03	-0.1204	0.4637	0.6358	0.6052	76.13	37.03	312.67
2026-05-21T19:48:08.8686268+08:00	0x04	-0.1177	-0.2902	-0.7015	-0.6401	90.71	33.72	345.14
2026-05-21T19:48:09.1313744+08:00	0x02	-0.0272	-0.4628	0.8777	0.1215	156.26	344.31	53.68
2026-05-21T19:48:09.2504514+08:00	0x03	-0.1838	0.4152	0.6470	0.6125	81.54	24.74	310.31
2026-05-21T19:48:09.3507809+08:00	0x04	0.0395	-0.2226	-0.9421	-0.2475	150.03	2.28	333.96
2026-05-21T19:48:09.6201212+08:00	0x02	-0.1834	-0.5539	0.8106	0.0499	143.31	312.14	61.61
2026-05-21T19:48:09.8039322+08:00	0x03	-0.1833	0.4235	0.6495	0.6044	81.94	25.50	309.50
2026-05-21T19:48:09.8852385+08:00	0x04	0.0676	-0.1970	-0.9730	-0.0990	169.58	354.21	336.62
2026-05-21T19:48:10.2105761+08:00	0x02	-0.2119	-0.5169	0.8281	0.0466	147.30	313.28	56.75
2026-05-21T19:48:10.3703036+08:00	0x01	-0.1499	-0.5623	0.7005	-0.4131	266.33	38.27	65.74
2026-05-21T19:48:10.4439382+08:00	0x04	0.0837	-0.1724	-0.9814	0.0101	182.96	349.74	340.32
2026-05-21T19:48:14.9268524+08:00	0x02	-0.2279	-0.4993	0.8349	0.0410	149.27	313.33	54.59
2026-05-21T19:48:14.9268524+08:00	0x03	-0.1785	0.4305	0.6582	0.5913	83.61	25.87	308.94
2026-05-21T19:48:14.9268524+08:00	0x04	0.0973	-0.1635	-0.9759	0.1066	194.56	346.38	342.64
2026-05-21T19:48:14.9268524+08:00	0x02	-0.2360	-0.4841	0.8416	0.0413	150.56	313.84	52.68
2026-05-21T19:48:14.9268524+08:00	0x03	-0.1785	0.4320	0.6594	0.5888	83.88	25.90	308.75
2026-05-21T19:48:14.9268524+08:00	0x04	0.1063	-0.1569	-0.9672	0.1689	201.95	344.42	344.48
2026-05-21T19:48:14.9268524+08:00	0x02	-0.2845	-0.3857	0.8745	0.0743	153.18	314.24	39.22
2026-05-21T19:48:14.9268524+08:00	0x03	-0.1798	0.4305	0.6600	0.5888	84.12	25.52	308.73
2026-05-21T19:48:14.9268524+08:00	0x04	0.1182	-0.1534	-0.9561	0.2201	208.10	342.39	346.04
2026-05-21T19:48:14.9268524+08:00	0x02	-0.2878	-0.3812	0.8752	0.0773	153.04	314.02	38.51
2026-05-21T19:48:14.9268524+08:00	0x03	-0.1789	0.4309	0.6617	0.5869	84.47	25.48	308.72
2026-05-21T19:48:14.9278490+08:00	0x01	-0.2194	-0.5646	0.7422	-0.2868	221.96	359.61	74.57
2026-05-21T19:48:14.9278490+08:00	0x02	-0.2887	-0.3816	0.8744	0.0807	152.54	313.74	38.37
2026-05-21T19:48:14.9278490+08:00	0x03	-0.1844	0.4240	0.6676	0.5835	86.26	23.49	308.62
2026-05-21T19:48:14.9278490+08:00	0x04	0.1237	-0.1487	-0.9484	0.2514	211.76	341.51	347.30
2026-05-21T19:48:14.9278490+08:00	0x01	-0.2199	-0.5321	0.7654	-0.2875	217.50	354.79	70.23
2026-05-21T19:48:14.9278490+08:00	0x02	-0.2926	-0.3773	0.8748	0.0826	152.51	313.46	37.71
2026-05-21T19:48:14.9278490+08:00	0x04	0.1269	-0.1401	-0.9364	0.2957	216.87	340.95	349.20
2026-05-21T19:48:14.9278490+08:00	0x03	-0.1837	0.4261	0.6704	0.5790	86.89	23.47	308.37
2026-05-21T19:48:14.9278490+08:00	0x01	-0.2180	-0.5307	0.7661	-0.2896	218.29	355.53	69.96
2026-05-21T19:48:14.9278490+08:00	0x02	-0.2941	-0.3768	0.8743	0.0841	152.28	313.22	37.54
2026-05-21T19:48:14.9278490+08:00	0x04	0.1261	-0.1368	-0.9298	0.3175	219.40	340.95	349.96
2026-05-21T19:48:14.9278490+08:00	0x03	-0.1825	0.4290	0.6684	0.5796	86.31	24.14	308.28
2026-05-21T19:48:14.9278490+08:00	0x01	-0.2178	-0.5289	0.7669	-0.2909	218.50	355.63	69.72
2026-05-21T19:48:14.9278490+08:00	0x02	-0.2970	-0.3757	0.8735	0.0874	151.85	312.80	37.18
2026-05-21T19:48:14.9278490+08:00	0x03	-0.1818	0.4302	0.6676	0.5799	86.05	24.43	308.26
2026-05-21T19:48:14.9278490+08:00	0x04	0.1277	-0.1336	-0.9279	0.3238	220.08	340.85	350.49
2026-05-21T19:48:14.9278490+08:00	0x01	-0.2195	-0.5278	0.7674	-0.2904	217.96	354.99	69.65
2026-05-21T19:48:15.1015405+08:00	0x02	-0.2973	-0.3757	0.8732	0.0900	151.52	312.68	37.05
2026-05-21T19:48:15.3034715+08:00	0x04	0.1283	-0.1334	-0.9262	0.3286	220.66	340.75	350.63
2026-05-21T19:48:15.4707563+08:00	0x01	-0.2183	-0.5299	0.7669	-0.2890	217.99	355.26	69.86
2026-05-21T19:48:15.7212899+08:00	0x02	-0.2951	-0.3778	0.8730	0.0902	151.42	312.82	37.33
2026-05-21T19:48:15.7441993+08:00	0x04	0.1262	-0.1318	-0.9255	0.3320	221.01	341.02	350.78
2026-05-21T19:48:16.6037774+08:00	0x03	-0.1810	0.4286	0.6680	0.5808	86.13	24.31	308.48
2026-05-21T19:48:16.6037774+08:00	0x01	-0.2180	-0.5307	0.7664	-0.2888	218.05	355.37	69.96
2026-05-21T19:48:16.6037774+08:00	0x02	-0.2952	-0.3776	0.8729	0.0908	151.35	312.78	37.27
2026-05-21T19:48:16.6037774+08:00	0x04	0.1253	-0.1296	-0.9249	0.3346	221.27	341.19	351.03
2026-05-21T19:48:16.6037774+08:00	0x03	-0.1810	0.4288	0.6676	0.5811	86.03	24.36	308.47
2026-05-21T19:48:16.6037774+08:00	0x01	-0.2179	-0.5312	0.7660	-0.2893	218.27	355.56	70.01
2026-05-21T19:48:16.8492278+08:00	0x04	0.1266	-0.1308	-0.9236	0.3373	221.64	340.97	351.01
2026-05-21T19:49:34.5068506+08:00	0x02	-0.2953	-0.3775	0.8728	0.0917	151.24	312.74	37.22
2026-05-21T19:49:34.5068506+08:00	0x03	-0.1820	0.4295	0.6674	0.5805	86.03	24.36	308.32
2026-05-21T19:49:34.5068506+08:00	0x01	-0.2187	-0.5310	0.7655	-0.2901	218.37	355.52	70.03
2026-05-21T19:49:34.5068506+08:00	0x02	-0.3007	-0.3512	0.8740	0.1494	146.32	312.23	31.61
2026-05-21T19:49:34.5068506+08:00	0x03	-0.1838	0.4308	0.6645	0.5823	85.41	24.65	308.14
2026-05-21T19:49:34.5068506+08:00	0x02	-0.2909	-0.3496	0.8640	0.2159	138.97	311.89	28.58
2026-05-21T19:49:34.5068506+08:00	0x04	0.1257	-0.1266	-0.9234	0.3399	221.83	341.23	351.47
2026-05-21T19:49:34.5068506+08:00	0x03	-0.1807	0.4346	0.6645	0.5805	85.19	25.39	308.06
2026-05-21T19:49:34.5068506+08:00	0x01	-0.2013	-0.5434	0.7323	-0.3576	243.26	15.94	70.04
2026-05-21T19:49:34.5068506+08:00	0x02	-0.2885	-0.3377	0.8648	0.2341	137.84	312.66	26.69
2026-05-21T19:49:34.5068506+08:00	0x04	0.1213	-0.1247	-0.9231	0.3430	222.13	341.76	351.55
2026-05-21T19:49:34.5068506+08:00	0x03	-0.1417	0.4582	0.6482	0.5914	79.38	33.56	310.39
2026-05-21T19:49:34.5068506+08:00	0x02	-0.2720	-0.3458	0.8654	0.2398	136.95	313.90	27.91
2026-05-21T19:49:34.5068506+08:00	0x04	0.1595	-0.1094	-0.8412	0.5049	242.20	337.74	358.68
2026-05-21T19:49:34.5068506+08:00	0x03	-0.1891	0.4333	0.7493	0.4637	110.11	12.10	304.44
2026-05-21T19:49:34.5068506+08:00	0x01	-0.1856	-0.5894	0.6969	-0.3641	262.09	35.81	73.06
2026-05-21T19:49:34.5068506+08:00	0x02	-0.2043	-0.5524	0.7958	0.1405	127.92	302.51	55.27
2026-05-21T19:49:34.5068506+08:00	0x03	-0.1681	0.4931	0.7275	0.4465	103.37	23.18	299.82
2026-05-21T19:49:34.5068506+08:00	0x01	-0.1651	-0.6083	0.6495	-0.4253	286.15	55.85	68.53
2026-05-21T19:49:34.5068506+08:00	0x02	-0.2522	-0.4386	0.8297	0.2359	129.44	307.96	37.50
2026-05-21T19:49:34.5068506+08:00	0x03	-0.2048	0.4270	0.7315	0.4906	105.84	12.21	304.35
2026-05-21T19:49:34.5068506+08:00	0x01	-0.1865	-0.5885	0.6782	-0.3986	271.87	42.28	71.25
2026-05-21T19:49:34.5068506+08:00	0x02	-0.2996	-0.4008	0.8261	0.2591	129.18	305.39	30.46
2026-05-21T19:49:34.5068506+08:00	0x03	-0.2378	0.4335	0.7836	0.3762	131.66	354.79	300.88
2026-05-21T19:49:34.5068506+08:00	0x01	-0.1875	-0.6031	0.6816	-0.3696	270.13	43.25	73.88
2026-05-21T19:49:34.5068506+08:00	0x02	-0.2869	-0.4215	0.8255	0.2420	129.44	305.32	33.85
2026-05-21T19:49:34.5068506+08:00	0x04	0.1598	-0.1251	-0.8174	0.5392	247.20	336.65	358.16
2026-05-21T19:49:34.5068506+08:00	0x03	-0.2335	0.4236	0.7704	0.4154	123.80	359.15	302.15
2026-05-21T19:49:34.5068506+08:00	0x01	-0.2051	-0.6075	0.6696	-0.3749	274.35	45.50	75.31
2026-05-21T19:49:34.5068506+08:00	0x02	-0.2966	-0.4456	0.7864	0.3083	118.85	299.94	31.19
2026-05-21T19:49:34.5068506+08:00	0x03	-0.2446	0.4167	0.7746	0.4080	126.75	355.82	302.31
2026-05-21T19:49:34.5068506+08:00	0x01	-0.2134	-0.6085	0.6625	-0.3812	277.22	47.09	75.68
2026-05-21T19:49:34.5068506+08:00	0x02	-0.2964	-0.4449	0.7876	0.3063	119.16	300.09	31.28
2026-05-21T19:49:34.5068506+08:00	0x04	0.1469	-0.1346	-0.8291	0.5224	245.23	337.35	356.00
2026-05-21T19:49:34.5068506+08:00	0x03	-0.2295	0.4279	0.7675	0.4186	122.42	0.65	301.91
2026-05-21T19:49:34.5068506+08:00	0x01	-0.2178	-0.5999	0.6687	-0.3815	272.47	41.90	75.58
2026-05-21T19:49:34.5068506+08:00	0x02	-0.4098	-0.3362	0.6657	0.5253	102.84	295.98	0.97
2026-05-21T19:49:34.5068506+08:00	0x04	0.1632	-0.1290	-0.8323	0.5138	243.94	336.13	357.30
2026-05-21T19:49:34.5068506+08:00	0x03	-0.2333	0.4101	0.7693	0.4309	121.80	359.43	303.70
2026-05-21T19:49:34.5068506+08:00	0x01	-0.2151	-0.6107	0.6603	-0.3805	278.39	48.18	75.97
2026-05-21T19:49:34.5068506+08:00	0x02	-0.4723	-0.2441	0.5303	0.6604	90.52	297.83	338.59
2026-05-21T19:49:34.5068506+08:00	0x04	0.1675	-0.1441	-0.8277	0.5158	244.70	334.73	356.22
2026-05-21T19:49:34.5068506+08:00	0x03	-0.2334	0.4112	0.7644	0.4383	120.15	0.36	303.57
2026-05-21T19:49:34.5078490+08:00	0x01	-0.2181	-0.6077	0.6659	-0.3737	274.42	44.57	76.51
2026-05-21T19:49:34.5078490+08:00	0x02	-0.5150	-0.1586	0.3790	0.7523	76.05	303.69	319.10
2026-05-21T19:49:34.5078490+08:00	0x04	0.1520	-0.1638	-0.8516	0.4742	239.92	335.28	352.25
2026-05-21T19:49:34.5078490+08:00	0x03	-0.2337	0.4269	0.7629	0.4256	121.27	0.75	301.76
2026-05-21T19:49:34.5078490+08:00	0x01	-0.2186	-0.6085	0.6649	-0.3740	275.02	45.10	76.57
2026-05-21T19:49:34.5078490+08:00	0x02	-0.5248	-0.0652	0.2561	0.8092	56.63	319.66	305.32
2026-05-21T19:49:34.5078490+08:00	0x04	0.1572	-0.1607	-0.8514	0.4738	239.79	334.96	352.84
2026-05-21T19:49:34.5078490+08:00	0x03	-0.2253	0.4257	0.7638	0.4298	119.99	2.33	302.45
2026-05-21T19:49:34.5078490+08:00	0x01	-0.2184	-0.6097	0.6639	-0.3740	275.76	45.87	76.62
2026-05-21T19:49:34.5078490+08:00	0x02	-0.5168	0.0000	0.1742	0.8382	35.79	338.86	299.97
2026-05-21T19:49:34.5078490+08:00	0x04	0.1588	-0.1517	-0.8541	0.4714	239.16	335.37	353.72
2026-05-21T19:49:34.5078490+08:00	0x03	-0.2287	0.4207	0.7642	0.4321	120.21	1.49	302.79
2026-05-21T19:49:34.5078490+08:00	0x01	-0.2197	-0.6088	0.6650	-0.3727	274.79	44.90	76.76
2026-05-21T19:49:34.5078490+08:00	0x02	-0.5123	0.0520	0.0972	0.8517	13.82	358.67	298.02
2026-05-21T19:49:34.5078490+08:00	0x03	-0.2238	0.4204	0.7629	0.4371	118.90	2.72	303.16
2026-05-21T19:49:34.5078490+08:00	0x04	0.1605	-0.1315	-0.8611	0.4641	237.57	336.44	355.56
2026-05-21T19:49:34.5078490+08:00	0x01	-0.2207	-0.6071	0.6644	-0.3759	274.85	44.58	76.56
2026-05-21T19:49:34.5078490+08:00	0x02	-0.5054	0.0859	0.0447	0.8574	358.81	12.14	299.03
2026-05-21T19:49:34.5078490+08:00	0x04	0.1477	-0.1260	-0.8177	0.5419	247.58	337.77	357.37
2026-05-21T19:49:34.5078490+08:00	0x01	-0.2221	-0.6018	0.6674	-0.3782	272.52	41.90	76.25
2026-05-21T19:49:34.5078490+08:00	0x02	-0.4946	0.1132	0.0078	0.8617	349.07	21.12	301.34
2026-05-21T19:49:34.5078490+08:00	0x03	-0.2369	0.4294	0.7601	0.4263	121.07	0.65	301.27
2026-05-21T19:49:34.5078490+08:00	0x01	-0.2249	-0.5989	0.6687	-0.3788	271.09	40.15	76.27
2026-05-21T19:49:34.5078490+08:00	0x02	-0.4876	0.1339	-0.0253	0.8624	341.58	27.61	303.47
2026-05-21T19:49:34.5078490+08:00	0x03	-0.2460	0.4135	0.7803	0.3995	128.89	354.30	302.66
2026-05-21T19:49:34.5078490+08:00	0x04	0.1302	-0.1244	-0.8192	0.5445	247.86	339.55	356.45
2026-05-21T19:49:34.5078490+08:00	0x01	-0.2218	-0.6018	0.6686	-0.3763	271.83	41.41	76.32
2026-05-21T19:49:34.5078490+08:00	0x02	-0.4798	0.1650	-0.0687	0.8590	332.47	35.76	306.72
2026-05-21T19:49:34.5078490+08:00	0x03	-0.2446	0.4354	0.7697	0.3977	127.35	356.54	300.14
2026-05-21T19:49:34.5078490+08:00	0x01	-0.2232	-0.5997	0.6675	-0.3808	272.21	41.23	76.06
2026-05-21T19:49:34.5078490+08:00	0x02	-0.4796	0.1733	-0.0924	0.8552	328.18	38.75	307.97
2026-05-21T19:49:34.5078490+08:00	0x04	0.1568	-0.1499	-0.8189	0.5314	246.95	335.33	355.48
2026-05-21T19:49:34.5078490+08:00	0x03	-0.2532	0.4145	0.7742	0.4058	128.01	353.98	302.08
2026-05-21T19:49:34.5078490+08:00	0x01	-0.2190	-0.6052	0.6635	-0.3816	275.60	44.94	75.97
2026-05-21T19:49:34.5078490+08:00	0x02	-0.4944	0.1782	-0.1019	0.8447	324.62	41.90	306.98
2026-05-21T19:49:34.5078490+08:00	0x04	0.1525	-0.1430	-0.8372	0.5053	243.25	336.33	355.11
2026-05-21T19:49:34.5078490+08:00	0x03	-0.2340	0.4052	0.7532	0.4624	115.70	2.27	304.23
2026-05-21T19:49:34.5078490+08:00	0x01	-0.2182	-0.6032	0.6669	-0.3793	273.64	43.26	75.93
2026-05-21T19:49:34.5078490+08:00	0x02	-0.4914	0.1833	-0.1225	0.8426	321.57	43.65	308.45
2026-05-21T19:49:34.5078490+08:00	0x04	0.1510	-0.1494	-0.8240	0.5253	246.11	335.97	354.98
2026-05-21T19:49:34.5078490+08:00	0x01	-0.2195	-0.6036	0.6670	-0.3776	273.31	42.98	76.16
2026-05-21T19:49:34.5078490+08:00	0x02	-0.4835	0.1878	-0.1264	0.8455	321.69	43.61	309.63
2026-05-21T19:49:34.5078490+08:00	0x04	0.1545	-0.1648	-0.8349	0.5019	243.58	334.76	353.11
2026-05-21T19:49:34.5078490+08:00	0x03	-0.2529	0.4233	0.7664	0.4117	125.97	355.66	301.01
2026-05-21T19:49:34.5078490+08:00	0x01	-0.2173	-0.6018	0.6690	-0.3783	272.47	42.24	75.83
2026-05-21T19:49:34.5078490+08:00	0x02	-0.4743	0.1906	-0.1286	0.8498	322.31	43.05	310.80
2026-05-21T19:49:34.5078490+08:00	0x03	-0.2527	0.4207	0.7701	0.4075	127.10	354.89	301.36
2026-05-21T19:49:34.5078490+08:00	0x04	0.1470	-0.1379	-0.8388	0.5057	243.13	337.20	355.26
2026-05-21T19:49:34.5078490+08:00	0x01	-0.2192	-0.6040	0.6668	-0.3775	273.51	43.20	76.17
2026-05-21T19:49:34.5078490+08:00	0x02	-0.4699	0.1924	-0.1278	0.8519	322.82	42.77	311.28
2026-05-21T19:49:34.5078490+08:00	0x04	0.1623	-0.1595	-0.8353	0.5005	243.22	334.34	354.03
2026-05-21T19:49:34.5078490+08:00	0x03	-0.2506	0.4180	0.7661	0.4190	124.69	356.33	301.74
2026-05-21T19:49:34.5078490+08:00	0x01	-0.2184	-0.6028	0.6662	-0.3808	273.95	43.40	75.84
2026-05-21T19:49:34.5078490+08:00	0x02	-0.4832	0.1902	-0.1369	0.8436	320.08	44.52	310.26
2026-05-21T19:49:34.5078490+08:00	0x03	-0.2508	0.4253	0.7668	0.4101	126.00	356.00	300.90
2026-05-21T19:49:34.5078490+08:00	0x01	-0.2207	-0.6043	0.6647	-0.3798	274.56	43.91	76.18
2026-05-21T19:49:34.5078490+08:00	0x02	-0.4708	0.1959	-0.1346	0.8496	321.55	43.77	311.64
2026-05-21T19:49:34.5078490+08:00	0x03	-0.2561	0.4162	0.7833	0.3841	132.69	351.13	301.92
2026-05-21T19:49:34.5078490+08:00	0x01	-0.2176	-0.6049	0.6639	-0.3820	275.57	44.97	75.81
2026-05-21T19:49:34.5078490+08:00	0x02	-0.4756	0.1933	-0.1379	0.8470	320.68	44.12	311.20
2026-05-21T19:49:34.5078490+08:00	0x04	0.1566	-0.1244	-0.8437	0.4982	241.75	337.12	356.91
2026-05-21T19:49:34.5078490+08:00	0x03	-0.2427	0.4096	0.7609	0.4410	120.27	359.15	303.14
2026-05-21T19:49:34.5088443+08:00	0x01	-0.2215	-0.6050	0.6652	-0.3774	274.12	43.62	76.43
2026-05-21T19:49:34.5088443+08:00	0x03	-0.2424	0.4042	0.7552	0.4555	117.69	0.22	303.76
2026-05-21T19:49:34.5088443+08:00	0x01	-0.2221	-0.6019	0.6677	-0.3776	272.32	41.75	76.29
2026-05-21T19:49:34.5088443+08:00	0x02	-0.4783	0.1855	-0.1247	0.8492	322.71	42.53	309.99
2026-05-21T19:49:34.5088443+08:00	0x03	-0.2420	0.4162	0.7604	0.4360	120.63	359.46	302.45
2026-05-21T19:49:34.5088443+08:00	0x01	-0.2179	-0.6093	0.6608	-0.3804	277.62	47.17	76.16
2026-05-21T19:49:34.5088443+08:00	0x03	-0.2517	0.3819	0.7396	0.4936	112.32	0.47	305.56
2026-05-21T19:49:34.5088443+08:00	0x01	-0.2221	-0.6036	0.6659	-0.3779	273.50	42.90	76.37
2026-05-21T19:49:34.5088443+08:00	0x03	-0.1908	0.4265	0.6223	0.6280	76.15	27.88	309.60
2026-05-21T19:49:34.5088443+08:00	0x04	0.1224	-0.1651	-0.9415	0.2670	214.08	340.81	345.79
2026-05-21T19:49:34.5088443+08:00	0x01	-0.2223	-0.5943	0.6674	-0.3898	272.31	40.55	75.15
2026-05-21T19:49:34.5088443+08:00	0x03	-0.1824	0.4246	0.6320	0.6221	77.96	27.46	310.21
2026-05-21T19:49:34.5088443+08:00	0x04	0.1205	-0.1369	-0.9378	0.2955	216.70	341.79	349.31
2026-05-21T19:49:34.5088443+08:00	0x02	-0.4670	0.1575	-0.0476	0.8688	337.66	31.75	307.21
2026-05-21T19:49:34.5088443+08:00	0x03	-0.1839	0.4251	0.6246	0.6288	76.40	28.10	310.34
2026-05-21T19:49:34.5088443+08:00	0x04	0.1156	-0.1224	-0.9350	0.3121	218.29	342.77	350.98
2026-05-21T19:49:34.5088443+08:00	0x02	-0.4680	0.1518	-0.0375	0.8698	339.66	30.11	306.61
2026-05-21T19:49:34.5088443+08:00	0x03	-0.1828	0.4259	0.6191	0.6340	75.17	28.81	310.61
2026-05-21T19:49:34.5088443+08:00	0x04	0.1177	-0.1198	-0.9317	0.3221	219.45	342.56	351.52
2026-05-21T19:49:34.5088443+08:00	0x02	-0.4726	0.1383	-0.0341	0.8697	340.98	27.90	305.65
2026-05-21T19:49:34.5088443+08:00	0x01	-0.2236	-0.5960	0.6655	-0.3898	273.25	41.39	75.36
2026-05-21T19:49:34.5088443+08:00	0x03	-0.1854	0.4250	0.6155	0.6374	74.52	28.80	310.58
2026-05-21T19:49:34.5088443+08:00	0x04	0.1187	-0.1157	-0.9301	0.3279	220.05	342.57	352.10
2026-05-21T19:49:34.5088443+08:00	0x02	-0.4719	0.1346	-0.0120	0.8712	345.06	25.37	305.01
2026-05-21T19:49:34.5088443+08:00	0x03	-0.1815	0.4272	0.6141	0.6383	74.04	29.54	310.85
2026-05-21T19:49:34.5088443+08:00	0x04	0.1257	-0.1340	-0.9225	0.3395	221.98	340.90	350.68
2026-05-21T19:49:34.5088443+08:00	0x02	-0.4727	0.1320	-0.0021	0.8713	346.93	24.12	304.60
2026-05-21T19:49:34.5088443+08:00	0x01	-0.2246	-0.6030	0.6673	-0.3751	272.13	41.59	76.71
2026-05-21T19:49:34.5088443+08:00	0x03	-0.2036	0.4174	0.7084	0.5316	98.44	15.27	306.12
2026-05-21T19:49:34.5088443+08:00	0x04	0.1405	-0.1893	-0.7953	0.5585	252.07	333.93	351.71
2026-05-21T19:49:34.5088443+08:00	0x02	-0.4863	0.1384	-0.0379	0.8619	339.12	29.41	304.13
2026-05-21T19:49:34.5088443+08:00	0x01	-0.2268	-0.6067	0.6683	-0.3659	271.02	41.16	77.64
2026-05-21T19:49:34.5088443+08:00	0x03	-0.2341	0.4270	0.7435	0.4584	114.07	4.71	301.84
2026-05-21T19:49:34.5088443+08:00	0x04	0.1415	-0.1791	-0.8066	0.5453	249.86	334.69	352.27
2026-05-21T19:49:34.5088443+08:00	0x02	-0.4767	0.1503	-0.0582	0.8642	335.64	32.22	306.26
2026-05-21T19:49:34.5088443+08:00	0x01	-0.2223	-0.6068	0.6662	-0.3722	273.44	43.37	76.91
2026-05-21T19:49:34.5088443+08:00	0x03	-0.2325	0.4331	0.7567	0.4311	119.30	2.40	301.15
2026-05-21T19:49:34.5088443+08:00	0x04	0.1338	-0.1566	-0.8133	0.5441	248.84	337.02	353.73
2026-05-21T19:49:34.5088443+08:00	0x02	-0.4812	0.1354	-0.0571	0.8642	336.65	30.02	305.28
2026-05-21T19:49:34.5088443+08:00	0x01	-0.2233	-0.6061	0.6676	-0.3703	272.29	42.31	77.06
2026-05-21T19:49:34.5088443+08:00	0x03	-0.2353	0.4127	0.7521	0.4568	116.15	2.42	303.31
2026-05-21T19:49:34.5088443+08:00	0x04	0.1549	-0.1672	-0.8216	0.5225	246.39	334.40	353.51
2026-05-21T19:49:34.5088443+08:00	0x02	-0.4808	0.1392	-0.0418	0.8647	338.89	29.39	304.93
2026-05-21T19:49:34.5088443+08:00	0x03	-0.2490	0.4131	0.7782	0.4022	128.57	354.10	302.51
2026-05-21T19:49:34.5088443+08:00	0x04	0.1515	-0.1562	-0.8174	0.5334	247.42	335.41	354.62
2026-05-21T19:49:34.5088443+08:00	0x02	-0.4872	0.1536	-0.0626	0.8574	333.58	34.16	305.29
2026-05-21T19:49:34.5098417+08:00	0x01	-0.2214	-0.6129	0.6663	-0.3625	273.81	44.74	77.75
2026-05-21T19:49:34.5098417+08:00	0x03	-0.2456	0.4181	0.7631	0.4274	122.54	358.11	302.01
2026-05-21T19:49:34.5098417+08:00	0x04	0.1437	-0.1822	-0.8486	0.4754	240.73	334.94	350.06
2026-05-21T19:49:34.5098417+08:00	0x02	-0.4847	0.1537	-0.0744	0.8579	331.95	34.81	306.03
2026-05-21T19:49:34.5098417+08:00	0x01	-0.2207	-0.6114	0.6669	-0.3643	273.44	44.26	77.50
2026-05-21T19:49:34.5098417+08:00	0x03	-0.2490	0.4127	0.7674	0.4228	124.24	356.46	302.43
2026-05-21T19:49:34.5098417+08:00	0x02	-0.4813	0.1610	-0.0662	0.8591	333.02	35.07	306.33
2026-05-21T19:49:34.5098417+08:00	0x01	-0.2172	-0.6190	0.6619	-0.3628	277.94	49.22	77.68
2026-05-21T19:49:34.5098417+08:00	0x03	-0.2495	0.4083	0.7857	0.3921	131.05	352.45	303.15
2026-05-21T19:49:34.5098417+08:00	0x02	-0.4917	0.1600	-0.0765	0.8525	330.32	36.79	305.52
2026-05-21T19:49:34.5098417+08:00	0x01	-0.2188	-0.6166	0.6626	-0.3646	277.00	47.96	77.59
2026-05-21T19:49:34.5098417+08:00	0x03	-0.2561	0.4051	0.7932	0.3758	135.05	349.35	303.37
2026-05-21T19:49:34.5098417+08:00	0x04	0.1429	-0.1318	-0.8190	0.5399	247.48	337.84	356.47
2026-05-21T19:49:34.5098417+08:00	0x02	-0.4949	0.1643	-0.0831	0.8492	328.54	38.37	305.59
2026-05-21T19:49:34.5098417+08:00	0x01	-0.2169	-0.6159	0.6635	-0.3652	276.70	47.77	77.35
2026-05-21T19:49:34.5098417+08:00	0x03	-0.2619	0.4006	0.7970	0.3685	137.19	347.30	303.74
2026-05-21T19:49:34.5098417+08:00	0x04	0.1517	-0.1508	-0.8201	0.5308	246.88	335.77	355.05
2026-05-21T19:49:34.5098417+08:00	0x02	-0.4837	0.1733	-0.0886	0.8533	328.30	38.95	307.36
2026-05-21T19:49:34.5098417+08:00	0x01	-0.2194	-0.6131	0.6648	-0.3660	275.18	45.96	77.38
2026-05-21T19:49:34.5098417+08:00	0x03	-0.2503	0.4052	0.7792	0.4074	128.16	353.75	303.34
2026-05-21T19:49:34.5098417+08:00	0x04	0.1512	-0.1473	-0.8362	0.5062	243.51	336.19	354.65
2026-05-21T19:49:34.5098417+08:00	0x02	-0.4899	0.1679	-0.0908	0.8506	327.64	38.94	306.59
2026-05-21T19:49:34.5098417+08:00	0x01	-0.2198	-0.6084	0.6725	-0.3595	269.68	41.01	77.52
2026-05-21T19:49:34.5098417+08:00	0x04	0.1497	-0.1389	-0.8371	0.5074	243.39	336.87	355.38
2026-05-21T19:49:34.5098417+08:00	0x02	-0.4917	0.1743	-0.0905	0.8483	326.99	40.17	306.61
2026-05-21T19:49:34.5098417+08:00	0x01	-0.2144	-0.6187	0.6633	-0.3625	277.47	49.01	77.45
2026-05-21T19:49:34.5098417+08:00	0x04	0.1466	-0.1419	-0.8317	0.5163	244.65	336.94	355.14
2026-05-21T19:49:34.5098417+08:00	0x02	-0.4866	0.1806	-0.1049	0.8483	324.96	41.53	308.04
2026-05-21T19:49:34.5098417+08:00	0x01	-0.2210	-0.6159	0.6635	-0.3628	275.95	46.90	77.85
2026-05-21T19:49:34.5098417+08:00	0x03	-0.2494	0.4060	0.7903	0.3851	132.62	351.50	303.50
2026-05-21T19:49:34.5098417+08:00	0x04	0.1480	-0.1407	-0.8333	0.5138	244.28	336.89	355.27
2026-05-21T19:49:34.5098417+08:00	0x02	-0.4860	0.1821	-0.1078	0.8480	324.50	41.88	308.28
2026-05-21T19:49:34.5098417+08:00	0x03	-0.2490	0.4027	0.7779	0.4131	127.09	354.34	303.66
2026-05-21T19:49:34.5098417+08:00	0x04	0.1591	-0.1380	-0.8418	0.4970	242.01	336.04	355.75
2026-05-21T19:49:34.5098417+08:00	0x02	-0.4925	0.1810	-0.1137	0.8436	322.88	42.89	307.83
2026-05-21T19:49:34.5098417+08:00	0x01	-0.2130	-0.6181	0.6613	-0.3678	278.82	49.99	76.95
2026-05-21T19:49:34.5098417+08:00	0x04	0.1478	-0.1617	-0.8463	0.4856	241.30	335.75	352.52
2026-05-21T19:49:34.5098417+08:00	0x02	-0.4766	0.1878	-0.1260	0.8496	322.59	42.75	310.33
2026-05-21T19:49:34.5098417+08:00	0x01	-0.2196	-0.6101	0.6697	-0.3622	271.77	42.88	77.45
2026-05-21T19:49:34.5098417+08:00	0x03	-0.2439	0.4203	0.7682	0.4168	124.50	357.35	301.89
2026-05-21T19:49:34.5098417+08:00	0x04	0.1484	-0.1640	-0.8468	0.4837	241.14	335.56	352.29
2026-05-21T19:49:34.5098417+08:00	0x02	-0.4687	0.2001	-0.1463	0.8479	319.92	44.76	312.59
2026-05-21T19:49:34.5098417+08:00	0x01	-0.2165	-0.6167	0.6615	-0.3677	278.02	48.89	77.20
2026-05-21T19:49:34.5098417+08:00	0x03	-0.2439	0.4207	0.7705	0.4121	125.47	356.84	301.86
2026-05-21T19:49:34.5098417+08:00	0x04	0.1432	-0.1795	-0.8546	0.4657	239.36	335.27	350.01
2026-05-21T19:49:34.5098417+08:00	0x02	-0.4640	0.1991	-0.1463	0.8506	320.51	44.09	313.01
2026-05-21T19:49:34.5098417+08:00	0x01	-0.2185	-0.6153	0.6619	-0.3682	277.36	48.02	77.27
2026-05-21T19:49:34.5098417+08:00	0x03	-0.2469	0.4110	0.7730	0.4155	125.79	355.76	302.80
2026-05-21T19:49:34.5098417+08:00	0x04	0.1460	-0.1531	-0.8434	0.4939	242.07	336.41	353.45
2026-05-21T19:49:34.5098417+08:00	0x02	-0.4678	0.1970	-0.1433	0.8496	320.63	44.05	312.41
2026-05-21T19:49:34.5098417+08:00	0x01	-0.2167	-0.6126	0.6654	-0.3674	275.27	46.14	77.03
2026-05-21T19:49:34.5098417+08:00	0x04	0.1566	-0.1708	-0.8338	0.5010	243.69	334.16	352.65
2026-05-21T19:49:34.5098417+08:00	0x03	-0.2548	0.4068	0.7804	0.4008	129.75	352.43	302.95
2026-05-21T19:49:34.5098417+08:00	0x02	-0.4676	0.1968	-0.1435	0.8497	320.63	44.00	312.43
2026-05-21T19:49:34.5108406+08:00	0x01	-0.2172	-0.6120	0.6666	-0.3660	274.36	45.33	77.13
2026-05-21T19:49:34.5108406+08:00	0x03	-0.2612	0.4095	0.7798	0.3950	131.25	350.98	302.33
2026-05-21T19:49:34.5108406+08:00	0x02	-0.4710	0.1927	-0.1497	0.8477	319.60	44.13	312.20
2026-05-21T19:49:34.5108406+08:00	0x01	-0.2131	-0.6152	0.6635	-0.3687	277.21	48.28	76.77
2026-05-21T19:49:34.5108406+08:00	0x04	0.1630	-0.1649	-0.8513	0.4707	239.56	334.13	352.69
2026-05-21T19:49:34.5108406+08:00	0x03	-0.2433	0.4144	0.7618	0.4345	121.22	358.87	302.57
2026-05-21T19:49:34.5108406+08:00	0x02	-0.4696	0.1837	-0.1279	0.8540	323.39	41.44	310.96
2026-05-21T19:49:34.5108406+08:00	0x01	-0.2150	-0.6144	0.6614	-0.3727	278.11	48.65	76.64
2026-05-21T19:49:34.5108406+08:00	0x03	-0.2450	0.4055	0.7446	0.4702	114.53	1.71	303.46
2026-05-21T19:49:34.5108406+08:00	0x02	-0.4669	0.1896	-0.1217	0.8551	324.21	41.67	311.20
2026-05-21T19:49:34.5108406+08:00	0x01	-0.2202	-0.6024	0.6631	-0.3859	275.46	44.27	75.67
2026-05-21T19:49:34.5108406+08:00	0x03	-0.2064	0.3933	0.6504	0.6162	83.86	19.65	310.01
2026-05-21T19:49:34.5108406+08:00	0x02	-0.4548	0.1908	-0.1268	0.8606	324.73	40.83	312.74
2026-05-21T19:49:34.5108406+08:00	0x01	-0.2165	-0.5986	0.6664	-0.3882	274.01	42.92	75.00
2026-05-21T19:49:34.5108406+08:00	0x03	-0.2095	0.3950	0.6425	0.6223	82.22	20.34	309.79
2026-05-21T19:49:34.5108406+08:00	0x02	-0.4622	0.1875	-0.1220	0.8581	324.83	40.85	311.63
2026-05-21T19:49:34.5108406+08:00	0x01	-0.2173	-0.5957	0.6679	-0.3897	272.94	41.62	74.81
2026-05-21T19:49:34.5108406+08:00	0x03	-0.2057	0.4022	0.6444	0.6170	82.31	21.35	309.45
2026-05-21T19:49:34.5108406+08:00	0x02	-0.4621	0.1855	-0.1189	0.8591	325.41	40.36	311.43
2026-05-21T19:49:34.5108406+08:00	0x01	-0.2211	-0.5856	0.6723	-0.3952	269.60	37.40	74.19
2026-05-21T19:49:34.5108406+08:00	0x03	-0.1985	0.4181	0.6336	0.6199	79.20	25.02	309.11
2026-05-21T19:49:34.5108406+08:00	0x04	0.1505	-0.1621	-0.9232	0.3141	219.98	337.17	348.18
2026-05-21T19:49:34.5108406+08:00	0x02	-0.4599	0.1823	-0.1154	0.8614	326.34	39.46	311.39
2026-05-21T19:49:34.5108406+08:00	0x01	-0.1909	-0.5797	0.6648	-0.4308	276.99	43.91	69.26
2026-05-21T19:49:34.5108406+08:00	0x04	0.1673	-0.1902	-0.8913	0.3762	228.71	333.15	347.69
2026-05-21T19:49:34.5108406+08:00	0x02	-0.4272	0.1818	-0.2748	0.8420	308.07	43.55	321.72
2026-05-21T19:49:34.5108406+08:00	0x01	-0.2425	-0.4965	0.6365	-0.5381	279.23	30.09	63.26
2026-05-21T19:49:34.5108406+08:00	0x03	-0.2201	0.3540	0.6187	0.6660	78.36	16.97	313.02
2026-05-21T19:49:34.5108406+08:00	0x04	0.1648	-0.2415	-0.7352	0.6115	262.12	327.03	351.16
2026-05-21T19:49:34.5108406+08:00	0x02	-0.5511	-0.0286	0.0811	0.8300	23.63	340.72	294.47
2026-05-21T19:49:34.5108406+08:00	0x01	-0.2411	-0.4991	0.6375	-0.5351	279.13	30.47	63.43
2026-05-21T19:49:34.5108406+08:00	0x03	-0.3452	0.3117	0.7882	0.4029	138.88	332.68	309.68
2026-05-21T19:49:34.5108406+08:00	0x04	0.1651	-0.2403	-0.7409	0.6051	261.13	327.18	351.01
2026-05-21T19:49:34.5108406+08:00	0x02	-0.5488	-0.0221	0.0703	0.8327	20.03	343.96	294.38
2026-05-21T19:49:34.5108406+08:00	0x01	-0.2075	-0.4569	0.3308	-0.7992	333.99	50.07	39.34
2026-05-21T19:49:34.5108406+08:00	0x03	-0.3888	0.1880	0.8527	0.2940	154.85	318.61	326.69
2026-05-21T19:49:34.5108406+08:00	0x04	0.2703	-0.1080	-0.4787	0.8283	294.92	332.21	20.15
2026-05-21T19:49:34.5108406+08:00	0x02	-0.6729	-0.0844	0.4831	0.5538	119.87	276.15	318.41
2026-05-21T19:49:34.5108406+08:00	0x01	-0.3360	-0.2603	0.3090	-0.8508	328.97	20.22	47.11
2026-05-21T19:49:34.5108406+08:00	0x04	0.2912	-0.0878	-0.6516	0.6949	268.87	328.40	16.87
2026-05-21T19:49:34.5108406+08:00	0x03	-0.3846	0.2363	0.8644	0.2214	165.73	316.60	324.63
2026-05-21T19:49:34.5108406+08:00	0x02	-0.7612	-0.1705	0.4477	0.4371	130.70	255.35	329.15
2026-05-21T19:49:34.5108406+08:00	0x01	-0.3918	-0.2369	0.3196	-0.8296	324.81	13.80	53.28
2026-05-21T19:49:34.5108406+08:00	0x03	-0.3848	0.2349	0.8641	0.2237	165.39	316.67	324.68
2026-05-21T19:49:34.5108406+08:00	0x04	0.2860	-0.1010	-0.6831	0.6644	264.27	327.25	14.01
2026-05-21T19:49:34.5108406+08:00	0x02	-0.7284	-0.2998	0.5011	0.3585	125.28	255.70	347.19
2026-05-21T19:49:34.5108406+08:00	0x01	-0.4110	-0.2154	0.3573	-0.8106	315.33	5.57	55.11
2026-05-21T19:49:34.5108406+08:00	0x03	-0.4069	0.2074	0.8714	0.1789	170.45	312.55	329.53
2026-05-21T19:49:34.5108406+08:00	0x04	0.2963	-0.1282	-0.6908	0.6470	262.37	323.99	11.90
2026-05-21T19:49:34.5108406+08:00	0x02	-0.6987	-0.3850	0.5224	0.3011	121.48	254.17	358.94
2026-05-21T19:49:34.5108406+08:00	0x01	-0.4327	-0.1925	0.3896	-0.7899	305.66	356.58	56.47
2026-05-21T19:49:34.5108406+08:00	0x04	0.2914	-0.1257	-0.6979	0.6421	261.56	324.57	11.46
2026-05-21T19:49:34.5108406+08:00	0x03	-0.3934	0.2072	0.8679	0.2214	164.83	315.64	327.73
2026-05-21T19:49:34.5108406+08:00	0x02	-0.6669	-0.4451	0.5385	0.2590	118.29	253.24	7.70
2026-05-21T19:49:34.5108406+08:00	0x01	-0.4382	-0.1839	0.3961	-0.7857	303.24	353.95	56.54
2026-05-21T19:49:34.5108406+08:00	0x03	-0.4051	0.2029	0.8655	0.2134	166.07	313.79	328.39
2026-05-21T19:49:34.5108406+08:00	0x04	0.2866	-0.1362	-0.7056	0.6336	260.66	324.15	9.84
2026-05-21T19:49:34.5108406+08:00	0x02	-0.6425	-0.4919	0.5439	0.2225	115.51	251.37	14.43
2026-05-21T19:49:34.5108406+08:00	0x01	-0.4346	-0.1814	0.4017	-0.7854	302.34	353.43	55.93
2026-05-21T19:49:34.5108406+08:00	0x04	0.2622	-0.1344	-0.7159	0.6330	260.56	326.57	8.02
2026-05-21T19:49:34.5108406+08:00	0x02	-0.6257	-0.5154	0.5514	0.1969	114.40	250.61	18.79
2026-05-21T19:49:34.5108406+08:00	0x01	-0.4287	-0.1827	0.4114	-0.7833	301.07	353.29	55.28
2026-05-21T19:49:34.5108406+08:00	0x03	-0.4149	0.2157	0.8634	0.1895	169.93	311.56	328.01
2026-05-21T19:49:34.5118384+08:00	0x04	0.2469	-0.1247	-0.7247	0.6311	260.00	328.68	7.52
2026-05-21T19:49:34.5118384+08:00	0x02	-0.6082	-0.5316	0.5620	0.1781	113.68	250.75	22.38
2026-05-21T19:49:34.5118384+08:00	0x01	-0.4266	-0.1871	0.4170	-0.7804	300.39	353.56	55.28
2026-05-21T19:49:34.5118384+08:00	0x03	-0.4156	0.2146	0.8643	0.1851	170.43	311.36	328.34
2026-05-21T19:49:34.5118384+08:00	0x04	0.2464	-0.1209	-0.7274	0.6289	259.55	328.99	7.71
2026-05-21T19:49:34.5118384+08:00	0x02	-0.5879	-0.5560	0.5619	0.1717	110.86	250.03	25.02
2026-05-21T19:49:34.5118384+08:00	0x01	-0.4341	-0.1840	0.4201	-0.7754	298.78	351.86	55.87
2026-05-21T19:49:34.5118384+08:00	0x03	-0.4150	0.2052	0.8663	0.1877	169.62	311.66	329.25
2026-05-21T19:49:34.5118384+08:00	0x04	0.2448	-0.1154	-0.7265	0.6316	259.79	329.57	8.14
2026-05-21T19:49:34.5118384+08:00	0x02	-0.5712	-0.5729	0.5656	0.1603	109.27	249.58	27.70
2026-05-21T19:49:34.5118384+08:00	0x01	-0.4353	-0.1887	0.4109	-0.7785	300.79	353.36	56.39
2026-05-21T19:49:34.5118384+08:00	0x03	-0.4135	0.2065	0.8671	0.1859	169.84	311.81	329.22
2026-05-21T19:49:34.5118384+08:00	0x04	0.2395	-0.1148	-0.7266	0.6336	260.08	330.12	7.85
2026-05-21T19:49:34.5118384+08:00	0x02	-0.5603	-0.5819	0.5723	0.1412	109.17	249.26	30.51
2026-05-21T19:49:34.5118384+08:00	0x01	-0.4212	-0.1906	0.4095	-0.7865	302.64	355.48	54.95
2026-05-21T19:49:34.5118384+08:00	0x03	-0.4063	0.2221	0.8677	0.1807	170.95	312.44	327.84
2026-05-21T19:49:34.5118384+08:00	0x04	0.2674	-0.1376	-0.7221	0.6231	259.20	325.75	7.72
2026-05-21T19:49:34.5118384+08:00	0x02	-0.5607	-0.5816	0.5721	0.1418	109.18	249.27	30.43
2026-05-21T19:49:34.5118384+08:00	0x01	-0.4216	-0.1905	0.4096	-0.7862	302.58	355.42	54.99
2026-05-21T19:49:34.5118384+08:00	0x03	-0.4145	0.2163	0.8579	0.2132	167.12	312.29	326.78
2026-05-21T19:49:34.5118384+08:00	0x04	0.2712	-0.1381	-0.6860	0.6608	264.85	325.75	9.73
2026-05-21T19:49:34.5118384+08:00	0x02	-0.1331	-0.4547	0.8740	0.1078	151.21	329.02	50.01
2026-05-21T19:49:34.5118384+08:00	0x01	-0.1291	-0.4671	0.4987	-0.7187	308.20	45.65	40.65
2026-05-21T19:49:34.5118384+08:00	0x03	-0.4151	0.2173	0.8721	0.1414	175.62	310.26	330.24
2026-05-21T19:49:34.5118384+08:00	0x04	0.2582	-0.1247	-0.7241	0.6272	259.40	327.60	8.24
2026-05-21T19:49:34.5118384+08:00	0x02	-0.0809	-0.5074	0.8571	0.0353	163.52	339.70	59.79
2026-05-21T19:49:34.5118384+08:00	0x01	-0.2324	-0.4236	0.4150	-0.7709	321.03	40.81	45.23
2026-05-21T19:49:34.5118384+08:00	0x03	-0.4061	0.2164	0.8620	0.2128	166.82	313.47	326.92
2026-05-21T19:49:34.5118384+08:00	0x04	0.2922	-0.1636	-0.7156	0.6131	258.68	321.42	7.13
2026-05-21T19:49:34.5118384+08:00	0x02	-0.4886	-0.6459	0.5819	0.0745	102.15	244.88	42.75
2026-05-21T19:49:34.5118384+08:00	0x01	-0.4204	-0.1902	0.3710	-0.8059	310.28	359.46	54.96
2026-05-21T19:49:34.5118384+08:00	0x03	-0.4019	0.2303	0.8606	0.2115	167.46	313.84	325.50
2026-05-21T19:49:34.5118384+08:00	0x04	0.2479	-0.1357	-0.7270	0.6258	259.56	327.75	6.49
2026-05-21T19:49:34.5118384+08:00	0x02	-0.5543	-0.6121	0.5543	0.1043	106.09	243.89	34.26
2026-05-21T19:49:34.5118384+08:00	0x01	-0.4291	-0.2009	0.3925	-0.7883	305.94	357.91	56.53
2026-05-21T19:49:34.5118384+08:00	0x03	-0.4124	0.2298	0.8654	0.1681	173.10	311.05	327.57
2026-05-21T19:49:34.5118384+08:00	0x04	0.2581	-0.1411	-0.7271	0.6204	258.94	326.36	6.61
2026-05-21T19:49:34.5118384+08:00	0x01	-0.4406	-0.1953	0.4008	-0.7792	302.71	354.79	57.47
2026-05-21T19:49:34.5118384+08:00	0x02	-0.5697	-0.6025	0.5468	0.1159	106.90	243.80	31.80
2026-05-21T19:49:34.5118384+08:00	0x03	-0.3629	0.1417	0.8390	0.3798	141.47	324.25	329.10
2026-05-21T19:49:34.5118384+08:00	0x04	0.1771	-0.1999	-0.8184	0.5088	246.00	330.09	351.55
2026-05-21T19:49:34.5118384+08:00	0x02	-0.5702	-0.6091	0.5465	0.0720	107.76	241.11	35.71
2026-05-21T19:49:34.5118384+08:00	0x01	-0.4151	-0.2153	0.4024	-0.7870	306.09	0.48	55.75
2026-05-21T19:49:34.5118384+08:00	0x03	-0.3647	0.1445	0.8405	0.3738	142.40	323.88	328.97
2026-05-21T19:49:34.5118384+08:00	0x02	-0.2394	-0.5330	0.7904	0.1840	123.70	298.90	48.98
2026-05-21T19:49:34.5118384+08:00	0x01	-0.2751	-0.4112	0.5034	-0.7084	305.05	30.90	53.49
2026-05-21T19:49:34.5118384+08:00	0x03	-0.2549	0.2567	0.6756	0.6424	93.32	358.87	317.59
2026-05-21T19:49:34.5118384+08:00	0x02	-0.2503	-0.5368	0.7851	0.1810	122.92	296.92	48.79
2026-05-21T19:49:34.5118384+08:00	0x03	-0.2443	0.4186	0.6998	0.5247	100.58	10.40	302.61
2026-05-21T19:49:34.5118384+08:00	0x04	0.1796	-0.1982	-0.8160	0.5124	246.41	329.93	351.99
2026-05-21T19:49:34.5118384+08:00	0x02	-0.1646	-0.4838	0.7559	0.4092	104.21	306.54	36.63
2026-05-21T19:49:34.5118384+08:00	0x01	-0.2797	-0.4057	0.5009	-0.7115	305.11	30.01	53.55
2026-05-21T19:49:34.5118384+08:00	0x04	0.0481	-0.5218	-0.6506	0.5497	281.00	305.33	321.24
2026-05-21T19:49:34.5118384+08:00	0x03	-0.3016	0.4956	0.7298	0.3617	137.17	345.98	289.69
2026-05-21T19:49:34.5118384+08:00	0x02	0.0149	-0.5806	0.6051	0.5445	67.39	297.91	45.97
2026-05-21T19:49:34.5118384+08:00	0x03	-0.2968	0.5076	0.7177	0.3730	131.40	351.27	288.18
2026-05-21T19:49:34.5118384+08:00	0x02	-0.0276	-0.5733	0.5933	0.5644	67.23	296.65	40.48
2026-05-21T19:49:34.5118384+08:00	0x01	-0.3042	-0.5849	0.6782	-0.3246	218.79	345.85	82.26
2026-05-21T19:49:34.5118384+08:00	0x04	-0.0646	-0.5774	-0.5761	0.5749	299.14	298.86	312.31
2026-05-21T19:49:34.5118384+08:00	0x03	-0.2531	0.4865	0.6980	0.4605	104.49	13.38	294.18
2026-05-21T19:49:34.5118384+08:00	0x02	-0.0515	-0.5666	0.5880	0.5749	67.57	296.34	37.38
2026-05-21T19:49:34.5118384+08:00	0x01	-0.2670	-0.5789	0.6722	-0.3765	256.79	22.35	78.33
2026-05-21T19:49:34.5118384+08:00	0x03	-0.2065	0.4186	0.6411	0.6091	81.34	23.49	307.97
2026-05-21T19:49:34.5118384+08:00	0x02	0.0107	-0.5892	0.5650	0.5775	60.54	294.56	42.70
2026-05-21T19:49:34.5128350+08:00	0x01	-0.2366	-0.6146	0.6479	-0.3828	283.32	51.06	77.83
2026-05-21T19:49:34.5128350+08:00	0x04	-0.1180	-0.4342	-0.7428	0.4957	258.29	336.79	310.36
2026-05-21T19:49:34.5128350+08:00	0x03	-0.2017	0.4239	0.6303	0.6184	78.47	25.77	308.40
2026-05-21T19:49:34.5128350+08:00	0x02	0.0251	-0.5815	0.5712	0.5787	61.29	296.59	43.90
2026-05-21T19:49:34.5128350+08:00	0x01	-0.2330	-0.6144	0.6486	-0.3842	283.29	51.21	77.41
2026-05-21T19:49:34.5128350+08:00	0x03	-0.1975	0.4262	0.6262	0.6222	77.30	26.88	308.78
2026-05-21T19:49:34.5128350+08:00	0x02	0.0086	-0.5745	0.5654	0.5917	61.34	296.88	41.29
2026-05-21T19:49:34.5128350+08:00	0x01	-0.2365	-0.6082	0.6549	-0.3812	278.15	46.04	77.65
2026-05-21T19:49:34.5128350+08:00	0x04	-0.0996	-0.3884	-0.6639	0.6312	277.38	332.17	320.10
2026-05-21T19:49:34.5128350+08:00	0x03	-0.1617	0.4750	0.6923	0.5186	91.11	28.43	304.37
2026-05-21T19:49:34.5128350+08:00	0x02	-0.0288	-0.5626	0.5446	0.6213	60.26	296.57	35.24
2026-05-21T19:49:34.5128350+08:00	0x04	-0.1028	-0.4673	-0.6013	0.6399	290.80	318.81	316.08
2026-05-21T19:49:34.5128350+08:00	0x03	-0.2451	0.4993	0.7234	0.4090	115.69	8.02	292.64
2026-05-21T19:49:34.5128350+08:00	0x01	-0.2420	-0.6044	0.6623	-0.3709	271.64	40.01	78.53
2026-05-21T19:49:34.5128350+08:00	0x02	-0.0425	-0.5664	0.5468	0.6151	61.08	295.51	34.55
2026-05-21T19:49:34.5128350+08:00	0x01	-0.2397	-0.5952	0.6585	-0.3933	274.38	40.81	76.51
2026-05-21T19:49:34.5128350+08:00	0x03	-0.2858	0.4957	0.7150	0.4018	122.53	358.28	290.21
2026-05-21T19:49:34.5128350+08:00	0x02	-0.0300	-0.5659	0.5574	0.6067	62.06	296.41	36.48
2026-05-21T19:49:34.5128350+08:00	0x01	-0.2334	-0.5952	0.6560	-0.4011	276.98	43.19	75.51
2026-05-21T19:49:34.5128350+08:00	0x04	-0.0234	-0.5896	-0.5385	0.6015	304.03	293.93	318.46
2026-05-21T19:49:34.5128350+08:00	0x03	-0.2853	0.5045	0.7132	0.3943	123.25	358.41	289.17
2026-05-21T19:49:34.5128350+08:00	0x02	-0.0498	-0.5540	0.5576	0.6162	63.31	297.31	33.81
2026-05-21T19:49:34.5128350+08:00	0x01	-0.2352	-0.5911	0.6591	-0.4010	274.68	40.73	75.44
2026-05-21T19:49:34.5128350+08:00	0x03	-0.2876	0.5039	0.7147	0.3906	124.87	356.95	289.10
2026-05-21T19:49:34.5128350+08:00	0x04	-0.0315	-0.5812	-0.5556	0.5937	301.41	296.21	316.90
2026-05-21T19:49:34.5128350+08:00	0x02	-0.0532	-0.5456	0.5575	0.6234	63.67	298.34	32.82
2026-05-21T19:49:34.5128350+08:00	0x03	-0.2900	0.5031	0.7166	0.3863	126.70	355.28	289.06
2026-05-21T19:49:34.5128350+08:00	0x02	-0.0663	-0.5405	0.5549	0.6289	64.00	298.37	31.09
2026-05-21T19:49:34.5128350+08:00	0x04	-0.0412	-0.5659	-0.5725	0.5918	298.38	299.77	315.83
2026-05-21T19:49:34.5128350+08:00	0x03	-0.2917	0.5027	0.7172	0.3845	127.62	354.38	289.03
2026-05-21T19:49:34.5128350+08:00	0x02	-0.0638	-0.5468	0.5525	0.6258	63.40	297.55	31.63
2026-05-21T19:49:34.5128350+08:00	0x03	-0.2931	0.5023	0.7165	0.3851	127.65	354.16	288.98
2026-05-21T19:49:34.5128350+08:00	0x02	-0.0632	-0.5467	0.5522	0.6263	63.32	297.59	31.64
2026-05-21T19:49:34.5128350+08:00	0x03	-0.2932	0.5003	0.7184	0.3842	128.28	353.59	289.24
2026-05-21T19:49:34.5128350+08:00	0x02	-0.0660	-0.5408	0.5575	0.6264	64.34	298.41	31.35
2026-05-21T19:49:34.5128350+08:00	0x03	-0.2941	0.4989	0.7200	0.3824	129.18	352.75	289.39
2026-05-21T19:49:34.5128350+08:00	0x04	-0.0426	-0.5673	-0.5752	0.5878	298.05	299.72	315.35
2026-05-21T19:49:34.5128350+08:00	0x02	-0.0668	-0.5455	0.5560	0.6235	64.06	297.69	31.56
2026-05-21T19:49:34.5128350+08:00	0x03	-0.2922	0.5021	0.7182	0.3831	128.23	353.85	289.08
2026-05-21T19:49:34.5128350+08:00	0x01	-0.2359	-0.5919	0.6608	-0.3966	273.58	40.00	75.79
2026-05-21T19:49:34.5128350+08:00	0x03	-0.2923	0.5029	0.7175	0.3833	128.07	354.00	288.97
2026-05-21T19:49:34.5128350+08:00	0x01	-0.2368	-0.5927	0.6595	-0.3971	274.22	40.53	75.89
2026-05-21T19:49:34.5128350+08:00	0x03	-0.2934	0.5020	0.7172	0.3841	128.08	353.81	289.01
2026-05-21T19:49:34.5128350+08:00	0x02	-0.0756	-0.5384	0.5565	0.6283	64.69	298.26	30.28
2026-05-21T19:49:34.5128350+08:00	0x03	-0.2942	0.4964	0.7211	0.3834	129.25	352.55	289.68
2026-05-21T19:49:34.5128350+08:00	0x04	-0.0368	-0.5590	-0.5757	0.5956	297.41	300.85	316.57
2026-05-21T19:49:34.5128350+08:00	0x02	-0.0852	-0.5353	0.5514	0.6342	64.48	298.08	28.83
2026-05-21T19:49:34.5128350+08:00	0x04	-0.0436	-0.5635	-0.5765	0.5901	297.71	300.43	315.48
2026-05-21T19:49:34.5128350+08:00	0x02	-0.0806	-0.5381	0.5497	0.6339	63.96	297.89	29.30
2026-05-21T19:49:34.5128350+08:00	0x04	-0.0417	-0.5739	-0.5711	0.5854	299.00	298.42	315.22
2026-05-21T19:49:34.5128350+08:00	0x03	-0.2932	0.4984	0.7202	0.3833	128.85	353.07	289.49
2026-05-21T19:49:34.5128350+08:00	0x02	-0.0815	-0.5400	0.5473	0.6342	63.64	297.53	29.20
2026-05-21T19:49:34.5128350+08:00	0x03	-0.2943	0.4989	0.7187	0.3847	128.49	353.21	289.35
2026-05-21T19:49:34.5128350+08:00	0x02	-0.0742	-0.5475	0.5452	0.6305	62.83	296.79	30.23
2026-05-21T19:49:34.5128350+08:00	0x03	-0.2928	0.5019	0.7169	0.3853	127.63	354.19	289.06
2026-05-21T19:49:34.5128350+08:00	0x02	-0.0714	-0.5453	0.5462	0.6319	62.89	297.26	30.35
2026-05-21T19:49:34.5128350+08:00	0x01	-0.2374	-0.5904	0.6618	-0.3963	272.65	38.96	75.85
2026-05-21T19:49:34.5128350+08:00	0x03	-0.2918	0.5027	0.7171	0.3847	127.56	354.41	289.02
2026-05-21T19:49:34.5128350+08:00	0x01	-0.2391	-0.5888	0.6641	-0.3939	270.85	37.24	76.02
2026-05-21T19:49:34.5128350+08:00	0x03	-0.2935	0.4993	0.7193	0.3837	128.63	353.24	289.35
2026-05-21T19:49:34.5128350+08:00	0x04	-0.0489	-0.5720	-0.5819	0.5761	297.36	299.52	313.78
2026-05-21T19:49:34.5128350+08:00	0x02	-0.0792	-0.5421	0.5469	0.6330	63.43	297.34	29.52
2026-05-21T19:49:34.5128350+08:00	0x03	-0.2933	0.4997	0.7192	0.3836	128.58	353.33	289.32
2026-05-21T19:49:34.5128350+08:00	0x04	-0.0466	-0.5706	-0.5827	0.5768	297.08	299.70	314.05
2026-05-21T19:49:34.5128350+08:00	0x02	-0.0802	-0.5420	0.5485	0.6316	63.70	297.34	29.56
2026-05-21T19:49:34.5138324+08:00	0x01	-0.2404	-0.5895	0.6626	-0.3944	271.48	37.71	76.15
2026-05-21T19:49:34.5138324+08:00	0x03	-0.2864	0.5190	0.7067	0.3863	123.24	359.25	287.30
2026-05-21T19:49:34.5138324+08:00	0x04	-0.1058	-0.5642	-0.6292	0.5240	288.99	306.65	304.83
2026-05-21T19:49:34.5138324+08:00	0x02	-0.1005	-0.5305	0.5579	0.6303	66.19	298.10	27.72
2026-05-21T19:49:34.5138324+08:00	0x03	-0.2979	0.4930	0.7235	0.3805	131.12	350.59	289.94
2026-05-21T19:49:34.5138324+08:00	0x04	0.1018	-0.5627	-0.5416	0.6162	296.66	293.28	331.05
2026-05-21T19:49:34.5138324+08:00	0x02	-0.0812	-0.5513	0.7075	0.4346	91.16	302.53	45.20
2026-05-21T19:49:34.5138324+08:00	0x03	-0.3849	0.3725	0.7822	0.3182	157.91	319.41	304.14
2026-05-21T19:49:34.5138324+08:00	0x04	0.2956	-0.5111	-0.5265	0.6117	285.98	287.92	349.83
2026-05-21T19:49:34.5138324+08:00	0x02	-0.0818	-0.5512	0.7036	0.4409	90.29	302.23	44.71
2026-05-21T19:49:34.5138324+08:00	0x03	-0.3864	0.3392	0.7865	0.3420	152.77	321.43	307.07
2026-05-21T19:49:34.5138324+08:00	0x04	0.2913	-0.5150	-0.5483	0.5910	283.58	287.90	347.27
2026-05-21T19:49:34.5138324+08:00	0x02	0.0848	-0.5259	0.8376	-0.1215	215.04	31.95	59.35
2026-05-21T19:49:34.5138324+08:00	0x03	-0.3776	0.3551	0.7788	0.3534	150.47	323.92	304.92
2026-05-21T19:49:34.5138324+08:00	0x04	0.2714	-0.5165	-0.5350	0.6111	286.70	289.11	347.23
2026-05-21T19:49:34.5138324+08:00	0x01	-0.2404	-0.5895	0.6627	-0.3944	271.46	37.70	76.15
2026-05-21T19:49:34.5138324+08:00	0x02	0.0187	-0.5326	0.8255	0.1857	141.74	338.86	62.41
2026-05-21T19:49:34.5138324+08:00	0x03	-0.4284	0.3066	0.8433	0.1064	186.03	304.10	322.53
2026-05-21T19:49:34.5138324+08:00	0x04	0.3232	-0.4805	-0.5626	0.5901	279.22	289.49	350.84
2026-05-21T19:49:34.5138324+08:00	0x01	-0.1101	-0.5999	0.4163	-0.6743	325.69	70.37	40.39
2026-05-21T19:49:34.5138324+08:00	0x03	-0.4464	0.2875	0.8456	0.0557	191.09	301.11	327.60
2026-05-21T19:49:34.5138324+08:00	0x04	0.3279	-0.4910	-0.5767	0.5646	277.02	287.98	348.70
2026-05-21T19:49:34.5138324+08:00	0x01	-0.1341	-0.5971	0.4286	-0.6647	325.53	69.71	43.64
2026-05-21T19:49:34.5138324+08:00	0x02	0.0165	-0.5887	0.7890	0.1750	133.73	329.56	69.19
2026-05-21T19:49:34.5138324+08:00	0x03	-0.4575	0.2901	0.8389	0.0531	192.05	299.28	327.63
2026-05-21T19:49:34.5138324+08:00	0x04	0.3331	-0.4790	-0.6072	0.5394	272.40	289.11	347.15
2026-05-21T19:49:34.5138324+08:00	0x01	-0.1196	-0.5852	0.4327	-0.6753	323.34	67.36	41.91
2026-05-21T19:49:34.5138324+08:00	0x02	0.0454	-0.5724	0.8076	0.1346	151.81	346.67	69.51
2026-05-21T19:49:34.5138324+08:00	0x03	-0.4353	0.2920	0.8481	0.0769	188.61	303.01	325.78
2026-05-21T19:49:34.5138324+08:00	0x04	0.3863	-0.4406	-0.6140	0.5288	266.96	288.42	352.38
2026-05-21T19:49:34.5138324+08:00	0x01	0.0025	-0.5929	0.3355	-0.7321	327.47	71.15	23.21
2026-05-21T19:49:34.5138324+08:00	0x02	0.0445	-0.5729	0.8071	0.1358	151.26	346.15	69.53
2026-05-21T19:49:34.5138324+08:00	0x03	-0.4262	0.2939	0.8323	0.1979	173.98	308.03	318.85
2026-05-21T19:49:34.5138324+08:00	0x04	0.3766	-0.4292	-0.6274	0.5294	265.89	290.57	351.96
2026-05-21T19:49:34.5138324+08:00	0x01	0.0743	-0.4434	0.5946	-0.6665	288.17	48.75	25.36
2026-05-21T19:49:34.5138324+08:00	0x03	-0.4161	0.2923	0.8339	0.2148	171.14	310.35	318.22
2026-05-21T19:49:34.5138324+08:00	0x04	0.3799	-0.4234	-0.6327	0.5254	264.82	290.86	352.15
2026-05-21T19:49:34.5138324+08:00	0x01	0.0743	-0.4922	0.6141	-0.6124	285.88	54.00	30.90
2026-05-21T19:49:34.5138324+08:00	0x03	-0.4211	0.2992	0.8313	0.2051	173.11	308.93	317.92
2026-05-21T19:49:34.5138324+08:00	0x04	0.3787	-0.4229	-0.6302	0.5297	265.31	291.01	352.42
2026-05-21T19:49:34.5138324+08:00	0x02	0.1232	-0.5063	0.8395	-0.1538	221.05	38.44	54.31
2026-05-21T19:49:34.5138324+08:00	0x03	-0.4224	0.2988	0.8295	0.2106	172.45	308.96	317.66
2026-05-21T19:49:34.5138324+08:00	0x04	0.3785	-0.4207	-0.6370	0.5234	264.31	291.29	351.96
2026-05-21T19:49:34.5138324+08:00	0x02	0.0323	-0.4323	0.8692	-0.2379	220.71	22.76	47.40
2026-05-21T19:49:34.5138324+08:00	0x01	0.1442	-0.4521	0.6551	-0.5879	276.34	52.66	25.01
2026-05-21T19:49:34.5138324+08:00	0x03	-0.4157	0.3000	0.8268	0.2317	169.37	310.87	316.48
2026-05-21T19:49:34.5138324+08:00	0x04	0.3588	-0.4073	-0.6492	0.5328	264.18	294.54	351.57
2026-05-21T19:49:34.5138324+08:00	0x02	-0.0547	-0.2864	0.8919	-0.3458	224.45	6.91	33.28
2026-05-21T19:49:34.5138324+08:00	0x03	-0.3748	0.3144	0.8418	0.2282	168.00	316.91	315.55
2026-05-21T19:49:34.5138324+08:00	0x04	0.2703	-0.3695	-0.7275	0.5110	257.75	306.99	344.84
2026-05-21T19:49:34.5138324+08:00	0x02	-0.0613	-0.3830	0.9154	-0.1079	192.43	357.58	45.59
2026-05-21T19:49:34.5138324+08:00	0x03	-0.3591	0.2895	0.8520	0.2474	163.25	320.78	317.85
2026-05-21T19:49:34.5138324+08:00	0x04	0.2663	-0.2878	-0.7169	0.5764	260.17	314.14	353.94
2026-05-21T19:49:34.5138324+08:00	0x02	0.0392	-0.5556	0.8220	-0.1188	213.98	27.37	64.69
2026-05-21T19:49:34.5138324+08:00	0x03	-0.3581	0.2865	0.8516	0.2539	162.18	321.28	317.94
2026-05-21T19:49:34.5138324+08:00	0x04	0.2607	-0.2710	-0.7081	0.5976	262.00	315.98	355.86
2026-05-21T19:49:34.5138324+08:00	0x02	0.0896	-0.5463	0.8155	-0.1690	227.19	40.52	59.39
2026-05-21T19:49:34.5138324+08:00	0x03	-0.3757	0.3000	0.8608	0.1669	175.36	314.53	320.06
2026-05-21T19:49:34.5138324+08:00	0x04	0.2837	-0.2823	-0.6966	0.5955	262.44	312.90	356.82
2026-05-21T19:49:34.5148300+08:00	0x01	-0.0602	-0.5445	0.5102	-0.6630	307.70	58.82	39.45
2026-05-21T19:49:34.5148300+08:00	0x03	-0.3804	0.2596	0.8638	0.2043	168.75	316.26	322.85
2026-05-21T19:49:34.5148300+08:00	0x04	0.3034	-0.2904	-0.6911	0.5882	261.97	310.38	357.45
2026-05-21T19:49:34.5148300+08:00	0x01	-0.0358	-0.5254	0.7165	-0.4576	267.30	43.96	51.77
2026-05-21T19:49:34.5148300+08:00	0x03	-0.3814	0.2814	0.8542	0.2138	168.64	316.03	319.92
2026-05-21T19:49:34.5148300+08:00	0x04	0.3089	-0.3104	-0.6823	0.5854	262.98	308.15	356.44
2026-05-21T19:49:34.5148300+08:00	0x02	-0.1789	-0.2804	0.9391	0.0858	162.47	333.74	29.74
2026-05-21T19:49:34.5148300+08:00	0x03	-0.3530	0.2687	0.8223	0.3565	146.59	327.33	316.09
2026-05-21T19:49:34.5148300+08:00	0x04	0.3034	-0.3375	-0.7002	0.5512	260.43	306.43	352.06
2026-05-21T19:49:34.5148300+08:00	0x01	-0.0326	-0.4505	0.7482	-0.4861	260.12	33.32	44.89
2026-05-21T19:49:34.5148300+08:00	0x03	-0.3584	0.2942	0.8070	0.3658	145.85	327.49	312.52
2026-05-21T19:49:34.5148300+08:00	0x04	0.2953	-0.3526	-0.6965	0.5508	261.57	305.81	350.45
2026-05-21T19:49:34.5148300+08:00	0x01	-0.0727	-0.5016	0.4542	-0.7327	314.23	53.98	34.20
2026-05-21T19:49:34.5148300+08:00	0x03	-0.3418	0.2783	0.7785	0.4468	131.41	335.13	312.38
2026-05-21T19:49:34.5148300+08:00	0x04	0.1372	-0.3642	-0.8111	0.4366	246.38	322.20	331.90
2026-05-21T19:49:34.5148300+08:00	0x01	-0.2292	-0.4565	0.4276	-0.7458	321.00	45.41	47.08
2026-05-21T19:49:34.5148300+08:00	0x03	-0.3423	0.2788	0.7795	0.4445	131.84	334.90	312.36
2026-05-21T19:49:34.5148300+08:00	0x04	0.1421	-0.3642	-0.8083	0.4403	246.95	321.59	332.39
2026-05-21T19:49:34.5148300+08:00	0x01	-0.3129	-0.3603	0.4019	-0.7815	320.06	29.78	51.14
2026-05-21T19:49:34.5148300+08:00	0x03	-0.1844	0.3897	0.6795	0.5936	89.27	18.65	311.54
2026-05-21T19:49:34.5148300+08:00	0x04	0.1215	-0.1556	-0.9674	0.1587	200.95	342.85	344.78
2026-05-21T19:49:34.5148300+08:00	0x02	-0.1712	-0.2896	0.9385	0.0782	163.31	334.65	31.12
2026-05-21T19:49:34.5148300+08:00	0x03	-0.2050	0.3617	0.6821	0.6016	91.24	13.37	312.26
2026-05-21T19:49:34.5148300+08:00	0x04	0.1446	-0.1454	-0.9421	0.2652	213.54	339.11	348.62
2026-05-21T19:49:34.5148300+08:00	0x01	-0.3104	-0.3633	0.4028	-0.7806	320.12	30.27	51.02
2026-05-21T19:49:34.6700301+08:00	0x03	-0.1972	0.3677	0.6803	0.6026	90.27	15.02	312.45
2026-05-21T19:49:34.8695827+08:00	0x04	0.1530	-0.1462	-0.9333	0.2902	216.63	337.86	349.39
2026-05-21T19:49:35.0225165+08:00	0x01	-0.3905	-0.2523	0.4656	-0.7530	297.41	1.65	55.39
2026-05-21T19:49:35.2074250+08:00	0x03	-0.2049	0.3515	0.6926	0.5956	93.64	11.41	313.03
2026-05-21T19:49:35.3974386+08:00	0x04	0.1501	-0.1258	-0.9314	0.3067	217.98	338.87	351.82
2026-05-21T19:49:35.5361801+08:00	0x01	-0.4917	-0.3298	0.6361	-0.4948	226.18	314.97	64.99
2026-05-21T19:49:35.6371720+08:00	0x02	-0.3894	-0.5756	0.7179	0.0405	123.41	273.22	52.66
