timestamp	device	q0	q1	q2	q3	yaw	pitch	roll
2026-05-26T16:12:24.3950676+08:00	0x01	-0.3164	-0.4076	0.8327	-0.2008	187.41	322.15	53.70
2026-05-26T16:12:24.5107099+08:00	0x02	0.1141	0.1099	-0.9874	0.0017	178.73	346.67	12.56
2026-05-26T16:12:24.8952473+08:00	0x01	-0.3174	-0.4076	0.8321	-0.2017	187.48	322.04	53.75
2026-05-26T16:12:25.0284391+08:00	0x02	0.1133	0.1102	-0.9874	0.0067	179.30	346.83	12.66
2026-05-26T16:12:25.4786834+08:00	0x01	-0.3180	-0.4075	0.8316	-0.2028	187.60	322.00	53.79
2026-05-26T16:12:25.5967948+08:00	0x02	0.1130	0.1082	-0.9876	0.0116	179.91	346.93	12.49
2026-05-26T16:12:25.6814254+08:00	0x04	0.0574	-0.3113	-0.3595	-0.8778	39.02	32.28	341.06
2026-05-26T16:12:25.9546260+08:00	0x04	0.0551	-0.3115	-0.3540	-0.8801	38.39	32.49	341.49
2026-05-26T16:12:26.0586744+08:00	0x01	-0.3186	-0.4088	0.8309	-0.2025	187.42	321.83	53.94
2026-05-26T16:12:26.5216215+08:00	0x04	0.0546	-0.3101	-0.3495	-0.8824	37.87	32.42	341.75
2026-05-26T16:12:26.5882087+08:00	0x02	0.1115	0.1060	-0.9879	0.0173	180.62	347.19	12.31
2026-05-26T16:12:27.1459786+08:00	0x01	-0.3187	-0.4068	0.8322	-0.2012	187.32	321.80	53.63
2026-05-26T16:12:27.1793621+08:00	0x02	0.1108	0.1083	-0.9877	0.0190	180.79	347.28	12.60
2026-05-26T16:12:27.6126843+08:00	0x04	0.0503	-0.3117	-0.3431	-0.8846	37.17	32.85	342.37
2026-05-26T16:12:27.6620191+08:00	0x01	-0.3198	-0.4084	0.8308	-0.2017	187.20	321.56	53.87
2026-05-26T16:12:27.6955037+08:00	0x02	0.1098	0.1029	-0.9884	0.0208	181.09	347.44	12.00
2026-05-26T16:12:28.1282342+08:00	0x04	0.0510	-0.3117	-0.3420	-0.8850	37.01	32.85	342.33
2026-05-26T16:12:28.2311296+08:00	0x01	-0.3228	-0.4091	0.8295	-0.2011	186.79	320.93	53.94
2026-05-26T16:12:28.2623786+08:00	0x02	0.1089	0.1018	-0.9886	0.0222	181.27	347.56	11.89
2026-05-26T16:12:28.7128710+08:00	0x04	0.0523	-0.3102	-0.3425	-0.8853	37.07	32.62	342.23
2026-05-26T16:12:28.7785499+08:00	0x02	0.1084	0.1016	-0.9886	0.0240	181.49	347.64	11.89
2026-05-26T16:12:29.2787793+08:00	0x04	0.0514	-0.3130	-0.3404	-0.8852	36.78	33.02	342.30
2026-05-26T16:12:29.3324827+08:00	0x01	-0.3223	-0.4073	0.8310	-0.1992	186.64	320.96	53.64
2026-05-26T16:12:29.3505121+08:00	0x02	0.1072	0.0995	-0.9889	0.0260	181.76	347.80	11.67
2026-05-26T16:12:29.7939536+08:00	0x04	0.0504	-0.3130	-0.3387	-0.8859	36.60	33.08	342.47
2026-05-26T16:12:29.8568161+08:00	0x02	0.1079	0.1005	-0.9887	0.0268	181.83	347.73	11.80
2026-05-26T16:12:30.3837144+08:00	0x04	0.0531	-0.3129	-0.3407	-0.8850	36.79	32.96	342.11
2026-05-26T16:12:30.4294353+08:00	0x02	0.1079	0.0991	-0.9888	0.0271	181.88	347.74	11.65
2026-05-26T16:12:30.9477320+08:00	0x04	0.0480	-0.3162	-0.3422	-0.8835	37.04	33.46	342.47
2026-05-26T16:12:31.0115178+08:00	0x02	0.1007	0.1569	-0.9824	0.0145	179.81	348.27	18.13
2026-05-26T16:12:31.4625170+08:00	0x01	-0.3140	-0.4380	0.8421	-0.0211	158.73	309.39	48.66
2026-05-26T16:12:31.5291342+08:00	0x02	0.1009	0.1552	-0.9826	0.0148	179.87	348.26	17.94
2026-05-26T16:12:32.0983360+08:00	0x01	-0.3355	-0.4165	0.8448	0.0156	154.89	306.43	43.89
2026-05-26T16:12:32.1126471+08:00	0x02	-0.0361	0.2549	-0.8261	-0.5013	114.41	347.27	27.21
2026-05-26T16:12:32.5652018+08:00	0x01	-0.3385	-0.4057	0.8489	0.0093	156.58	307.17	43.04
2026-05-26T16:12:32.6628161+08:00	0x04	0.0509	-0.2908	-0.3489	-0.8894	38.19	30.26	342.93
2026-05-26T16:12:32.6966799+08:00	0x02	0.0750	0.2158	-0.6348	-0.7382	79.32	335.20	9.39
2026-05-26T16:12:33.0837707+08:00	0x01	-0.3833	-0.3922	0.7927	-0.2662	192.43	314.97	55.68
2026-05-26T16:12:33.1326381+08:00	0x04	0.0453	-0.3039	-0.3461	-0.8865	37.77	32.03	343.10
2026-05-26T16:12:33.2961732+08:00	0x02	0.1527	0.2247	-0.4997	-0.8225	62.99	328.51	358.48
2026-05-26T16:12:33.6455385+08:00	0x01	-0.4125	-0.3646	0.6816	-0.4821	232.91	331.85	63.46
2026-05-26T16:12:33.7123145+08:00	0x04	0.0370	-0.3027	-0.3385	-0.8902	37.07	32.27	344.28
2026-05-26T16:12:33.7642436+08:00	0x02	0.4281	0.0817	-0.8291	-0.3502	138.73	308.95	350.54
2026-05-26T16:12:34.2298204+08:00	0x01	-0.4589	-0.3884	0.6835	-0.4140	210.51	312.20	65.62
2026-05-26T16:12:34.2818564+08:00	0x02	0.4814	0.1275	-0.7985	-0.3382	138.10	300.52	352.99
2026-05-26T16:12:34.7413311+08:00	0x01	-0.4460	-0.3149	0.7580	-0.3570	205.46	311.84	52.72
2026-05-26T16:12:34.7975264+08:00	0x04	0.0534	-0.3085	-0.3565	-0.8803	38.79	32.13	341.70
2026-05-26T16:12:34.8633241+08:00	0x02	0.4987	0.0024	-0.7769	-0.3844	139.60	302.91	337.69
2026-05-26T16:12:35.3299425+08:00	0x01	-0.4572	-0.3556	0.7680	-0.2731	188.96	302.91	52.75
2026-05-26T16:12:35.4976805+08:00	0x02	0.4907	0.0084	-0.8027	-0.3389	144.35	303.16	341.39
2026-05-26T16:12:35.9128431+08:00	0x01	-0.4551	-0.3649	0.7564	-0.2958	191.67	304.05	55.22
2026-05-26T16:12:35.9475611+08:00	0x02	0.4937	0.0160	-0.8017	-0.3364	144.32	302.54	342.15
2026-05-26T16:12:36.4157438+08:00	0x01	-0.4533	-0.3686	0.7538	-0.3008	192.30	304.51	55.93
2026-05-26T16:12:36.5318506+08:00	0x02	0.4925	0.0192	-0.8014	-0.3387	143.87	302.65	342.37
2026-05-26T16:12:37.0012417+08:00	0x01	-0.4527	-0.3701	0.7515	-0.3056	192.98	304.85	56.40
2026-05-26T16:12:37.1473777+08:00	0x02	0.4918	0.0216	-0.8016	-0.3392	143.68	302.69	342.60
2026-05-26T16:12:37.4981668+08:00	0x01	-0.4523	-0.3714	0.7507	-0.3064	193.03	304.91	56.60
2026-05-26T16:12:37.7317600+08:00	0x02	0.4907	0.0205	-0.8015	-0.3411	143.51	302.88	342.42
2026-05-26T16:12:38.0806093+08:00	0x01	-0.4508	-0.3731	0.7516	-0.3043	192.72	304.96	56.65
2026-05-26T16:12:38.4130783+08:00	0x02	0.4916	0.0175	-0.8022	-0.3383	143.99	302.80	342.26
2026-05-26T16:12:38.5346629+08:00	0x01	-0.4253	-0.3891	0.7164	-0.3931	210.90	317.88	63.11
2026-05-26T16:12:38.6478014+08:00	0x04	0.0458	-0.3137	-0.3427	-0.8843	37.19	33.23	342.78
2026-05-26T16:12:38.7133463+08:00	0x02	0.3386	0.2977	-0.8028	-0.3901	122.05	307.41	12.35
2026-05-26T16:12:39.0641484+08:00	0x01	-0.4261	-0.3887	0.7176	-0.3905	210.25	317.39	62.94
2026-05-26T16:12:39.1642453+08:00	0x04	0.0537	-0.3103	-0.3585	-0.8788	38.99	32.30	341.52
2026-05-26T16:12:39.2832563+08:00	0x02	0.3438	0.2897	-0.8041	-0.3891	122.69	307.44	11.44
2026-05-26T16:12:39.6318780+08:00	0x01	-0.2838	-0.3923	0.5105	-0.7106	302.29	26.76	53.51
2026-05-26T16:12:39.7484757+08:00	0x04	0.0528	-0.3029	-0.3653	-0.8786	39.98	31.33	341.70
2026-05-26T16:12:40.1502437+08:00	0x01	-0.2578	-0.4621	0.5380	-0.6562	301.64	36.78	56.67
2026-05-26T16:12:40.2641964+08:00	0x02	0.0683	0.3107	-0.9427	-0.1004	163.59	346.52	34.89
2026-05-26T16:12:40.7311784+08:00	0x01	-0.2653	-0.4604	0.5432	-0.6500	300.21	35.49	57.69
2026-05-26T16:12:40.8985858+08:00	0x02	-0.0071	0.3317	-0.9426	0.0387	185.71	2.87	38.66
2026-05-26T16:12:41.3161636+08:00	0x01	-0.2727	-0.4596	0.5438	-0.6470	299.83	34.82	58.51
2026-05-26T16:12:41.3821643+08:00	0x02	-0.0236	0.3486	-0.9329	0.0868	193.53	7.88	40.27
2026-05-26T16:12:41.8176370+08:00	0x01	-0.2764	-0.4624	0.5441	-0.6433	299.86	35.02	59.17
2026-05-26T16:12:41.8890975+08:00	0x02	-0.0331	0.3599	-0.9257	0.1115	197.82	10.84	41.22
2026-05-26T16:12:42.2834406+08:00	0x01	-0.2768	-0.4652	0.5428	-0.6421	300.36	35.65	59.38
2026-05-26T16:12:42.4614133+08:00	0x02	-0.0426	0.3608	-0.9222	0.1324	201.32	13.31	40.86
2026-05-26T16:12:42.8227704+08:00	0x01	-0.2743	-0.4680	0.5478	-0.6369	299.47	35.69	59.56
2026-05-26T16:12:42.9679520+08:00	0x04	0.0437	-0.3037	-0.3561	-0.8826	39.04	31.89	342.93
2026-05-26T16:12:43.3800168+08:00	0x01	-0.2742	-0.4698	0.5468	-0.6365	299.86	36.14	59.64
2026-05-26T16:12:43.5021734+08:00	0x04	0.0427	-0.3044	-0.3563	-0.8824	39.07	32.00	343.01
2026-05-26T16:12:43.9519817+08:00	0x01	-0.2742	-0.4678	0.5482	-0.6367	299.38	35.62	59.56
2026-05-26T16:12:44.0157793+08:00	0x02	-0.0676	0.3836	-0.9077	0.1559	207.00	19.18	42.48
2026-05-26T16:12:44.4848145+08:00	0x01	-0.2838	-0.4634	0.5437	-0.6396	299.79	34.76	60.10
2026-05-26T16:12:44.5850577+08:00	0x04	0.0488	-0.3046	-0.3490	-0.8849	38.03	31.96	342.61
2026-05-26T16:12:44.9482409+08:00	0x01	-0.2780	-0.4493	0.5423	-0.6533	299.28	32.87	58.27
2026-05-26T16:12:45.1488072+08:00	0x04	0.0486	-0.3192	-0.3395	-0.8834	36.65	33.86	342.39
2026-05-26T16:12:45.4659662+08:00	0x01	-0.2846	-0.4463	0.5445	-0.6507	298.34	31.64	58.90
2026-05-26T16:12:45.6243125+08:00	0x04	0.0474	-0.3243	-0.3427	-0.8804	36.98	34.45	342.20
2026-05-26T16:12:45.6865623+08:00	0x02	-0.0596	0.3727	-0.9010	0.2138	214.26	20.46	40.25
2026-05-26T16:12:46.0414675+08:00	0x01	-0.2776	-0.4451	0.5482	-0.6514	297.66	31.49	58.17
2026-05-26T16:12:46.1488625+08:00	0x04	0.0454	-0.3296	-0.3440	-0.8781	37.09	35.11	342.15
2026-05-26T16:12:46.2013647+08:00	0x02	-0.0541	0.3734	-0.9012	0.2133	213.99	19.75	40.54
2026-05-26T16:12:46.5493199+08:00	0x01	-0.2771	-0.4452	0.5479	-0.6517	297.76	31.59	58.12
2026-05-26T16:12:46.7154343+08:00	0x04	0.0475	-0.3296	-0.3497	-0.8757	37.74	34.95	341.72
2026-05-26T16:12:46.7825483+08:00	0x02	-0.0530	0.3743	-0.9018	0.2095	213.44	19.46	40.76
2026-05-26T16:12:47.1326400+08:00	0x01	-0.2767	-0.4451	0.5483	-0.6517	297.69	31.56	58.08
2026-05-26T16:12:47.2357044+08:00	0x04	0.0476	-0.3320	-0.3520	-0.8738	37.98	35.20	341.52
2026-05-26T16:12:47.2994623+08:00	0x02	-0.0514	0.3773	-0.9010	0.2080	213.33	19.36	41.19
2026-05-26T16:12:47.6995509+08:00	0x01	-0.2767	-0.4443	0.5487	-0.6519	297.53	31.37	58.02
2026-05-26T16:12:47.8165158+08:00	0x04	0.0504	-0.3344	-0.3538	-0.8720	38.08	35.37	341.07
2026-05-26T16:12:48.2179883+08:00	0x01	-0.2769	-0.4447	0.5480	-0.6521	297.71	31.51	58.05
2026-05-26T16:12:48.3321011+08:00	0x04	0.0522	-0.3346	-0.3559	-0.8710	38.29	35.30	340.78
2026-05-26T16:12:48.4993704+08:00	0x02	-0.0519	0.3776	-0.9014	0.2057	213.04	19.33	41.24
2026-05-26T16:12:48.8009751+08:00	0x01	-0.2772	-0.4450	0.5479	-0.6519	297.74	31.54	58.10
2026-05-26T16:12:48.9662641+08:00	0x02	-0.0520	0.3782	-0.9011	0.2057	213.09	19.38	41.31
2026-05-26T16:12:49.2832139+08:00	0x01	-0.2777	-0.4468	0.5472	-0.6510	298.00	31.89	58.28
2026-05-26T16:12:49.3719175+08:00	0x04	0.0529	-0.3349	-0.3608	-0.8688	38.86	35.22	340.51
2026-05-26T16:12:49.5533008+08:00	0x02	-0.0542	0.3795	-0.9005	0.2054	213.22	19.75	41.39
2026-05-26T16:12:49.8872404+08:00	0x01	-0.2783	-0.4467	0.5468	-0.6512	298.08	31.89	58.31
2026-05-26T16:12:50.0031126+08:00	0x04	0.0541	-0.3351	-0.3615	-0.8684	38.91	35.20	340.35
2026-05-26T16:12:50.1549180+08:00	0x02	-0.0571	0.3802	-0.8997	0.2066	213.57	20.25	41.34
2026-05-26T16:12:50.3691403+08:00	0x01	-0.2486	-0.4685	0.5382	-0.6550	302.19	38.37	56.09
2026-05-26T16:12:50.4663075+08:00	0x04	0.0484	-0.3371	-0.3714	-0.8638	40.25	35.42	340.48
2026-05-26T16:12:50.7362043+08:00	0x02	-0.0570	0.3802	-0.8998	0.2065	213.56	20.23	41.34
2026-05-26T16:12:50.9864022+08:00	0x01	-0.2494	-0.4679	0.5384	-0.6549	302.08	38.19	56.16
2026-05-26T16:12:51.2663193+08:00	0x02	-0.0299	0.4739	-0.7858	-0.3963	111.71	329.09	50.21
2026-05-26T16:12:51.5497355+08:00	0x01	-0.3562	-0.3792	0.8516	-0.0645	167.18	309.43	43.77
2026-05-26T16:12:51.5706050+08:00	0x04	0.0520	-0.3231	-0.3934	-0.8592	43.15	33.20	339.91
2026-05-26T16:12:51.8334522+08:00	0x02	0.1601	0.2489	-0.4433	-0.8461	56.19	325.68	357.12
2026-05-26T16:12:52.0358519+08:00	0x01	-0.3687	-0.3622	0.8561	0.0089	159.06	306.15	37.85
2026-05-26T16:12:52.2999991+08:00	0x02	0.2882	0.2409	-0.3140	-0.8719	47.16	320.05	339.44
2026-05-26T16:12:52.5667495+08:00	0x04	0.0901	-0.3383	-0.3663	-0.8621	38.58	34.43	336.22
2026-05-26T16:12:52.6507734+08:00	0x01	-0.4253	-0.3598	0.8252	-0.0936	168.18	300.88	42.33
2026-05-26T16:12:52.8174395+08:00	0x02	0.5577	0.1705	-0.1971	-0.7881	59.06	303.20	305.73
2026-05-26T16:12:53.1359885+08:00	0x01	-0.4779	-0.3342	0.7958	-0.1635	175.32	296.16	43.48
2026-05-26T16:12:53.3845193+08:00	0x02	0.6074	0.1113	-0.1397	-0.7741	57.59	304.77	294.60
2026-05-26T16:12:53.6532461+08:00	0x04	0.1033	-0.3493	-0.3627	-0.8578	37.54	35.51	334.49
2026-05-26T16:12:53.9038982+08:00	0x02	0.6103	0.0873	-0.1124	-0.7792	50.81	311.26	291.32
2026-05-26T16:12:54.2334919+08:00	0x04	0.0905	-0.3505	-0.3515	-0.8634	36.42	36.28	336.25
2026-05-26T16:12:54.4862432+08:00	0x02	0.5990	0.0623	-0.0865	-0.7936	38.41	323.59	289.95
2026-05-26T16:12:54.8006152+08:00	0x01	-0.4704	-0.3148	0.8108	-0.1492	175.90	298.25	40.61
2026-05-26T16:12:54.9952270+08:00	0x02	0.5805	0.0699	-0.0803	-0.8073	33.93	326.92	292.18
2026-05-26T16:12:55.3002038+08:00	0x01	-0.4670	-0.3218	0.8079	-0.1598	176.73	298.68	42.01
2026-05-26T16:12:55.4150370+08:00	0x04	0.1127	-0.3335	-0.3701	-0.8597	38.69	33.08	333.85
2026-05-26T16:12:55.5684804+08:00	0x02	0.5841	0.0550	-0.0649	-0.8072	28.66	332.15	290.63
2026-05-26T16:12:55.8871522+08:00	0x01	-0.4622	-0.3156	0.8139	-0.1556	177.08	299.72	41.12
2026-05-26T16:12:56.0535966+08:00	0x02	0.5846	0.0281	-0.0456	-0.8096	18.86	342.58	289.27
2026-05-26T16:12:56.4018680+08:00	0x01	-0.4617	-0.3140	0.8148	-0.1559	177.28	299.90	40.97
2026-05-26T16:12:56.6701861+08:00	0x02	0.5838	0.0238	-0.0405	-0.8106	16.52	344.86	289.19
2026-05-26T16:12:56.9679000+08:00	0x01	-0.4625	-0.3122	0.8151	-0.1560	177.39	299.89	40.78
2026-05-26T16:12:57.0014781+08:00	0x04	0.1083	-0.3459	-0.3636	-0.8581	37.64	34.93	334.06
2026-05-26T16:12:57.2381660+08:00	0x02	0.5861	0.0195	-0.0364	-0.8092	14.77	346.62	288.71
2026-05-26T16:12:57.5017429+08:00	0x04	0.1068	-0.3481	-0.3609	-0.8586	37.26	35.32	334.24
2026-05-26T16:12:57.7681880+08:00	0x02	0.5852	0.0193	-0.0338	-0.8099	13.90	347.30	288.79
2026-05-26T16:12:58.0872398+08:00	0x04	0.1054	-0.3483	-0.3605	-0.8589	37.25	35.39	334.40
2026-05-26T16:12:58.2373481+08:00	0x02	0.5825	0.0171	-0.0319	-0.8121	12.65	348.56	289.11
2026-05-26T16:12:58.6348975+08:00	0x01	-0.4605	-0.3103	0.8173	-0.1542	177.47	300.27	40.48
2026-05-26T16:12:58.8025331+08:00	0x02	0.5831	0.0159	-0.0295	-0.8117	11.77	349.35	288.97
2026-05-26T16:12:59.0984269+08:00	0x01	-0.4614	-0.3111	0.8164	-0.1543	177.35	300.06	40.57
2026-05-26T16:12:59.3187168+08:00	0x02	0.5829	0.0166	-0.0280	-0.8119	11.51	349.43	288.99
2026-05-26T16:12:59.6207836+08:00	0x01	-0.4619	-0.3121	0.8158	-0.1541	177.22	299.94	40.66
2026-05-26T16:12:59.8877403+08:00	0x02	0.5830	0.0168	-0.0265	-0.8118	11.11	349.69	288.95
2026-05-26T16:13:00.2090464+08:00	0x01	-0.4657	-0.3160	0.8122	-0.1535	176.58	299.06	41.02
2026-05-26T16:13:00.4206288+08:00	0x02	0.5836	0.0226	-0.0247	-0.8114	11.81	348.36	288.94
2026-05-26T16:13:00.7190112+08:00	0x01	-0.4675	-0.3185	0.8101	-0.1543	176.35	298.65	41.32
2026-05-26T16:13:00.8196236+08:00	0x04	0.0965	-0.3388	-0.3540	-0.8664	36.87	34.61	335.98
2026-05-26T16:13:01.0025251+08:00	0x02	0.5842	0.0213	-0.0233	-0.8110	11.20	348.97	288.82
2026-05-26T16:13:01.2855751+08:00	0x01	-0.4653	-0.3199	0.8110	-0.1530	176.21	298.88	41.40
2026-05-26T16:13:01.5699730+08:00	0x02	0.5813	0.0197	-0.0217	-0.8131	10.20	349.97	289.17
2026-05-26T16:13:01.8019781+08:00	0x01	-0.4657	-0.3186	0.8112	-0.1533	176.34	298.91	41.28
2026-05-26T16:13:01.9462789+08:00	0x04	0.0963	-0.3408	-0.3548	-0.8653	36.92	34.84	335.89
2026-05-26T16:13:02.0859766+08:00	0x02	0.5821	0.0182	-0.0191	-0.8127	9.23	350.85	289.02
2026-05-26T16:13:02.3879054+08:00	0x01	-0.4670	-0.3184	0.8105	-0.1537	176.32	298.71	41.28
2026-05-26T16:13:02.4023228+08:00	0x04	0.0960	-0.3397	-0.3571	-0.8648	37.25	34.65	335.88
2026-05-26T16:13:02.6528329+08:00	0x02	0.5821	0.0193	-0.0190	-0.8127	9.42	350.55	289.03
2026-05-26T16:13:02.8514421+08:00	0x01	-0.4671	-0.3205	0.8096	-0.1538	176.14	298.57	41.50
2026-05-26T16:13:03.0033386+08:00	0x04	0.0955	-0.3391	-0.3584	-0.8646	37.44	34.56	335.91
2026-05-26T16:13:03.2704408+08:00	0x02	0.5820	0.0211	-0.0183	-0.8127	9.57	350.20	289.05
2026-05-26T16:13:03.4727055+08:00	0x01	-0.4679	-0.3208	0.8091	-0.1534	176.02	298.41	41.50
2026-05-26T16:13:03.5881218+08:00	0x04	0.0960	-0.3386	-0.3577	-0.8650	37.36	34.50	335.91
2026-05-26T16:13:03.7555789+08:00	0x02	0.5824	0.0208	-0.0171	-0.8124	9.21	350.48	288.98
2026-05-26T16:13:04.0530683+08:00	0x01	-0.4672	-0.3229	0.8086	-0.1539	175.94	298.41	41.75
2026-05-26T16:13:04.3355524+08:00	0x02	0.5809	0.0210	-0.0161	-0.8136	8.84	350.76	289.18
2026-05-26T16:13:04.5362705+08:00	0x01	-0.4678	-0.3231	0.8081	-0.1540	175.90	298.30	41.78
2026-05-26T16:13:04.5692266+08:00	0x04	0.0973	-0.3380	-0.3583	-0.8648	37.41	34.38	335.76
2026-05-26T16:13:04.8366723+08:00	0x02	0.5834	0.0215	-0.0146	-0.8118	8.70	350.74	288.82
2026-05-26T16:13:05.1405194+08:00	0x01	-0.4696	-0.3224	0.8071	-0.1554	176.00	298.08	41.79
2026-05-26T16:13:05.1714321+08:00	0x04	0.0990	-0.3386	-0.3570	-0.8650	37.19	34.44	335.61
2026-05-26T16:13:05.4055954+08:00	0x02	0.5838	0.0221	-0.0132	-0.8115	8.43	350.83	288.75
2026-05-26T16:13:05.6205767+08:00	0x01	-0.4689	-0.3247	0.8066	-0.1550	175.80	298.05	42.00
2026-05-26T16:13:05.7704818+08:00	0x04	0.0978	-0.3358	-0.3599	-0.8649	37.66	34.05	335.73
2026-05-26T16:13:05.9388148+08:00	0x02	0.5769	0.0267	-0.0104	-0.8163	8.14	350.53	289.72
2026-05-26T16:13:06.1432736+08:00	0x01	-0.4671	-0.3389	0.8056	-0.1338	172.16	296.76	42.15
2026-05-26T16:13:06.2525787+08:00	0x04	0.0758	-0.3060	-0.3729	-0.8727	40.39	30.79	338.86
2026-05-26T16:13:06.5036380+08:00	0x02	0.5672	0.0158	0.0119	-0.8233	359.72	358.00	290.87
2026-05-26T16:13:06.7199153+08:00	0x01	-0.4713	-0.3245	0.8118	-0.1164	171.28	296.58	39.54
2026-05-26T16:13:06.8207669+08:00	0x04	0.0529	-0.3060	-0.3737	-0.8740	40.96	31.53	341.27
2026-05-26T16:13:07.0224918+08:00	0x02	0.4870	0.0830	-0.0162	-0.8693	11.72	342.64	302.44
2026-05-26T16:13:07.2377295+08:00	0x01	-0.4304	-0.3231	0.8428	-0.0026	160.91	300.16	33.16
2026-05-26T16:13:07.4466319+08:00	0x04	0.0718	-0.2963	-0.3789	-0.8738	41.41	29.65	339.51
2026-05-26T16:13:07.6042824+08:00	0x02	0.3274	0.1094	0.0671	-0.9361	356.02	348.08	321.12
2026-05-26T16:13:07.8065441+08:00	0x01	-0.4179	-0.3044	0.8554	0.0313	159.24	302.37	29.64
2026-05-26T16:13:07.9034366+08:00	0x04	0.0615	-0.3041	-0.3748	-0.8737	40.96	31.00	340.40
2026-05-26T16:13:08.0740039+08:00	0x02	0.2782	0.0625	0.0392	-0.9577	357.26	353.33	327.47
2026-05-26T16:13:08.3704115+08:00	0x01	-0.3713	-0.2886	0.8742	0.1206	152.13	307.80	24.52
2026-05-26T16:13:08.5364585+08:00	0x04	0.0621	-0.3090	-0.3847	-0.8676	42.10	31.36	339.78
2026-05-26T16:13:08.6869842+08:00	0x02	0.2862	0.0681	-0.0028	-0.9557	3.03	350.94	326.86
2026-05-26T16:13:08.9077860+08:00	0x01	-0.3747	-0.2922	0.8721	0.1168	152.21	307.23	24.97
2026-05-26T16:13:09.0043414+08:00	0x04	0.0640	-0.3048	-0.3882	-0.8674	42.58	30.72	339.65
2026-05-26T16:13:09.1717728+08:00	0x02	0.2679	0.0816	-0.0237	-0.9597	5.96	348.64	329.32
2026-05-26T16:13:09.3535995+08:00	0x01	-0.3710	-0.2955	0.8728	0.1152	152.25	307.55	25.49
2026-05-26T16:13:09.5708145+08:00	0x04	0.0650	-0.3063	-0.3860	-0.8677	42.26	30.92	339.56
2026-05-26T16:13:09.6883409+08:00	0x02	0.2830	0.0833	-0.0445	-0.9545	8.99	347.42	327.81
2026-05-26T16:13:09.9416124+08:00	0x01	-0.3700	-0.2972	0.8729	0.1131	152.38	307.61	25.80
2026-05-26T16:13:10.1134297+08:00	0x04	0.0667	-0.3077	-0.3868	-0.8667	42.30	31.01	339.29
2026-05-26T16:13:10.2575897+08:00	0x02	0.2679	0.0958	-0.0590	-0.9568	10.95	345.62	329.91
2026-05-26T16:13:10.4532424+08:00	0x01	-0.3569	-0.2925	0.8753	0.1448	149.57	308.98	24.12
2026-05-26T16:13:10.6547258+08:00	0x04	0.0757	-0.3094	-0.3934	-0.8625	42.93	30.74	338.04
2026-05-26T16:13:10.7704767+08:00	0x02	0.2606	0.1091	-0.0813	-0.9558	14.01	343.37	331.29
2026-05-26T16:13:11.0216399+08:00	0x01	-0.3595	-0.2825	0.8722	0.1739	147.00	308.74	21.58
2026-05-26T16:13:11.1874856+08:00	0x04	0.0790	-0.3186	-0.3999	-0.8558	43.52	31.58	337.05
2026-05-26T16:13:11.3419916+08:00	0x02	0.2818	0.1101	-0.1370	-0.9432	21.74	340.77	329.90
2026-05-26T16:13:11.5376056+08:00	0x01	-0.3722	-0.2970	0.8685	0.1378	149.62	306.88	24.42
2026-05-26T16:13:11.7605131+08:00	0x04	0.0826	-0.3224	-0.3939	-0.8568	42.60	32.05	336.70
2026-05-26T16:13:11.9377001+08:00	0x02	0.3152	0.1000	-0.1444	-0.9326	23.64	340.44	326.01
2026-05-26T16:13:12.1256126+08:00	0x01	-0.3790	-0.3101	0.8652	0.1078	151.74	305.75	27.06
2026-05-26T16:13:12.2243191+08:00	0x04	0.0782	-0.3268	-0.3907	-0.8570	42.19	32.80	337.08
2026-05-26T16:13:12.4376881+08:00	0x02	0.3069	0.0942	-0.1424	-0.9363	22.82	341.62	326.77
2026-05-26T16:13:12.5881516+08:00	0x01	-0.3817	-0.3166	0.8634	0.0925	152.84	305.29	28.43
2026-05-26T16:13:12.8557065+08:00	0x04	0.0773	-0.3263	-0.3890	-0.8580	42.00	32.82	337.26
2026-05-26T16:13:13.0044830+08:00	0x02	0.3139	0.1023	-0.1402	-0.9335	23.12	340.36	326.13
2026-05-26T16:13:13.2092083+08:00	0x01	-0.3835	-0.3286	0.8603	0.0689	154.42	304.79	30.84
2026-05-26T16:13:13.5382916+08:00	0x02	0.3230	0.0951	-0.1451	-0.9304	23.86	340.71	325.01
2026-05-26T16:13:13.5550746+08:00	0x04	0.0729	-0.3292	-0.3848	-0.8592	41.49	33.41	337.75
2026-05-26T16:13:13.6730117+08:00	0x01	-0.3834	-0.3308	0.8603	0.0594	155.31	304.88	31.57
2026-05-26T16:13:13.9383275+08:00	0x04	0.0677	-0.3331	-0.3818	-0.8595	41.15	34.12	338.24
2026-05-26T16:13:14.0053175+08:00	0x02	0.3262	0.0923	-0.1385	-0.9306	23.00	341.21	324.45
2026-05-26T16:13:14.3052298+08:00	0x01	-0.3885	-0.3304	0.8584	0.0545	155.70	304.31	31.66
2026-05-26T16:13:14.4908104+08:00	0x03	-0.2301	0.3340	0.5637	0.7196	68.53	18.25	314.95
2026-05-26T16:13:14.5715491+08:00	0x02	0.3802	0.0845	-0.2119	-0.8963	35.57	335.83	319.78
2026-05-26T16:13:14.7919764+08:00	0x01	-0.4175	-0.3385	0.8282	-0.1589	178.45	305.87	43.90
2026-05-26T16:13:14.9900596+08:00	0x04	0.0622	-0.3428	-0.3475	-0.8706	36.84	36.17	339.73
2026-05-26T16:13:15.0222096+08:00	0x03	-0.2418	0.3274	0.5403	0.7365	64.86	18.28	314.77
2026-05-26T16:13:15.0964005+08:00	0x02	0.3786	0.0847	-0.2097	-0.8975	35.17	336.02	319.90
2026-05-26T16:13:15.3385782+08:00	0x01	-0.4169	-0.3385	0.8296	-0.1526	177.70	305.72	43.55
2026-05-26T16:13:15.5634647+08:00	0x03	-0.2475	0.3131	0.5234	0.7529	62.49	17.32	315.54
2026-05-26T16:13:15.6601021+08:00	0x02	0.4821	0.0641	-0.5345	-0.6912	92.59	311.10	323.28
2026-05-26T16:13:15.8589570+08:00	0x01	-0.4534	-0.3760	0.7190	-0.3690	203.08	309.26	61.08
2026-05-26T16:13:16.0715827+08:00	0x04	0.0537	-0.3316	-0.3279	-0.8830	34.89	35.40	341.80
2026-05-26T16:13:16.1656684+08:00	0x03	-0.2330	0.3205	0.5052	0.7667	58.65	20.47	317.08
2026-05-26T16:13:16.4395483+08:00	0x01	-0.4813	-0.4005	0.6905	-0.3622	195.39	299.97	64.38
2026-05-26T16:13:16.5890853+08:00	0x04	0.0527	-0.3313	-0.3342	-0.8808	35.68	35.28	341.68
2026-05-26T16:13:16.6809603+08:00	0x03	-0.2311	0.3215	0.5041	0.7675	58.39	20.78	317.25
2026-05-26T16:13:16.9555564+08:00	0x01	-0.4857	-0.4128	0.6811	-0.3602	192.63	297.21	65.82
2026-05-26T16:13:17.1736281+08:00	0x04	0.0533	-0.3326	-0.3402	-0.8780	36.37	35.31	341.34
2026-05-26T16:13:17.2744899+08:00	0x02	0.4772	0.0079	-0.6676	-0.5714	114.23	310.11	327.67
2026-05-26T16:13:17.5438673+08:00	0x01	-0.4884	-0.4116	0.6817	-0.3569	191.76	296.34	65.47
2026-05-26T16:13:17.6922285+08:00	0x04	0.0535	-0.3327	-0.3446	-0.8762	36.90	35.24	341.16
2026-05-26T16:13:17.7440914+08:00	0x02	0.4932	0.0156	-0.6819	-0.5400	118.98	306.66	329.24
2026-05-26T16:13:17.7894905+08:00	0x03	-0.2297	0.3234	0.5031	0.7678	58.11	21.18	317.30
2026-05-26T16:13:18.1087437+08:00	0x01	-0.4914	-0.4097	0.6813	-0.3556	191.27	295.62	65.21
2026-05-26T16:13:18.2563570+08:00	0x04	0.0553	-0.3352	-0.3500	-0.8730	37.47	35.39	340.66
2026-05-26T16:13:18.3057800+08:00	0x03	-0.2312	0.3252	0.5023	0.7671	57.95	21.36	317.05
2026-05-26T16:13:18.6236874+08:00	0x01	-0.4941	-0.4059	0.6813	-0.3564	191.46	295.39	64.85
2026-05-26T16:13:18.8397527+08:00	0x04	0.0570	-0.3366	-0.3507	-0.8721	37.49	35.50	340.40
2026-05-26T16:13:18.9071451+08:00	0x03	-0.2326	0.3272	0.4992	0.7678	57.38	21.74	316.85
2026-05-26T16:13:19.1909468+08:00	0x01	-0.4925	-0.4112	0.6787	-0.3574	191.15	295.26	65.53
2026-05-26T16:13:19.3741786+08:00	0x04	0.0457	-0.3174	-0.3624	-0.8751	39.54	33.33	341.94
2026-05-26T16:13:19.4245143+08:00	0x03	-0.2166	0.3080	0.5051	0.7766	58.70	19.92	319.64
2026-05-26T16:13:19.7201201+08:00	0x01	-0.4910	-0.4213	0.6722	-0.3599	190.31	294.53	66.91
2026-05-26T16:13:19.9107292+08:00	0x03	-0.1775	0.2474	0.4731	0.8267	54.83	16.48	328.16
2026-05-26T16:13:19.9421034+08:00	0x04	-0.0001	-0.1892	-0.3493	-0.9177	40.30	20.51	352.41
2026-05-26T16:13:20.3270218+08:00	0x01	-0.4991	-0.4113	0.6692	-0.3660	191.39	294.02	66.31
2026-05-26T16:13:20.4579182+08:00	0x04	-0.0527	-0.0798	-0.2921	-0.9516	34.41	10.54	3.08
2026-05-26T16:13:20.5071354+08:00	0x02	0.4952	0.0165	-0.6818	-0.5383	119.24	306.31	329.30
2026-05-26T16:13:20.7067393+08:00	0x01	-0.5073	-0.3857	0.6728	-0.3758	195.23	295.56	64.20
2026-05-26T16:13:21.0398501+08:00	0x04	-0.0534	-0.0852	-0.2542	-0.9619	29.93	11.04	3.41
2026-05-26T16:13:21.1773199+08:00	0x02	0.5107	-0.0641	-0.6325	-0.5788	115.77	309.42	317.76
2026-05-26T16:13:21.2724854+08:00	0x01	-0.5052	-0.3219	0.7355	-0.3167	193.35	297.64	52.51
2026-05-26T16:13:21.4904903+08:00	0x04	-0.0468	-0.0811	-0.2511	-0.9634	29.48	10.37	2.83
2026-05-26T16:13:21.5773227+08:00	0x03	-0.0963	0.1263	0.4433	0.8822	52.17	8.24	343.62
2026-05-26T16:13:21.6154918+08:00	0x02	0.5097	-0.0480	-0.6363	-0.5771	115.66	308.74	319.51
2026-05-26T16:13:21.7565321+08:00	0x01	-0.5142	-0.3240	0.7330	-0.3055	190.76	295.17	52.10
2026-05-26T16:13:22.1062928+08:00	0x04	-0.0504	-0.0767	-0.2483	-0.9643	29.18	9.98	3.39
2026-05-26T16:13:22.1262434+08:00	0x03	-0.0960	0.1222	0.4571	0.8757	54.05	7.56	343.75
2026-05-26T16:13:22.2726267+08:00	0x01	-0.5233	-0.3429	0.7158	-0.3101	188.45	292.03	54.63
2026-05-26T16:13:22.5902445+08:00	0x04	-0.0574	-0.0784	-0.2411	-0.9656	28.42	10.34	4.19
2026-05-26T16:13:22.6897324+08:00	0x02	0.5216	-0.0515	-0.6636	-0.5337	122.99	305.25	321.30
2026-05-26T16:13:22.8397417+08:00	0x01	-0.5208	-0.3526	0.7138	-0.3081	187.37	291.66	55.51
2026-05-26T16:13:23.1082881+08:00	0x04	-0.0617	-0.0789	-0.2358	-0.9666	27.85	10.50	4.71
2026-05-26T16:13:23.2573058+08:00	0x03	-0.0894	0.1263	0.4648	0.8718	54.99	8.19	344.14
2026-05-26T16:13:23.2765421+08:00	0x02	0.5217	-0.0430	-0.6706	-0.5256	123.91	304.63	322.69
2026-05-26T16:13:23.4068924+08:00	0x01	-0.5202	-0.3525	0.7150	-0.3066	187.26	291.74	55.39
2026-05-26T16:13:23.6845461+08:00	0x04	-0.0652	-0.0794	-0.2292	-0.9680	27.12	10.62	5.15
2026-05-26T16:13:23.6965142+08:00	0x02	0.5226	-0.0392	-0.6726	-0.5225	124.27	304.25	323.22
2026-05-26T16:13:23.7901976+08:00	0x03	-0.0887	0.1266	0.4657	0.8714	55.09	8.25	344.19
2026-05-26T16:13:23.9267426+08:00	0x01	-0.5206	-0.3526	0.7142	-0.3075	187.31	291.67	55.48
2026-05-26T16:13:24.2400224+08:00	0x04	-0.0651	-0.0811	-0.2262	-0.9685	26.77	10.79	5.13
2026-05-26T16:13:24.2575002+08:00	0x02	0.5232	-0.0370	-0.6746	-0.5194	124.65	303.98	323.60
2026-05-26T16:13:24.3404342+08:00	0x03	-0.0893	0.1285	0.4666	0.8705	55.20	8.40	344.02
2026-05-26T16:13:24.5076287+08:00	0x01	-0.5205	-0.3532	0.7131	-0.3096	187.53	291.73	55.69
2026-05-26T16:13:24.7575586+08:00	0x04	-0.0663	-0.0823	-0.2231	-0.9691	26.43	10.94	5.27
2026-05-26T16:13:24.8597217+08:00	0x03	-0.0902	0.1296	0.4661	0.8705	55.13	8.47	343.88
2026-05-26T16:13:25.0240932+08:00	0x01	-0.5198	-0.3560	0.7110	-0.3123	187.64	291.74	56.20
2026-05-26T16:13:25.3404570+08:00	0x04	-0.0655	-0.0826	-0.2239	-0.9689	26.52	10.96	5.16
2026-05-26T16:13:25.3759428+08:00	0x02	0.5252	-0.0366	-0.6738	-0.5185	124.85	303.63	323.56
2026-05-26T16:13:25.6096044+08:00	0x01	-0.5204	-0.3566	0.7101	-0.3127	187.55	291.57	56.30
2026-05-26T16:13:25.8576186+08:00	0x04	-0.0661	-0.0819	-0.2237	-0.9690	26.50	10.90	5.24
2026-05-26T16:13:25.9424806+08:00	0x03	-0.0904	0.1277	0.4690	0.8692	55.53	8.21	343.92
2026-05-26T16:13:26.0620331+08:00	0x01	-0.5208	-0.3566	0.7104	-0.3112	187.30	291.41	56.19
2026-05-26T16:13:26.4402022+08:00	0x04	-0.0664	-0.0808	-0.2226	-0.9693	26.37	10.78	5.33
2026-05-26T16:13:26.4596802+08:00	0x02	0.5248	-0.0309	-0.6738	-0.5193	124.51	303.52	324.08
2026-05-26T16:13:26.4910328+08:00	0x03	-0.0897	0.1267	0.4704	0.8687	55.74	8.12	344.04
2026-05-26T16:13:26.6863549+08:00	0x01	-0.5215	-0.3556	0.7115	-0.3089	187.03	291.25	55.91
2026-05-26T16:13:26.8938341+08:00	0x04	-0.0523	-0.0449	-0.3549	-0.9323	41.91	6.95	3.77
2026-05-26T16:13:27.0127022+08:00	0x02	0.5238	-0.0371	-0.6731	-0.5208	124.48	303.94	323.46
2026-05-26T16:13:27.0445291+08:00	0x03	-0.0885	0.1275	0.4534	0.8777	53.46	8.58	344.28
2026-05-26T16:13:27.1583656+08:00	0x01	-0.5205	-0.3516	0.7159	-0.3049	187.10	291.67	55.17
2026-05-26T16:13:27.4931251+08:00	0x02	0.5208	-0.0393	-0.6821	-0.5118	125.75	304.13	324.08
2026-05-26T16:13:27.5575420+08:00	0x03	-0.0935	0.1477	0.4824	0.8583	57.14	9.87	342.36
2026-05-26T16:13:27.6742993+08:00	0x01	-0.5173	-0.3543	0.7165	-0.3056	187.24	292.15	55.48
2026-05-26T16:13:27.9922007+08:00	0x04	-0.0645	0.0715	-0.5235	-0.8465	63.18	356.87	10.60
2026-05-26T16:13:28.1267407+08:00	0x02	0.5168	-0.0401	-0.6868	-0.5095	125.96	304.66	324.43
2026-05-26T16:13:28.2578489+08:00	0x01	-0.5173	-0.3624	0.7134	-0.3035	186.00	291.31	56.21
2026-05-26T16:13:28.5737053+08:00	0x02	0.5159	-0.0342	-0.6897	-0.5070	126.07	304.50	325.23
2026-05-26T16:13:28.6920663+08:00	0x03	-0.1115	0.1530	0.5222	0.8316	62.74	8.46	339.81
2026-05-26T16:13:28.8252145+08:00	0x01	-0.5182	-0.3670	0.7106	-0.3030	185.25	290.63	56.68
2026-05-26T16:13:29.2092013+08:00	0x04	-0.0217	0.0844	-0.1747	-0.9808	19.87	350.89	4.13
2026-05-26T16:13:29.2092013+08:00	0x02	0.5158	-0.0324	-0.6883	-0.5090	125.72	304.52	325.27
2026-05-26T16:13:29.3415301+08:00	0x01	-0.5179	-0.3658	0.7122	-0.3013	185.21	290.75	56.42
2026-05-26T16:13:29.6583960+08:00	0x04	-0.0231	0.0912	-0.0457	-0.9945	4.98	349.65	3.11
2026-05-26T16:13:29.7752675+08:00	0x02	0.5163	-0.0360	-0.6874	-0.5095	125.79	304.60	324.85
2026-05-26T16:13:29.7752675+08:00	0x03	-0.1139	0.1663	0.5136	0.8340	61.40	9.90	338.85
2026-05-26T16:13:29.9422701+08:00	0x01	-0.5202	-0.3608	0.7130	-0.3014	185.58	290.73	55.90
2026-05-26T16:13:30.2926332+08:00	0x04	-0.0137	0.0882	0.0804	-0.9928	350.68	349.78	0.74
2026-05-26T16:13:30.3092289+08:00	0x02	0.5171	-0.0348	-0.6870	-0.5094	125.79	304.44	324.92
2026-05-26T16:13:30.3591632+08:00	0x03	-0.1204	0.1694	0.5126	0.8331	61.29	9.86	338.01
2026-05-26T16:13:30.7755250+08:00	0x04	-0.0140	0.0883	0.0766	-0.9930	351.11	349.77	0.81
2026-05-26T16:13:30.9084583+08:00	0x03	-0.1208	0.1728	0.5118	0.8328	61.13	10.22	337.79
2026-05-26T16:13:30.9265335+08:00	0x01	-0.5082	-0.3426	0.7237	-0.3171	191.11	295.63	54.91
2026-05-26T16:13:31.3412096+08:00	0x02	0.5171	-0.0349	-0.6870	-0.5094	125.79	304.44	324.92
2026-05-26T16:13:31.3750264+08:00	0x03	-0.1203	0.1773	0.5168	0.8289	61.78	10.57	337.51
2026-05-26T16:13:31.4751272+08:00	0x01	-0.4779	-0.3345	0.7551	-0.2994	192.51	301.50	52.30
2026-05-26T16:13:31.8596566+08:00	0x02	0.4605	0.3257	-0.4665	-0.6814	81.45	292.61	341.12
2026-05-26T16:13:31.9754569+08:00	0x03	-0.1155	0.1833	0.5123	0.8311	61.00	11.62	337.68
2026-05-26T16:13:32.3216289+08:00	0x02	0.5122	0.2725	-0.3512	-0.7349	73.96	293.25	325.84
2026-05-26T16:13:32.4257279+08:00	0x04	-0.0080	0.0904	0.1545	-0.9838	342.21	349.61	359.31
2026-05-26T16:13:32.4757584+08:00	0x03	-0.1143	0.1878	0.5114	0.8307	60.81	12.19	337.54
2026-05-26T16:13:32.5760734+08:00	0x01	-0.2296	-0.4445	0.8029	-0.3241	218.70	350.84	59.61
2026-05-26T16:13:32.9420015+08:00	0x04	-0.0035	0.1018	0.3040	-0.9472	324.72	348.74	356.83
2026-05-26T16:13:32.9595619+08:00	0x02	0.3779	0.2817	-0.3377	-0.8147	57.49	307.88	334.82
2026-05-26T16:13:33.0605479+08:00	0x03	-0.1144	0.1836	0.5053	0.8354	60.00	11.91	337.87
2026-05-26T16:13:33.4125469+08:00	0x02	0.2468	0.2328	-0.8117	-0.4755	116.36	321.06	8.24
2026-05-26T16:13:33.5117447+08:00	0x04	0.0021	0.1001	0.3337	-0.9373	321.19	349.24	355.94
2026-05-26T16:13:33.6739623+08:00	0x03	-0.1142	0.1805	0.5110	0.8326	60.84	11.44	338.00
2026-05-26T16:13:33.6739623+08:00	0x01	-0.2532	-0.4904	0.7919	-0.2611	203.36	339.65	65.37
2026-05-26T16:13:33.9925215+08:00	0x02	0.1880	0.2709	-0.8857	-0.3269	133.21	326.91	20.91
2026-05-26T16:13:34.1466748+08:00	0x03	-0.1156	0.1776	0.5097	0.8338	60.72	11.08	338.04
2026-05-26T16:13:34.1623888+08:00	0x04	0.0092	0.0946	0.3547	-0.9301	318.66	350.21	355.17
2026-05-26T16:13:34.3324064+08:00	0x01	-0.2483	-0.4817	0.8026	-0.2492	201.33	338.98	63.77
2026-05-26T16:13:34.5107318+08:00	0x02	0.1409	0.2842	-0.9287	-0.1922	150.25	335.09	28.28
2026-05-26T16:13:34.6135363+08:00	0x04	0.0072	0.0948	0.3587	-0.9286	318.16	350.12	355.33
2026-05-26T16:13:34.6546061+08:00	0x01	-0.2444	-0.4792	0.8081	-0.2401	199.87	338.63	63.10
2026-05-26T16:13:34.7434467+08:00	0x03	-0.1184	0.1791	0.5103	0.8328	60.80	11.07	337.66
2026-05-26T16:13:35.0781768+08:00	0x02	0.1160	0.3026	-0.9413	-0.0941	162.80	340.78	33.22
2026-05-26T16:13:35.1755900+08:00	0x04	0.0053	0.0944	0.3620	-0.9274	317.74	350.11	355.52
2026-05-26T16:13:35.2596451+08:00	0x03	-0.1203	0.1800	0.5106	0.8321	60.87	11.03	337.41
2026-05-26T16:13:35.6094698+08:00	0x02	0.0939	0.3137	-0.9447	-0.0149	173.81	346.63	36.16
2026-05-26T16:13:35.6920819+08:00	0x04	0.0046	0.0945	0.3638	-0.9267	317.51	350.08	355.56
2026-05-26T16:13:35.8102747+08:00	0x03	-0.1212	0.1802	0.5124	0.8308	61.12	10.96	337.29
2026-05-26T16:13:36.1757116+08:00	0x02	0.0822	0.3158	-0.9448	0.0312	180.51	350.22	37.00
2026-05-26T16:13:36.2766426+08:00	0x04	0.0051	0.0941	0.3690	-0.9246	316.87	350.17	355.47
2026-05-26T16:13:36.3471131+08:00	0x03	-0.1211	0.1803	0.5123	0.8309	61.10	10.98	337.30
2026-05-26T16:13:36.6952064+08:00	0x02	0.0684	0.3193	-0.9427	0.0680	186.13	353.79	37.69
2026-05-26T16:13:36.7921328+08:00	0x04	0.0059	0.0935	0.3725	-0.9233	316.45	350.28	355.38
2026-05-26T16:13:36.9435429+08:00	0x03	-0.1208	0.1802	0.5110	0.8318	60.91	11.02	337.35
2026-05-26T16:13:40.3318228+08:00	0x02	0.0594	0.3202	-0.9411	0.0910	189.71	356.11	37.85
2026-05-26T16:13:40.3318228+08:00	0x04	-0.0014	0.0923	0.3686	-0.9250	316.87	350.09	356.25
2026-05-26T16:13:40.3328204+08:00	0x03	-0.1263	0.1831	0.5152	0.8277	61.54	10.86	336.57
2026-05-26T16:13:40.3328204+08:00	0x02	0.0574	0.3010	-0.9460	0.1061	191.79	356.85	35.56
2026-05-26T16:13:40.3328204+08:00	0x03	-0.2410	0.2413	0.5873	0.7340	75.42	5.29	320.41
2026-05-26T16:13:40.3328204+08:00	0x02	0.0436	0.3019	-0.9467	0.1038	192.07	358.60	35.50
2026-05-26T16:13:40.3328204+08:00	0x04	-0.2425	0.0070	0.4105	-0.8790	306.95	346.52	24.88
2026-05-26T16:13:40.3328204+08:00	0x03	-0.3268	0.2624	0.6104	0.6721	86.38	355.92	310.57
2026-05-26T16:13:40.3328204+08:00	0x02	0.0337	0.3034	-0.9440	0.1250	195.36	0.87	35.54
2026-05-26T16:13:40.3328204+08:00	0x03	-0.3378	0.2836	0.6033	0.6645	85.88	357.12	307.72
2026-05-26T16:13:40.3328204+08:00	0x02	0.0303	0.3020	-0.9430	0.1365	197.03	1.77	35.29
2026-05-26T16:13:40.3328204+08:00	0x01	-0.2522	-0.4729	0.7965	-0.2800	207.65	342.16	63.44
2026-05-26T16:13:40.3328204+08:00	0x03	-0.3452	0.3021	0.5945	0.6604	84.58	358.86	305.40
2026-05-26T16:13:40.3328204+08:00	0x02	0.0281	0.3031	-0.9413	0.1459	198.41	2.50	35.37
2026-05-26T16:13:40.3328204+08:00	0x01	-0.2537	-0.4714	0.7967	-0.2803	207.52	341.84	63.31
2026-05-26T16:13:40.3328204+08:00	0x03	-0.3458	0.3065	0.5935	0.6590	84.35	359.35	304.95
2026-05-26T16:13:40.5947165+08:00	0x04	-0.2355	0.0096	0.4096	-0.8813	307.30	346.72	24.03
2026-05-26T16:13:40.6116099+08:00	0x02	0.0230	0.3048	-0.9396	0.1542	199.78	3.57	35.44
2026-05-26T16:13:40.7619609+08:00	0x03	-0.3493	0.3073	0.5879	0.6617	83.45	359.60	304.55
2026-05-26T16:13:47.7991416+08:00	0x04	-0.2092	0.1492	0.7477	-0.6123	258.12	330.28	1.89
2026-05-26T16:13:47.7991416+08:00	0x01	-0.2419	-0.4799	0.7933	-0.2862	210.57	345.52	64.13
2026-05-26T16:13:47.7991416+08:00	0x03	-0.3473	0.3131	0.5866	0.6613	82.79	0.67	304.24
2026-05-26T16:13:47.7991416+08:00	0x04	-0.1926	0.1654	0.7857	-0.5642	252.00	330.68	357.56
2026-05-26T16:13:47.7991416+08:00	0x02	-0.0036	0.3035	-0.9513	0.0534	187.31	2.76	35.24
2026-05-26T16:13:47.7991416+08:00	0x03	-0.3512	0.3215	0.5702	0.6694	79.16	3.12	303.19
2026-05-26T16:13:47.7991416+08:00	0x04	-0.1894	0.1817	0.8072	-0.5287	247.87	329.99	354.66
2026-05-26T16:13:47.7991416+08:00	0x01	-0.2441	-0.4596	0.7916	-0.3202	217.19	348.63	62.13
2026-05-26T16:13:47.7991416+08:00	0x03	-0.2863	0.2796	0.6283	0.6672	86.07	1.12	312.83
2026-05-26T16:13:47.7991416+08:00	0x04	-0.1722	0.1010	0.7925	-0.5763	251.60	337.06	2.20
2026-05-26T16:13:47.7991416+08:00	0x02	0.0399	0.2635	-0.9576	0.1093	192.67	358.74	30.89
2026-05-26T16:13:47.7991416+08:00	0x01	-0.2152	-0.4765	0.7782	-0.3479	227.91	359.58	63.05
2026-05-26T16:13:47.7991416+08:00	0x03	-0.2416	0.2423	0.7391	0.5802	105.79	354.33	320.32
2026-05-26T16:13:47.7991416+08:00	0x02	0.0613	0.2534	-0.9567	0.1297	194.53	356.59	30.05
2026-05-26T16:13:47.7991416+08:00	0x01	-0.2279	-0.4801	0.7750	-0.3420	225.56	356.72	64.16
2026-05-26T16:13:47.7991416+08:00	0x03	-0.2554	0.2402	0.7435	0.5694	108.06	351.98	319.61
2026-05-26T16:13:47.7991416+08:00	0x04	-0.2039	0.0945	0.7095	-0.6679	264.79	335.19	7.95
2026-05-26T16:13:47.7991416+08:00	0x01	-0.2415	-0.4830	0.7713	-0.3368	223.05	353.55	65.20
2026-05-26T16:13:47.7991416+08:00	0x03	-0.2602	0.2165	0.7883	0.5138	118.47	346.31	322.50
2026-05-26T16:13:47.7991416+08:00	0x02	0.0476	0.2644	-0.9542	0.1316	195.31	358.58	31.13
2026-05-26T16:13:47.7991416+08:00	0x01	-0.2443	-0.4814	0.7718	-0.3360	222.38	352.68	65.13
2026-05-26T16:13:47.7991416+08:00	0x03	-0.2696	0.2082	0.8014	0.4917	122.45	343.51	323.22
2026-05-26T16:13:47.7991416+08:00	0x02	0.0415	0.2406	-0.9589	0.1444	196.96	359.34	28.26
2026-05-26T16:13:47.7991416+08:00	0x03	-0.2694	0.2084	0.8048	0.4861	123.32	343.26	323.32
2026-05-26T16:13:47.7991416+08:00	0x01	-0.2444	-0.4776	0.7769	-0.3295	220.46	351.29	64.58
2026-05-26T16:13:47.7991416+08:00	0x04	-0.2027	0.0824	0.7070	-0.6725	265.25	336.27	8.99
2026-05-26T16:13:47.7991416+08:00	0x01	-0.2490	-0.4827	0.7779	-0.3161	216.95	348.65	65.28
2026-05-26T16:13:47.7991416+08:00	0x03	-0.2721	0.2106	0.7994	0.4926	122.34	343.39	322.79
2026-05-26T16:13:47.7991416+08:00	0x04	-0.1944	0.0762	0.7208	-0.6609	263.34	337.35	8.46
2026-05-26T16:13:47.7991416+08:00	0x03	-0.2719	0.2184	0.7765	0.5249	116.92	345.70	321.35
2026-05-26T16:13:47.7991416+08:00	0x01	-0.2509	-0.4769	0.7806	-0.3167	216.51	347.92	64.61
2026-05-26T16:13:47.7991416+08:00	0x04	-0.1941	0.1569	0.7351	-0.6303	261.02	331.10	0.80
2026-05-26T16:13:47.7991416+08:00	0x02	0.0309	0.2719	-0.9480	0.1623	200.00	2.00	31.71
2026-05-26T16:13:47.7991416+08:00	0x01	-0.2585	-0.4657	0.7793	-0.3301	218.16	347.55	63.71
2026-05-26T16:13:47.7991416+08:00	0x03	-0.3311	0.2295	0.5676	0.7180	78.37	356.08	312.61
2026-05-26T16:13:47.7991416+08:00	0x04	-0.2172	0.1246	0.7831	-0.5692	251.25	331.14	2.99
2026-05-26T16:13:47.7991416+08:00	0x02	0.0282	0.2644	-0.9476	0.1769	201.88	2.67	30.73
2026-05-26T16:13:47.7991416+08:00	0x01	-0.2633	-0.4644	0.7789	-0.3290	217.28	346.33	63.74
2026-05-26T16:13:47.7991416+08:00	0x03	-0.3645	0.2596	0.5450	0.7090	76.48	357.22	306.88
2026-05-26T16:13:47.7991416+08:00	0x04	-0.2149	0.1458	0.8125	-0.5220	245.63	329.90	359.28
2026-05-26T16:13:47.7991416+08:00	0x02	0.0262	0.2639	-0.9471	0.1808	202.45	3.05	30.62
2026-05-26T16:13:47.8314196+08:00	0x01	-0.2627	-0.4632	0.7814	-0.3254	216.43	345.85	63.49
2026-05-26T16:13:48.0786608+08:00	0x04	-0.1650	0.1524	0.9024	-0.3677	226.26	335.50	351.16
2026-05-26T16:13:48.1116336+08:00	0x02	0.0246	0.2801	-0.9412	0.1872	203.66	3.98	32.44
2026-05-26T16:13:48.3615719+08:00	0x03	-0.3635	0.2587	0.5457	0.7093	76.55	357.18	307.05
2026-05-26T16:13:48.5443895+08:00	0x01	-0.2601	-0.4698	0.7852	-0.3084	213.08	344.34	63.91
2026-05-26T16:13:48.7209631+08:00	0x02	0.0227	0.2824	-0.9391	0.1945	204.74	4.58	32.63
2026-05-26T16:13:48.8067042+08:00	0x01	-0.2569	-0.4698	0.7932	-0.2902	209.32	342.47	63.42
2026-05-26T16:13:48.8813628+08:00	0x03	-0.2489	0.2018	0.4225	0.8478	49.88	9.42	323.66
2026-05-26T16:13:49.1828003+08:00	0x04	-0.1666	0.1523	0.9002	-0.3725	226.86	335.29	351.37
2026-05-26T16:13:49.3626625+08:00	0x02	0.0349	0.2835	-0.9362	0.2050	205.73	3.48	33.03
2026-05-26T16:13:49.4120223+08:00	0x03	-0.1604	0.1907	0.4376	0.8640	50.86	12.19	333.64
2026-05-26T16:13:49.6963706+08:00	0x04	-0.0727	0.1420	0.7036	0.6924	90.05	5.68	342.51
2026-05-26T16:13:49.7152224+08:00	0x02	0.0552	0.2729	-0.9391	0.2015	204.35	0.42	32.33
2026-05-26T16:13:49.9127378+08:00	0x01	-0.2484	-0.4557	0.8087	-0.2768	207.16	342.05	60.99
2026-05-26T16:13:50.0130363+08:00	0x03	-0.1271	0.1368	0.4643	0.8658	55.10	7.28	339.69
2026-05-26T16:13:50.2795448+08:00	0x04	-0.0158	0.0947	0.6046	0.7907	74.27	7.58	351.98
2026-05-26T16:13:50.4814623+08:00	0x01	-0.2432	-0.4569	0.8160	-0.2572	203.70	340.78	60.56
2026-05-26T16:13:50.5622519+08:00	0x03	-0.1236	0.1244	0.4682	0.8661	55.76	6.06	340.70
2026-05-26T16:13:50.7501904+08:00	0x04	-0.0045	0.0823	0.4963	0.8642	59.38	7.95	354.87
2026-05-26T16:13:50.8455758+08:00	0x02	0.0689	0.2850	-0.9396	0.1767	200.69	358.01	34.05
2026-05-26T16:13:51.1016520+08:00	0x03	-0.1135	0.1268	0.4747	0.8636	56.50	6.74	341.56
2026-05-26T16:13:51.1126203+08:00	0x01	-0.2383	-0.4593	0.8218	-0.2385	200.44	339.61	60.30
2026-05-26T16:13:51.3638649+08:00	0x04	0.0092	0.0809	0.4331	0.8976	51.28	8.83	356.93
2026-05-26T16:13:51.3970415+08:00	0x02	0.0802	0.2802	-0.9435	0.1578	197.68	355.66	33.65
2026-05-26T16:13:51.5814139+08:00	0x01	-0.2355	-0.4633	0.8233	-0.2284	198.70	339.04	60.50
2026-05-26T16:13:51.6305482+08:00	0x03	-0.1065	0.1287	0.4788	0.8619	56.97	7.24	342.13
2026-05-26T16:13:51.9644931+08:00	0x04	0.0246	0.0833	0.3672	0.9261	43.18	9.93	359.10
2026-05-26T16:13:52.1818042+08:00	0x01	-0.2335	-0.4685	0.8216	-0.2258	198.35	339.15	61.07
2026-05-26T16:13:52.4622275+08:00	0x04	0.0264	0.0806	0.3284	0.9407	38.47	9.73	359.82
2026-05-26T16:13:52.4812196+08:00	0x02	0.0919	0.2750	-0.9493	0.1215	192.40	352.62	32.99
2026-05-26T16:13:52.6974872+08:00	0x03	-0.1089	0.1210	0.4610	0.8724	54.67	6.67	342.44
2026-05-26T16:13:52.9296704+08:00	0x04	-0.0080	-0.0554	0.6621	0.7473	82.92	354.63	3.53
2026-05-26T16:13:53.0327379+08:00	0x02	0.1000	0.2707	-0.9510	0.1112	190.75	351.13	32.49
2026-05-26T16:13:53.2465146+08:00	0x03	-0.1201	0.1128	0.4618	0.8715	55.01	5.18	341.73
2026-05-26T16:13:53.5148797+08:00	0x04	-0.1015	-0.0081	0.5305	0.8416	65.03	352.94	350.66
2026-05-26T16:13:53.6156176+08:00	0x02	0.1015	0.2680	-0.9531	0.0978	188.96	350.42	32.05
2026-05-26T16:13:53.7970968+08:00	0x03	-0.0392	0.1809	0.4280	0.8846	49.68	17.10	347.05
2026-05-26T16:13:53.8664960+08:00	0x01	-0.2294	-0.4571	0.8267	-0.2348	200.71	340.95	59.70
2026-05-26T16:13:54.1296440+08:00	0x04	-0.0987	-0.0095	0.5347	0.8392	65.57	352.93	351.05
2026-05-26T16:13:54.1645708+08:00	0x02	0.1206	0.2514	-0.9559	0.0925	187.73	347.70	30.20
2026-05-26T16:13:54.3298144+08:00	0x01	-0.2265	-0.4529	0.8332	-0.2220	198.55	340.10	58.80
2026-05-26T16:13:54.3803351+08:00	0x03	0.0655	0.2427	0.4308	0.8667	51.46	28.64	354.51
2026-05-26T16:13:54.7301489+08:00	0x04	0.3137	-0.4500	0.2355	0.8022	7.85	304.73	45.67
2026-05-26T16:13:54.9162646+08:00	0x01	-0.2268	-0.4483	0.8367	-0.2180	197.78	339.60	58.11
2026-05-26T16:13:55.2140052+08:00	0x04	0.2036	-0.5037	0.0188	0.8393	349.27	296.06	21.14
2026-05-26T16:13:55.2328792+08:00	0x02	0.1346	0.2436	-0.9584	0.0624	183.54	344.92	28.94
2026-05-26T16:13:55.4303720+08:00	0x01	-0.2281	-0.4458	0.8371	-0.2203	198.13	339.60	57.87
2026-05-26T16:13:55.8135546+08:00	0x02	0.1377	0.2411	-0.9593	0.0506	182.00	344.17	28.46
2026-05-26T16:13:55.9973713+08:00	0x03	0.0394	0.2588	0.4656	0.8454	55.10	28.79	349.96
2026-05-26T16:13:56.0150854+08:00	0x01	-0.2285	-0.4442	0.8378	-0.2205	198.14	339.53	57.68
2026-05-26T16:13:56.3639017+08:00	0x04	0.1060	-0.5096	-0.1052	0.8473	343.32	297.34	4.15
2026-05-26T16:13:56.3811759+08:00	0x02	0.1389	0.2407	-0.9597	0.0421	180.91	343.76	28.28
2026-05-26T16:13:56.5328273+08:00	0x01	-0.2285	-0.4445	0.8377	-0.2202	198.08	339.51	57.70
2026-05-26T16:13:56.8795993+08:00	0x04	-0.0415	-0.5119	-0.3076	0.8010	330.85	300.74	337.58
2026-05-26T16:13:56.8989428+08:00	0x02	0.1394	0.2406	-0.9598	0.0384	180.43	343.58	28.20
2026-05-26T16:13:57.0938843+08:00	0x01	-0.2287	-0.4436	0.8381	-0.2205	198.13	339.50	57.60
2026-05-26T16:13:57.4807812+08:00	0x04	-0.0768	-0.4976	-0.3605	0.7852	326.08	304.17	331.36
2026-05-26T16:13:57.5996108+08:00	0x03	0.0273	0.2554	0.4795	0.8391	56.65	27.66	348.52
2026-05-26T16:13:57.9820389+08:00	0x04	-0.0980	-0.4896	-0.4222	0.7566	319.00	307.30	325.82
2026-05-26T16:13:57.9979250+08:00	0x02	0.1410	0.2406	-0.9597	0.0349	179.95	343.27	28.14
2026-05-26T16:13:58.1835775+08:00	0x01	-0.2286	-0.4427	0.8386	-0.2202	198.08	339.48	57.48
2026-05-26T16:13:58.1994981+08:00	0x03	0.0276	0.2580	0.4790	0.8386	56.57	27.94	348.41
2026-05-26T16:13:58.4471723+08:00	0x04	-0.1158	-0.4868	-0.4488	0.7404	315.94	308.98	322.53
2026-05-26T16:13:58.5483622+08:00	0x02	0.1408	0.2420	-0.9595	0.0327	179.66	343.22	28.26
2026-05-26T16:13:58.7321736+08:00	0x03	0.0242	0.2606	0.4776	0.8387	56.30	28.07	347.98
2026-05-26T16:13:59.0327755+08:00	0x02	0.1412	0.2409	-0.9597	0.0321	179.58	343.16	28.13
2026-05-26T16:13:59.2667468+08:00	0x03	0.0260	0.2615	0.4763	0.8391	56.17	28.27	348.14
2026-05-26T16:13:59.4504978+08:00	0x01	-0.2290	-0.4430	0.8382	-0.2209	198.18	339.48	57.54
2026-05-26T16:13:59.5644657+08:00	0x04	-0.1262	-0.4807	-0.4690	0.7301	313.15	310.93	320.57
2026-05-26T16:13:59.7504790+08:00	0x01	-0.2262	-0.4436	0.8390	-0.2191	198.12	339.83	57.52
2026-05-26T16:13:59.8143680+08:00	0x03	0.0270	0.2627	0.4760	0.8389	56.14	28.46	348.19
2026-05-26T16:14:00.1307661+08:00	0x04	-0.1514	-0.4731	-0.5049	0.7059	307.96	314.52	316.25
2026-05-26T16:14:00.3002525+08:00	0x03	0.0248	0.2619	0.4767	0.8388	56.19	28.25	347.99
2026-05-26T16:14:00.6472325+08:00	0x04	-0.1550	-0.4722	-0.5079	0.7036	307.50	314.94	315.75
2026-05-26T16:14:00.8578475+08:00	0x03	0.0251	0.2594	0.4797	0.8378	56.61	27.96	348.06
2026-05-26T16:14:01.0993359+08:00	0x04	-0.1645	-0.4755	-0.5100	0.6977	307.48	314.89	314.40
2026-05-26T16:14:01.2004793+08:00	0x02	0.1224	0.2251	-0.9660	0.0333	180.59	345.69	26.30
2026-05-26T16:14:01.4154903+08:00	0x01	-0.2250	-0.4470	0.8375	-0.2192	198.22	340.06	57.94
2026-05-26T16:14:01.4483650+08:00	0x03	0.0300	0.2496	0.4890	0.8352	58.00	27.06	348.81
2026-05-26T16:14:01.6835601+08:00	0x04	-0.1731	-0.4852	-0.5168	0.6838	307.00	314.07	312.42
2026-05-26T16:14:01.7230755+08:00	0x02	0.1216	0.2236	-0.9665	0.0344	180.78	345.84	26.14
2026-05-26T16:14:01.9334876+08:00	0x01	-0.2260	-0.4459	0.8374	-0.2212	198.51	340.08	57.85
2026-05-26T16:14:02.1992271+08:00	0x04	-0.1973	-0.5313	-0.5047	0.6512	312.68	305.96	307.50
2026-05-26T16:14:02.3063475+08:00	0x02	0.1226	0.2258	-0.9657	0.0370	181.03	345.77	26.44
2026-05-26T16:14:02.5160480+08:00	0x03	0.0647	0.2496	0.4962	0.8290	59.72	28.88	351.92
2026-05-26T16:14:02.7654579+08:00	0x04	-0.1856	-0.5256	-0.5034	0.6603	312.10	306.75	309.27
2026-05-26T16:14:02.8686402+08:00	0x02	0.1219	0.2264	-0.9657	0.0376	181.11	345.88	26.51
2026-05-26T16:14:03.0476758+08:00	0x03	0.0612	0.2528	0.4982	0.8271	59.88	29.00	351.34
2026-05-26T16:14:03.3034013+08:00	0x04	-0.1817	-0.5207	-0.5067	0.6627	311.08	307.75	309.79
2026-05-26T16:14:03.4003856+08:00	0x02	0.1207	0.2285	-0.9652	0.0401	181.43	346.08	26.79
2026-05-26T16:14:03.5890312+08:00	0x03	0.0583	0.2532	0.4987	0.8269	59.86	28.87	351.02
2026-05-26T16:14:03.6169773+08:00	0x01	-0.2258	-0.4481	0.8362	-0.2214	198.54	340.14	58.15
2026-05-26T16:14:07.7904051+08:00	0x04	-0.1762	-0.5110	-0.5075	0.6710	310.16	309.35	310.97
2026-05-26T16:14:07.7904051+08:00	0x02	0.1202	0.2333	-0.9641	0.0401	181.37	346.12	27.35
2026-05-26T16:14:07.7904051+08:00	0x03	0.0219	0.2628	0.4893	0.8313	57.77	28.03	347.25
2026-05-26T16:14:07.7904051+08:00	0x01	-0.2266	-0.4539	0.8321	-0.2240	198.92	340.30	58.98
2026-05-26T16:14:07.7904051+08:00	0x04	-0.1763	-0.5113	-0.5075	0.6708	310.19	309.30	310.93
2026-05-26T16:14:07.7904051+08:00	0x02	0.1087	0.2514	-0.9607	0.0437	181.93	347.59	29.52
2026-05-26T16:14:07.7904051+08:00	0x03	0.0230	0.2625	0.4896	0.8312	57.83	28.05	347.36
2026-05-26T16:14:07.7904051+08:00	0x01	-0.2431	-0.4511	0.8183	-0.2604	204.33	341.06	59.87
2026-05-26T16:14:07.7904051+08:00	0x04	0.1309	-0.1345	-0.5074	0.8410	296.90	338.88	4.81
2026-05-26T16:14:07.7904051+08:00	0x03	-0.2965	0.2500	0.6359	0.6673	88.73	356.45	314.47
2026-05-26T16:14:07.7904051+08:00	0x01	-0.2435	-0.4551	0.8137	-0.2675	205.77	341.90	60.56
2026-05-26T16:14:07.7904051+08:00	0x04	0.2095	-0.0429	-0.4942	0.8426	296.47	342.91	18.10
2026-05-26T16:14:07.7904051+08:00	0x02	0.0730	0.2849	-0.9518	0.0865	188.51	353.81	33.71
2026-05-26T16:14:07.7904051+08:00	0x03	-0.3452	0.2706	0.6112	0.6588	88.65	353.93	308.22
2026-05-26T16:14:07.7904051+08:00	0x01	-0.2431	-0.4560	0.8140	-0.2653	205.37	341.74	60.61
2026-05-26T16:14:07.7904051+08:00	0x02	0.0671	0.2870	-0.9497	0.1060	191.32	355.40	34.01
2026-05-26T16:14:07.7904051+08:00	0x03	-0.3440	0.2746	0.6043	0.6641	86.93	355.24	307.92
2026-05-26T16:14:07.7904051+08:00	0x01	-0.2438	-0.4560	0.8138	-0.2653	205.29	341.60	60.63
2026-05-26T16:14:07.7904051+08:00	0x02	0.0634	0.2892	-0.9473	0.1226	193.69	356.59	34.29
2026-05-26T16:14:07.7904051+08:00	0x03	-0.3536	0.2757	0.5942	0.6677	85.83	355.02	306.88
2026-05-26T16:14:07.7904051+08:00	0x04	0.2010	-0.0506	-0.5649	0.7987	286.94	341.38	15.30
2026-05-26T16:14:07.7904051+08:00	0x02	0.0607	0.2926	-0.9451	0.1320	195.09	357.39	34.69
2026-05-26T16:14:07.7904051+08:00	0x03	-0.3625	0.2737	0.5894	0.6681	85.88	354.01	306.20
2026-05-26T16:14:07.7914032+08:00	0x04	0.2043	-0.0945	-0.6924	0.6855	267.55	335.35	8.58
2026-05-26T16:14:07.7914032+08:00	0x02	0.0580	0.2939	-0.9439	0.1389	196.13	358.05	34.82
2026-05-26T16:14:07.7914032+08:00	0x03	-0.3596	0.2783	0.5875	0.6694	85.03	355.13	306.05
2026-05-26T16:14:08.0830446+08:00	0x04	0.1981	-0.1188	-0.7503	0.6195	258.18	333.55	3.86
2026-05-26T16:14:08.2356583+08:00	0x02	0.0585	0.2678	-0.9597	0.0618	185.87	354.68	31.42
2026-05-26T16:14:08.3199032+08:00	0x03	-0.3580	0.2806	0.5850	0.6714	84.22	355.89	305.99
2026-05-26T16:14:18.7001208+08:00	0x01	-0.2247	-0.4761	0.7839	-0.3293	222.51	355.04	63.42
2026-05-26T16:14:18.7001208+08:00	0x04	0.1921	-0.1256	-0.7700	0.5953	254.94	333.53	2.03
2026-05-26T16:14:18.7001208+08:00	0x02	0.0450	0.2743	-0.9602	0.0269	181.82	355.16	31.95
2026-05-26T16:14:18.7001208+08:00	0x03	-0.3556	0.2863	0.5833	0.6718	83.45	357.03	305.73
2026-05-26T16:14:18.7001208+08:00	0x04	0.1923	-0.1509	-0.7614	0.6004	256.49	331.70	0.07
2026-05-26T16:14:18.7001208+08:00	0x02	0.0451	0.2041	-0.9779	0.0025	179.15	354.55	23.54
2026-05-26T16:14:18.7001208+08:00	0x03	-0.2616	0.2496	0.7069	0.6079	100.59	354.86	317.85
2026-05-26T16:14:18.7001208+08:00	0x04	0.1854	-0.0974	-0.7698	0.6029	255.25	336.17	4.22
2026-05-26T16:14:18.7001208+08:00	0x02	0.0650	0.2811	-0.9526	0.0969	190.19	355.24	33.24
2026-05-26T16:14:18.7001208+08:00	0x03	-0.2509	0.2397	0.7869	0.5103	118.08	348.81	320.71
2026-05-26T16:14:18.7001208+08:00	0x04	0.2124	-0.1304	-0.7928	0.5562	249.67	331.18	1.69
2026-05-26T16:14:18.7001208+08:00	0x02	0.0813	0.2818	-0.9494	0.1123	191.60	353.73	33.59
2026-05-26T16:14:18.7001208+08:00	0x03	-0.2508	0.2443	0.7854	0.5105	117.88	349.16	320.22
2026-05-26T16:14:18.7001208+08:00	0x04	0.1898	-0.1444	-0.8095	0.5365	247.49	332.46	358.27
2026-05-26T16:14:18.7001208+08:00	0x02	0.0840	0.2907	-0.9469	0.1088	191.02	353.30	34.67
2026-05-26T16:14:18.7001208+08:00	0x03	-0.2457	0.2445	0.7871	0.5102	117.78	349.76	320.54
2026-05-26T16:14:18.7001208+08:00	0x04	0.1827	-0.0920	-0.8217	0.5319	245.32	336.52	2.48
2026-05-26T16:14:18.7001208+08:00	0x02	0.0872	0.2918	-0.9471	0.1012	189.87	352.57	34.78
2026-05-26T16:14:18.7001208+08:00	0x03	-0.2397	0.2245	0.8225	0.4644	125.48	346.67	323.71
2026-05-26T16:14:18.7001208+08:00	0x04	0.1925	-0.1468	-0.7665	0.5949	255.58	331.98	0.23
2026-05-26T16:14:18.7001208+08:00	0x01	-0.2457	-0.4692	0.8104	-0.2505	202.00	339.61	62.08
2026-05-26T16:14:18.7001208+08:00	0x02	0.0654	0.2948	-0.9490	0.0912	189.43	355.08	34.84
2026-05-26T16:14:18.7001208+08:00	0x03	-0.3080	0.2564	0.6470	0.6487	92.26	354.46	313.00
2026-05-26T16:14:18.7001208+08:00	0x04	0.1867	-0.1400	-0.7759	0.5861	254.10	333.01	0.09
2026-05-26T16:14:18.7001208+08:00	0x03	-0.3380	0.2912	0.6154	0.6498	88.66	356.43	307.08
2026-05-26T16:14:18.7001208+08:00	0x02	0.0501	0.3174	-0.9410	0.1062	192.22	358.06	37.44
2026-05-26T16:14:18.7001208+08:00	0x04	0.1782	-0.1407	-0.7819	0.5806	253.36	333.76	359.25
2026-05-26T16:14:18.7001208+08:00	0x01	-0.2574	-0.4719	0.7987	-0.2705	204.85	339.74	63.26
2026-05-26T16:14:18.7001208+08:00	0x02	0.0420	0.3198	-0.9387	0.1219	194.78	359.94	37.64
2026-05-26T16:14:18.7001208+08:00	0x03	-0.3429	0.2982	0.6051	0.6537	86.83	357.55	305.97
2026-05-26T16:14:18.7011179+08:00	0x04	0.1832	-0.1504	-0.7912	0.5638	251.39	332.63	358.20
2026-05-26T16:14:18.7011179+08:00	0x02	0.0372	0.3211	-0.9366	0.1351	196.85	1.24	37.70
2026-05-26T16:14:18.7011179+08:00	0x04	0.1812	-0.1527	-0.7997	0.5516	249.81	332.70	357.46
2026-05-26T16:14:18.7011179+08:00	0x01	-0.2580	-0.4746	0.7971	-0.2698	204.64	339.56	63.62
2026-05-26T16:14:18.7011179+08:00	0x02	0.0337	0.3219	-0.9352	0.1436	198.19	2.13	37.72
2026-05-26T16:14:18.7011179+08:00	0x03	-0.3446	0.3061	0.5925	0.6606	83.98	359.61	305.10
2026-05-26T16:14:18.7011179+08:00	0x04	0.1752	-0.1548	-0.8083	0.5403	248.35	333.17	356.50
2026-05-26T16:14:18.7011179+08:00	0x01	-0.2585	-0.4739	0.7978	-0.2684	204.26	339.25	63.51
2026-05-26T16:14:18.7011179+08:00	0x02	0.0305	0.3229	-0.9338	0.1507	199.34	2.93	37.76
2026-05-26T16:14:18.7011179+08:00	0x03	-0.3440	0.3086	0.5913	0.6609	83.57	0.11	304.95
2026-05-26T16:14:18.7011179+08:00	0x04	0.1777	-0.1576	-0.8131	0.5315	247.28	332.77	356.14
2026-05-26T16:14:18.7011179+08:00	0x01	-0.2590	-0.4758	0.7972	-0.2665	203.77	338.91	63.72
2026-05-26T16:14:18.7011179+08:00	0x02	0.0257	0.3248	-0.9323	0.1570	200.46	3.92	37.86
2026-05-26T16:14:18.7011179+08:00	0x03	-0.3430	0.3102	0.5899	0.6619	83.11	0.59	304.91
2026-05-26T16:14:18.7011179+08:00	0x04	0.1759	-0.1596	-0.8165	0.5263	246.65	332.84	355.67
2026-05-26T16:14:18.7011179+08:00	0x01	-0.2547	-0.4783	0.7936	-0.2766	206.64	341.30	64.17
2026-05-26T16:14:18.7011179+08:00	0x02	0.0315	0.3107	-0.9439	0.1072	193.12	0.50	36.39
2026-05-26T16:14:18.7011179+08:00	0x03	-0.3411	0.3134	0.5919	0.6595	83.32	0.96	304.81
2026-05-26T16:14:18.7011179+08:00	0x04	0.1808	-0.1652	-0.8164	0.5230	246.44	331.99	355.37
2026-05-26T16:14:18.7011179+08:00	0x01	-0.2366	-0.4786	0.7717	-0.3455	225.36	355.43	64.45
2026-05-26T16:14:18.7011179+08:00	0x02	0.0206	0.2715	-0.9607	0.0532	186.13	359.28	31.59
2026-05-26T16:14:18.7011179+08:00	0x03	-0.3411	0.3101	0.5904	0.6625	82.99	0.81	305.10
2026-05-26T16:14:18.7011179+08:00	0x04	0.1737	-0.1837	-0.7939	0.5530	251.19	331.23	354.29
2026-05-26T16:14:18.7011179+08:00	0x01	-0.2268	-0.4863	0.7844	-0.3111	218.73	352.84	64.69
2026-05-26T16:14:18.7011179+08:00	0x02	0.0363	0.2059	-0.9767	0.0476	184.90	356.78	23.93
2026-05-26T16:14:18.7011179+08:00	0x03	-0.2390	0.2555	0.7423	0.5714	106.59	355.24	319.27
2026-05-26T16:14:18.7011179+08:00	0x04	0.1766	-0.1149	-0.7967	0.5664	250.61	335.69	0.97
2026-05-26T16:14:18.7011179+08:00	0x01	-0.2243	-0.4900	0.7919	-0.2872	213.52	350.02	64.81
2026-05-26T16:14:18.7011179+08:00	0x02	0.0644	0.2808	-0.9493	0.1259	194.05	356.46	33.32
2026-05-26T16:14:18.7011179+08:00	0x03	-0.2702	0.2606	0.7127	0.5925	102.96	353.94	316.24
2026-05-26T16:14:18.7011179+08:00	0x04	0.1900	-0.1012	-0.8023	0.5568	248.91	335.29	2.82
2026-05-26T16:14:18.7011179+08:00	0x02	0.0504	0.3075	-0.9426	0.1205	194.08	358.51	36.28
2026-05-26T16:14:18.7011179+08:00	0x03	-0.3371	0.2693	0.6040	0.6701	86.07	355.78	309.01
2026-05-26T16:14:18.7011179+08:00	0x04	0.1897	-0.1282	-0.7937	0.5636	250.62	333.54	0.60
2026-05-26T16:14:18.7011179+08:00	0x02	0.0469	0.3152	-0.9391	0.1286	195.43	359.50	37.17
2026-05-26T16:14:18.9583443+08:00	0x04	0.2226	-0.1595	-0.8052	0.5259	246.67	328.24	358.70
2026-05-26T16:14:19.2012041+08:00	0x02	0.0471	0.3102	-0.9421	0.1188	194.02	358.93	36.55
2026-05-26T16:14:19.2724400+08:00	0x03	-0.2601	0.2372	0.3834	0.8538	42.96	15.28	321.24
2026-05-26T16:14:19.5363112+08:00	0x04	0.2216	-0.1586	-0.8049	0.5271	246.79	328.39	358.76
2026-05-26T16:14:19.7362829+08:00	0x02	0.0578	0.2992	-0.9446	0.1220	193.90	357.45	35.40
2026-05-26T16:14:20.0018797+08:00	0x04	-0.1254	-0.1734	-0.9739	0.0761	186.44	13.49	339.10
2026-05-26T16:14:20.1041229+08:00	0x01	-0.2486	-0.4719	0.8076	-0.2516	201.85	339.15	62.54
2026-05-26T16:14:20.2542484+08:00	0x02	0.0749	0.2909	-0.9461	0.1214	193.08	355.05	34.65
2026-05-26T16:14:20.3204979+08:00	0x03	-0.2628	0.2385	0.3906	0.8494	44.04	14.95	320.75
2026-05-26T16:14:20.5191119+08:00	0x04	-0.0218	-0.0633	-0.8937	-0.4436	126.95	5.49	354.62
2026-05-26T16:14:20.6215277+08:00	0x01	-0.2355	-0.4412	0.6561	-0.5651	273.02	20.79	57.69
2026-05-26T16:14:20.8394847+08:00	0x02	-0.0500	0.3314	-0.9089	0.2483	216.40	18.23	35.28
2026-05-26T16:14:20.9222713+08:00	0x03	-0.0697	0.1368	0.4719	0.8682	55.75	10.22	345.51
2026-05-26T16:14:21.0861564+08:00	0x04	-0.0276	-0.0929	-0.7722	-0.6280	101.26	9.22	353.76
2026-05-26T16:14:21.1906480+08:00	0x01	-0.2363	-0.4430	0.6619	-0.5566	271.30	19.97	58.16
2026-05-26T16:14:21.3965382+08:00	0x02	-0.0547	0.3498	-0.9170	0.1836	208.60	16.97	38.43
2026-05-26T16:14:21.4709769+08:00	0x03	-0.0652	0.1236	0.4850	0.8633	57.60	8.88	346.55
2026-05-26T16:14:21.6017652+08:00	0x04	-0.0503	-0.0871	-0.6527	-0.7509	81.78	11.34	357.81
2026-05-26T16:14:21.7720497+08:00	0x01	-0.2794	-0.4380	0.5017	-0.6917	307.16	35.28	55.68
2026-05-26T16:14:21.9212393+08:00	0x02	-0.0640	0.3585	-0.9085	0.2048	212.39	19.70	38.70
2026-05-26T16:14:22.0016170+08:00	0x03	-0.0697	0.1217	0.4890	0.8610	58.17	8.37	346.17
2026-05-26T16:14:22.0864779+08:00	0x04	-0.0648	-0.0813	-0.5607	-0.8214	68.73	11.90	0.87
2026-05-26T16:14:22.4021878+08:00	0x01	-0.2421	-0.4622	0.5365	-0.6632	302.19	37.81	54.80
2026-05-26T16:14:22.5365141+08:00	0x03	-0.0711	0.1167	0.4917	0.8600	58.59	7.73	346.29
2026-05-26T16:14:22.6045542+08:00	0x04	-0.0734	-0.0765	-0.4840	-0.8686	58.57	11.79	3.07
2026-05-26T16:14:22.9695971+08:00	0x01	-0.2620	-0.4684	0.5235	-0.6618	305.10	39.18	56.84
2026-05-26T16:14:23.0724083+08:00	0x03	-0.0728	0.1125	0.4916	0.8604	58.62	7.21	346.36
2026-05-26T16:14:23.1718347+08:00	0x04	-0.0773	-0.0677	-0.4189	-0.9022	50.26	10.80	4.75
2026-05-26T16:14:23.5020310+08:00	0x01	-0.2676	-0.4697	0.5247	-0.6577	304.91	39.03	57.65
2026-05-26T16:14:23.6043681+08:00	0x03	-0.0713	0.1166	0.4853	0.8636	57.73	7.82	346.34
2026-05-26T16:14:23.6365611+08:00	0x04	-0.0845	-0.0638	-0.3514	-0.9302	41.97	10.33	6.45
2026-05-26T16:14:24.0858108+08:00	0x01	-0.2716	-0.4680	0.5287	-0.6540	303.86	38.10	58.23
2026-05-26T16:14:24.2197323+08:00	0x03	-0.0702	0.1183	0.4856	0.8633	57.76	8.05	346.34
2026-05-26T16:14:24.6219494+08:00	0x01	-0.2683	-0.4650	0.5277	-0.6582	303.88	37.83	57.57
2026-05-26T16:14:24.6869658+08:00	0x03	-0.0721	0.1241	0.4858	0.8622	57.73	8.54	345.83
2026-05-26T16:14:24.8364669+08:00	0x04	-0.0902	-0.0650	-0.3113	-0.9438	37.18	10.39	7.46
2026-05-26T16:14:25.1693418+08:00	0x01	-0.2524	-0.4697	0.5304	-0.6591	303.86	39.16	56.19
2026-05-26T16:14:25.3055766+08:00	0x03	-0.0731	0.1222	0.4855	0.8626	57.71	8.29	345.84
2026-05-26T16:14:25.6864151+08:00	0x02	-0.0469	0.3903	-0.9074	0.1485	205.17	16.22	43.98
2026-05-26T16:14:25.8398916+08:00	0x03	-0.0747	0.1165	0.4850	0.8635	57.70	7.62	345.99
2026-05-26T16:14:26.1983058+08:00	0x01	-0.2688	-0.4730	0.5212	-0.6576	305.91	39.96	57.83
2026-05-26T16:14:26.3696898+08:00	0x03	-0.0758	0.1139	0.4858	0.8633	57.85	7.28	346.03
2026-05-26T16:14:26.7032774+08:00	0x01	-0.2720	-0.4712	0.5298	-0.6506	303.88	38.54	58.56
2026-05-26T16:14:26.7711095+08:00	0x02	-0.0425	0.3842	-0.9112	0.1425	203.77	14.94	43.48
2026-05-26T16:14:26.8540149+08:00	0x03	-0.0771	0.1180	0.4834	0.8640	57.49	7.67	345.69
2026-05-26T16:14:26.9195205+08:00	0x04	-0.0994	-0.0718	-0.2607	-0.9576	31.31	11.05	8.80
2026-05-26T16:14:27.2864535+08:00	0x01	-0.2694	-0.4692	0.5303	-0.6527	303.63	38.24	58.14
2026-05-26T16:14:27.3868693+08:00	0x03	-0.0779	0.1233	0.4842	0.8627	57.55	8.16	345.30
2026-05-26T16:14:27.5042458+08:00	0x04	-0.1028	-0.0707	-0.2268	-0.9659	27.32	10.71	9.59
2026-05-26T16:14:27.8044209+08:00	0x01	-0.2706	-0.4671	0.5299	-0.6540	303.54	37.86	58.11
2026-05-26T16:14:27.9057241+08:00	0x02	-0.0279	0.3792	-0.9141	0.1411	202.54	12.53	43.26
2026-05-26T16:14:27.9386455+08:00	0x03	-0.0834	0.1251	0.4832	0.8625	57.43	8.06	344.64
2026-05-26T16:14:28.0256517+08:00	0x04	-0.0978	-0.0721	-0.2279	-0.9661	27.39	10.73	8.97
2026-05-26T16:14:28.3895895+08:00	0x01	-0.2759	-0.4642	0.5302	-0.6537	303.15	37.01	58.53
2026-05-26T16:14:28.4372210+08:00	0x02	-0.0204	0.3767	-0.9159	0.1373	201.47	11.14	43.19
2026-05-26T16:14:28.4546945+08:00	0x03	-0.0860	0.1270	0.4827	0.8623	57.36	8.12	344.28
2026-05-26T16:14:28.6045817+08:00	0x04	-0.0978	-0.0758	-0.2271	-0.9660	27.33	11.14	8.89
2026-05-26T16:14:29.0040440+08:00	0x02	-0.0107	0.3769	-0.9162	0.1355	200.68	9.65	43.45
2026-05-26T16:14:29.0564435+08:00	0x03	-0.0897	0.1276	0.4856	0.8602	57.77	7.92	343.85
2026-05-26T16:14:29.0883437+08:00	0x01	-0.2788	-0.4584	0.5325	-0.6547	302.14	35.55	58.57
2026-05-26T16:14:29.1048415+08:00	0x04	-0.0942	-0.0770	-0.2280	-0.9660	27.39	11.17	8.45
2026-05-26T16:14:29.4873029+08:00	0x01	-0.2847	-0.4517	0.5326	-0.6567	301.47	34.02	58.77
2026-05-26T16:14:29.6213385+08:00	0x02	-0.0190	0.4038	-0.9047	0.1347	202.11	12.00	46.51
2026-05-26T16:14:29.6532533+08:00	0x03	-0.0924	0.1328	0.4792	0.8627	56.87	8.44	343.34
2026-05-26T16:14:29.6714165+08:00	0x04	-0.0919	-0.0848	-0.2141	-0.9688	25.78	11.88	8.15
2026-05-26T16:14:30.0406948+08:00	0x01	-0.2773	-0.4412	0.5352	-0.6648	300.33	32.38	57.25
2026-05-26T16:14:30.0889791+08:00	0x02	-0.0174	0.4124	-0.8986	0.1486	204.56	13.13	47.39
2026-05-26T16:14:30.1793564+08:00	0x03	-0.0936	0.1457	0.4692	0.8659	55.38	9.92	342.61
2026-05-26T16:14:30.2576747+08:00	0x04	-0.0905	-0.0966	-0.2077	-0.9692	25.09	13.11	7.78
2026-05-26T16:14:30.5601252+08:00	0x01	-0.2726	-0.4362	0.5364	-0.6691	299.89	31.74	56.38
2026-05-26T16:14:30.6711300+08:00	0x02	-0.0081	0.4090	-0.8996	0.1526	204.44	11.83	47.18
2026-05-26T16:14:30.7279903+08:00	0x03	-0.0884	0.1300	0.4806	0.8627	57.06	8.34	343.88
2026-05-26T16:14:31.1457982+08:00	0x01	-0.2712	-0.4387	0.5369	-0.6676	299.98	32.19	56.44
2026-05-26T16:14:31.2707142+08:00	0x03	-0.0840	0.1126	0.4982	0.8556	59.58	6.48	345.16
2026-05-26T16:14:31.3478412+08:00	0x04	-0.0799	-0.0748	-0.1986	-0.9740	23.70	10.31	7.23
2026-05-26T16:14:31.7053151+08:00	0x01	-0.2714	-0.4380	0.5379	-0.6672	299.72	31.95	56.45
2026-05-26T16:14:31.8551640+08:00	0x03	-0.0798	0.1194	0.4979	0.8552	59.45	7.41	345.20
2026-05-26T16:14:31.8714114+08:00	0x04	-0.0866	-0.0775	-0.2058	-0.9717	24.66	10.84	7.84
2026-05-26T16:14:31.9052065+08:00	0x02	-0.0018	0.4072	-0.9021	0.1428	202.44	10.14	47.23
2026-05-26T16:14:32.2207821+08:00	0x01	-0.2702	-0.4409	0.5357	-0.6675	300.41	32.75	56.43
2026-05-26T16:14:32.4063646+08:00	0x02	-0.0024	0.4081	-0.9020	0.1409	202.22	10.14	47.36
2026-05-26T16:14:32.4216953+08:00	0x03	-0.0775	0.1206	0.4998	0.8542	59.68	7.63	345.35
2026-05-26T16:14:32.8044279+08:00	0x01	-0.2710	-0.4418	0.5339	-0.6680	300.85	33.04	56.50
2026-05-26T16:14:32.9209135+08:00	0x03	-0.0783	0.1157	0.5010	0.8541	59.89	7.07	345.54
2026-05-26T16:14:33.3226734+08:00	0x01	-0.2705	-0.4426	0.5351	-0.6668	300.66	33.07	56.55
2026-05-26T16:14:33.5270627+08:00	0x03	-0.0778	0.1155	0.4994	0.8551	59.68	7.10	345.62
2026-05-26T16:14:33.5450323+08:00	0x04	-0.0852	-0.0702	-0.2169	-0.9699	25.90	10.06	7.75
2026-05-26T16:14:33.6897990+08:00	0x02	-0.0046	0.4095	-0.9020	0.1365	201.74	10.25	47.52
2026-05-26T16:14:33.9066117+08:00	0x01	-0.2727	-0.4468	0.5339	-0.6640	301.14	33.77	57.06
2026-05-26T16:14:34.0713034+08:00	0x03	-0.0734	0.1126	0.4990	0.8561	59.62	7.07	346.22
2026-05-26T16:14:34.4765952+08:00	0x01	-0.2730	-0.4439	0.5342	-0.6657	300.88	33.23	56.90
2026-05-26T16:14:34.5258048+08:00	0x02	-0.0095	0.4122	-0.9007	0.1370	202.25	11.15	47.73
2026-05-26T16:14:34.5965945+08:00	0x03	-0.0743	0.1159	0.4978	0.8563	59.43	7.38	345.95
2026-05-26T16:14:34.9888204+08:00	0x01	-0.2723	-0.4424	0.5342	-0.6669	300.79	33.03	56.71
2026-05-26T16:14:35.0890356+08:00	0x04	-0.0854	-0.0676	-0.2168	-0.9701	25.87	9.78	7.84
2026-05-26T16:14:35.1396171+08:00	0x03	-0.0754	0.1154	0.4988	0.8557	59.58	7.24	345.87
2026-05-26T16:14:35.5553286+08:00	0x01	-0.2719	-0.4452	0.5338	-0.6656	301.07	33.55	56.84
2026-05-26T16:14:35.6213447+08:00	0x02	-0.0106	0.4126	-0.9003	0.1382	202.52	11.42	47.73
2026-05-26T16:14:35.7243789+08:00	0x03	-0.0730	0.1156	0.4933	0.8590	58.83	7.50	346.15
2026-05-26T16:14:36.0719547+08:00	0x01	-0.2710	-0.4454	0.5330	-0.6664	301.29	33.74	56.71
2026-05-26T16:14:36.1815471+08:00	0x04	0.0320	-0.0206	-0.3468	-0.9371	40.59	0.94	355.75
2026-05-26T16:14:36.1960193+08:00	0x02	-0.0080	0.4107	-0.9010	0.1396	202.48	11.03	47.55
2026-05-26T16:14:36.2720559+08:00	0x03	-0.1051	0.0990	0.4829	0.8637	57.84	4.15	343.91
2026-05-26T16:14:36.6576392+08:00	0x01	-0.2702	-0.4416	0.5359	-0.6669	300.43	32.84	56.49
2026-05-26T16:14:36.7564864+08:00	0x04	0.0284	-0.0220	-0.3431	-0.9386	40.12	1.25	356.07
2026-05-26T16:14:36.8054823+08:00	0x03	-0.2156	0.0101	0.4607	0.8609	58.54	348.70	337.64
2026-05-26T16:14:37.1223386+08:00	0x01	-0.2667	-0.4387	0.5379	-0.6687	299.91	32.38	55.96
2026-05-26T16:14:37.3062491+08:00	0x04	0.3494	-0.0744	-0.5734	-0.7372	82.95	338.65	323.09
2026-05-26T16:14:37.3744963+08:00	0x03	-0.2648	-0.0063	0.4297	0.8633	56.64	344.50	333.15
2026-05-26T16:14:37.6410992+08:00	0x01	-0.1613	-0.5174	0.7198	-0.4337	259.07	27.70	62.23
2026-05-26T16:14:37.7401061+08:00	0x04	0.3998	-0.1914	-0.5218	-0.7289	77.40	347.17	308.50
2026-05-26T16:14:37.7991299+08:00	0x02	-0.0081	0.4108	-0.9010	0.1396	202.48	11.04	47.56
2026-05-26T16:14:37.8723977+08:00	0x03	-0.2616	-0.0111	0.4347	0.8617	57.28	344.06	333.82
2026-05-26T16:14:38.2050752+08:00	0x01	-0.1648	-0.5158	0.7154	-0.4416	260.42	27.98	62.07
2026-05-26T16:14:38.3253428+08:00	0x04	0.3438	-0.2603	-0.4055	-0.8060	47.51	12.64	310.07
2026-05-26T16:14:38.4342710+08:00	0x03	-0.2614	0.0011	0.4306	0.8639	56.47	345.50	333.10
2026-05-26T16:14:38.7316261+08:00	0x01	-0.1890	-0.5193	0.7803	-0.2929	222.06	1.37	67.08
2026-05-26T16:14:38.8390480+08:00	0x04	0.3342	-0.2873	-0.3716	-0.8171	39.68	19.89	310.56
2026-05-26T16:14:38.9564648+08:00	0x03	-0.2681	-0.0009	0.4318	0.8612	56.99	344.78	332.55
2026-05-26T16:14:39.3058246+08:00	0x01	-0.1506	-0.5260	0.7872	-0.2845	225.48	8.82	66.04
2026-05-26T16:14:39.3564638+08:00	0x02	-0.3662	0.2714	-0.7709	-0.4449	133.16	28.93	48.10
2026-05-26T16:14:39.4895679+08:00	0x03	-0.2725	0.0046	0.4307	0.8603	56.96	345.08	331.78
2026-05-26T16:14:39.7732673+08:00	0x01	-0.1428	-0.5241	0.7950	-0.2700	222.52	7.77	65.57
2026-05-26T16:14:39.9414078+08:00	0x02	-0.4622	-0.0332	-0.8821	-0.0849	169.60	55.20	1.14
2026-05-26T16:14:40.0900234+08:00	0x03	-0.2820	0.0009	0.4266	0.8594	56.93	344.14	330.96
2026-05-26T16:14:40.2898712+08:00	0x01	-0.1757	-0.5350	0.7609	-0.3223	234.01	11.97	68.04
2026-05-26T16:14:40.4750234+08:00	0x02	-0.4587	-0.0781	-0.8850	-0.0160	174.21	55.16	352.90
2026-05-26T16:14:40.5065850+08:00	0x04	0.3117	-0.3403	-0.2982	-0.8355	24.50	33.69	313.63
2026-05-26T16:14:40.6262283+08:00	0x03	-0.2854	0.0030	0.4194	0.8618	56.06	344.36	330.37
2026-05-26T16:14:40.8723744+08:00	0x01	-0.2207	-0.5165	0.7777	-0.2823	214.52	352.04	68.13
2026-05-26T16:14:40.9402609+08:00	0x02	-0.1932	0.2312	-0.8425	0.4466	239.58	33.02	12.53
2026-05-26T16:14:41.0733862+08:00	0x04	0.3508	-0.3703	-0.3032	-0.8049	21.82	38.64	307.88
2026-05-26T16:14:41.1735306+08:00	0x03	-0.3075	-0.0291	0.4270	0.8499	59.03	338.91	330.14
2026-05-26T16:14:41.4566179+08:00	0x01	-0.2244	-0.4982	0.7944	-0.2652	208.58	347.10	65.59
2026-05-26T16:14:41.5915119+08:00	0x04	0.3368	-0.3700	-0.2957	-0.8138	21.20	38.90	309.91
2026-05-26T16:14:41.7075117+08:00	0x03	-0.3062	-0.0205	0.4261	0.8510	58.66	339.97	329.76
2026-05-26T16:14:41.9757852+08:00	0x01	-0.2220	-0.4944	0.7989	-0.2609	207.75	346.81	64.92
2026-05-26T16:14:42.0224218+08:00	0x02	0.0089	0.3107	-0.9009	0.3030	220.93	12.06	34.42
2026-05-26T16:14:42.1654311+08:00	0x04	0.3307	-0.3730	-0.2899	-0.8170	20.32	39.70	310.84
2026-05-26T16:14:42.2394047+08:00	0x03	-0.3060	-0.0170	0.4267	0.8509	58.65	340.35	329.59
2026-05-26T16:14:42.5410886+08:00	0x01	-0.2213	-0.4923	0.8001	-0.2618	208.00	347.01	64.64
2026-05-26T16:14:42.5916582+08:00	0x02	0.0313	0.3101	-0.9192	0.2407	211.45	6.50	35.81
2026-05-26T16:14:42.7063125+08:00	0x04	0.3251	-0.3778	-0.2875	-0.8178	19.82	40.59	311.49
2026-05-26T16:14:42.7773432+08:00	0x03	-0.3111	-0.0139	0.4258	0.8495	58.78	340.30	328.88
2026-05-26T16:14:43.0585854+08:00	0x01	-0.2216	-0.4930	0.7995	-0.2620	208.02	347.00	64.74
2026-05-26T16:14:43.2155049+08:00	0x02	0.0444	0.3119	-0.9285	0.1966	204.86	2.87	36.63
2026-05-26T16:14:43.3238658+08:00	0x03	-0.3129	-0.0107	0.4247	0.8495	58.66	340.55	328.50
2026-05-26T16:14:43.6234264+08:00	0x01	-0.2211	-0.4923	0.8003	-0.2612	207.87	346.95	64.62
2026-05-26T16:14:43.6741793+08:00	0x02	0.0546	0.3118	-0.9329	0.1716	200.97	0.36	36.91
2026-05-26T16:14:43.7919578+08:00	0x04	0.3205	-0.3800	-0.2882	-0.8184	19.95	40.85	311.96
2026-05-26T16:14:43.8570691+08:00	0x03	-0.3147	-0.0081	0.4272	0.8476	59.08	340.59	328.23
2026-05-26T16:14:44.1573026+08:00	0x01	-0.2213	-0.4897	0.8016	-0.2621	207.98	346.94	64.30
2026-05-26T16:14:44.2113608+08:00	0x02	0.0620	0.3099	-0.9365	0.1523	197.96	358.44	36.81
2026-05-26T16:14:44.3566320+08:00	0x04	0.3247	-0.3914	-0.2941	-0.8092	19.80	42.51	310.90
2026-05-26T16:14:44.7261122+08:00	0x01	-0.2214	-0.4900	0.8013	-0.2624	208.04	346.96	64.35
2026-05-26T16:14:44.8264788+08:00	0x04	0.3199	-0.3938	-0.2899	-0.8115	19.21	43.08	311.62
2026-05-26T16:14:44.9262519+08:00	0x03	-0.3238	-0.0110	0.4266	0.8444	59.64	339.53	327.49
2026-05-26T16:14:45.3104554+08:00	0x01	-0.2215	-0.4955	0.7975	-0.2635	208.47	347.35	65.09
2026-05-26T16:14:45.4242641+08:00	0x03	-0.3253	-0.0080	0.4261	0.8441	59.60	339.75	327.15
2026-05-26T16:14:45.8084750+08:00	0x01	-0.2142	-0.4941	0.8030	-0.2550	207.41	347.64	64.54
2026-05-26T16:14:48.8668347+08:00	0x03	-0.3237	-0.0038	0.4286	0.8435	59.76	340.24	327.13
2026-05-26T16:14:48.8668347+08:00	0x04	0.3119	-0.3880	-0.2903	-0.8173	20.05	41.93	312.69
2026-05-26T16:14:48.8668347+08:00	0x01	-0.2208	-0.4960	0.7977	-0.2626	208.38	347.39	65.13
2026-05-26T16:14:48.8668347+08:00	0x02	0.0802	0.2866	-0.9495	0.0993	189.92	353.39	34.07
2026-05-26T16:14:48.8668347+08:00	0x04	0.0207	-0.2065	-0.3071	-0.9288	34.73	22.09	350.49
2026-05-26T16:14:48.8668347+08:00	0x03	-0.2536	0.1105	0.4257	0.8616	53.08	358.28	327.92
2026-05-26T16:14:48.8668347+08:00	0x01	-0.2266	-0.4868	0.7985	-0.2721	209.52	347.11	64.26
2026-05-26T16:14:48.8668347+08:00	0x02	0.0885	0.2923	-0.9497	0.0689	185.52	351.07	34.56
2026-05-26T16:14:48.8668347+08:00	0x03	-0.3061	0.2523	0.6213	0.6758	86.61	356.71	313.35
2026-05-26T16:14:48.8668347+08:00	0x02	0.0787	0.2876	-0.9516	0.0748	186.73	352.61	33.99
2026-05-26T16:14:48.8668347+08:00	0x04	0.0297	-0.2125	-0.3072	-0.9272	34.53	22.48	349.31
2026-05-26T16:14:48.8668347+08:00	0x03	-0.3258	0.2645	0.6249	0.6583	89.41	354.80	310.58
2026-05-26T16:14:48.8668347+08:00	0x01	-0.2395	-0.4755	0.7950	-0.2908	211.78	346.47	63.55
2026-05-26T16:14:48.8668347+08:00	0x02	0.0768	0.2731	-0.9548	0.0887	188.68	353.33	32.36
2026-05-26T16:14:48.8668347+08:00	0x04	-0.1525	-0.1482	-0.1581	-0.9643	21.18	20.16	14.31
2026-05-26T16:14:48.8668347+08:00	0x03	-0.3265	0.2722	0.6245	0.6552	89.39	355.42	309.84
2026-05-26T16:14:48.8668347+08:00	0x01	-0.2415	-0.4808	0.7920	-0.2886	211.21	346.00	64.28
2026-05-26T16:14:48.8668347+08:00	0x04	-0.1950	-0.0983	0.0996	-0.9708	350.27	9.54	23.46
2026-05-26T16:14:48.8668347+08:00	0x03	-0.3275	0.2770	0.6219	0.6552	88.92	355.98	309.32
2026-05-26T16:14:49.1247711+08:00	0x02	0.0715	0.2844	-0.9511	0.0971	189.96	354.43	33.71
2026-05-26T16:14:49.1924920+08:00	0x04	-0.2143	-0.0563	0.2802	-0.9340	326.39	359.05	25.58
2026-05-26T16:14:49.3136421+08:00	0x03	-0.3306	0.2794	0.6180	0.6563	88.40	356.17	308.81
2026-05-26T16:15:04.6243285+08:00	0x02	0.0699	0.2853	-0.9506	0.1002	190.44	354.77	33.81
2026-05-26T16:15:04.6243285+08:00	0x04	-0.2256	-0.0196	0.4211	-0.8783	306.65	350.17	24.38
2026-05-26T16:15:04.6243285+08:00	0x03	-0.3312	0.2811	0.6175	0.6557	88.34	356.30	308.60
2026-05-26T16:15:04.6243285+08:00	0x02	0.0559	0.2780	-0.9587	0.0207	180.59	353.50	32.37
2026-05-26T16:15:04.6243285+08:00	0x04	-0.2246	0.0222	0.5551	-0.8006	287.47	342.40	19.57
2026-05-26T16:15:04.6243285+08:00	0x01	-0.2428	-0.4835	0.7757	-0.3249	219.98	351.44	65.22
2026-05-26T16:15:04.6243285+08:00	0x04	-0.2110	0.0449	0.6517	-0.7272	273.64	339.42	14.38
2026-05-26T16:15:04.6243285+08:00	0x01	-0.2315	-0.4944	0.7698	-0.3309	223.82	355.85	66.10
2026-05-26T16:15:04.6243285+08:00	0x04	-0.1950	0.0397	0.6522	-0.7315	274.32	341.26	13.50
2026-05-26T16:15:04.6243285+08:00	0x03	-0.2602	0.2265	0.7705	0.5360	114.51	348.27	321.10
2026-05-26T16:15:04.6243285+08:00	0x01	-0.2450	-0.4941	0.7680	-0.3255	220.70	352.05	66.71
2026-05-26T16:15:04.6243285+08:00	0x04	-0.2003	0.0125	0.6372	-0.7441	276.45	343.42	16.39
2026-05-26T16:15:04.6243285+08:00	0x02	0.0407	0.2896	-0.9447	0.1482	198.02	0.62	34.00
2026-05-26T16:15:04.6243285+08:00	0x01	-0.2471	-0.4982	0.7712	-0.3098	216.61	349.23	67.16
2026-05-26T16:15:04.6243285+08:00	0x04	-0.2121	0.0499	0.6316	-0.7441	276.67	339.29	14.63
2026-05-26T16:15:04.6243285+08:00	0x03	-0.2726	0.2200	0.8185	0.4554	127.98	341.95	322.52
2026-05-26T16:15:04.6243285+08:00	0x01	-0.2466	-0.4983	0.7779	-0.2928	212.29	346.47	66.89
2026-05-26T16:15:04.6243285+08:00	0x04	-0.2128	0.0613	0.6744	-0.7044	270.00	337.52	12.54
2026-05-26T16:15:04.6243285+08:00	0x01	-0.2437	-0.4994	0.7741	-0.3033	215.48	348.99	67.07
2026-05-26T16:15:04.6243285+08:00	0x02	0.0281	0.2869	-0.9422	0.1707	201.46	3.08	33.39
2026-05-26T16:15:04.6243285+08:00	0x04	-0.2030	0.0623	0.7004	-0.6815	266.30	337.91	10.92
2026-05-26T16:15:04.6243285+08:00	0x01	-0.2463	-0.4990	0.7802	-0.2857	210.56	345.39	66.83
2026-05-26T16:15:04.6243285+08:00	0x04	-0.2429	0.1748	0.7098	-0.6377	262.77	325.34	3.53
2026-05-26T16:15:04.6243285+08:00	0x01	-0.2508	-0.4977	0.7747	-0.2986	213.13	346.43	67.07
2026-05-26T16:15:04.6243285+08:00	0x02	0.0240	0.2988	-0.9356	0.1866	204.01	4.64	34.61
2026-05-26T16:15:04.6243285+08:00	0x04	-0.2179	0.0869	0.7607	-0.6053	255.26	333.86	7.56
2026-05-26T16:15:04.6243285+08:00	0x03	-0.3643	0.2454	0.6058	0.6633	89.95	349.32	308.67
2026-05-26T16:15:04.6243285+08:00	0x01	-0.2530	-0.4916	0.7761	-0.3032	213.71	346.32	66.43
2026-05-26T16:15:04.6243285+08:00	0x02	0.0191	0.3057	-0.9295	0.2056	206.96	6.34	35.18
2026-05-26T16:15:04.6243285+08:00	0x04	-0.2099	0.1367	0.7869	-0.5640	250.94	331.02	1.24
2026-05-26T16:15:04.6243285+08:00	0x01	-0.2520	-0.4908	0.7781	-0.3003	213.07	346.02	66.22
2026-05-26T16:15:04.6243285+08:00	0x02	0.0230	0.3056	-0.9284	0.2102	207.43	6.03	35.25
2026-05-26T16:15:04.6243285+08:00	0x04	-0.1886	0.1446	0.8054	-0.5430	248.37	332.54	358.39
2026-05-26T16:15:04.6243285+08:00	0x03	-0.3669	0.2907	0.5896	0.6582	86.39	354.92	304.33
2026-05-26T16:15:04.6243285+08:00	0x01	-0.2534	-0.4868	0.7791	-0.3031	213.37	345.91	65.80
2026-05-26T16:15:04.6243285+08:00	0x02	0.0227	0.3064	-0.9284	0.2088	207.27	6.03	35.34
2026-05-26T16:15:04.6243285+08:00	0x04	-0.1844	0.1542	0.8089	-0.5365	247.84	332.33	357.04
2026-05-26T16:15:04.6243285+08:00	0x03	-0.3710	0.3036	0.5804	0.6583	84.59	356.73	302.76
2026-05-26T16:15:04.6243285+08:00	0x01	-0.2536	-0.4877	0.7791	-0.3013	212.93	345.63	65.90
2026-05-26T16:15:04.6243285+08:00	0x04	-0.1887	0.1624	0.8171	-0.5200	245.96	331.42	356.04
2026-05-26T16:15:04.6243285+08:00	0x03	-0.3707	0.3061	0.5778	0.6596	83.87	357.39	302.57
2026-05-26T16:15:04.6243285+08:00	0x02	0.0153	0.3100	-0.9266	0.2123	208.15	7.29	35.52
2026-05-26T16:15:04.6243285+08:00	0x04	-0.1826	0.1656	0.8265	-0.5061	244.24	331.88	354.90
2026-05-26T16:15:04.6243285+08:00	0x03	-0.3704	0.3091	0.5758	0.6601	83.28	358.03	302.34
2026-05-26T16:15:04.6243285+08:00	0x02	0.0138	0.3102	-0.9262	0.2140	208.44	7.56	35.48
2026-05-26T16:15:04.6243285+08:00	0x04	-0.1860	0.1690	0.8324	-0.4940	242.80	331.39	354.41
2026-05-26T16:15:04.6243285+08:00	0x03	-0.3696	0.3103	0.5755	0.6602	83.08	358.32	302.31
2026-05-26T16:15:04.6243285+08:00	0x01	-0.2543	-0.4908	0.7784	-0.2975	212.06	345.06	66.27
2026-05-26T16:15:04.6243285+08:00	0x02	0.0114	0.3100	-0.9256	0.2169	208.93	7.99	35.37
2026-05-26T16:15:04.6243285+08:00	0x04	-0.1860	0.1747	0.8381	-0.4822	241.51	331.10	353.48
2026-05-26T16:15:04.6253235+08:00	0x03	-0.3684	0.3106	0.5765	0.6599	83.15	358.41	302.40
2026-05-26T16:15:04.6253235+08:00	0x02	0.0112	0.3114	-0.9248	0.2183	209.17	8.14	35.51
2026-05-26T16:15:04.6253235+08:00	0x01	-0.2542	-0.4916	0.7779	-0.2975	212.08	345.11	66.37
2026-05-26T16:15:04.6253235+08:00	0x03	-0.3667	0.3126	0.5714	0.6643	81.61	359.61	302.38
2026-05-26T16:15:04.6253235+08:00	0x02	0.0116	0.3119	-0.9239	0.2211	209.56	8.23	35.56
2026-05-26T16:15:04.6253235+08:00	0x04	-0.1822	0.1770	0.8491	-0.4631	239.14	331.47	352.42
2026-05-26T16:15:04.6253235+08:00	0x03	-0.3667	0.3144	0.5709	0.6639	81.45	359.88	302.23
2026-05-26T16:15:04.6253235+08:00	0x01	-0.2381	-0.4939	0.7785	-0.3056	216.48	350.21	66.13
2026-05-26T16:15:04.6253235+08:00	0x04	-0.1744	0.1750	0.8524	-0.4608	238.73	332.42	352.10
2026-05-26T16:15:04.6253235+08:00	0x03	-0.3672	0.3145	0.5732	0.6616	82.09	359.49	302.18
2026-05-26T16:15:04.6253235+08:00	0x02	-0.0058	0.2791	-0.9566	0.0840	191.17	3.93	32.21
2026-05-26T16:15:04.6253235+08:00	0x04	-0.1742	0.1707	0.8486	-0.4694	239.66	332.64	352.75
2026-05-26T16:15:04.6253235+08:00	0x03	-0.3689	0.3165	0.5716	0.6611	81.89	359.66	301.84
2026-05-26T16:15:04.6253235+08:00	0x02	-0.0003	0.2950	-0.9502	0.1009	193.40	4.17	34.09
2026-05-26T16:15:04.6253235+08:00	0x04	-0.1792	0.1822	0.8461	-0.4678	239.94	331.42	351.91
2026-05-26T16:15:04.6253235+08:00	0x03	-0.3694	0.3178	0.5721	0.6597	82.07	359.64	301.68
2026-05-26T16:15:04.6253235+08:00	0x01	-0.2361	-0.4983	0.7672	-0.3277	222.83	354.80	66.83
2026-05-26T16:15:04.6253235+08:00	0x02	0.0289	0.2944	-0.9402	0.1691	201.36	3.14	34.29
2026-05-26T16:15:04.6253235+08:00	0x03	-0.3642	0.3130	0.5718	0.6651	81.38	359.98	302.60
2026-05-26T16:15:04.6253235+08:00	0x01	-0.2506	-0.4835	0.7805	-0.3071	214.58	346.96	65.31
2026-05-26T16:15:04.6253235+08:00	0x04	-0.1187	0.1720	0.8482	-0.4867	241.68	337.99	349.85
2026-05-26T16:15:04.6253235+08:00	0x02	0.0488	0.3002	-0.9365	0.1744	201.40	0.94	35.41
2026-05-26T16:15:04.6253235+08:00	0x03	-0.2380	0.2389	0.7396	0.5825	105.49	354.55	320.90
2026-05-26T16:15:04.6253235+08:00	0x04	-0.1816	0.1403	0.8511	-0.4721	238.94	333.73	356.14
2026-05-26T16:15:04.6253235+08:00	0x02	0.0570	0.3029	-0.9391	0.1522	198.07	358.94	35.89
2026-05-26T16:15:04.6253235+08:00	0x03	-0.3036	0.2388	0.6382	0.6660	89.92	354.34	314.83
2026-05-26T16:15:04.6253235+08:00	0x04	-0.1570	0.1375	0.8004	-0.5620	250.67	336.03	357.50
2026-05-26T16:15:04.6253235+08:00	0x02	0.0651	0.3017	-0.9394	0.1494	197.33	357.72	35.89
2026-05-26T16:15:04.6253235+08:00	0x03	-0.3008	0.2552	0.6540	0.6456	93.00	354.70	313.77
2026-05-26T16:15:04.6253235+08:00	0x04	-0.1897	0.1533	0.8234	-0.5124	244.62	331.95	356.67
2026-05-26T16:15:04.6253235+08:00	0x02	0.0651	0.2961	-0.9438	0.1314	194.86	356.85	35.18
2026-05-26T16:15:04.6253235+08:00	0x03	-0.3576	0.2867	0.5744	0.6782	81.64	357.84	305.47
2026-05-26T16:15:04.6253235+08:00	0x01	-0.2580	-0.4625	0.7879	-0.3140	214.35	345.19	63.00
2026-05-26T16:15:04.6253235+08:00	0x02	0.0703	0.2902	-0.9455	0.1297	194.37	355.98	34.54
2026-05-26T16:15:04.6253235+08:00	0x03	-0.3628	0.3026	0.5748	0.6681	82.11	358.68	303.62
2026-05-26T16:15:04.8671209+08:00	0x01	-0.2581	-0.4591	0.7893	-0.3157	214.58	345.21	62.58
2026-05-26T16:15:04.9633912+08:00	0x02	0.0761	0.2869	-0.9472	0.1214	193.02	354.84	34.20
2026-05-26T16:15:05.0712706+08:00	0x03	-0.3649	0.3095	0.5730	0.6654	81.82	359.34	302.83
2026-05-26T16:15:05.4004850+08:00	0x01	-0.2582	-0.4572	0.7904	-0.3155	214.46	345.06	62.33
2026-05-26T16:15:05.5450622+08:00	0x04	-0.1743	0.1832	0.8307	-0.4959	243.58	331.61	352.44
2026-05-26T16:15:05.6157863+08:00	0x03	-0.3625	0.3133	0.5765	0.6618	82.31	359.66	302.74
2026-05-26T16:15:05.9568535+08:00	0x01	-0.2580	-0.4527	0.7922	-0.3177	214.78	345.15	61.78
2026-05-26T16:15:06.0163136+08:00	0x04	-0.1759	0.1900	0.8326	-0.4897	243.07	331.06	351.71
2026-05-26T16:15:06.0693028+08:00	0x02	0.0811	0.2818	-0.9493	0.1135	191.76	353.80	33.60
2026-05-26T16:15:06.1603630+08:00	0x03	-0.3614	0.3127	0.5818	0.6581	83.47	359.06	302.91
