timestamp	device	q0	q1	q2	q3	yaw	pitch	roll
2026-06-05T17:26:47.5195782+08:00	0x02	0.0301	-0.5411	0.0492	-0.8390	353.39	65.63	0.16
2026-06-05T17:26:47.5692018+08:00	0x08	0.0931	-0.7435	-0.1457	-0.6459	3.02	97.51	340.31
2026-06-05T17:26:47.6737758+08:00	0x04	-0.4919	0.6679	0.5489	0.1036	260.96	226.88	303.38
2026-06-05T17:26:47.6984632+08:00	0x07	-0.5893	0.3475	0.5928	0.4249	166.66	279.01	294.11
2026-06-05T17:26:47.8243494+08:00	0x03	0.1770	-0.4288	-0.4394	-0.7692	43.57	41.51	319.53
2026-06-05T17:26:48.0217159+08:00	0x01	-0.1214	-0.4559	0.4861	-0.7356	309.47	44.89	38.45
2026-06-05T17:26:48.1078599+08:00	0x02	0.0805	-0.5361	-0.0201	-0.8400	356.95	65.33	350.98
2026-06-05T17:26:48.1401008+08:00	0x08	0.0924	-0.7430	-0.1435	-0.6472	2.95	97.38	340.56
2026-06-05T17:26:48.2337335+08:00	0x07	-0.5889	0.3463	0.5928	0.4264	166.16	279.38	294.10
2026-06-05T17:26:48.2703910+08:00	0x04	-0.4919	0.6679	0.5489	0.1036	260.96	226.88	303.38
2026-06-05T17:26:48.3699833+08:00	0x03	0.1769	-0.4301	-0.4398	-0.7683	43.57	41.69	319.44
2026-06-05T17:26:48.4949134+08:00	0x01	-0.1193	-0.4566	0.4839	-0.7370	309.79	45.15	38.15
2026-06-05T17:26:48.6209605+08:00	0x02	0.0797	-0.5330	-0.0171	-0.8422	356.74	64.90	351.23
2026-06-05T17:26:48.7232170+08:00	0x04	-0.4919	0.6679	0.5489	0.1036	260.96	226.88	303.38
2026-06-05T17:26:48.7378153+08:00	0x08	0.0950	-0.7426	-0.1457	-0.6467	2.89	97.39	340.16
2026-06-05T17:26:48.9035082+08:00	0x03	0.1753	-0.4295	-0.4398	-0.7690	43.62	41.63	319.66
2026-06-05T17:26:49.0372022+08:00	0x06	0.7023	0.0021	-0.7111	-0.0341	177.05	270.78	357.43
2026-06-05T17:26:49.0872022+08:00	0x01	-0.1214	-0.4579	0.4822	-0.7369	310.14	45.35	38.35
2026-06-05T17:26:49.1925872+08:00	0x02	0.0817	-0.5337	-0.0203	-0.8415	356.92	65.01	350.84
2026-06-05T17:26:49.2404681+08:00	0x08	0.0934	-0.7428	-0.1448	-0.6470	2.95	97.37	340.37
2026-06-05T17:26:49.3175103+08:00	0x04	-0.4919	0.6679	0.5489	0.1036	260.96	226.88	303.38
2026-06-05T17:26:49.4320819+08:00	0x03	0.1760	-0.4297	-0.4401	-0.7686	43.64	41.64	319.56
2026-06-05T17:26:49.5708116+08:00	0x06	0.7020	0.0020	-0.7114	-0.0340	177.06	270.83	357.43
2026-06-05T17:26:49.6039224+08:00	0x01	-0.1209	-0.4568	0.4808	-0.7386	310.29	45.26	38.16
2026-06-05T17:26:49.7041204+08:00	0x02	0.0818	-0.5345	-0.0240	-0.8409	357.27	65.11	350.61
2026-06-05T17:26:49.7402311+08:00	0x08	0.0918	-0.7430	-0.1434	-0.6473	2.99	97.37	340.61
2026-06-05T17:26:49.8418012+08:00	0x04	-0.4919	0.6679	0.5489	0.1036	260.96	226.88	303.38
2026-06-05T17:26:49.9057222+08:00	0x07	-0.5880	0.3474	0.5921	0.4277	166.00	279.54	293.88
2026-06-05T17:26:49.9702270+08:00	0x03	0.1759	-0.4297	-0.4387	-0.7694	43.44	41.70	319.63
2026-06-05T17:26:50.0736535+08:00	0x01	-0.1204	-0.4570	0.4813	-0.7383	310.21	45.28	38.15
2026-06-05T17:26:50.2813765+08:00	0x02	0.0831	-0.5342	-0.0232	-0.8409	357.11	65.10	350.52
2026-06-05T17:26:50.3424125+08:00	0x08	0.0949	-0.7429	-0.1458	-0.6464	2.90	97.44	340.17
2026-06-05T17:26:50.4742151+08:00	0x07	-0.5883	0.3474	0.5920	0.4275	166.08	279.45	293.90
2026-06-05T17:26:50.5682199+08:00	0x03	0.1770	-0.4288	-0.4390	-0.7695	43.51	41.52	319.54
2026-06-05T17:26:50.6925022+08:00	0x01	-0.1209	-0.4564	0.4807	-0.7389	310.28	45.20	38.13
2026-06-05T17:26:50.8609423+08:00	0x02	0.0861	-0.5341	-0.0303	-0.8405	357.61	65.08	349.80
2026-06-05T17:26:50.9044589+08:00	0x08	0.0954	-0.7431	-0.1459	-0.6460	2.85	97.49	340.11
2026-06-05T17:26:50.9712826+08:00	0x07	-0.5888	0.3471	0.5921	0.4270	166.20	279.31	293.96
2026-06-05T17:26:51.1264757+08:00	0x03	0.1764	-0.4283	-0.4391	-0.7698	43.56	41.47	319.62
2026-06-05T17:26:51.1693501+08:00	0x09	-0.1235	-0.7220	0.1926	-0.6529	355.33	94.67	26.07
2026-06-05T17:26:51.3707815+08:00	0x02	0.0884	-0.5342	-0.0327	-0.8401	357.70	65.11	349.42
2026-06-05T17:26:51.4044978+08:00	0x08	0.0954	-0.7435	-0.1455	-0.6457	2.80	97.57	340.15
2026-06-05T17:26:51.4818583+08:00	0x04	-0.4919	0.6679	0.5489	0.1036	260.96	226.88	303.38
2026-06-05T17:26:51.6400718+08:00	0x06	0.7035	0.0025	-0.7098	-0.0342	177.01	270.58	357.45
2026-06-05T17:26:51.7090860+08:00	0x03	0.1759	-0.4286	-0.4389	-0.7699	43.51	41.54	319.68
2026-06-05T17:26:51.8555627+08:00	0x08	0.0958	-0.7437	-0.1455	-0.6454	2.76	97.60	340.11
2026-06-05T17:26:51.9551793+08:00	0x02	0.0880	-0.5354	-0.0323	-0.8394	357.67	65.28	349.50
2026-06-05T17:26:52.0243530+08:00	0x04	-0.4919	0.6679	0.5489	0.1036	260.96	226.88	303.38
2026-06-05T17:26:52.0499087+08:00	0x07	-0.5906	0.3454	0.5928	0.4248	166.55	278.92	294.32
2026-06-05T17:26:52.2208911+08:00	0x06	0.7038	0.0025	-0.7096	-0.0344	176.99	270.54	357.43
2026-06-05T17:26:52.4644118+08:00	0x02	0.0879	-0.5339	-0.0313	-0.8404	357.60	65.07	349.56
2026-06-05T17:26:52.5044848+08:00	0x08	0.0969	-0.7437	-0.1462	-0.6451	2.72	97.65	339.97
2026-06-05T17:26:52.5494581+08:00	0x04	-0.4919	0.6679	0.5489	0.1036	260.96	226.88	303.38
2026-06-05T17:26:52.6890376+08:00	0x06	0.7039	0.0029	-0.7095	-0.0339	177.00	270.51	357.50
2026-06-05T17:26:52.7802592+08:00	0x03	0.1753	-0.4315	-0.4392	-0.7682	43.45	41.96	319.58
2026-06-05T17:26:52.9684772+08:00	0x08	0.0975	-0.7438	-0.1469	-0.6448	2.71	97.68	339.87
2026-06-05T17:26:53.0409305+08:00	0x02	0.0869	-0.5335	-0.0334	-0.8407	357.87	65.00	349.52
2026-06-05T17:26:53.0915560+08:00	0x04	-0.4919	0.6679	0.5489	0.1036	260.96	226.88	303.38
2026-06-05T17:26:53.1178122+08:00	0x07	-0.5909	0.3451	0.5932	0.4242	166.63	278.86	294.40
2026-06-05T17:26:53.2986004+08:00	0x06	0.7040	0.0052	-0.7095	-0.0316	177.01	270.51	357.87
2026-06-05T17:26:53.3270367+08:00	0x03	0.1750	-0.4320	-0.4379	-0.7688	43.24	42.10	319.66
2026-06-05T17:26:53.5509401+08:00	0x08	0.0964	-0.7441	-0.1461	-0.6447	2.74	97.71	340.02
2026-06-05T17:26:53.6047994+08:00	0x04	-0.4919	0.6679	0.5489	0.1036	260.96	226.88	303.38
2026-06-05T17:26:53.6414204+08:00	0x07	-0.5906	0.3458	0.5928	0.4245	166.69	278.83	294.31
2026-06-05T17:26:53.7935486+08:00	0x06	0.7039	0.0069	-0.7097	-0.0297	177.03	270.52	358.16
2026-06-05T17:26:53.8550045+08:00	0x03	0.1736	-0.4332	-0.4387	-0.7679	43.33	42.27	319.70
2026-06-05T17:26:53.8754113+08:00	0x09	-0.1211	-0.7228	0.1910	-0.6530	355.27	94.73	25.74
2026-06-05T17:26:54.1267836+08:00	0x02	0.0833	-0.5359	-0.0272	-0.8397	357.47	65.30	350.27
2026-06-05T17:26:54.1576995+08:00	0x04	-0.4919	0.6679	0.5489	0.1036	260.96	226.88	303.38
2026-06-05T17:26:54.2261071+08:00	0x08	0.0948	-0.7441	-0.1449	-0.6452	2.80	97.66	340.25
2026-06-05T17:26:54.2900022+08:00	0x06	0.7039	0.0097	-0.7097	-0.0269	177.03	270.51	358.62
2026-06-05T17:26:54.3707538+08:00	0x03	0.1665	-0.4320	-0.4477	-0.7650	44.87	41.86	320.09
2026-06-05T17:26:54.4045761+08:00	0x01	-0.1013	-0.4578	0.5256	-0.7098	303.17	44.13	38.69
2026-06-05T17:26:54.6258682+08:00	0x08	0.0940	-0.7416	-0.1465	-0.6478	3.07	97.19	340.18
2026-06-05T17:26:54.6617605+08:00	0x04	-0.4919	0.6679	0.5489	0.1036	260.96	226.88	303.38
2026-06-05T17:26:54.6922346+08:00	0x07	-0.5894	0.3434	0.5967	0.4227	166.23	279.54	294.77
2026-06-05T17:26:54.8763102+08:00	0x06	0.6995	0.0086	-0.7141	-0.0249	177.27	271.21	358.71
2026-06-05T17:26:54.9033407+08:00	0x03	0.0675	-0.3741	-0.6803	-0.6267	85.34	27.94	323.59
2026-06-05T17:26:54.9253493+08:00	0x01	-0.1019	-0.4578	0.5243	-0.7108	303.38	44.17	38.68
2026-06-05T17:26:55.2357012+08:00	0x07	-0.5848	0.3393	0.6029	0.4236	164.48	281.63	295.24
2026-06-05T17:26:55.2573531+08:00	0x02	0.0834	-0.5358	-0.0274	-0.8398	357.48	65.30	350.25
2026-06-05T17:26:55.4563256+08:00	0x06	0.6974	0.0048	-0.7161	-0.0273	177.38	271.56	358.21
2026-06-05T17:26:55.6881380+08:00	0x09	-0.1259	-0.7143	0.1943	-0.6605	355.08	93.33	26.34
2026-06-05T17:26:55.7095896+08:00	0x08	0.1036	-0.7356	-0.1561	-0.6509	3.13	96.40	338.62
2026-06-05T17:26:55.8110871+08:00	0x02	-0.0936	-0.2985	0.7609	-0.5684	257.76	13.76	34.10
2026-06-05T17:26:55.8774884+08:00	0x04	-0.4919	0.6679	0.5489	0.1036	260.96	226.88	303.38
2026-06-05T17:26:55.9692461+08:00	0x06	0.6961	0.0022	-0.7173	-0.0306	177.31	271.77	357.74
2026-06-05T17:26:56.0051978+08:00	0x01	-0.0590	-0.4586	0.7798	-0.4220	249.73	27.27	49.92
2026-06-05T17:26:56.2219304+08:00	0x03	0.0706	-0.3764	-0.6741	-0.6316	84.19	28.29	323.38
2026-06-05T17:26:56.2965319+08:00	0x08	0.1173	-0.7321	-0.1662	-0.6501	2.77	96.22	336.68
2026-06-05T17:26:56.3435802+08:00	0x07	-0.5866	0.3399	0.5986	0.4267	164.53	281.09	294.84
2026-06-05T17:26:56.5452681+08:00	0x06	0.6954	0.0001	-0.7178	-0.0341	177.18	271.89	357.29
2026-06-05T17:26:56.6055333+08:00	0x03	0.0822	-0.3354	-0.9273	-0.1446	163.81	355.83	319.77
2026-06-05T17:26:56.8192567+08:00	0x08	0.1415	-0.7288	-0.1882	-0.6430	2.31	96.60	332.85
2026-06-05T17:26:56.8700967+08:00	0x07	-0.5879	0.3335	0.6045	0.4216	164.44	281.36	295.98
2026-06-05T17:26:56.8931163+08:00	0x02	-0.1754	-0.1839	0.9447	-0.2074	201.14	343.67	24.84
2026-06-05T17:26:57.1056623+08:00	0x06	0.6954	0.0083	-0.7181	-0.0263	177.17	271.87	358.58
2026-06-05T17:26:57.3795168+08:00	0x04	-0.4919	0.6679	0.5489	0.1036	260.96	226.88	303.38
2026-06-05T17:26:57.3900353+08:00	0x08	0.1343	-0.7283	-0.1799	-0.6474	2.37	96.19	334.15
2026-06-05T17:26:57.4219891+08:00	0x07	-0.5888	0.3353	0.6004	0.4247	164.49	280.94	295.47
2026-06-05T17:26:57.6385213+08:00	0x06	0.6947	0.0068	-0.7187	-0.0281	177.15	271.99	358.32
2026-06-05T17:26:57.6859215+08:00	0x01	-0.1071	-0.4665	0.8771	-0.0404	177.04	344.51	55.79
2026-06-05T17:26:57.8922005+08:00	0x08	0.1432	-0.7280	-0.1887	-0.6433	2.21	96.53	332.67
2026-06-05T17:26:57.9224445+08:00	0x04	-0.4919	0.6679	0.5489	0.1036	260.96	226.88	303.38
2026-06-05T17:26:57.9804020+08:00	0x07	-0.5886	0.3354	0.6019	0.4228	164.70	280.94	295.64
2026-06-05T17:26:58.1096742+08:00	0x06	0.6956	0.0061	-0.7179	-0.0271	177.28	271.84	358.34
2026-06-05T17:26:58.1649832+08:00	0x03	0.0903	-0.3183	-0.9385	-0.0987	170.67	352.22	322.02
2026-06-05T17:26:58.4084977+08:00	0x09	-0.1272	-0.7147	0.1960	-0.6593	355.08	93.45	26.60
2026-06-05T17:26:58.4749815+08:00	0x08	0.1438	-0.7285	-0.1904	-0.6422	2.26	96.66	332.48
2026-06-05T17:26:58.5054080+08:00	0x07	-0.5883	0.3364	0.6023	0.4218	164.97	280.84	295.63
2026-06-05T17:26:58.6219891+08:00	0x06	0.6955	0.0047	-0.7180	-0.0274	177.37	271.86	358.20
2026-06-05T17:26:58.7606344+08:00	0x01	-0.1069	-0.4350	0.8940	-0.0002	171.52	342.31	51.07
2026-06-05T17:26:58.7834519+08:00	0x03	0.0847	-0.3279	-0.9392	-0.0568	176.24	351.02	321.28
2026-06-05T17:26:58.9943653+08:00	0x04	-0.4919	0.6679	0.5489	0.1036	260.96	226.88	303.38
2026-06-05T17:26:59.0259650+08:00	0x07	-0.5878	0.3375	0.6029	0.4208	165.18	280.81	295.62
2026-06-05T17:26:59.1934130+08:00	0x06	0.6960	0.0039	-0.7175	-0.0270	177.47	271.78	358.16
2026-06-05T17:26:59.2942256+08:00	0x03	0.0878	-0.3246	-0.9406	-0.0462	177.82	350.09	321.78
2026-06-05T17:26:59.5441411+08:00	0x04	-0.4919	0.6679	0.5489	0.1036	260.96	226.88	303.38
2026-06-05T17:26:59.5829854+08:00	0x08	0.1406	-0.7301	-0.1894	-0.6414	2.42	96.81	332.81
2026-06-05T17:26:59.7064673+08:00	0x06	0.6960	0.0038	-0.7176	-0.0267	177.50	271.79	358.19
2026-06-05T17:26:59.7759963+08:00	0x03	0.0898	-0.3226	-0.9412	-0.0442	178.16	349.74	322.03
2026-06-05T17:26:59.8874049+08:00	0x01	-0.1053	-0.4327	0.8954	0.0003	171.66	342.62	50.79
2026-06-05T17:27:00.0941171+08:00	0x07	-0.5869	0.3387	0.6030	0.4210	165.18	280.93	295.49
2026-06-05T17:27:00.2732498+08:00	0x06	0.6952	0.0052	-0.7183	-0.0251	177.52	271.91	358.43
2026-06-05T17:27:00.4063016+08:00	0x01	-0.1012	-0.4322	0.8961	-0.0068	173.15	343.85	50.89
2026-06-05T17:27:00.6341588+08:00	0x07	-0.5872	0.3383	0.6032	0.4206	165.24	280.87	295.57
2026-06-05T17:27:00.6640783+08:00	0x08	0.1368	-0.7298	-0.1864	-0.6434	2.58	96.58	333.38
2026-06-05T17:27:00.7416384+08:00	0x02	-0.1812	-0.1184	0.9758	0.0311	173.90	338.28	12.70
2026-06-05T17:27:00.8740020+08:00	0x06	0.6960	0.0040	-0.7175	-0.0262	177.53	271.78	358.24
2026-06-05T17:27:01.1422604+08:00	0x01	-0.0909	-0.4300	0.8981	-0.0128	175.00	346.07	50.78
2026-06-05T17:27:01.1726982+08:00	0x09	-0.1320	-0.7157	0.1950	-0.6575	355.66	93.81	26.91
2026-06-05T17:27:01.2395518+08:00	0x07	-0.5872	0.3415	0.6012	0.4210	165.70	280.45	295.19
2026-06-05T17:27:01.3903125+08:00	0x02	-0.2208	-0.0367	0.9359	0.2722	148.24	334.29	357.05
2026-06-05T17:27:01.4572857+08:00	0x03	0.0268	-0.2418	-0.9298	-0.2761	145.59	5.42	332.33
2026-06-05T17:27:01.7327840+08:00	0x07	-0.5879	0.3448	0.5996	0.4194	166.62	279.68	294.95
2026-06-05T17:27:01.8612175+08:00	0x02	-0.1923	-0.0160	0.9725	0.1307	164.91	337.77	358.90
2026-06-05T17:27:01.9390065+08:00	0x06	0.7001	0.0007	-0.7135	-0.0285	177.61	271.13	357.78
2026-06-05T17:27:02.0005779+08:00	0x03	0.0287	-0.2443	-0.9311	-0.2692	146.47	5.08	331.94
2026-06-05T17:27:02.2233773+08:00	0x08	0.1172	-0.7348	-0.1737	-0.6451	3.25	96.75	336.02
2026-06-05T17:27:02.3077383+08:00	0x07	-0.5889	0.3450	0.5984	0.4196	166.83	279.34	294.89
2026-06-05T17:27:02.4231771+08:00	0x02	-0.0811	-0.2250	0.7687	-0.5932	257.45	9.12	26.24
2026-06-05T17:27:02.5234768+08:00	0x03	-0.0578	-0.1807	-0.6785	-0.7097	85.77	19.84	350.61
2026-06-05T17:27:02.7426193+08:00	0x04	-0.4919	0.6679	0.5489	0.1036	260.96	226.88	303.38
2026-06-05T17:27:02.8912951+08:00	0x07	-0.5883	0.3392	0.6027	0.4191	165.77	280.38	295.59
2026-06-05T17:27:02.9308148+08:00	0x06	0.6953	0.0058	-0.7183	-0.0245	177.52	271.89	358.53
2026-06-05T17:27:03.0735332+08:00	0x03	-0.0646	-0.1811	-0.6075	-0.7707	75.20	21.12	353.08
2026-06-05T17:27:03.3255074+08:00	0x08	0.1026	-0.7366	-0.1603	-0.6490	3.51	96.56	338.32
2026-06-05T17:27:03.4611755+08:00	0x04	-0.4919	0.6679	0.5489	0.1036	260.96	226.88	303.38
2026-06-05T17:27:03.6195903+08:00	0x03	-0.0576	-0.1801	-0.5840	-0.7894	71.73	20.74	353.14
2026-06-05T17:27:03.6465367+08:00	0x01	-0.0911	-0.4301	0.8981	-0.0128	174.97	346.03	50.79
2026-06-05T17:27:03.8083161+08:00	0x04	-0.4919	0.6679	0.5489	0.1036	260.96	226.88	303.38
2026-06-05T17:27:03.9739403+08:00	0x07	-0.5896	0.3385	0.6022	0.4184	166.02	280.02	295.69
2026-06-05T17:27:04.0236489+08:00	0x02	-0.0275	-0.2609	0.5741	-0.7756	291.17	23.40	20.01
2026-06-05T17:27:04.1570107+08:00	0x03	-0.0557	-0.1849	-0.5698	-0.7987	69.70	21.20	353.01
2026-06-05T17:27:04.2574383+08:00	0x01	0.1564	-0.3124	0.6794	-0.6453	271.64	39.16	12.86
2026-06-05T17:27:04.3232331+08:00	0x09	-0.1314	-0.7219	0.1919	-0.6518	356.12	94.92	26.63
2026-06-05T17:27:04.3915228+08:00	0x04	-0.4919	0.6679	0.5489	0.1036	260.96	226.88	303.38
2026-06-05T17:27:04.5289864+08:00	0x07	-0.5903	0.3385	0.6021	0.4176	166.25	279.79	295.76
2026-06-05T17:27:04.5735027+08:00	0x08	0.1022	-0.7358	-0.1608	-0.6498	3.62	96.41	338.32
2026-06-05T17:27:04.6238470+08:00	0x06	0.6960	0.0075	-0.7176	-0.0236	177.46	271.78	358.73
2026-06-05T17:27:04.6954425+08:00	0x03	-0.0557	-0.1847	-0.5616	-0.8046	68.56	21.25	353.24
2026-06-05T17:27:04.7413895+08:00	0x01	0.1643	-0.3098	0.6621	-0.6623	274.04	39.78	11.11
2026-06-05T17:27:04.8737038+08:00	0x08	0.0982	-0.7375	-0.1560	-0.6497	3.55	96.59	339.04
2026-06-05T17:27:05.0427633+08:00	0x07	-0.5906	0.3373	0.6030	0.4169	166.20	279.84	295.94
2026-06-05T17:27:05.0766437+08:00	0x06	0.6967	0.0070	-0.7169	-0.0240	177.47	271.67	358.66
2026-06-05T17:27:05.1265540+08:00	0x02	-0.0291	-0.2601	0.5806	-0.7710	290.21	23.05	20.30
2026-06-05T17:27:05.2304569+08:00	0x03	-0.0478	-0.1888	-0.5433	-0.8166	65.90	21.30	352.70
2026-06-05T17:27:05.3066217+08:00	0x01	0.1619	-0.3081	0.6644	-0.6613	273.78	39.42	11.26
2026-06-05T17:27:05.4072772+08:00	0x08	0.1000	-0.7394	-0.1568	-0.6471	3.39	96.98	338.82
2026-06-05T17:27:05.5137221+08:00	0x04	-0.4919	0.6679	0.5489	0.1036	260.96	226.88	303.38
2026-06-05T17:27:05.5909895+08:00	0x07	-0.5925	0.3366	0.6026	0.4153	166.65	279.32	296.12
2026-06-05T17:27:05.6909173+08:00	0x02	-0.0079	-0.2653	0.5120	-0.8170	299.75	26.34	16.53
2026-06-05T17:27:05.7755684+08:00	0x03	-0.0444	-0.1920	-0.5356	-0.8212	64.77	21.48	352.37
2026-06-05T17:27:05.9409575+08:00	0x01	0.1622	-0.3094	0.6648	-0.6603	273.72	39.55	11.37
2026-06-05T17:27:05.9784356+08:00	0x08	0.0935	-0.7401	-0.1520	-0.6484	3.59	96.92	339.74
2026-06-05T17:27:06.0321930+08:00	0x04	-0.4919	0.6679	0.5489	0.1036	260.96	226.88	303.38
2026-06-05T17:27:06.1241884+08:00	0x07	-0.5915	0.3354	0.6053	0.4138	166.45	279.74	296.42
2026-06-05T17:27:06.2123160+08:00	0x02	-0.0030	-0.2680	0.4924	-0.8281	302.33	27.24	15.60
2026-06-05T17:27:06.2952500+08:00	0x03	-0.0421	-0.1994	-0.5255	-0.8260	63.35	22.17	351.95
2026-06-05T17:27:06.5253703+08:00	0x01	0.1661	-0.3241	0.6546	-0.6625	275.15	41.35	11.78
2026-06-05T17:27:06.7072997+08:00	0x07	-0.5933	0.3367	0.6039	0.4123	167.21	278.97	296.38
2026-06-05T17:27:06.7452052+08:00	0x04	-0.4919	0.6679	0.5489	0.1036	260.96	226.88	303.38
2026-06-05T17:27:06.7940518+08:00	0x02	0.0044	-0.2750	0.4799	-0.8331	303.92	28.58	14.87
2026-06-05T17:27:06.8402264+08:00	0x03	-0.0356	-0.2099	-0.5232	-0.8252	62.87	22.88	350.74
2026-06-05T17:27:06.9801911+08:00	0x01	0.1753	-0.3249	0.6584	-0.6559	274.19	42.10	11.41
2026-06-05T17:27:07.0584347+08:00	0x08	0.0922	-0.7368	-0.1488	-0.6531	3.56	96.27	340.14
2026-06-05T17:27:07.0903878+08:00	0x04	-0.4919	0.6679	0.5489	0.1036	260.96	226.88	303.38
2026-06-05T17:27:07.1913113+08:00	0x07	-0.5968	0.3303	0.6038	0.4125	166.77	278.79	296.97
2026-06-05T17:27:07.2917521+08:00	0x02	0.0234	-0.2841	0.4617	-0.8400	305.97	30.79	12.89
2026-06-05T17:27:07.3904005+08:00	0x03	-0.0224	-0.2136	-0.5320	-0.8190	63.83	22.38	349.01
2026-06-05T17:27:07.4912225+08:00	0x09	-0.1204	-0.7306	0.1882	-0.6452	355.74	96.14	25.49
2026-06-05T17:27:07.5911892+08:00	0x01	0.1651	-0.3663	0.6899	-0.6022	269.61	44.65	17.85
2026-06-05T17:27:07.6730756+08:00	0x04	-0.4919	0.6679	0.5489	0.1036	260.96	226.88	303.38
2026-06-05T17:27:07.7738045+08:00	0x07	-0.5977	0.3266	0.6062	0.4106	166.56	278.98	297.53
2026-06-05T17:27:07.8403328+08:00	0x06	0.6994	0.0129	-0.7142	-0.0234	177.05	271.23	359.18
2026-06-05T17:27:07.8732435+08:00	0x03	-0.1084	-0.1771	-0.6755	-0.7075	86.32	23.49	355.08
2026-06-05T17:27:08.0609177+08:00	0x01	0.1654	-0.3651	0.6890	-0.6039	269.75	44.58	17.66
2026-06-05T17:27:08.1498727+08:00	0x08	0.0765	-0.7467	-0.1325	-0.6473	3.44	97.64	342.73
2026-06-05T17:27:08.3114682+08:00	0x07	-0.5976	0.3333	0.6015	0.4123	167.43	278.14	296.66
2026-06-05T17:27:08.3793035+08:00	0x04	-0.4919	0.6679	0.5489	0.1036	260.96	226.88	303.38
2026-06-05T17:27:08.4420090+08:00	0x02	0.0244	-0.2879	0.4626	-0.8382	305.87	31.24	13.03
2026-06-05T17:27:08.6617993+08:00	0x03	-0.1059	-0.1783	-0.6716	-0.7113	85.65	23.42	354.91
2026-06-05T17:27:08.7449406+08:00	0x04	-0.4919	0.6679	0.5489	0.1036	260.96	226.88	303.38
2026-06-05T17:27:08.8714139+08:00	0x07	-0.5954	0.3342	0.6047	0.4100	167.47	278.61	296.82
2026-06-05T17:27:08.9369718+08:00	0x06	0.7090	0.0078	-0.7047	-0.0260	177.27	269.69	358.52
2026-06-05T17:27:08.9967853+08:00	0x03	-0.3603	-0.0197	-0.8397	-0.4058	133.91	40.02	15.04
2026-06-05T17:27:09.1570767+08:00	0x01	0.3574	-0.3028	0.8433	-0.2636	224.29	53.64	18.80
2026-06-05T17:27:09.3284499+08:00	0x04	-0.4919	0.6679	0.5489	0.1036	260.96	226.88	303.38
2026-06-05T17:27:09.3917906+08:00	0x07	-0.5955	0.3394	0.6011	0.4109	168.27	277.86	296.18
2026-06-05T17:27:09.4411556+08:00	0x06	0.7109	0.0031	-0.7026	-0.0306	177.28	269.38	357.76
2026-06-05T17:27:09.4918533+08:00	0x08	0.0292	-0.7608	-0.0937	-0.6415	4.42	99.32	349.63
2026-06-05T17:27:09.5408108+08:00	0x03	-0.4072	0.0222	-0.8534	-0.3246	145.79	45.56	17.59
2026-06-05T17:27:09.6916631+08:00	0x01	0.4952	-0.1822	0.8447	-0.0898	199.91	62.99	12.64
2026-06-05T17:27:09.7937702+08:00	0x04	-0.4919	0.6679	0.5489	0.1036	260.96	226.88	303.38
2026-06-05T17:27:09.8749700+08:00	0x08	0.0093	-0.7621	-0.0785	-0.6426	5.02	99.40	352.44
2026-06-05T17:27:09.9920507+08:00	0x07	-0.5945	0.3410	0.6010	0.4113	168.29	277.95	295.99
2026-06-05T17:27:10.0568843+08:00	0x02	0.3543	-0.0106	0.8521	-0.3850	223.33	39.27	345.24
2026-06-05T17:27:10.0818505+08:00	0x03	-0.4442	0.0159	-0.8509	-0.2801	151.24	51.00	16.01
2026-06-05T17:27:10.2723162+08:00	0x01	0.4779	-0.1857	0.8572	-0.0493	195.79	60.48	15.74
2026-06-05T17:27:10.3451128+08:00	0x04	-0.4919	0.6679	0.5489	0.1036	260.96	226.88	303.38
2026-06-05T17:27:10.4747491+08:00	0x07	-0.5948	0.3385	0.6030	0.4100	168.07	278.21	296.38
2026-06-05T17:27:10.5858519+08:00	0x06	0.7087	0.0034	-0.7049	-0.0295	177.34	269.74	357.87
2026-06-05T17:27:10.6628047+08:00	0x03	-0.4491	0.0099	-0.8693	-0.2063	159.07	52.48	11.68
2026-06-05T17:27:10.7156868+08:00	0x09	-0.1240	-0.7191	0.1861	-0.6580	355.77	94.12	25.52
2026-06-05T17:27:10.8292894+08:00	0x01	0.4635	-0.1928	0.8647	-0.0165	192.63	58.45	18.55
2026-06-05T17:27:10.8768837+08:00	0x04	-0.4919	0.6679	0.5489	0.1036	260.96	226.88	303.38
2026-06-05T17:27:11.0161046+08:00	0x07	-0.5939	0.3358	0.6050	0.4105	167.39	278.87	296.63
2026-06-05T17:27:11.0973914+08:00	0x06	0.7071	0.0051	-0.7065	-0.0280	177.32	270.00	358.14
2026-06-05T17:27:11.2095663+08:00	0x03	-0.4479	0.0035	-0.8726	-0.1947	159.99	52.50	10.40
2026-06-05T17:27:11.3445697+08:00	0x01	0.4693	-0.1925	0.8612	-0.0328	194.40	59.41	17.50
2026-06-05T17:27:11.4653057+08:00	0x04	-0.4919	0.6679	0.5489	0.1036	260.96	226.88	303.38
2026-06-05T17:27:11.6085394+08:00	0x07	-0.5937	0.3358	0.6053	0.4104	167.37	278.92	296.65
2026-06-05T17:27:11.7174591+08:00	0x02	0.4005	0.0215	0.8620	-0.3100	212.66	44.95	343.42
2026-06-05T17:27:11.8345046+08:00	0x03	-0.4518	0.0049	-0.8737	-0.1803	161.62	53.08	9.88
2026-06-05T17:27:11.9294288+08:00	0x01	0.4789	-0.1758	0.8583	-0.0558	195.83	60.33	14.37
2026-06-05T17:27:11.9638708+08:00	0x08	-0.0304	-0.7573	-0.0445	-0.6508	5.97	98.57	358.40
2026-06-05T17:27:12.0129745+08:00	0x04	-0.4919	0.6679	0.5489	0.1036	260.96	226.88	303.38
2026-06-05T17:27:12.1453798+08:00	0x07	-0.5936	0.3369	0.6044	0.4109	167.47	278.81	296.48
2026-06-05T17:27:12.2097859+08:00	0x02	0.3929	0.0384	0.8629	-0.3156	212.82	43.52	341.68
2026-06-05T17:27:12.2887302+08:00	0x03	-0.4689	0.0268	-0.8558	-0.2168	159.07	54.76	14.43
2026-06-05T17:27:12.4754048+08:00	0x08	-0.0406	-0.7576	-0.0367	-0.6504	6.28	98.70	359.84
2026-06-05T17:27:12.5222830+08:00	0x01	0.5639	-0.1101	0.7977	-0.1833	204.63	70.13	358.22
2026-06-05T17:27:12.6587747+08:00	0x06	0.7088	0.0027	-0.7048	-0.0301	177.35	269.72	357.77
2026-06-05T17:27:12.7085173+08:00	0x02	0.4068	0.0975	0.8425	-0.3395	213.29	43.62	333.87
2026-06-05T17:27:12.7416468+08:00	0x07	-0.5930	0.3385	0.6034	0.4119	167.52	278.77	296.23
2026-06-05T17:27:12.7893227+08:00	0x03	-0.5543	0.0253	-0.7867	-0.2706	154.98	65.88	19.86
2026-06-05T17:27:12.9478899+08:00	0x09	-0.1285	-0.7211	0.1876	-0.6544	356.15	94.66	26.02
2026-06-05T17:27:13.0143891+08:00	0x01	0.6686	-0.1617	0.6997	-0.1932	209.13	86.92	358.16
2026-06-05T17:27:13.2468430+08:00	0x06	0.7084	0.0071	-0.7052	-0.0280	177.16	269.78	358.30
2026-06-05T17:27:13.3050842+08:00	0x02	0.5537	0.0672	0.7676	-0.3157	207.40	64.92	333.08
2026-06-05T17:27:13.3190462+08:00	0x03	-0.5912	-0.0035	-0.7592	-0.2721	153.91	71.51	18.45
2026-06-05T17:27:13.3952598+08:00	0x09	-0.1278	-0.7256	0.1856	-0.6501	356.45	95.47	25.82
2026-06-05T17:27:13.4753587+08:00	0x01	0.6716	-0.1893	0.6876	-0.2007	212.02	88.50	359.47
2026-06-05T17:27:13.5795177+08:00	0x04	-0.4919	0.6679	0.5489	0.1036	260.96	226.88	303.38
2026-06-05T17:27:13.7424389+08:00	0x07	-0.5972	0.3427	0.5985	0.4095	169.35	276.80	295.92
2026-06-05T17:27:13.8425570+08:00	0x03	-0.5836	-0.0052	-0.7635	-0.2766	153.17	70.38	18.36
2026-06-05T17:27:14.1145473+08:00	0x01	0.6387	-0.2460	0.7052	-0.1851	215.37	86.36	6.34
2026-06-05T17:27:14.1629776+08:00	0x04	-0.4919	0.6679	0.5489	0.1036	260.96	226.88	303.38
2026-06-05T17:27:14.2782019+08:00	0x07	-0.5983	0.3384	0.6024	0.4057	169.24	277.03	296.72
2026-06-05T17:27:14.3795641+08:00	0x03	-0.4790	-0.0397	-0.7966	-0.3668	139.47	55.82	16.74
2026-06-05T17:27:14.5781600+08:00	0x01	0.4484	-0.3307	0.7670	-0.3184	233.60	67.12	12.81
2026-06-05T17:27:14.6893942+08:00	0x04	-0.4919	0.6679	0.5489	0.1036	260.96	226.88	303.38
2026-06-05T17:27:14.7422445+08:00	0x08	-0.1015	-0.7481	0.0129	-0.6557	7.84	98.13	8.77
2026-06-05T17:27:14.8124527+08:00	0x07	-0.5947	0.3364	0.6064	0.4067	168.11	278.44	296.91
2026-06-05T17:27:14.9298248+08:00	0x03	-0.4823	-0.0387	-0.7958	-0.3642	139.87	56.24	16.84
2026-06-05T17:27:14.9588261+08:00	0x06	0.7017	0.0033	-0.7119	-0.0281	177.44	270.87	358.01
2026-06-05T17:27:15.0930246+08:00	0x01	0.4546	-0.3284	0.7658	-0.3146	233.09	67.66	12.53
2026-06-05T17:27:15.2273863+08:00	0x08	-0.0875	-0.7463	0.0040	-0.6598	7.26	97.48	6.98
2026-06-05T17:27:15.3592369+08:00	0x07	-0.5936	0.3329	0.6082	0.4085	167.10	279.30	297.13
2026-06-05T17:27:15.4530907+08:00	0x03	-0.2821	-0.1156	-0.6934	-0.6529	97.09	33.66	12.01
2026-06-05T17:27:15.4792346+08:00	0x02	0.6238	0.0184	0.6958	-0.3555	212.29	75.50	332.02
2026-06-05T17:27:15.5275543+08:00	0x06	0.6992	0.0036	-0.7143	-0.0304	177.22	271.27	357.86
2026-06-05T17:27:15.6816506+08:00	0x01	0.2889	-0.3608	0.7066	-0.5358	260.28	54.23	11.55
2026-06-05T17:27:15.8097860+08:00	0x08	-0.0649	-0.7451	-0.0136	-0.6636	6.61	96.84	3.77
2026-06-05T17:27:15.9098293+08:00	0x07	-0.5945	0.3275	0.6113	0.4070	166.60	279.71	297.83
2026-06-05T17:27:15.9944747+08:00	0x02	0.0748	-0.2656	0.5088	-0.8154	298.44	30.99	8.53
2026-06-05T17:27:16.0256151+08:00	0x03	-0.1796	-0.1863	-0.5952	-0.7608	76.87	29.87	2.96
2026-06-05T17:27:16.1129297+08:00	0x06	0.6982	0.0067	-0.7154	-0.0273	177.22	271.44	358.37
2026-06-05T17:27:16.1269605+08:00	0x09	-0.1312	-0.7200	0.1918	-0.6539	356.03	94.58	26.60
2026-06-05T17:27:16.2487961+08:00	0x01	0.2165	-0.3985	0.6508	-0.6089	273.51	52.50	14.77
2026-06-05T17:27:16.3425436+08:00	0x08	-0.0601	-0.7455	-0.0161	-0.6636	6.38	96.83	3.19
2026-06-05T17:27:16.4954786+08:00	0x07	-0.5951	0.3277	0.6098	0.4082	166.57	279.55	297.69
2026-06-05T17:27:16.5914387+08:00	0x02	0.0355	-0.3091	0.4649	-0.8289	305.49	34.07	13.21
2026-06-05T17:27:16.6163871+08:00	0x03	-0.1304	-0.2527	-0.5487	-0.7862	68.60	32.81	355.86
2026-06-05T17:27:16.6313442+08:00	0x06	0.6988	0.0092	-0.7149	-0.0248	177.24	271.33	358.77
2026-06-05T17:27:16.7775918+08:00	0x01	0.1824	-0.4156	0.6297	-0.6304	278.44	52.04	17.07
2026-06-05T17:27:16.9281537+08:00	0x08	-0.0511	-0.7471	-0.0229	-0.6624	6.12	96.98	1.92
2026-06-05T17:27:17.0302279+08:00	0x07	-0.5953	0.3288	0.6078	0.4100	166.56	279.39	297.39
2026-06-05T17:27:17.1668621+08:00	0x03	-0.0654	-0.3103	-0.5260	-0.7892	63.29	34.95	347.10
2026-06-05T17:27:17.1668621+08:00	0x02	-0.0336	-0.3806	0.4281	-0.8190	313.05	40.03	22.39
2026-06-05T17:27:17.3283124+08:00	0x06	0.6995	0.0050	-0.7139	-0.0306	177.10	271.22	357.96
2026-06-05T17:27:17.3459416+08:00	0x01	0.0475	-0.4561	0.5995	-0.6559	288.43	48.52	28.99
2026-06-05T17:27:17.4462500+08:00	0x04	-0.4919	0.6679	0.5489	0.1036	260.96	226.88	303.38
2026-06-05T17:27:17.5146203+08:00	0x08	-0.0307	-0.7487	-0.0408	-0.6610	5.73	97.06	358.82
2026-06-05T17:27:17.5395505+08:00	0x07	-0.5971	0.3244	0.6109	0.4063	166.63	279.34	298.17
2026-06-05T17:27:17.6595401+08:00	0x02	-0.3138	-0.4624	0.5685	-0.6038	291.59	28.25	64.78
2026-06-05T17:27:17.7165050+08:00	0x03	0.1110	-0.4087	-0.5296	-0.7350	58.92	37.00	323.41
2026-06-05T17:27:17.7594707+08:00	0x06	0.6999	0.0044	-0.7135	-0.0304	177.16	271.16	357.92
2026-06-05T17:27:17.8082867+08:00	0x01	-0.1888	-0.5282	0.5545	-0.6147	303.04	49.88	54.87
2026-06-05T17:27:17.9983838+08:00	0x08	-0.0244	-0.7497	-0.0474	-0.6596	5.69	97.20	357.77
2026-06-05T17:27:18.2103003+08:00	0x03	0.3001	-0.4432	-0.5812	-0.6129	72.09	24.49	297.99
2026-06-05T17:27:18.3930196+08:00	0x06	0.7005	0.0063	-0.7131	-0.0275	177.25	271.06	358.31
2026-06-05T17:27:18.4268467+08:00	0x01	-0.3147	-0.5458	0.5546	-0.5435	305.74	49.84	71.37
2026-06-05T17:27:18.4777501+08:00	0x08	-0.0197	-0.7506	-0.0537	-0.6583	5.76	97.34	356.87
2026-06-05T17:27:18.5958425+08:00	0x07	-0.5962	0.3261	0.6123	0.4040	167.07	279.28	298.22
2026-06-05T17:27:18.6931737+08:00	0x03	0.3554	-0.4715	-0.5410	-0.5989	62.63	30.76	290.63
2026-06-05T17:27:18.8594310+08:00	0x09	-0.1283	-0.7196	0.1894	-0.6557	355.93	94.37	26.16
2026-06-05T17:27:18.9086554+08:00	0x02	-0.5205	-0.3941	0.6666	-0.3598	189.16	289.78	64.15
2026-06-05T17:27:19.0273544+08:00	0x01	-0.3896	-0.5257	0.5266	-0.5428	311.21	48.12	77.57
2026-06-05T17:27:19.0930731+08:00	0x04	-0.4919	0.6679	0.5489	0.1036	260.96	226.88	303.38
2026-06-05T17:27:19.1454815+08:00	0x07	-0.5955	0.3274	0.6123	0.4041	167.13	279.33	298.09
2026-06-05T17:27:19.2939223+08:00	0x03	0.4062	-0.4739	-0.5056	-0.5956	53.88	34.83	285.61
2026-06-05T17:27:19.4272135+08:00	0x02	-0.7229	-0.1434	0.6759	0.0005	167.77	264.96	11.14
2026-06-05T17:27:19.5267082+08:00	0x01	-0.4302	-0.5085	0.5427	-0.5118	289.14	25.41	82.83
2026-06-05T17:27:19.6461546+08:00	0x04	-0.4919	0.6679	0.5489	0.1036	260.96	226.88	303.38
2026-06-05T17:27:19.7142327+08:00	0x06	0.7004	0.0053	-0.7132	-0.0269	177.38	271.07	358.27
2026-06-05T17:27:19.8372058+08:00	0x03	0.4156	-0.4884	-0.4898	-0.5906	44.67	43.72	284.22
2026-06-05T17:27:19.9437482+08:00	0x02	-0.7311	-0.0667	0.6763	0.0606	169.66	265.53	0.09
2026-06-05T17:27:20.0609912+08:00	0x06	0.6998	0.0075	-0.7139	-0.0244	177.40	271.17	358.66
2026-06-05T17:27:20.2103407+08:00	0x07	-0.5939	0.3271	0.6142	0.4038	166.85	279.82	298.18
2026-06-05T17:27:20.2282273+08:00	0x04	-0.4919	0.6679	0.5489	0.1036	260.96	226.88	303.38
2026-06-05T17:27:20.3775279+08:00	0x03	0.4362	-0.4789	-0.5354	-0.5420	74.17	17.91	279.73
2026-06-05T17:27:20.5267638+08:00	0x02	-0.7389	-0.0416	0.6688	0.0704	171.04	264.52	357.23
2026-06-05T17:27:20.6289878+08:00	0x06	0.6993	0.0073	-0.7144	-0.0230	177.53	271.26	358.75
2026-06-05T17:27:20.7375257+08:00	0x07	-0.5938	0.3267	0.6152	0.4028	166.90	279.87	298.33
2026-06-05T17:27:20.7514813+08:00	0x08	-0.0444	-0.7499	-0.0347	-0.6591	6.45	97.39	0.37
2026-06-05T17:27:20.9164438+08:00	0x03	0.4375	-0.4780	-0.5348	-0.5423	74.42	17.48	279.67
2026-06-05T17:27:20.9822657+08:00	0x02	-0.7459	-0.0191	0.6599	0.0885	171.60	263.45	353.87
2026-06-05T17:27:21.0894535+08:00	0x01	-0.4317	-0.5061	0.5567	-0.4975	273.59	11.27	83.27
2026-06-05T17:27:21.1599682+08:00	0x06	0.6994	0.0074	-0.7143	-0.0225	177.57	271.24	358.80
2026-06-05T17:27:21.2801696+08:00	0x04	-0.4919	0.6679	0.5489	0.1036	260.96	226.88	303.38
2026-06-05T17:27:21.4380017+08:00	0x03	0.4405	-0.4731	-0.5397	-0.5393	79.92	11.97	279.67
2026-06-05T17:27:21.5731195+08:00	0x09	-0.1314	-0.7170	0.1884	-0.6581	356.19	94.01	26.30
2026-06-05T17:27:21.6585131+08:00	0x01	-0.4496	-0.5042	0.5491	-0.4920	265.19	1.61	84.99
2026-06-05T17:27:21.8244594+08:00	0x04	-0.4919	0.6679	0.5489	0.1036	260.96	226.88	303.38
2026-06-05T17:27:21.8503835+08:00	0x08	-0.0563	-0.7484	-0.0250	-0.6604	6.74	97.28	2.12
2026-06-05T17:27:21.9934384+08:00	0x03	0.4495	-0.4669	-0.5438	-0.5332	88.41	3.20	279.22
2026-06-05T17:27:22.1824340+08:00	0x01	-0.4647	-0.4928	0.5518	-0.4865	242.55	337.90	84.90
2026-06-05T17:27:22.2046135+08:00	0x02	-0.7487	-0.0062	0.6555	0.0985	171.97	262.96	351.99
2026-06-05T17:27:22.3436357+08:00	0x07	-0.5899	0.3299	0.6145	0.4069	166.21	280.71	297.68
2026-06-05T17:27:22.4152677+08:00	0x04	-0.4919	0.6679	0.5489	0.1036	260.96	226.88	303.38
2026-06-05T17:27:22.4564660+08:00	0x03	0.4596	-0.4617	-0.5404	-0.5326	92.46	358.11	278.71
2026-06-05T17:27:22.7106726+08:00	0x02	-0.7515	0.0179	0.6519	0.0996	174.00	262.40	350.04
2026-06-05T17:27:22.8109955+08:00	0x06	0.6954	0.0070	-0.7183	-0.0210	177.72	271.87	358.90
2026-06-05T17:27:22.8939729+08:00	0x07	-0.5889	0.3303	0.6149	0.4075	166.00	280.97	297.61
2026-06-05T17:27:22.9946021+08:00	0x08	-0.0579	-0.7467	-0.0243	-0.6622	6.82	97.00	2.31
2026-06-05T17:27:23.0601231+08:00	0x03	0.4641	-0.4611	-0.5449	-0.5246	99.67	351.33	278.38
2026-06-05T17:27:23.2075315+08:00	0x01	-0.4696	-0.4860	0.5498	-0.4909	241.23	335.55	84.54
2026-06-05T17:27:23.2837611+08:00	0x06	0.6956	0.0074	-0.7181	-0.0196	177.80	271.84	359.04
2026-06-05T17:27:23.4109304+08:00	0x07	-0.5887	0.3301	0.6152	0.4074	165.96	281.04	297.65
2026-06-05T17:27:23.4651076+08:00	0x04	-0.4919	0.6679	0.5489	0.1036	260.96	226.88	303.38
2026-06-05T17:27:23.6110339+08:00	0x03	0.4615	-0.4622	-0.5156	-0.5546	73.75	14.05	278.70
2026-06-05T17:27:23.7297497+08:00	0x01	-0.4771	-0.4737	0.5524	-0.4928	234.71	327.94	83.49
2026-06-05T17:27:23.7998521+08:00	0x06	0.6934	0.0034	-0.7202	-0.0224	177.88	272.19	358.50
2026-06-05T17:27:23.9604655+08:00	0x07	-0.5880	0.3303	0.6166	0.4061	166.05	281.17	297.76
2026-06-05T17:27:23.9987690+08:00	0x08	-0.0605	-0.7468	-0.0234	-0.6618	6.98	97.06	2.59
2026-06-05T17:27:24.1411835+08:00	0x03	0.4637	-0.4616	-0.5178	-0.5512	76.70	11.26	278.43
2026-06-05T17:27:24.2733599+08:00	0x02	-0.7468	0.0179	0.6584	0.0917	174.54	263.24	350.75
2026-06-05T17:27:24.3318419+08:00	0x09	-0.1378	-0.7126	0.1897	-0.6612	356.50	93.45	26.91
2026-06-05T17:27:24.5072641+08:00	0x07	-0.5869	0.3315	0.6167	0.4066	165.98	281.35	297.61
2026-06-05T17:27:24.5750827+08:00	0x04	-0.4919	0.6679	0.5489	0.1036	260.96	226.88	303.38
2026-06-05T17:27:24.7415251+08:00	0x03	0.4601	-0.4647	-0.5162	-0.5531	73.07	15.08	278.62
2026-06-05T17:27:24.9116198+08:00	0x02	-0.7481	0.0034	0.6601	0.0680	175.11	263.12	353.90
2026-06-05T17:27:25.0781751+08:00	0x07	-0.5868	0.3341	0.6187	0.4015	167.01	280.89	297.79
2026-06-05T17:27:25.2780258+08:00	0x03	0.4630	-0.4664	-0.5111	-0.5539	70.03	17.70	278.21
2026-06-05T17:27:25.3608553+08:00	0x02	-0.7491	-0.0012	0.6604	0.0516	175.98	262.95	355.66
2026-06-05T17:27:25.4133078+08:00	0x01	-0.4790	-0.4588	0.5345	-0.5238	255.91	345.36	82.86
2026-06-05T17:27:25.4811891+08:00	0x06	0.6934	0.0045	-0.7204	-0.0097	178.84	272.19	359.60
2026-06-05T17:27:25.5834148+08:00	0x07	-0.5843	0.3321	0.6233	0.3997	166.52	281.79	298.22
2026-06-05T17:27:25.7618415+08:00	0x08	-0.0694	-0.7424	-0.0280	-0.6658	8.08	96.43	2.91
2026-06-05T17:27:25.8138922+08:00	0x03	0.4727	-0.4589	-0.5075	-0.5553	73.67	12.80	277.77
2026-06-05T17:27:25.9114913+08:00	0x01	-0.4882	-0.4520	0.5265	-0.5293	254.94	342.70	83.10
2026-06-05T17:27:25.9474519+08:00	0x02	-0.7457	-0.0261	0.6653	0.0242	175.92	263.48	359.92
2026-06-05T17:27:26.0452871+08:00	0x06	0.6708	-0.0017	-0.7416	-0.0098	179.30	275.75	359.10
2026-06-05T17:27:26.1156966+08:00	0x07	-0.5973	0.3467	0.6152	0.3802	173.50	275.57	298.26
2026-06-05T17:27:26.2762062+08:00	0x08	-0.0573	-0.7424	-0.0525	-0.6654	8.91	96.26	359.90
2026-06-05T17:27:26.4006034+08:00	0x03	0.4934	-0.4560	-0.5036	-0.5432	86.50	359.08	275.59
2026-06-05T17:27:26.4451823+08:00	0x02	-0.7339	-0.0514	0.6750	-0.0555	179.97	265.20	8.68
2026-06-05T17:27:26.5737552+08:00	0x09	-0.1418	-0.7099	0.1259	-0.6783	1.88	92.97	21.78
2026-06-05T17:27:26.6611774+08:00	0x07	-0.5981	0.2420	0.6818	0.3448	164.35	284.48	312.06
2026-06-05T17:27:26.6949532+08:00	0x04	-0.4919	0.6679	0.5489	0.1036	260.96	226.88	303.38
2026-06-05T17:27:26.8803890+08:00	0x08	-0.1190	-0.7271	-0.0062	-0.6761	10.58	94.98	8.73
2026-06-05T17:27:26.9448935+08:00	0x03	0.5214	-0.4507	-0.5100	-0.5147	139.22	306.45	274.83
2026-06-05T17:27:27.0285226+08:00	0x02	-0.7332	-0.0326	0.6777	-0.0459	180.83	265.54	6.40
2026-06-05T17:27:27.1295316+08:00	0x06	0.3799	-0.0989	-0.9197	-0.0069	183.64	314.77	349.22
2026-06-05T17:27:27.2270236+08:00	0x04	-0.4919	0.6679	0.5489	0.1036	260.96	226.88	303.38
2026-06-05T17:27:27.3608983+08:00	0x08	-0.1175	-0.7196	-0.0132	-0.6843	10.89	93.66	8.15
2026-06-05T17:27:27.4783515+08:00	0x03	0.4753	-0.4817	-0.4988	-0.5416	58.40	29.51	275.55
2026-06-05T17:27:27.5507421+08:00	0x02	-0.7412	-0.0048	0.6712	-0.0092	180.30	264.33	1.15
2026-06-05T17:27:27.6957172+08:00	0x06	0.4161	-0.0546	-0.9076	-0.0079	181.79	310.65	353.93
2026-06-05T17:27:27.7446064+08:00	0x07	-0.5982	0.2452	0.6800	0.3460	164.54	284.30	311.64
2026-06-05T17:27:27.8136141+08:00	0x04	-0.4919	0.6679	0.5489	0.1036	260.96	226.88	303.38
2026-06-05T17:27:27.9734735+08:00	0x08	-0.1464	-0.7201	0.0035	-0.6782	12.15	94.69	11.75
2026-06-05T17:27:28.0625648+08:00	0x03	0.4876	-0.4455	-0.5161	-0.5454	93.60	352.29	277.40
2026-06-05T17:27:28.1283211+08:00	0x02	-0.7428	-0.0077	0.6693	-0.0163	180.59	264.05	1.97
2026-06-05T17:27:28.2323486+08:00	0x06	0.4125	-0.0577	-0.9090	-0.0106	181.63	311.09	353.47
2026-06-05T17:27:28.3122859+08:00	0x07	-0.4447	-0.0671	0.8890	0.0861	167.70	306.58	2.45
2026-06-05T17:27:28.3946510+08:00	0x04	-0.4919	0.6679	0.5489	0.1036	260.96	226.88	303.38
2026-06-05T17:27:28.5176445+08:00	0x08	-0.1577	-0.7234	0.0180	-0.6719	12.12	95.70	13.76
2026-06-05T17:27:28.6241861+08:00	0x03	0.4857	-0.4589	-0.5103	-0.5415	85.99	0.68	276.15
2026-06-05T17:27:28.6460964+08:00	0x02	-0.7418	0.0060	0.6704	-0.0194	182.01	264.23	1.19
2026-06-05T17:27:28.7580248+08:00	0x01	-0.5071	-0.3945	0.5212	-0.5617	252.72	333.89	78.80
2026-06-05T17:27:28.8452641+08:00	0x07	-0.4228	-0.0772	0.8986	0.0877	167.09	309.19	3.70
2026-06-05T17:27:28.8836133+08:00	0x04	-0.4919	0.6679	0.5489	0.1036	260.96	226.88	303.38
2026-06-05T17:27:29.0289520+08:00	0x08	-0.1247	-0.7049	-0.0164	-0.6981	11.60	91.44	8.69
2026-06-05T17:27:29.1473794+08:00	0x03	0.4916	-0.4571	-0.5116	-0.5364	93.91	352.69	275.72
2026-06-05T17:27:29.2235295+08:00	0x02	-0.7456	0.0021	0.6662	-0.0182	181.57	263.58	1.39
2026-06-05T17:27:29.2766136+08:00	0x06	0.3998	-0.0565	-0.9149	0.0014	182.75	312.65	354.13
2026-06-05T17:27:29.3145390+08:00	0x09	-0.1904	-0.7507	0.1537	-0.6136	6.31	103.03	27.68
2026-06-05T17:27:29.4104512+08:00	0x07	-0.4150	-0.0790	0.9016	0.0929	166.49	310.13	3.74
2026-06-05T17:27:29.4486384+08:00	0x04	-0.4919	0.6679	0.5489	0.1036	260.96	226.88	303.38
2026-06-05T17:27:29.6002398+08:00	0x08	-0.0999	-0.6870	-0.0342	-0.7189	10.80	87.93	5.55
2026-06-05T17:27:29.6844570+08:00	0x03	0.4742	-0.4733	-0.5085	-0.5410	71.80	16.29	276.12
2026-06-05T17:27:29.7995352+08:00	0x02	-0.7280	0.0331	0.6841	-0.0316	185.25	266.44	0.04
2026-06-05T17:27:29.8955226+08:00	0x06	0.4700	-0.0915	-0.8778	-0.0170	183.28	303.38	349.83
2026-06-05T17:27:30.0789600+08:00	0x07	-0.6357	0.0664	0.7596	0.1205	174.15	280.90	345.28
2026-06-05T17:27:30.2294127+08:00	0x03	0.4798	-0.4924	-0.4635	-0.5590	22.55	62.69	276.84
2026-06-05T17:27:30.2959659+08:00	0x02	-0.7196	0.1407	0.6797	-0.0198	193.44	265.63	350.63
2026-06-05T17:27:30.3636463+08:00	0x06	0.7815	0.0198	-0.6193	0.0733	183.46	257.03	7.99
2026-06-05T17:27:30.4742831+08:00	0x07	-0.6299	0.0626	0.7648	0.1201	173.79	281.82	345.69
2026-06-05T17:27:30.6104858+08:00	0x08	-0.0852	-0.7333	-0.0583	-0.6720	11.74	95.17	1.66
2026-06-05T17:27:30.8175482+08:00	0x03	0.4708	-0.4836	-0.4652	-0.5728	32.01	52.54	278.41
2026-06-05T17:27:30.8709925+08:00	0x06	0.8121	0.0142	-0.5794	0.0685	183.26	251.22	7.33
2026-06-05T17:27:30.9964204+08:00	0x07	-0.8454	0.0142	0.5179	-0.1297	189.31	243.95	11.80
2026-06-05T17:27:31.1642750+08:00	0x08	-0.1321	-0.7269	-0.0163	-0.6738	12.51	95.31	8.88
2026-06-05T17:27:31.3557366+08:00	0x03	0.4498	-0.4976	-0.4628	-0.5795	27.99	58.04	280.90
2026-06-05T17:27:31.4121813+08:00	0x01	-0.5321	-0.3216	0.5872	-0.5183	226.16	307.90	68.32
2026-06-05T17:27:31.4535912+08:00	0x06	0.8196	-0.0013	-0.5713	0.0427	182.92	249.85	3.93
2026-06-05T17:27:31.5466276+08:00	0x07	-0.8346	0.0000	0.5410	-0.1037	186.55	246.47	9.97
2026-06-05T17:27:31.6964940+08:00	0x08	-0.1394	-0.7253	-0.0065	-0.6742	12.37	95.30	10.28
2026-06-05T17:27:31.8996853+08:00	0x03	0.4462	-0.4961	-0.4710	-0.5770	32.55	54.21	280.81
2026-06-05T17:27:31.9660805+08:00	0x02	-0.7283	0.1667	0.6639	0.0300	192.16	263.06	344.63
2026-06-05T17:27:32.0314638+08:00	0x06	0.8303	-0.0005	-0.5557	0.0428	182.79	247.69	4.04
2026-06-05T17:27:32.0622315+08:00	0x04	-0.4919	0.6679	0.5489	0.1036	260.96	226.88	303.38
2026-06-05T17:27:32.1037510+08:00	0x07	-0.8326	-0.0573	0.5349	-0.1316	182.71	245.82	16.29
2026-06-05T17:27:32.2455129+08:00	0x08	-0.1514	-0.7179	0.0112	-0.6793	11.97	94.51	12.81
2026-06-05T17:27:32.4324320+08:00	0x03	0.4466	-0.4943	-0.4745	-0.5754	34.75	52.19	280.57
2026-06-05T17:27:32.4845928+08:00	0x01	-0.5623	-0.1139	0.5286	-0.6257	250.28	307.10	55.49
2026-06-05T17:27:32.5124723+08:00	0x02	-0.8463	0.1064	0.5213	0.0275	188.81	242.57	350.94
2026-06-05T17:27:32.5528765+08:00	0x06	0.8332	-0.0046	-0.5515	0.0392	182.92	247.09	3.45
2026-06-05T17:27:32.6466057+08:00	0x04	-0.4919	0.6679	0.5489	0.1036	260.96	226.88	303.38
2026-06-05T17:27:32.6795176+08:00	0x07	-0.8338	-0.0743	0.5282	-0.1425	181.61	244.97	18.42
2026-06-05T17:27:32.7885293+08:00	0x08	-0.1632	-0.7151	0.0207	-0.6794	12.25	94.50	14.56
2026-06-05T17:27:32.9797597+08:00	0x03	0.4503	-0.4890	-0.4821	-0.5707	40.30	46.83	279.78
2026-06-05T17:27:33.0616300+08:00	0x02	-0.8909	0.0086	0.4503	0.0591	177.82	233.75	353.51
2026-06-05T17:27:33.1244588+08:00	0x06	0.8336	-0.0090	-0.5510	0.0388	183.32	247.02	3.14
2026-06-05T17:27:33.1966980+08:00	0x07	-0.8346	-0.0844	0.5222	-0.1538	181.20	244.28	20.17
2026-06-05T17:27:33.3486383+08:00	0x08	-0.1820	-0.7122	0.0346	-0.6771	12.84	94.84	17.20
2026-06-05T17:27:33.5028005+08:00	0x03	0.4485	-0.4915	-0.4828	-0.5693	39.64	47.85	279.83
2026-06-05T17:27:33.6011402+08:00	0x01	-0.6188	-0.1970	0.5454	-0.5299	222.81	288.56	60.54
2026-06-05T17:27:33.7632966+08:00	0x06	0.8350	-0.0136	-0.5489	0.0364	183.60	246.73	2.63
2026-06-05T17:27:33.8948941+08:00	0x07	-0.8361	-0.0926	0.5168	-0.1592	180.59	243.55	21.22
2026-06-05T17:27:34.0595969+08:00	0x03	0.4615	-0.4703	-0.4964	-0.5652	57.39	29.17	278.67
2026-06-05T17:27:34.1477701+08:00	0x01	-0.5851	-0.3310	0.5710	-0.4713	204.14	285.12	68.35
2026-06-05T17:27:34.2785471+08:00	0x09	-0.1946	-0.6784	0.1682	-0.6881	2.15	89.76	29.74
2026-06-05T17:27:34.3064029+08:00	0x02	-0.7708	-0.0206	0.6352	0.0450	174.89	259.10	357.53
2026-06-05T17:27:34.4481774+08:00	0x08	-0.1721	-0.6942	0.0309	-0.6983	11.78	91.37	16.45
2026-06-05T17:27:34.4854849+08:00	0x04	-0.4919	0.6679	0.5489	0.1036	260.96	226.88	303.38
2026-06-05T17:27:34.5969003+08:00	0x03	0.5082	-0.4513	-0.5313	-0.5057	135.89	312.31	276.49
2026-06-05T17:27:34.7187144+08:00	0x02	-0.7509	-0.0283	0.6577	0.0529	173.56	262.57	357.58
2026-06-05T17:27:34.8177219+08:00	0x04	-0.4919	0.6679	0.5489	0.1036	260.96	226.88	303.38
2026-06-05T17:27:35.0301757+08:00	0x08	-0.2479	-0.6917	0.0940	-0.6717	14.15	95.17	27.58
2026-06-05T17:27:35.1293039+08:00	0x03	0.4618	-0.4695	-0.5065	-0.5565	65.12	22.44	278.24
2026-06-05T17:27:35.1467306+08:00	0x01	-0.5614	-0.3407	0.5828	-0.4787	209.53	292.74	69.16
2026-06-05T17:27:35.2422401+08:00	0x02	-0.7571	-0.0367	0.6368	0.1411	166.20	261.30	350.39
2026-06-05T17:27:35.3566668+08:00	0x07	-0.6189	-0.0252	0.6718	-0.4062	217.58	286.00	32.46
2026-06-05T17:27:35.6542650+08:00	0x01	-0.5612	-0.3162	0.5605	-0.5205	221.51	299.56	69.83
2026-06-05T17:27:35.6965709+08:00	0x03	0.4501	-0.4761	-0.4967	-0.5692	53.48	33.84	279.81
2026-06-05T17:27:35.7136963+08:00	0x08	-0.2720	-0.6963	0.1063	-0.6557	16.10	97.83	30.31
2026-06-05T17:27:35.9002935+08:00	0x04	-0.4919	0.6679	0.5489	0.1036	260.96	226.88	303.38
2026-06-05T17:27:35.9327987+08:00	0x06	0.6602	-0.0809	-0.7198	0.1989	203.42	276.69	8.40
2026-06-05T17:27:35.9982891+08:00	0x08	-0.2606	-0.7070	0.0912	-0.6511	16.42	98.82	27.92
2026-06-05T17:27:36.0503192+08:00	0x02	-0.8033	0.0013	0.5951	0.0253	178.39	253.10	357.58
2026-06-05T17:27:36.2134966+08:00	0x03	0.4484	-0.4781	-0.5025	-0.5637	56.05	32.14	279.56
2026-06-05T17:27:36.2304517+08:00	0x01	-0.6059	-0.2764	0.5355	-0.5193	215.71	287.34	67.72
2026-06-05T17:27:36.3463936+08:00	0x02	-0.7960	0.0014	0.6049	-0.0200	181.51	254.49	1.73
2026-06-05T17:27:36.4347972+08:00	0x07	-0.6260	-0.0438	0.6458	-0.4350	219.38	285.42	36.95
2026-06-05T17:27:36.5132249+08:00	0x08	-0.2525	-0.7103	0.0819	-0.6519	16.34	98.78	26.46
2026-06-05T17:27:36.7486596+08:00	0x03	0.4446	-0.4790	-0.5051	-0.5637	56.68	31.93	279.89
2026-06-05T17:27:36.8266697+08:00	0x02	-0.7853	-0.0061	0.6187	-0.0194	180.83	256.48	2.18
2026-06-05T17:27:36.9486723+08:00	0x04	-0.4919	0.6679	0.5489	0.1036	260.96	226.88	303.38
2026-06-05T17:27:36.9646263+08:00	0x07	-0.6220	-0.0561	0.6402	-0.4474	220.28	286.43	38.93
2026-06-05T17:27:37.0974060+08:00	0x08	-0.2474	-0.7104	0.0793	-0.6541	15.99	98.42	25.87
2026-06-05T17:27:37.3342325+08:00	0x01	-0.6014	-0.3041	0.5562	-0.4862	207.11	283.80	67.39
2026-06-05T17:27:37.3742158+08:00	0x03	0.4441	-0.4779	-0.5074	-0.5630	58.30	30.45	279.94
2026-06-05T17:27:37.4526991+08:00	0x09	-0.2101	-0.6920	0.1725	-0.6688	4.03	93.09	31.31
2026-06-05T17:27:37.5304338+08:00	0x04	-0.4919	0.6679	0.5489	0.1036	260.96	226.88	303.38
2026-06-05T17:27:37.5478940+08:00	0x06	0.6598	-0.0753	-0.7163	0.2141	204.36	276.88	10.06
2026-06-05T17:27:37.5879309+08:00	0x07	-0.6178	-0.0636	0.6370	-0.4566	221.19	287.41	40.18
2026-06-05T17:27:37.6647443+08:00	0x08	-0.2456	-0.7087	0.0798	-0.6566	15.68	97.98	25.82
2026-06-05T17:27:37.8809293+08:00	0x03	0.4436	-0.4786	-0.5077	-0.5625	58.17	30.69	279.93
2026-06-05T17:27:37.9307183+08:00	0x02	-0.7763	-0.0257	0.6293	-0.0280	179.74	258.05	4.35
2026-06-05T17:27:38.0551646+08:00	0x06	0.5961	-0.1285	-0.7846	0.1118	199.23	284.89	356.08
2026-06-05T17:27:38.1006238+08:00	0x07	-0.7258	-0.0880	0.5767	-0.3646	202.16	264.90	39.10
2026-06-05T17:27:38.2002441+08:00	0x08	-0.2758	-0.6954	0.1147	-0.6536	15.88	98.04	31.34
2026-06-05T17:27:38.4312545+08:00	0x01	-0.5955	-0.2974	0.5779	-0.4721	206.90	285.60	64.97
2026-06-05T17:27:38.6194285+08:00	0x07	-0.7228	-0.0873	0.5787	-0.3674	202.71	265.55	39.22
2026-06-05T17:27:38.6464366+08:00	0x06	0.5982	-0.1270	-0.7828	0.1149	199.41	284.63	356.48
2026-06-05T17:27:38.7308734+08:00	0x02	-0.7537	0.0095	0.6571	0.0009	180.75	262.16	359.21
2026-06-05T17:27:38.9472590+08:00	0x03	0.3917	-0.5198	-0.4133	-0.6368	18.73	65.70	291.78
2026-06-05T17:27:39.1026713+08:00	0x02	-0.7644	-0.0071	0.6437	0.0348	176.81	260.27	357.47
2026-06-05T17:27:39.1658276+08:00	0x06	0.4802	-0.0713	-0.8427	-0.2327	159.84	304.26	339.89
2026-06-05T17:27:39.2851430+08:00	0x08	-0.1138	-0.7531	-0.0379	-0.6469	12.79	99.26	5.17
2026-06-05T17:27:39.4977514+08:00	0x03	0.3754	-0.5167	-0.4134	-0.6490	21.55	62.92	293.87
2026-06-05T17:27:39.5640153+08:00	0x01	-0.5974	-0.3190	0.5776	-0.4558	200.90	281.71	65.94
2026-06-05T17:27:39.6689637+08:00	0x02	-0.7615	-0.0262	0.6473	0.0207	176.18	260.72	0.14
2026-06-05T17:27:39.7353146+08:00	0x06	0.5347	-0.0456	-0.8065	-0.2483	158.04	296.80	340.18
2026-06-05T17:27:39.7652406+08:00	0x08	-0.0236	-0.7587	-0.1137	-0.6410	10.58	98.86	351.82
2026-06-05T17:27:40.0169953+08:00	0x03	0.3827	-0.5250	-0.4070	-0.6421	17.81	66.75	293.25
2026-06-05T17:27:40.0852155+08:00	0x01	-0.5897	-0.3103	0.5852	-0.4621	204.68	285.50	65.25
2026-06-05T17:27:40.1806335+08:00	0x09	-0.2319	-0.6525	0.2068	-0.6912	1.19	87.09	36.18
2026-06-05T17:27:40.2483381+08:00	0x02	-0.7589	-0.0282	0.6500	0.0273	175.51	261.17	359.73
2026-06-05T17:27:40.3144829+08:00	0x07	-0.6447	-0.2996	0.7032	-0.0089	155.50	269.30	25.65
2026-06-05T17:27:40.3637505+08:00	0x06	0.5343	-0.0513	-0.8070	-0.2461	158.60	296.85	339.76
2026-06-05T17:27:40.5642229+08:00	0x08	0.0111	-0.7593	-0.1351	-0.6365	9.15	99.04	347.33
2026-06-05T17:27:40.6654263+08:00	0x01	-0.5779	-0.3089	0.5872	-0.4752	209.34	290.13	65.78
2026-06-05T17:27:40.7612368+08:00	0x02	-0.7439	-0.0705	0.6628	0.0472	170.35	263.29	1.33
2026-06-05T17:27:40.8153394+08:00	0x06	0.4880	-0.0540	-0.8596	-0.1415	168.70	302.16	346.65
2026-06-05T17:27:40.8483213+08:00	0x07	-0.6981	-0.2973	0.6464	-0.0804	159.00	259.95	29.78
2026-06-05T17:27:40.9530909+08:00	0x08	0.0927	-0.7394	-0.2001	-0.6362	7.41	96.97	335.55
2026-06-05T17:27:41.1149739+08:00	0x03	0.4928	-0.4567	-0.4632	-0.5780	45.03	36.30	276.93
2026-06-05T17:27:41.2196753+08:00	0x01	-0.5353	-0.2830	0.5439	-0.5810	243.39	316.45	68.41
2026-06-05T17:27:41.2993676+08:00	0x02	-0.7224	-0.1270	0.6670	0.1304	159.05	265.64	358.91
2026-06-05T17:27:41.3644192+08:00	0x07	-0.7215	-0.1220	0.6692	-0.1293	179.82	265.66	20.47
2026-06-05T17:27:41.3973307+08:00	0x04	-0.4919	0.6679	0.5489	0.1036	260.96	226.88	303.38
2026-06-05T17:27:41.6534767+08:00	0x08	0.0490	-0.7387	-0.1316	-0.6592	6.01	95.72	344.99
2026-06-05T17:27:41.6984394+08:00	0x03	0.5129	-0.4485	-0.4662	-0.5643	59.31	21.36	274.40
2026-06-05T17:27:41.7379079+08:00	0x01	-0.5147	-0.3651	0.5252	-0.5710	250.01	328.71	76.22
2026-06-05T17:27:41.8655331+08:00	0x02	-0.7232	-0.1253	0.6670	0.1279	159.39	265.56	358.97
2026-06-05T17:27:41.9351851+08:00	0x04	-0.4919	0.6679	0.5489	0.1036	260.96	226.88	303.38
2026-06-05T17:27:42.0322189+08:00	0x08	0.0697	-0.7474	-0.1166	-0.6503	2.82	97.56	344.64
2026-06-05T17:27:42.2995227+08:00	0x03	0.4976	-0.4380	-0.5116	-0.5467	98.58	345.98	277.17
2026-06-05T17:27:42.3809440+08:00	0x02	-0.7404	-0.1766	0.5018	0.4110	131.67	259.87	334.45
2026-06-05T17:27:42.4683933+08:00	0x04	-0.4919	0.6679	0.5489	0.1036	260.96	226.88	303.38
2026-06-05T17:27:42.5042484+08:00	0x06	0.6672	0.0245	-0.7443	-0.0186	176.54	276.23	0.67
2026-06-05T17:27:42.6152856+08:00	0x08	0.0538	-0.7416	-0.0918	-0.6624	2.45	96.20	348.02
2026-06-05T17:27:42.8318142+08:00	0x03	0.4932	-0.4359	-0.5089	-0.5548	91.88	352.20	277.74
2026-06-05T17:27:42.9523914+08:00	0x02	-0.7590	-0.0009	0.6443	0.0935	172.94	261.15	351.91
2026-06-05T17:27:42.9983987+08:00	0x01	-0.5174	-0.4196	0.5773	-0.4722	208.78	299.20	76.68
2026-06-05T17:27:43.0491631+08:00	0x04	-0.4919	0.6679	0.5489	0.1036	260.96	226.88	303.38
2026-06-05T17:27:43.1369539+08:00	0x08	0.0754	-0.7439	-0.1079	-0.6552	1.73	97.03	344.97
