timestamp	device	q0	q1	q2	q3	yaw	pitch	roll
2026-05-18T14:42:13.2342077+08:00	0x07	-0.5327	0.4048	0.5115	0.5392	127.02	314.03	278.68
2026-05-18T14:42:13.7220582+08:00	0x07	-0.5469	0.4176	0.5349	0.4902	158.37	286.76	280.57
2026-05-18T14:42:14.2483738+08:00	0x07	-0.6089	0.4249	0.4911	0.4555	197.36	244.06	283.57
2026-05-18T14:42:14.7888307+08:00	0x07	-0.5781	0.4193	0.5328	0.4540	180.25	265.13	283.65
2026-05-18T14:42:15.3328641+08:00	0x07	-0.5871	0.4145	0.5378	0.4407	182.70	262.93	285.56
2026-05-18T14:42:15.8708542+08:00	0x07	-0.5921	0.3993	0.5518	0.4307	179.52	266.32	288.07
2026-05-18T14:42:16.4654280+08:00	0x07	-0.5957	0.3998	0.5504	0.4271	181.11	264.67	288.39
2026-05-18T14:42:16.9999685+08:00	0x07	-0.5950	0.3973	0.5530	0.4269	180.11	265.73	288.65
2026-05-18T14:42:17.5332562+08:00	0x07	-0.5997	0.3957	0.5540	0.4206	181.48	264.41	289.47
2026-05-18T14:42:18.0872787+08:00	0x06	-0.5509	0.4624	0.5115	0.4701	192.36	254.94	277.67
2026-05-18T14:42:18.6160589+08:00	0x07	-0.6069	0.3899	0.5568	0.4118	182.38	263.43	290.92
2026-05-18T14:42:19.1508869+08:00	0x07	-0.6066	0.3944	0.5524	0.4139	183.50	262.20	290.30
2026-05-18T14:42:19.6828487+08:00	0x07	-0.6081	0.3945	0.5522	0.4119	184.08	261.65	290.50
2026-05-18T14:42:20.2375940+08:00	0x07	-0.6097	0.3981	0.5472	0.4128	185.60	259.90	290.11
2026-05-18T14:42:20.7144241+08:00	0x07	-0.6121	0.3983	0.5438	0.4134	186.36	258.78	290.06
2026-05-18T14:42:20.8286450+08:00	0x06	-0.5638	0.4574	0.5063	0.4654	196.70	249.54	278.91
2026-05-18T14:42:21.2456728+08:00	0x07	-0.6113	0.3992	0.5429	0.4150	186.33	258.77	289.81
2026-05-18T14:42:21.7038833+08:00	0x06	-0.5653	0.4570	0.5079	0.4622	196.94	249.47	279.33
2026-05-18T14:42:21.8333369+08:00	0x07	-0.6094	0.4027	0.5434	0.4138	187.02	258.49	289.62
2026-05-18T14:42:22.3228774+08:00	0x07	-0.6081	0.4061	0.5417	0.4145	187.81	257.84	289.24
2026-05-18T14:42:22.6181797+08:00	0x06	-0.5663	0.4611	0.5047	0.4604	200.85	245.64	279.29
2026-05-18T14:42:22.8612115+08:00	0x07	-0.6087	0.4088	0.5395	0.4139	188.98	256.71	289.10
2026-05-18T14:42:23.0668204+08:00	0x06	-0.5685	0.4577	0.5071	0.4584	199.06	247.37	279.79
2026-05-18T14:42:23.4016867+08:00	0x07	-0.6080	0.4070	0.5425	0.4127	188.17	257.69	289.36
2026-05-18T14:42:23.5221929+08:00	0x06	-0.5689	0.4552	0.5121	0.4549	196.88	249.86	280.34
2026-05-18T14:42:23.9335373+08:00	0x07	-0.6051	0.4127	0.5394	0.4155	189.25	256.77	288.56
2026-05-18T14:42:24.4222891+08:00	0x06	-0.5649	0.4579	0.5106	0.4587	197.05	249.78	279.62
2026-05-18T14:42:24.4723117+08:00	0x07	-0.6039	0.4108	0.5407	0.4173	188.15	257.81	288.51
2026-05-18T14:42:24.8836931+08:00	0x06	-0.5636	0.4589	0.5103	0.4598	197.09	249.80	279.40
2026-05-18T14:42:25.0590085+08:00	0x07	-0.6024	0.4134	0.5391	0.4191	188.57	257.42	288.09
2026-05-18T14:42:25.3395416+08:00	0x06	-0.5644	0.4591	0.5091	0.4599	197.83	248.95	279.39
2026-05-18T14:42:25.6256626+08:00	0x07	-0.6018	0.4159	0.5362	0.4212	189.26	256.63	287.66
2026-05-18T14:42:25.7915623+08:00	0x06	-0.5649	0.4600	0.5075	0.4602	198.93	247.76	279.32
2026-05-18T14:42:26.1690223+08:00	0x07	-0.6019	0.4183	0.5328	0.4229	190.25	255.48	287.29
2026-05-18T14:42:26.6345570+08:00	0x07	-0.6011	0.4189	0.5314	0.4253	190.20	255.40	286.97
2026-05-18T14:42:27.1467010+08:00	0x06	-0.5649	0.4590	0.5064	0.4625	198.39	248.04	279.15
2026-05-18T14:42:27.1740931+08:00	0x07	-0.5996	0.4210	0.5300	0.4269	190.56	255.06	286.61
2026-05-18T14:42:27.5995035+08:00	0x06	-0.5652	0.4584	0.5075	0.4614	197.93	248.58	279.32
2026-05-18T14:42:27.7561849+08:00	0x07	-0.5987	0.4223	0.5297	0.4273	190.78	254.93	286.44
2026-05-18T14:42:28.0589333+08:00	0x06	-0.5644	0.4583	0.5074	0.4625	197.48	249.00	279.18
2026-05-18T14:42:28.3023788+08:00	0x07	-0.5975	0.4230	0.5285	0.4298	190.66	254.96	286.11
2026-05-18T14:42:28.5069230+08:00	0x06	-0.5634	0.4581	0.5079	0.4634	196.77	249.72	279.06
2026-05-18T14:42:28.8411653+08:00	0x07	-0.5961	0.4249	0.5278	0.4307	190.95	254.75	285.84
2026-05-18T14:42:29.3684643+08:00	0x07	-0.5941	0.4260	0.5278	0.4324	190.71	255.08	285.53
2026-05-18T14:42:29.8788201+08:00	0x06	-0.5617	0.4566	0.5113	0.4632	194.32	252.39	279.14
2026-05-18T14:42:29.9717379+08:00	0x07	-0.5930	0.4275	0.5266	0.4339	190.99	254.79	285.24
2026-05-18T14:42:30.3241158+08:00	0x06	-0.5622	0.4565	0.5111	0.4629	194.54	252.15	279.19
2026-05-18T14:42:30.5540312+08:00	0x07	-0.5919	0.4299	0.5244	0.4357	191.70	254.07	284.84
2026-05-18T14:42:30.7879006+08:00	0x06	-0.5631	0.4564	0.5108	0.4623	194.97	251.68	279.29
2026-05-18T14:42:31.0358244+08:00	0x07	-0.5921	0.4304	0.5238	0.4356	192.07	253.68	284.81
2026-05-18T14:42:31.2358176+08:00	0x06	-0.5631	0.4565	0.5107	0.4623	195.02	251.63	279.28
2026-05-18T14:42:31.5730933+08:00	0x07	-0.5915	0.4317	0.5227	0.4365	192.44	253.30	284.60
2026-05-18T14:42:32.0517426+08:00	0x07	-0.5906	0.4321	0.5254	0.4340	192.27	253.84	284.81
2026-05-18T14:42:32.6027330+08:00	0x06	-0.5403	0.4084	0.5990	0.4272	166.83	285.48	288.03
2026-05-18T14:42:32.6521090+08:00	0x07	-0.5638	0.5209	0.4668	0.4391	247.99	201.13	281.03
2026-05-18T14:42:33.0541112+08:00	0x06	-0.2919	0.3395	0.6891	0.5698	101.56	358.53	306.82
2026-05-18T14:42:33.1781209+08:00	0x07	-0.3435	0.3305	0.6288	0.6144	92.80	357.28	303.11
2026-05-18T14:42:33.5029121+08:00	0x06	-0.2999	0.3421	0.6873	0.5663	102.26	357.58	305.92
2026-05-18T14:42:33.7416256+08:00	0x07	-0.3510	0.3370	0.6251	0.6103	93.04	357.01	301.82
2026-05-18T14:42:33.9663306+08:00	0x06	-0.1208	0.2587	0.7854	0.5493	108.18	6.44	327.38
2026-05-18T14:42:34.2178980+08:00	0x07	-0.2052	0.1681	0.7869	0.5572	111.77	351.03	330.45
2026-05-18T14:42:34.8032546+08:00	0x07	-0.2299	0.1627	0.8241	0.4915	122.25	345.41	330.39
2026-05-18T14:42:35.3199699+08:00	0x06	-0.1324	0.2527	0.8365	0.4679	121.26	1.03	326.86
2026-05-18T14:42:35.4278355+08:00	0x07	-0.2681	0.1649	0.8650	0.3908	137.45	337.33	330.34
2026-05-18T14:42:35.7813797+08:00	0x06	-0.1789	0.2507	0.8906	0.3346	142.10	349.46	325.51
2026-05-18T14:42:35.9388161+08:00	0x07	-0.2798	0.1644	0.8740	0.3617	141.71	334.88	330.68
2026-05-18T14:42:36.2310634+08:00	0x06	-0.2069	0.2342	0.9071	0.2820	150.45	343.17	327.21
2026-05-18T14:42:36.4744242+08:00	0x07	-0.2988	0.1744	0.8727	0.3444	144.70	332.18	329.31
2026-05-18T14:42:36.6867843+08:00	0x06	-0.2120	0.2318	0.9084	0.2759	151.43	342.24	327.45
2026-05-18T14:42:37.0038859+08:00	0x07	-0.3006	0.1691	0.8784	0.3308	146.48	331.35	330.26
2026-05-18T14:42:37.5433903+08:00	0x07	-0.2954	0.1222	0.8949	0.3114	147.99	330.36	336.26
2026-05-18T14:42:38.0559862+08:00	0x07	-0.3114	0.1049	0.8928	0.3082	148.38	327.93	337.72
2026-05-18T14:42:38.4870366+08:00	0x06	-0.2210	0.2136	0.9154	0.2600	153.74	340.11	329.61
2026-05-18T14:42:38.5720995+08:00	0x07	-0.3376	0.1209	0.8775	0.3185	148.13	325.24	334.70
2026-05-18T14:42:38.9458347+08:00	0x06	-0.2200	0.2113	0.9161	0.2602	153.66	340.19	329.90
2026-05-18T14:42:39.1042903+08:00	0x07	-0.3379	0.1173	0.8789	0.3156	148.41	325.05	335.20
2026-05-18T14:42:39.4032531+08:00	0x06	-0.2143	0.2134	0.9167	0.2612	153.36	341.00	329.79
2026-05-18T14:42:39.6534538+08:00	0x07	-0.3377	0.1082	0.8823	0.3096	148.92	324.75	336.43
2026-05-18T14:42:39.9743270+08:00	0x06	-0.2080	0.2119	0.9212	0.2514	154.43	341.43	330.33
2026-05-18T14:42:40.1761203+08:00	0x07	-0.3498	0.1109	0.8786	0.3055	149.79	323.19	335.88
2026-05-18T14:42:40.7584741+08:00	0x06	-0.2222	0.2055	0.9184	0.2550	154.36	339.63	330.62
2026-05-18T14:42:40.7717575+08:00	0x07	-0.3551	0.1105	0.8762	0.3067	149.77	322.54	335.70
2026-05-18T14:42:41.2101854+08:00	0x06	-0.2294	0.1991	0.9205	0.2457	155.71	338.30	331.36
2026-05-18T14:42:41.2580900+08:00	0x07	-0.3584	0.1044	0.8812	0.2902	151.66	321.64	336.92
2026-05-18T14:42:41.6711871+08:00	0x06	-0.2329	0.1973	0.9189	0.2498	155.28	337.96	331.38
2026-05-18T14:42:41.8588353+08:00	0x07	-0.3653	0.1052	0.8802	0.2842	152.59	320.64	336.87
2026-05-18T14:42:42.1268222+08:00	0x06	-0.2328	0.2010	0.9179	0.2509	155.18	338.06	330.93
2026-05-18T14:42:42.3750693+08:00	0x07	-0.3638	0.1018	0.8841	0.2752	153.52	320.58	337.66
2026-05-18T14:42:42.5884784+08:00	0x06	-0.2341	0.2063	0.9108	0.2703	152.76	338.64	329.84
2026-05-18T14:42:42.9270744+08:00	0x07	-0.3733	0.1093	0.8748	0.2889	152.36	319.77	335.99
2026-05-18T14:42:43.4582413+08:00	0x07	-0.3714	0.1109	0.8743	0.2923	151.94	320.12	335.73
2026-05-18T14:42:43.9613647+08:00	0x06	-0.2215	0.2088	0.9097	0.2824	150.78	340.71	329.67
2026-05-18T14:42:43.9896814+08:00	0x07	-0.3506	0.1036	0.8868	0.2826	152.37	322.45	337.54
2026-05-18T14:42:44.3877323+08:00	0x06	-0.2336	0.2144	0.9010	0.2961	149.39	339.80	328.36
2026-05-18T14:42:44.5421402+08:00	0x07	-0.3680	0.1154	0.8741	0.2953	151.64	320.69	335.23
2026-05-18T14:42:44.8447383+08:00	0x06	-0.2385	0.2149	0.8975	0.3022	148.74	339.41	328.00
2026-05-18T14:42:45.0269944+08:00	0x07	-0.3755	0.1187	0.8693	0.2985	151.56	319.84	334.49
2026-05-18T14:42:45.5617142+08:00	0x07	-0.4030	0.1240	0.8568	0.2969	152.73	316.25	333.14
2026-05-18T14:42:46.0898120+08:00	0x07	-0.3923	0.1182	0.8647	0.2906	152.97	317.45	334.38
2026-05-18T14:42:46.6302893+08:00	0x07	-0.4030	0.1055	0.8666	0.2747	154.68	315.55	336.16
2026-05-18T14:42:47.1098734+08:00	0x06	-0.2615	0.2177	0.8858	0.3157	147.75	337.03	326.58
2026-05-18T14:42:47.1853227+08:00	0x07	-0.4006	0.0985	0.8703	0.2691	155.01	315.67	337.23
2026-05-18T14:42:47.5819352+08:00	0x06	-0.2545	0.2166	0.8809	0.3353	144.81	338.67	326.48
2026-05-18T14:42:47.7558889+08:00	0x07	-0.4061	0.1021	0.8600	0.2917	152.62	315.46	335.64
2026-05-18T14:42:48.2931127+08:00	0x07	-0.4019	0.1080	0.8601	0.2951	152.34	316.16	334.98
2026-05-18T14:42:48.8397885+08:00	0x07	-0.3488	0.1038	0.8792	0.3074	149.33	323.22	336.61
2026-05-18T14:42:49.3999103+08:00	0x06	-0.2509	0.2360	0.8648	0.3653	140.45	341.07	323.73
2026-05-18T14:42:49.8397055+08:00	0x06	-0.2682	0.2280	0.8613	0.3663	140.97	338.59	323.90
2026-05-18T14:42:49.9220297+08:00	0x07	-0.3389	0.1090	0.8862	0.2963	150.59	324.31	336.79
2026-05-18T14:42:50.2915993+08:00	0x06	-0.2718	0.2211	0.8563	0.3794	139.23	338.47	324.20
2026-05-18T14:42:50.4578514+08:00	0x07	-0.3540	0.1134	0.8757	0.3081	149.65	322.75	335.37
2026-05-18T14:42:51.0417769+08:00	0x07	-0.3651	0.1187	0.8680	0.3148	149.27	321.59	334.15
2026-05-18T14:42:51.5945978+08:00	0x07	-0.3648	0.1185	0.8683	0.3146	149.28	321.62	334.19
2026-05-18T14:42:52.1060420+08:00	0x06	-0.2717	0.2213	0.8565	0.3791	139.28	338.47	324.19
2026-05-18T14:42:52.1915141+08:00	0x07	-0.7241	0.1935	0.6364	0.1826	183.18	261.75	329.29
2026-05-18T14:42:52.5801043+08:00	0x06	-0.6290	0.2864	0.6354	0.3443	172.65	274.24	307.14
2026-05-18T14:42:52.7188240+08:00	0x07	-0.6949	-0.0581	0.7162	-0.0291	177.75	271.59	7.10
2026-05-18T14:42:53.2468290+08:00	0x07	-0.6486	-0.2475	0.6847	-0.2220	178.75	272.66	38.82
2026-05-18T14:42:53.8407989+08:00	0x07	-0.5443	-0.4301	0.5941	-0.4072	183.00	277.21	72.61
2026-05-18T14:42:54.3229846+08:00	0x07	-0.4285	-0.5451	0.4895	-0.5289	341.77	76.21	80.69
2026-05-18T14:42:54.8295258+08:00	0x06	-0.6213	0.3363	0.5936	0.3853	175.27	270.19	298.59
2026-05-18T14:42:54.9300220+08:00	0x07	-0.3425	-0.6041	0.4070	-0.5934	350.96	85.38	63.92
2026-05-18T14:42:55.2808846+08:00	0x06	-0.5804	0.4109	0.5373	0.4534	177.66	267.39	284.56
2026-05-18T14:42:55.4618967+08:00	0x07	-0.2621	-0.6454	0.3270	-0.6386	353.04	87.42	49.19
2026-05-18T14:42:55.7431051+08:00	0x06	-0.5724	0.4281	0.5227	0.4646	181.23	263.80	281.65
2026-05-18T14:42:55.9908148+08:00	0x07	-0.2099	-0.6652	0.2755	-0.6615	353.61	87.99	40.10
2026-05-18T14:42:56.5751661+08:00	0x07	-0.1637	-0.6793	0.2299	-0.6774	353.95	88.40	32.29
2026-05-18T14:42:57.0792986+08:00	0x07	-0.1268	-0.6867	0.1934	-0.6892	354.09	88.41	26.13
2026-05-18T14:42:57.5650866+08:00	0x06	-0.5606	0.4523	0.5036	0.4771	191.07	254.22	277.95
2026-05-18T14:42:57.6579475+08:00	0x07	-0.1054	-0.6850	0.1716	-0.7002	354.04	87.56	22.50
2026-05-18T14:42:58.0083173+08:00	0x06	-0.5602	0.4514	0.5052	0.4766	189.95	255.45	278.06
2026-05-18T14:42:58.1917721+08:00	0x07	-0.0855	-0.6938	0.1479	-0.6997	354.64	88.62	18.95
2026-05-18T14:42:58.7315504+08:00	0x07	-0.0776	-0.6954	0.1375	-0.7010	354.89	88.75	17.46
2026-05-18T14:42:59.3243875+08:00	0x07	-0.1006	-0.7167	0.1132	-0.6808	359.40	92.85	17.41
2026-05-18T14:42:59.8200433+08:00	0x06	-0.6272	0.4935	0.4631	0.3856	230.53	216.20	289.83
2026-05-18T14:42:59.8619311+08:00	0x07	-0.0999	-0.7160	0.1139	-0.6814	359.27	92.73	17.41
2026-05-18T14:43:00.4137677+08:00	0x07	0.0644	-0.8648	-0.0229	-0.4974	354.89	120.46	354.05
2026-05-18T14:43:00.9319397+08:00	0x07	0.1127	-0.8498	-0.0568	-0.5117	352.15	118.74	347.77
2026-05-18T14:43:01.5316777+08:00	0x07	0.1516	-0.8483	-0.0735	-0.5019	349.00	120.34	343.92
2026-05-18T14:43:02.0813602+08:00	0x07	0.1726	-0.8455	-0.0856	-0.4980	347.41	121.05	341.54
2026-05-18T14:43:02.5427536+08:00	0x06	-0.6519	0.5278	0.4071	0.3614	245.26	200.13	295.70
2026-05-18T14:43:02.6199609+08:00	0x07	0.1936	-0.8419	-0.0991	-0.4938	345.86	121.85	339.02
2026-05-18T14:43:03.2086096+08:00	0x07	0.2074	-0.8435	-0.1061	-0.4840	344.50	123.38	337.69
2026-05-18T14:43:03.7309550+08:00	0x07	0.2229	-0.8381	-0.1245	-0.4822	343.75	123.81	334.94
2026-05-18T14:43:04.2698967+08:00	0x07	0.2310	-0.8355	-0.1254	-0.4826	342.91	123.89	334.37
2026-05-18T14:43:04.8140691+08:00	0x06	-0.6507	0.5250	0.4171	0.3563	243.20	202.98	295.62
2026-05-18T14:43:05.2659967+08:00	0x06	-0.6498	0.5263	0.4163	0.3570	243.72	202.51	295.56
2026-05-18T14:43:05.3436019+08:00	0x07	0.2398	-0.8346	-0.1276	-0.4791	341.93	124.54	333.72
2026-05-18T14:43:05.8930525+08:00	0x07	0.2452	-0.8318	-0.1323	-0.4801	341.60	124.48	332.90
2026-05-18T14:43:06.4259091+08:00	0x07	0.2440	-0.8331	-0.1304	-0.4790	341.61	124.62	333.19
2026-05-18T14:43:06.9609282+08:00	0x07	0.2436	-0.8335	-0.1317	-0.4781	341.68	124.74	333.10
2026-05-18T14:43:07.5296047+08:00	0x06	-0.6422	0.5317	0.4177	0.3613	245.51	201.32	294.75
2026-05-18T14:43:07.9828517+08:00	0x06	-0.6429	0.5293	0.4209	0.3597	244.41	202.51	294.77
2026-05-18T14:43:08.0881400+08:00	0x07	0.2471	-0.8339	-0.1331	-0.4753	341.27	125.20	332.82
2026-05-18T14:43:08.6278419+08:00	0x07	0.2473	-0.8341	-0.1325	-0.4750	341.21	125.24	332.87
2026-05-18T14:43:09.1109751+08:00	0x07	0.2482	-0.8339	-0.1325	-0.4748	341.10	125.29	332.82
2026-05-18T14:43:09.7099638+08:00	0x07	0.2493	-0.8341	-0.1328	-0.4739	340.96	125.45	332.76
2026-05-18T14:43:10.2431099+08:00	0x07	0.2474	-0.8341	-0.1316	-0.4752	341.16	125.23	332.96
2026-05-18T14:43:10.2637570+08:00	0x06	-0.6397	0.5335	0.4167	0.3639	246.39	200.48	294.46
2026-05-18T14:43:10.7117730+08:00	0x06	-0.6412	0.5316	0.4179	0.3628	245.61	201.20	294.56
2026-05-18T14:43:10.7801070+08:00	0x07	0.2495	-0.8338	-0.1321	-0.4744	340.92	125.38	332.80
2026-05-18T14:43:11.1652539+08:00	0x06	-0.6423	0.5308	0.4177	0.3623	245.34	201.36	294.67
2026-05-18T14:43:11.3315366+08:00	0x07	0.2511	-0.8325	-0.1337	-0.4754	340.85	125.27	332.52
2026-05-18T14:43:11.8650164+08:00	0x07	0.2490	-0.8334	-0.1329	-0.4752	341.05	125.25	332.73
2026-05-18T14:43:12.3961213+08:00	0x07	0.2482	-0.8340	-0.1331	-0.4746	341.13	125.33	332.77
2026-05-18T14:43:12.9322162+08:00	0x07	0.2476	-0.8343	-0.1318	-0.4746	341.13	125.31	332.93
2026-05-18T14:43:13.4277638+08:00	0x06	-0.6380	0.5339	0.4187	0.3640	246.34	200.76	294.26
2026-05-18T14:43:13.4692595+08:00	0x07	0.2470	-0.8344	-0.1320	-0.4747	341.21	125.28	332.95
2026-05-18T14:43:14.0165940+08:00	0x07	0.2467	-0.8348	-0.1321	-0.4741	341.23	125.36	332.96
2026-05-18T14:43:14.4950168+08:00	0x07	0.2439	-0.8358	-0.1307	-0.4742	341.48	125.30	333.26
2026-05-18T14:43:14.7946709+08:00	0x06	-0.6350	0.5356	0.4201	0.3651	246.87	200.53	293.96
2026-05-18T14:43:15.0802471+08:00	0x07	0.2430	-0.8357	-0.1308	-0.4747	341.60	125.21	333.29
2026-05-18T14:43:15.6169004+08:00	0x07	0.2437	-0.8354	-0.1314	-0.4748	341.56	125.21	333.19
2026-05-18T14:43:16.1619422+08:00	0x06	-0.6359	0.5335	0.4212	0.3654	246.19	201.08	293.91
2026-05-18T14:43:16.1835233+08:00	0x07	0.2437	-0.8355	-0.1314	-0.4746	341.55	125.24	333.20
2026-05-18T14:43:16.7398497+08:00	0x07	0.2439	-0.8353	-0.1312	-0.4749	341.53	125.20	333.20
2026-05-18T14:43:17.2372513+08:00	0x07	0.2444	-0.8355	-0.1313	-0.4743	341.45	125.30	333.18
2026-05-18T14:43:17.7749295+08:00	0x07	0.2449	-0.8350	-0.1315	-0.4748	341.43	125.23	333.12
2026-05-18T14:43:18.3121274+08:00	0x07	0.2454	-0.8357	-0.1323	-0.4732	341.35	125.47	333.04
2026-05-18T14:43:18.8009793+08:00	0x07	0.2467	-0.8353	-0.1323	-0.4733	341.22	125.48	332.97
2026-05-18T14:43:18.8790008+08:00	0x06	-0.6417	0.5280	0.4242	0.3598	243.77	203.35	294.53
2026-05-18T14:43:19.3293236+08:00	0x07	0.2467	-0.8360	-0.1296	-0.4727	341.05	125.57	333.26
2026-05-18T14:43:19.7800998+08:00	0x06	-0.6385	0.5306	0.4230	0.3631	244.94	202.25	294.14
2026-05-18T14:43:19.9254452+08:00	0x07	0.2443	-0.8364	-0.1303	-0.4730	341.37	125.48	333.32
2026-05-18T14:43:20.4629175+08:00	0x07	0.2379	-0.8388	-0.1270	-0.4730	341.93	125.37	334.02
2026-05-18T14:43:20.6974490+08:00	0x06	-0.6313	0.5377	0.4198	0.3689	247.94	199.56	293.47
2026-05-18T14:43:21.0127858+08:00	0x07	0.2396	-0.8385	-0.1275	-0.4725	341.74	125.46	333.88
2026-05-18T14:43:21.1454635+08:00	0x06	-0.6327	0.5342	0.4226	0.3684	246.59	200.81	293.41
2026-05-18T14:43:21.5432752+08:00	0x07	0.2404	-0.8386	-0.1269	-0.4721	341.61	125.54	333.91
2026-05-18T14:43:21.5962803+08:00	0x06	-0.6341	0.5321	0.4247	0.3666	245.58	201.85	293.52
2026-05-18T14:43:22.0837059+08:00	0x07	0.2399	-0.8386	-0.1290	-0.4718	341.76	125.57	333.72
2026-05-18T14:43:22.5021756+08:00	0x06	-0.6314	0.5336	0.4275	0.3659	245.72	202.16	293.33
2026-05-18T14:43:22.6269095+08:00	0x07	0.2348	-0.8445	-0.1238	-0.4651	341.87	126.41	334.69
2026-05-18T14:43:22.9608582+08:00	0x06	-0.6275	0.5357	0.4273	0.3696	246.80	201.21	292.82
2026-05-18T14:43:23.1639385+08:00	0x07	0.2327	-0.8486	-0.1184	-0.4602	341.68	127.07	335.48
2026-05-18T14:43:23.4069001+08:00	0x06	-0.6300	0.5332	0.4274	0.3690	245.95	201.80	292.97
2026-05-18T14:43:23.7562733+08:00	0x07	0.2394	-0.8436	-0.1237	-0.4645	341.32	126.59	334.47
2026-05-18T14:43:23.8626074+08:00	0x06	-0.6333	0.5281	0.4316	0.3658	243.67	204.02	293.19
2026-05-18T14:43:24.2972283+08:00	0x07	0.2372	-0.8445	-0.1208	-0.4647	341.43	126.52	334.88
2026-05-18T14:43:24.3392737+08:00	0x06	-0.6310	0.5297	0.4309	0.3682	244.49	203.26	292.90
2026-05-18T14:43:24.8312357+08:00	0x07	0.2354	-0.8457	-0.1195	-0.4637	341.54	126.63	335.13
2026-05-18T14:43:25.2357640+08:00	0x06	-0.6311	0.5259	0.4385	0.3645	242.24	205.95	292.89
2026-05-18T14:43:25.3627558+08:00	0x07	0.2452	-0.8471	-0.1259	-0.4543	340.45	128.12	334.15
2026-05-18T14:43:25.6833088+08:00	0x06	-0.6159	0.5133	0.4736	0.3646	234.17	216.20	290.73
2026-05-18T14:43:25.8540401+08:00	0x07	0.2682	-0.8586	-0.1476	-0.4113	337.35	134.59	331.70
2026-05-18T14:43:26.1388878+08:00	0x06	-0.4963	0.4520	0.6482	0.3594	177.05	287.21	289.48
2026-05-18T14:43:26.4280687+08:00	0x07	0.2396	-0.6894	-0.4138	-0.5441	12.47	96.75	303.76
2026-05-18T14:43:26.5923117+08:00	0x06	-0.4370	0.4957	0.6929	0.2885	185.57	291.63	290.11
2026-05-18T14:43:26.9690647+08:00	0x07	0.2409	-0.6958	-0.4064	-0.5410	10.70	98.60	304.29
2026-05-18T14:43:27.0411159+08:00	0x06	-0.4518	0.4780	0.6972	0.2852	185.15	290.67	292.45
2026-05-18T14:43:27.5144370+08:00	0x07	0.1063	-0.7060	-0.3962	-0.5773	24.85	91.53	316.99
2026-05-18T14:43:27.9510234+08:00	0x06	-0.4346	0.5251	0.6555	0.3252	187.20	287.27	283.82
2026-05-18T14:43:28.0620958+08:00	0x07	0.1170	-0.7014	-0.4141	-0.5682	25.95	90.93	314.44
2026-05-18T14:43:28.3972205+08:00	0x06	-0.4374	0.5225	0.6556	0.3253	187.18	286.99	284.13
2026-05-18T14:43:28.5816059+08:00	0x07	0.1331	-0.6921	-0.4352	-0.5602	27.38	89.44	311.27
2026-05-18T14:43:28.8531020+08:00	0x06	-0.4392	0.5136	0.6622	0.3237	184.90	289.15	285.30
2026-05-18T14:43:29.1311505+08:00	0x07	0.1543	-0.6791	-0.4556	-0.5545	28.82	87.20	307.83
2026-05-18T14:43:29.3089180+08:00	0x06	-0.4405	0.5091	0.6656	0.3222	184.08	289.93	285.95
2026-05-18T14:43:29.6659123+08:00	0x07	0.1647	-0.6734	-0.4644	-0.5511	29.42	86.23	306.19
2026-05-18T14:43:29.7749825+08:00	0x06	-0.4401	0.5058	0.6685	0.3218	183.05	291.00	286.36
2026-05-18T14:43:30.2650070+08:00	0x07	0.1733	-0.6695	-0.4717	-0.5470	29.85	85.63	304.79
2026-05-18T14:43:30.6641824+08:00	0x06	-0.4403	0.5071	0.6675	0.3216	183.54	290.52	286.22
2026-05-18T14:43:30.8011644+08:00	0x07	0.1781	-0.6690	-0.4745	-0.5436	29.73	85.76	304.05
2026-05-18T14:43:31.1209755+08:00	0x06	-0.4382	0.5087	0.6663	0.3244	182.86	291.18	285.80
2026-05-18T14:43:31.3300287+08:00	0x07	0.1844	-0.6698	-0.4772	-0.5382	29.23	86.35	303.10
2026-05-18T14:43:31.5762021+08:00	0x06	-0.4382	0.5069	0.6685	0.3228	182.63	291.53	286.14
2026-05-18T14:43:31.8705963+08:00	0x07	0.1904	-0.6644	-0.4818	-0.5388	29.87	85.20	302.29
2026-05-18T14:43:32.0484508+08:00	0x06	-0.4374	0.5015	0.6734	0.3222	180.95	293.29	286.83
2026-05-18T14:43:32.3547573+08:00	0x07	0.1901	-0.6649	-0.4734	-0.5456	28.82	85.43	303.17
2026-05-18T14:43:32.9451058+08:00	0x07	0.2492	-0.6083	-0.5541	-0.5107	45.10	68.55	291.77
2026-05-18T14:43:33.3980569+08:00	0x06	-0.4116	0.4865	0.7033	0.3150	172.60	304.57	289.33
2026-05-18T14:43:33.4819918+08:00	0x07	0.3341	-0.6360	-0.5178	-0.4645	13.11	97.51	284.30
2026-05-18T14:43:33.8478795+08:00	0x06	-0.3306	0.5348	0.7246	0.2824	168.32	319.77	285.92
2026-05-18T14:43:34.0112280+08:00	0x07	0.2167	-0.6344	-0.5926	-0.4465	51.31	71.90	289.01
2026-05-18T14:43:34.3032567+08:00	0x06	-0.2889	0.5808	0.7144	0.2622	168.26	325.65	281.06
2026-05-18T14:43:34.5485416+08:00	0x07	0.1546	-0.6491	-0.5711	-0.4781	49.04	76.15	297.22
2026-05-18T14:43:34.7548039+08:00	0x06	-0.3178	0.5981	0.6969	0.2358	196.52	297.18	280.42
2026-05-18T14:43:35.1483380+08:00	0x07	0.1638	-0.6653	-0.5636	-0.4613	44.17	81.91	295.69
2026-05-18T14:43:35.6678887+08:00	0x06	-0.3280	0.5892	0.7028	0.2265	198.52	295.02	282.37
2026-05-18T14:43:35.6867085+08:00	0x07	0.1721	-0.6653	-0.5739	-0.4454	45.02	82.01	293.51
2026-05-18T14:43:36.1152368+08:00	0x06	-0.3334	0.5863	0.7033	0.2245	199.53	293.68	282.98
2026-05-18T14:43:36.2150699+08:00	0x07	0.1804	-0.6707	-0.5706	-0.4382	42.29	84.73	292.56
2026-05-18T14:43:36.5756129+08:00	0x06	-0.3434	0.5793	0.7066	0.2173	201.18	291.69	284.55
2026-05-18T14:43:36.8208722+08:00	0x07	0.1744	-0.6834	-0.5487	-0.4488	37.02	89.32	294.97
2026-05-18T14:43:37.0181882+08:00	0x06	-0.3621	0.5833	0.6831	0.2490	202.80	285.68	282.25
2026-05-18T14:43:37.3038449+08:00	0x07	0.1603	-0.7085	-0.4956	-0.4762	28.16	96.11	301.25
2026-05-18T14:43:37.4821066+08:00	0x06	-0.4208	0.5541	0.6648	0.2719	203.76	277.02	285.08
2026-05-18T14:43:37.8328243+08:00	0x07	0.1730	-0.7099	-0.4582	-0.5061	22.75	96.91	304.34
2026-05-18T14:43:37.9324284+08:00	0x06	-0.4309	0.5593	0.6611	0.2540	210.78	270.61	286.59
2026-05-18T14:43:38.3835445+08:00	0x07	0.1727	-0.7099	-0.4594	-0.5052	22.90	96.89	304.24
2026-05-18T14:43:38.8370740+08:00	0x06	-0.4993	0.4672	0.6837	0.2549	195.23	278.30	296.70
2026-05-18T14:43:38.9602303+08:00	0x07	0.1953	-0.6392	-0.3946	-0.6305	22.05	80.72	311.34
2026-05-18T14:43:39.5025206+08:00	0x07	0.1463	-0.5985	-0.3565	-0.7023	24.86	71.90	320.79
2026-05-18T14:43:40.0497828+08:00	0x07	0.1008	-0.6188	-0.3219	-0.7095	23.25	75.26	327.22
2026-05-18T14:43:40.2048774+08:00	0x06	-0.4433	0.4913	0.6803	0.3152	181.21	292.95	288.58
2026-05-18T14:43:40.5846799+08:00	0x07	0.1061	-0.5375	-0.3756	-0.7475	32.76	61.09	325.78
2026-05-18T14:43:40.6618732+08:00	0x06	-0.4366	0.4707	0.7066	0.2974	178.60	297.52	292.34
2026-05-18T14:43:41.0714835+08:00	0x07	0.0015	-0.5692	-0.3871	-0.7254	38.64	66.88	333.72
2026-05-18T14:43:41.5698162+08:00	0x06	-0.4472	0.4918	0.6777	0.3144	182.46	291.39	288.59
2026-05-18T14:43:42.0226578+08:00	0x06	-0.4827	0.5088	0.6354	0.3231	196.41	273.28	286.57
2026-05-18T14:43:42.1571086+08:00	0x07	-0.0319	-0.6929	-0.2537	-0.6741	23.96	87.73	342.02
2026-05-18T14:43:42.4717503+08:00	0x06	-0.5022	0.5128	0.6178	0.3212	203.84	264.03	287.02
2026-05-18T14:43:42.7343459+08:00	0x07	-0.0460	-0.6880	-0.2214	-0.6896	22.32	87.09	346.04
2026-05-18T14:43:42.9204240+08:00	0x06	-0.4992	0.5241	0.6015	0.3381	207.67	259.04	284.52
2026-05-18T14:43:43.2623182+08:00	0x07	-0.0455	-0.6881	-0.2223	-0.6892	22.37	87.11	345.92
2026-05-18T14:43:43.3845790+08:00	0x06	-0.5153	0.3984	0.7161	0.2510	185.25	285.73	303.97
2026-05-18T14:43:43.8144149+08:00	0x07	-0.2250	-0.6334	-0.0604	-0.7379	22.77	84.28	14.81
2026-05-18T14:43:44.2891419+08:00	0x06	-0.4852	0.4508	0.6824	0.3093	182.20	287.73	293.74
2026-05-18T14:43:44.3516910+08:00	0x07	-0.2340	-0.5537	0.0314	-0.7986	13.23	72.31	24.11
2026-05-18T14:43:44.7335256+08:00	0x06	-0.4766	0.4587	0.6778	0.3209	180.34	289.54	291.91
2026-05-18T14:43:44.9381112+08:00	0x07	-0.4006	-0.4444	0.2892	-0.7472	351.53	56.70	58.85
2026-05-18T14:43:45.4670653+08:00	0x07	-0.5052	-0.3216	0.4782	-0.6424	276.33	346.07	73.07
2026-05-18T14:43:45.9556810+08:00	0x07	-0.5539	-0.2280	0.5831	-0.5488	232.85	305.53	60.91
2026-05-18T14:43:46.1022024+08:00	0x06	-0.4606	0.4738	0.6681	0.3422	176.24	293.54	288.51
2026-05-18T14:43:46.5688744+08:00	0x07	-0.5797	-0.1504	0.6517	-0.4654	219.65	294.66	47.36
2026-05-18T14:43:47.0851839+08:00	0x07	-0.5944	-0.0795	0.7020	-0.3842	212.73	289.96	34.63
2026-05-18T14:43:47.5937353+08:00	0x07	-0.6901	0.1852	0.6925	-0.0994	203.33	268.78	353.15
2026-05-18T14:43:47.9259930+08:00	0x06	-0.4611	0.4733	0.6684	0.3416	176.38	293.40	288.61
2026-05-18T14:43:48.1770426+08:00	0x07	-0.6762	0.3239	0.6607	-0.0358	211.64	262.28	337.69
2026-05-18T14:43:48.7560978+08:00	0x07	-0.6341	0.4105	0.5549	0.3487	197.64	251.33	296.14
2026-05-18T14:43:49.2853240+08:00	0x06	-0.4489	0.3420	0.4782	0.6730	67.46	4.87	291.37
2026-05-18T14:43:49.3018256+08:00	0x07	-0.7050	-0.0338	0.6353	0.3133	150.92	270.23	336.50
2026-05-18T14:43:49.8363662+08:00	0x07	-0.7075	-0.1388	0.6500	0.2401	149.00	267.70	350.83
2026-05-18T14:43:51.4526109+08:00	0x07	-0.6711	-0.2594	0.6823	0.1293	147.77	267.94	10.40
2026-05-18T14:43:51.9900967+08:00	0x07	-0.6701	-0.2660	0.6818	0.1239	147.60	267.68	11.34
2026-05-18T14:43:52.1575883+08:00	0x06	-0.4516	0.3103	0.5295	0.6476	85.56	349.19	294.00
2026-05-18T14:43:52.5231167+08:00	0x07	-0.6699	-0.2708	0.6808	0.1196	147.48	267.40	12.04
2026-05-18T14:43:53.1066268+08:00	0x07	-0.6639	-0.2763	0.6857	0.1128	147.60	267.99	13.25
2026-05-18T14:43:53.6527044+08:00	0x07	-0.6613	-0.2826	0.6866	0.1066	147.53	267.97	14.31
2026-05-18T14:43:54.8595649+08:00	0x07	-0.6626	-0.2677	0.6903	0.1132	148.42	268.75	12.68
2026-05-18T14:43:54.8745637+08:00	0x06	-0.4512	0.3070	0.5307	0.6485	85.89	348.71	294.36
2026-05-18T14:43:55.2695633+08:00	0x07	-0.6615	-0.2613	0.6941	0.1115	149.16	269.32	12.43
2026-05-18T14:43:55.8077059+08:00	0x07	-0.6578	-0.2616	0.6978	0.1097	149.35	269.87	12.76
2026-05-18T14:43:56.3483345+08:00	0x07	-0.6584	-0.2700	0.6950	0.1027	149.12	269.25	13.90
2026-05-18T14:43:56.9369316+08:00	0x07	-0.6601	-0.2663	0.6948	0.1027	149.44	269.21	13.57
2026-05-18T14:43:58.7238447+08:00	0x07	-0.6556	-0.2719	0.6980	0.0954	149.58	269.56	14.75
2026-05-18T14:43:59.1019197+08:00	0x07	-0.6570	-0.2724	0.6966	0.0945	149.58	269.31	14.79
2026-05-18T14:43:59.7174274+08:00	0x06	-0.4390	0.3002	0.5554	0.6393	90.31	346.56	296.52
2026-05-18T14:43:59.8557581+08:00	0x07	-0.6558	-0.2736	0.6974	0.0927	149.63	269.41	15.07
2026-05-18T14:44:00.2245206+08:00	0x07	-0.6571	-0.2727	0.6965	0.0937	149.62	269.28	14.87
2026-05-18T14:44:00.7057397+08:00	0x07	-0.6543	-0.2715	0.6997	0.0925	149.87	269.78	15.01
2026-05-18T14:44:01.0868775+08:00	0x06	-0.4373	0.2999	0.5579	0.6384	90.63	346.51	296.75
2026-05-18T14:44:01.6215638+08:00	0x06	-0.4387	0.3002	0.5564	0.6386	90.53	346.44	296.57
2026-05-18T14:44:01.8427750+08:00	0x07	-0.6563	-0.2732	0.6972	0.0925	149.68	269.37	15.04
2026-05-18T14:44:01.9839231+08:00	0x06	-0.4416	0.2991	0.5565	0.6370	91.23	345.62	296.42
2026-05-18T14:44:02.4385432+08:00	0x06	-0.4421	0.2980	0.5564	0.6373	91.29	345.44	296.47
2026-05-18T14:44:02.6381091+08:00	0x07	-0.6550	-0.2749	0.6979	0.0915	149.62	269.46	15.30
2026-05-18T14:44:03.4921463+08:00	0x07	-0.6557	-0.2729	0.6977	0.0938	149.61	269.48	14.94
2026-05-18T14:44:04.5088487+08:00	0x07	-0.6525	-0.2693	0.7017	0.0964	149.80	270.20	14.60
2026-05-18T14:44:04.6995366+08:00	0x06	-0.4388	0.2976	0.5566	0.6396	90.60	346.17	296.79
2026-05-18T14:44:05.7232563+08:00	0x07	-0.6518	-0.2696	0.7026	0.0935	150.02	270.29	14.88
2026-05-18T14:44:06.0718700+08:00	0x06	-0.4374	0.2974	0.5590	0.6385	90.97	346.07	296.98
2026-05-18T14:44:06.1378877+08:00	0x07	-0.6536	-0.2719	0.7001	0.0928	149.82	269.86	15.03
2026-05-18T14:44:06.5284550+08:00	0x06	-0.4416	0.2995	0.5540	0.6389	90.52	346.09	296.32
2026-05-18T14:44:06.9634271+08:00	0x06	-0.4389	0.2972	0.5572	0.6392	90.78	346.01	296.84
2026-05-18T14:44:07.6909334+08:00	0x07	-0.6503	-0.2639	0.7060	0.0952	150.45	270.89	14.41
2026-05-18T14:44:08.0321741+08:00	0x06	-0.4406	0.2989	0.5540	0.6401	90.26	346.30	296.48
2026-05-18T14:44:09.3768020+08:00	0x07	-0.6481	-0.2569	0.7103	0.0968	151.01	271.65	13.86
2026-05-18T14:44:09.9072854+08:00	0x07	-0.6482	-0.2612	0.7089	0.0952	150.75	271.37	14.30
2026-05-18T14:44:10.1591765+08:00	0x06	-0.4457	0.2933	0.5559	0.6374	91.97	344.23	296.59
2026-05-18T14:44:10.5052903+08:00	0x07	-0.6479	-0.2601	0.7095	0.0958	150.80	271.49	14.18
2026-05-18T14:44:11.2228174+08:00	0x07	-0.6458	-0.2614	0.7117	0.0901	151.19	271.74	14.82
2026-05-18T14:44:11.9608450+08:00	0x06	-0.4332	0.3014	0.5549	0.6432	88.86	348.15	296.92
2026-05-18T14:44:13.2463947+08:00	0x07	-0.6465	-0.2544	0.7131	0.0941	151.50	272.05	13.96
2026-05-18T14:44:13.9577547+08:00	0x06	-0.4399	0.2976	0.5509	0.6437	89.24	346.88	296.58
2026-05-18T14:44:14.8638677+08:00	0x07	-0.6458	-0.2581	0.7129	0.0903	151.48	271.94	14.56
2026-05-18T14:44:15.3910433+08:00	0x07	-0.6447	-0.2589	0.7138	0.0889	151.55	272.06	14.77
2026-05-18T14:44:15.7764309+08:00	0x06	-0.4419	0.2961	0.5530	0.6413	90.29	345.90	296.59
2026-05-18T14:44:15.9235966+08:00	0x07	-0.6465	-0.2541	0.7133	0.0932	151.60	272.06	14.00
2026-05-18T14:44:16.4631053+08:00	0x07	-0.6474	-0.2483	0.7143	0.0945	152.01	272.26	13.44
2026-05-18T14:44:17.4074169+08:00	0x06	-0.4383	0.2985	0.5529	0.6427	89.45	346.99	296.68
2026-05-18T14:44:17.7577480+08:00	0x07	-0.6450	-0.2546	0.7151	0.0880	152.01	272.27	14.51
2026-05-18T14:44:17.8593416+08:00	0x06	-0.4387	0.2977	0.5539	0.6420	89.80	346.68	296.74
2026-05-18T14:44:18.3078404+08:00	0x06	-0.4339	0.3006	0.5526	0.6449	88.39	348.29	296.88
2026-05-18T14:44:18.7580133+08:00	0x07	-0.6448	-0.2522	0.7161	0.0880	152.24	272.43	14.35
2026-05-18T14:44:19.2088545+08:00	0x07	-0.6441	-0.2553	0.7159	0.0862	152.12	272.37	14.74
2026-05-18T14:44:19.3731729+08:00	0x06	-0.4404	0.2967	0.5547	0.6406	90.41	346.04	296.70
2026-05-18T14:44:19.6782172+08:00	0x06	-0.4394	0.2962	0.5559	0.6404	90.53	346.03	296.86
2026-05-18T14:44:22.8421413+08:00	0x06	-0.4387	0.2960	0.5600	0.6374	91.53	345.48	297.03
2026-05-18T14:44:23.1643818+08:00	0x07	-0.6444	-0.2563	0.7157	0.0830	152.28	272.26	15.06
2026-05-18T14:44:23.2985204+08:00	0x06	-0.4366	0.2964	0.5612	0.6376	91.39	345.81	297.19
2026-05-18T14:44:24.3624577+08:00	0x06	-0.4341	0.2974	0.5622	0.6380	91.13	346.31	297.34
2026-05-18T14:44:24.7555941+08:00	0x07	-0.6430	-0.2551	0.7173	0.0830	152.42	272.54	15.03
2026-05-18T14:44:25.1259636+08:00	0x06	-0.4352	0.2965	0.5631	0.6369	91.62	345.82	297.35
2026-05-18T14:44:25.7078515+08:00	0x07	-0.6437	-0.2590	0.7157	0.0800	152.30	272.21	15.53
2026-05-18T14:44:26.3861369+08:00	0x07	-0.6422	-0.2587	0.7172	0.0794	152.40	272.46	15.61
2026-05-18T14:44:27.8441891+08:00	0x06	-0.4387	0.2929	0.5636	0.6357	92.51	344.62	297.39
2026-05-18T14:44:28.2940680+08:00	0x06	-0.4391	0.2925	0.5612	0.6377	91.94	344.88	297.33
2026-05-18T14:44:28.4133358+08:00	0x07	-0.6404	-0.2536	0.7203	0.0822	152.68	273.03	15.07
2026-05-18T14:44:28.8524168+08:00	0x07	-0.6380	-0.2443	0.7250	0.0877	153.10	273.93	14.02
2026-05-18T14:44:29.2168050+08:00	0x07	-0.6450	-0.2272	0.7294	-0.0216	163.73	273.98	21.05
2026-05-18T14:44:29.6665308+08:00	0x06	-0.4391	0.2925	0.5613	0.6376	91.96	344.87	297.33
2026-05-18T14:44:29.7439534+08:00	0x07	-0.6449	-0.2277	0.7294	-0.0184	163.41	273.96	20.84
2026-05-18T14:44:30.2941090+08:00	0x07	-0.6120	-0.3290	0.5720	-0.4359	193.37	274.75	65.50
2026-05-18T14:44:30.7780456+08:00	0x07	-0.6270	-0.3713	0.5635	-0.3892	176.34	261.57	65.02
2026-05-18T14:44:31.3111689+08:00	0x07	-0.5151	-0.5114	0.4520	-0.5185	43.70	129.68	85.17
2026-05-18T14:44:31.4629349+08:00	0x06	-0.5546	0.4251	0.6035	0.3841	181.32	273.92	290.10
2026-05-18T14:44:31.8442960+08:00	0x07	-0.4019	-0.6012	0.3360	-0.6035	9.77	95.75	62.75
2026-05-18T14:44:31.9273022+08:00	0x06	-0.5449	0.4319	0.6017	0.3931	179.56	276.00	288.54
2026-05-18T14:44:32.3821243+08:00	0x07	-0.2913	-0.6639	0.2270	-0.6502	7.19	94.02	42.86
2026-05-18T14:44:32.8313339+08:00	0x06	-0.5815	0.3951	0.5692	0.4264	175.43	272.04	288.97
2026-05-18T14:44:32.9162703+08:00	0x07	-0.1655	-0.7203	0.1037	-0.6656	6.20	95.71	21.70
2026-05-18T14:44:33.2781873+08:00	0x06	-0.5293	0.3602	0.6110	0.4656	148.56	300.06	291.08
2026-05-18T14:44:33.4610373+08:00	0x07	-0.0583	-0.7357	0.1200	-0.6640	355.63	95.30	14.72
2026-05-18T14:44:33.7535906+08:00	0x06	-0.5321	0.2261	0.7832	0.2289	171.54	294.42	323.29
2026-05-18T14:44:33.9997746+08:00	0x07	-0.4534	-0.5428	0.2565	-0.6588	18.65	90.06	61.14
2026-05-18T14:44:34.2013391+08:00	0x06	-0.5590	0.3495	0.6655	0.3500	171.63	284.68	301.07
2026-05-18T14:44:34.5344680+08:00	0x07	-0.4903	-0.5807	0.4708	-0.4480	62.80	159.31	80.44
2026-05-18T14:44:34.6500846+08:00	0x06	-0.5587	0.3489	0.6163	0.4316	159.68	288.84	294.17
2026-05-18T14:44:35.1287424+08:00	0x07	-0.5463	-0.5844	0.4479	-0.3993	89.61	184.63	73.69
2026-05-18T14:44:35.6620770+08:00	0x07	-0.6043	-0.5974	0.4172	-0.3224	99.82	195.00	62.63
2026-05-18T14:44:36.0176149+08:00	0x06	-0.5588	0.3489	0.6178	0.4292	160.10	288.65	294.37
2026-05-18T14:44:36.2011990+08:00	0x07	-0.5551	-0.5856	0.4939	-0.3240	107.51	209.20	69.75
2026-05-18T14:44:36.7401670+08:00	0x07	-0.5793	-0.5635	0.4866	-0.3319	113.68	211.78	68.89
2026-05-18T14:44:37.2789355+08:00	0x07	-0.6015	-0.5469	0.4902	-0.3144	120.27	217.37	66.12
2026-05-18T14:44:37.8125589+08:00	0x07	-0.6123	-0.5359	0.4940	-0.3063	123.92	220.46	64.76
2026-05-18T14:44:38.2843119+08:00	0x06	-0.0107	0.2069	0.6804	0.7030	85.56	16.82	342.75
2026-05-18T14:44:38.3574038+08:00	0x07	-0.6158	-0.5311	0.4984	-0.3005	125.75	222.40	64.09
2026-05-18T14:44:38.7241378+08:00	0x06	0.0711	0.1338	0.2313	0.9610	27.71	16.92	4.29
2026-05-18T14:44:38.8922724+08:00	0x07	-0.6205	-0.5256	0.5005	-0.2968	127.36	223.77	63.45
2026-05-18T14:44:39.1974885+08:00	0x06	0.0791	0.1270	0.1755	0.9730	21.33	16.05	6.27
2026-05-18T14:44:39.4289525+08:00	0x07	-0.6210	-0.5247	0.5025	-0.2941	127.81	224.42	63.21
2026-05-18T14:44:39.6399693+08:00	0x06	0.0824	0.1242	0.1491	0.9775	18.32	15.63	7.13
2026-05-18T14:44:40.0207334+08:00	0x07	-0.6227	-0.5229	0.5041	-0.2911	128.40	225.09	62.83
2026-05-18T14:44:40.1202429+08:00	0x06	0.0825	0.1215	0.1265	0.9810	15.70	15.17	7.53
2026-05-18T14:44:40.5509270+08:00	0x07	-0.6230	-0.5224	0.5056	-0.2888	128.69	225.55	62.63
2026-05-18T14:44:41.1462183+08:00	0x07	-0.6243	-0.5212	0.5061	-0.2872	129.00	225.84	62.39
2026-05-18T14:44:41.6318790+08:00	0x07	-0.6255	-0.5203	0.5064	-0.2856	129.25	226.08	62.16
2026-05-18T14:44:42.1701960+08:00	0x07	-0.6244	-0.5218	0.5065	-0.2851	128.92	225.93	62.21
2026-05-18T14:44:42.3571915+08:00	0x06	0.0851	0.1196	0.1100	0.9830	13.83	14.86	8.10
