timestamp	device	q0	q1	q2	q3	yaw	pitch	roll
2026-05-07T11:23:48.1494076+08:00	0x07	0.6288	0.2844	-0.6391	0.3396	187.16	274.44	52.24
2026-05-07T11:23:48.2106704+08:00	0x09	0.0671	0.0435	0.7426	0.6650	96.43	9.07	1.42
2026-05-07T11:23:48.2975058+08:00	0x02	0.0106	-0.0016	-0.4695	0.8829	303.99	359.27	0.98
2026-05-07T11:23:48.4285687+08:00	0x06	-0.7056	-0.0692	0.7028	-0.0580	179.06	269.69	10.31
2026-05-07T11:23:48.4987477+08:00	0x03	0.0219	0.0023	0.6161	0.7874	76.11	1.76	1.81
2026-05-07T11:23:48.6174284+08:00	0x07	0.5923	0.3498	-0.6007	0.4074	190.07	277.18	64.53
2026-05-07T11:23:48.6690736+08:00	0x04	-0.0154	-0.0083	-0.3738	0.9274	316.10	359.77	358.01
2026-05-07T11:23:48.7230404+08:00	0x08	0.0153	-0.0285	0.4689	0.8826	55.91	357.93	3.08
2026-05-07T11:23:48.7948383+08:00	0x01	0.0107	-0.0324	0.7472	0.6638	96.72	358.45	3.60
2026-05-07T11:23:48.9491427+08:00	0x06	-0.6998	-0.0572	0.7108	-0.0419	178.81	270.82	8.05
2026-05-07T11:23:49.0184005+08:00	0x03	0.0219	0.0023	0.6161	0.7874	76.11	1.76	1.81
2026-05-07T11:23:49.1109377+08:00	0x04	-0.0153	-0.0084	-0.3738	0.9274	316.10	359.77	358.01
2026-05-07T11:23:49.2113473+08:00	0x07	0.5655	0.3927	-0.5669	0.4523	193.67	280.30	73.11
2026-05-07T11:23:49.2960167+08:00	0x09	0.0671	0.0435	0.7426	0.6650	96.43	9.07	1.41
2026-05-07T11:23:49.5218261+08:00	0x06	-0.7004	-0.0565	0.7104	-0.0391	178.64	270.72	7.76
2026-05-07T11:23:49.6281069+08:00	0x04	-0.0153	-0.0084	-0.3738	0.9274	316.10	359.77	358.01
2026-05-07T11:23:49.6907611+08:00	0x07	0.5242	0.4398	-0.5338	0.4969	210.16	297.43	82.06
2026-05-07T11:23:49.7756300+08:00	0x08	0.0152	-0.0285	0.4689	0.8826	55.91	357.93	3.07
2026-05-07T11:23:49.8259585+08:00	0x02	0.0106	-0.0016	-0.4695	0.8829	303.99	359.27	0.98
2026-05-07T11:23:49.8761524+08:00	0x09	0.0671	0.0435	0.7426	0.6650	96.43	9.06	1.41
2026-05-07T11:23:49.9141727+08:00	0x01	0.0107	-0.0324	0.7472	0.6638	96.72	358.45	3.59
2026-05-07T11:23:50.0765398+08:00	0x03	0.0219	0.0023	0.6161	0.7874	76.11	1.75	1.81
2026-05-07T11:23:50.2069930+08:00	0x04	-0.0154	-0.0084	-0.3738	0.9274	316.10	359.77	358.01
2026-05-07T11:23:50.3532729+08:00	0x08	0.0152	-0.0285	0.4689	0.8826	55.91	357.93	3.07
2026-05-07T11:23:50.3843717+08:00	0x02	0.0106	-0.0016	-0.4695	0.8829	303.99	359.27	0.98
2026-05-07T11:23:50.4003286+08:00	0x07	0.4909	0.4784	-0.4966	0.5325	292.67	19.90	86.32
2026-05-07T11:23:50.5166188+08:00	0x06	-0.7474	-0.1045	0.6518	-0.0758	176.60	261.75	14.45
2026-05-07T11:23:50.6449646+08:00	0x03	0.0219	0.0023	0.6161	0.7874	76.11	1.75	1.81
2026-05-07T11:23:50.7743706+08:00	0x07	0.4720	0.5265	-0.4495	0.5458	2.39	89.99	81.35
2026-05-07T11:23:50.7900036+08:00	0x04	-0.0154	-0.0084	-0.3738	0.9274	316.10	359.77	358.01
2026-05-07T11:23:50.9412465+08:00	0x08	0.0153	-0.0285	0.4689	0.8826	55.91	357.93	3.08
2026-05-07T11:23:51.0232107+08:00	0x01	0.0107	-0.0324	0.7471	0.6638	96.71	358.45	3.59
2026-05-07T11:23:51.0368861+08:00	0x06	-0.7495	-0.1100	0.6476	-0.0824	176.54	261.18	15.43
2026-05-07T11:23:51.1925475+08:00	0x03	0.0219	0.0023	0.6161	0.7874	76.11	1.76	1.81
2026-05-07T11:23:51.3000464+08:00	0x04	-0.0153	-0.0084	-0.3738	0.9274	316.10	359.77	358.01
2026-05-07T11:23:51.3157582+08:00	0x07	0.3975	0.5901	-0.3654	0.6002	4.17	91.70	65.28
2026-05-07T11:23:51.4555747+08:00	0x02	0.0106	-0.0016	-0.4695	0.8829	303.99	359.27	0.99
2026-05-07T11:23:51.5403067+08:00	0x01	0.0107	-0.0324	0.7472	0.6638	96.72	358.45	3.59
2026-05-07T11:23:51.7182911+08:00	0x03	0.0219	0.0023	0.6161	0.7874	76.11	1.76	1.81
2026-05-07T11:23:51.8645614+08:00	0x04	-0.0153	-0.0084	-0.3738	0.9274	316.10	359.77	358.01
2026-05-07T11:23:52.0142016+08:00	0x08	0.0153	-0.0285	0.4689	0.8826	55.91	357.93	3.08
2026-05-07T11:23:52.0443914+08:00	0x02	0.0106	-0.0016	-0.4695	0.8829	303.99	359.27	0.98
2026-05-07T11:23:52.1227021+08:00	0x06	-0.7457	-0.1227	0.6480	-0.0950	176.41	261.43	17.50
2026-05-07T11:23:52.2608409+08:00	0x03	0.0219	0.0023	0.6161	0.7874	76.11	1.76	1.81
2026-05-07T11:23:52.3947957+08:00	0x07	0.2624	0.6600	-0.2243	0.6673	3.54	90.66	40.26
2026-05-07T11:23:52.5242207+08:00	0x08	0.0153	-0.0285	0.4689	0.8826	55.91	357.93	3.08
2026-05-07T11:23:52.6006514+08:00	0x09	0.0671	0.0435	0.7426	0.6650	96.43	9.07	1.41
2026-05-07T11:23:52.6592294+08:00	0x02	0.0106	-0.0016	-0.4695	0.8829	303.99	359.27	0.98
2026-05-07T11:23:52.7945703+08:00	0x03	0.0219	0.0023	0.6161	0.7874	76.11	1.75	1.81
2026-05-07T11:23:52.8791799+08:00	0x04	-0.0153	-0.0084	-0.3738	0.9274	316.10	359.77	358.01
2026-05-07T11:23:52.9639623+08:00	0x07	-0.0613	0.7040	0.1046	0.6998	3.54	89.92	346.52
2026-05-07T11:23:53.0948289+08:00	0x08	0.0153	-0.0285	0.4689	0.8826	55.91	357.93	3.08
2026-05-07T11:23:53.1228362+08:00	0x02	0.0106	-0.0016	-0.4695	0.8829	303.99	359.27	0.98
2026-05-07T11:23:53.2948745+08:00	0x06	-0.7440	-0.1293	0.6478	-0.1007	176.26	261.49	18.50
2026-05-07T11:23:53.3246788+08:00	0x03	0.0219	0.0023	0.6161	0.7874	76.11	1.75	1.81
2026-05-07T11:23:53.4204548+08:00	0x04	-0.0153	-0.0084	-0.3738	0.9274	316.10	359.77	358.01
2026-05-07T11:23:53.6146972+08:00	0x08	0.0153	-0.0285	0.4689	0.8826	55.91	357.93	3.08
2026-05-07T11:23:53.6528035+08:00	0x09	0.0671	0.0435	0.7426	0.6650	96.43	9.07	1.41
2026-05-07T11:23:53.6896802+08:00	0x01	0.0107	-0.0324	0.7472	0.6638	96.72	358.45	3.59
2026-05-07T11:23:53.7155684+08:00	0x07	-0.2513	0.6594	0.2936	0.6449	3.87	89.65	314.66
2026-05-07T11:23:53.7928532+08:00	0x06	-0.7431	-0.1300	0.6486	-0.1013	176.26	261.62	18.61
2026-05-07T11:23:53.9079269+08:00	0x03	0.0219	0.0023	0.6161	0.7874	76.11	1.76	1.81
2026-05-07T11:23:53.9695031+08:00	0x04	-0.0153	-0.0084	-0.3738	0.9274	316.10	359.77	358.01
2026-05-07T11:23:54.0919580+08:00	0x07	-0.3931	0.5847	0.4324	0.5627	4.84	88.72	288.55
2026-05-07T11:23:54.1814412+08:00	0x09	0.0671	0.0435	0.7426	0.6650	96.43	9.07	1.41
2026-05-07T11:23:54.2043801+08:00	0x01	0.0107	-0.0324	0.7471	0.6638	96.71	358.45	3.59
2026-05-07T11:23:54.2273184+08:00	0x08	0.0153	-0.0285	0.4689	0.8826	55.91	357.93	3.08
2026-05-07T11:23:54.3739920+08:00	0x06	-0.7428	-0.1314	0.6485	-0.1021	176.20	261.61	18.79
2026-05-07T11:23:54.4657974+08:00	0x03	0.0219	0.0023	0.6161	0.7874	76.11	1.76	1.81
2026-05-07T11:23:54.5342436+08:00	0x04	-0.0153	-0.0083	-0.3738	0.9274	316.10	359.77	358.01
2026-05-07T11:23:54.6357235+08:00	0x07	-0.5360	0.4555	0.5694	0.4255	180.98	272.68	282.89
2026-05-07T11:23:54.6859851+08:00	0x02	0.0106	-0.0016	-0.4695	0.8829	303.99	359.27	0.98
2026-05-07T11:23:54.7589815+08:00	0x09	0.0671	0.0435	0.7426	0.6650	96.43	9.07	1.41
2026-05-07T11:23:54.7975114+08:00	0x08	0.0152	-0.0285	0.4689	0.8826	55.91	357.93	3.07
2026-05-07T11:23:54.8193907+08:00	0x01	0.0107	-0.0324	0.7472	0.6638	96.72	358.45	3.59
2026-05-07T11:23:54.9900617+08:00	0x03	0.0219	0.0023	0.6161	0.7874	76.11	1.76	1.81
2026-05-07T11:23:55.0365126+08:00	0x04	-0.0153	-0.0083	-0.3738	0.9274	316.10	359.77	358.01
2026-05-07T11:23:55.1131457+08:00	0x07	-0.6396	0.2902	0.6654	0.2528	182.83	271.09	314.79
2026-05-07T11:23:55.3072267+08:00	0x02	0.0106	-0.0016	-0.4695	0.8829	303.99	359.27	0.99
2026-05-07T11:23:55.3624591+08:00	0x01	0.0107	-0.0324	0.7471	0.6638	96.71	358.45	3.59
2026-05-07T11:23:55.4792493+08:00	0x05	-0.0025	-0.0009	0.4780	0.8783	57.11	359.77	359.80
2026-05-07T11:23:55.5983422+08:00	0x03	0.0219	0.0023	0.6161	0.7874	76.11	1.76	1.81
2026-05-07T11:23:55.7829512+08:00	0x05	-0.0025	-0.0009	0.4780	0.8783	57.11	359.77	359.80
2026-05-07T11:23:55.8680656+08:00	0x08	0.0153	-0.0285	0.4689	0.8826	55.91	357.93	3.08
2026-05-07T11:23:55.9294560+08:00	0x02	0.0106	-0.0016	-0.4695	0.8829	303.99	359.27	0.98
2026-05-07T11:23:56.0761845+08:00	0x03	0.0219	0.0023	0.6161	0.7874	76.11	1.76	1.81
2026-05-07T11:23:56.1308048+08:00	0x07	-0.6821	0.1646	0.7017	0.1234	183.21	270.95	336.46
2026-05-07T11:23:56.1550646+08:00	0x04	-0.0153	-0.0083	-0.3738	0.9274	316.10	359.77	358.02
2026-05-07T11:23:56.3790385+08:00	0x09	0.0671	0.0435	0.7426	0.6650	96.43	9.07	1.41
2026-05-07T11:23:56.4400767+08:00	0x08	0.0153	-0.0285	0.4689	0.8826	55.91	357.93	3.08
2026-05-07T11:23:56.4599135+08:00	0x06	-0.7394	-0.1342	0.6515	-0.1038	176.17	262.12	19.17
2026-05-07T11:23:56.6261865+08:00	0x03	0.0219	0.0023	0.6161	0.7874	76.11	1.75	1.81
2026-05-07T11:23:56.7118748+08:00	0x04	-0.0153	-0.0083	-0.3738	0.9274	316.10	359.77	358.02
2026-05-07T11:23:56.7268337+08:00	0x07	-0.6768	-0.1821	0.6767	-0.2256	184.05	271.22	33.49
2026-05-07T11:23:56.9125566+08:00	0x09	0.0671	0.0436	0.7426	0.6650	96.43	9.07	1.41
2026-05-07T11:23:56.9513217+08:00	0x08	0.0152	-0.0285	0.4689	0.8826	55.91	357.93	3.07
2026-05-07T11:23:56.9739250+08:00	0x02	0.0106	-0.0016	-0.4695	0.8829	303.99	359.27	0.99
2026-05-07T11:23:57.0133134+08:00	0x06	-0.7382	-0.1332	0.6533	-0.1030	176.23	262.38	19.03
2026-05-07T11:23:57.1540722+08:00	0x03	0.0219	0.0023	0.6161	0.7874	76.11	1.75	1.81
2026-05-07T11:23:57.2730458+08:00	0x07	-0.5982	-0.3663	0.5851	-0.4071	185.45	272.30	66.30
2026-05-07T11:23:57.4554881+08:00	0x09	0.0671	0.0435	0.7426	0.6650	96.43	9.07	1.41
2026-05-07T11:23:57.5218216+08:00	0x08	0.0152	-0.0285	0.4689	0.8826	55.91	357.93	3.07
2026-05-07T11:23:57.5359647+08:00	0x02	0.0106	-0.0016	-0.4695	0.8829	303.99	359.27	0.99
2026-05-07T11:23:57.7038997+08:00	0x03	0.0219	0.0023	0.6161	0.7874	76.11	1.75	1.81
2026-05-07T11:23:57.7890886+08:00	0x07	-0.4959	-0.4970	0.4731	-0.5322	350.00	76.67	86.48
2026-05-07T11:23:57.8269861+08:00	0x04	-0.0153	-0.0083	-0.3738	0.9274	316.10	359.77	358.02
2026-05-07T11:23:58.0369280+08:00	0x09	0.0671	0.0435	0.7426	0.6650	96.43	9.07	1.41
2026-05-07T11:23:58.0603362+08:00	0x05	-0.0025	-0.0009	0.4780	0.8783	57.11	359.77	359.80
2026-05-07T11:23:58.1594980+08:00	0x08	0.0152	-0.0285	0.4689	0.8826	55.91	357.93	3.07
2026-05-07T11:23:58.2844510+08:00	0x03	0.0219	0.0023	0.6161	0.7874	76.11	1.75	1.81
2026-05-07T11:23:58.3858965+08:00	0x04	-0.0153	-0.0083	-0.3738	0.9274	316.10	359.77	358.02
2026-05-07T11:23:58.4018737+08:00	0x07	-0.3397	-0.6131	0.3104	-0.6422	1.77	88.25	54.77
2026-05-07T11:23:58.5191029+08:00	0x09	0.0671	0.0435	0.7426	0.6650	96.43	9.06	1.41
2026-05-07T11:23:58.6254261+08:00	0x02	0.0106	-0.0016	-0.4695	0.8829	303.99	359.27	0.98
2026-05-07T11:23:58.7412485+08:00	0x08	0.0153	-0.0285	0.4689	0.8826	55.91	357.93	3.08
2026-05-07T11:23:58.8026612+08:00	0x03	0.0219	0.0023	0.6161	0.7874	76.11	1.75	1.81
2026-05-07T11:23:58.9748794+08:00	0x07	-0.1507	-0.6843	0.1151	-0.7041	2.72	88.89	21.70
2026-05-07T11:23:59.0355255+08:00	0x04	-0.0153	-0.0083	-0.3738	0.9274	316.10	359.77	358.02
2026-05-07T11:23:59.1200802+08:00	0x09	0.0671	0.0435	0.7426	0.6650	96.43	9.06	1.41
2026-05-07T11:23:59.2065970+08:00	0x01	0.0107	-0.0324	0.7471	0.6638	96.71	358.45	3.59
2026-05-07T11:23:59.2291763+08:00	0x02	0.0106	-0.0016	-0.4695	0.8829	303.99	359.27	0.98
2026-05-07T11:23:59.4157037+08:00	0x03	0.0219	0.0023	0.6161	0.7874	76.11	1.76	1.81
2026-05-07T11:23:59.4615752+08:00	0x04	-0.0153	-0.0083	-0.3738	0.9274	316.10	359.77	358.02
2026-05-07T11:23:59.5915828+08:00	0x09	0.0671	0.0435	0.7426	0.6650	96.43	9.06	1.41
2026-05-07T11:23:59.7171031+08:00	0x02	0.0106	-0.0016	-0.4695	0.8829	303.99	359.27	0.98
2026-05-07T11:23:59.7784907+08:00	0x06	-0.7363	-0.1333	0.6555	-0.1019	176.20	262.72	18.95
2026-05-07T11:23:59.9700605+08:00	0x03	0.0219	0.0023	0.6161	0.7874	76.11	1.76	1.81
2026-05-07T11:24:00.0368635+08:00	0x04	-0.0153	-0.0083	-0.3738	0.9274	316.10	359.77	358.02
2026-05-07T11:24:00.0601936+08:00	0x07	0.0549	-0.6976	-0.0959	-0.7079	3.47	88.78	347.79
2026-05-07T11:24:00.1989893+08:00	0x02	0.0106	-0.0016	-0.4695	0.8829	303.99	359.27	0.98
2026-05-07T11:24:00.2769384+08:00	0x01	0.0107	-0.0324	0.7471	0.6638	96.71	358.45	3.59
2026-05-07T11:24:00.3369818+08:00	0x08	0.0153	-0.0285	0.4689	0.8826	55.91	357.93	3.08
2026-05-07T11:24:00.4611443+08:00	0x06	-0.7362	-0.1333	0.6556	-0.1021	176.22	262.75	18.98
2026-05-07T11:24:00.4925229+08:00	0x03	0.0219	0.0023	0.6161	0.7874	76.11	1.76	1.81
2026-05-07T11:24:00.5659685+08:00	0x04	-0.0153	-0.0083	-0.3738	0.9274	316.10	359.77	358.02
2026-05-07T11:24:00.7306396+08:00	0x09	0.0671	0.0435	0.7426	0.6650	96.43	9.07	1.41
2026-05-07T11:24:00.8163155+08:00	0x08	0.0153	-0.0285	0.4689	0.8826	55.91	357.94	3.08
2026-05-07T11:24:01.0187834+08:00	0x03	0.0219	0.0023	0.6161	0.7874	76.11	1.76	1.81
2026-05-07T11:24:01.1206602+08:00	0x07	0.3986	-0.5752	-0.4395	-0.5630	7.01	86.07	287.34
2026-05-07T11:24:01.1582411+08:00	0x04	-0.0154	-0.0083	-0.3738	0.9274	316.10	359.78	358.01
2026-05-07T11:24:01.2879289+08:00	0x02	0.0106	-0.0016	-0.4695	0.8829	303.99	359.27	0.99
2026-05-07T11:24:01.3649713+08:00	0x01	0.0107	-0.0324	0.7471	0.6638	96.71	358.45	3.59
2026-05-07T11:24:01.4035091+08:00	0x08	0.0153	-0.0285	0.4689	0.8826	55.91	357.94	3.08
2026-05-07T11:24:01.5522910+08:00	0x03	0.0219	0.0023	0.6161	0.7874	76.11	1.76	1.81
2026-05-07T11:24:01.6429492+08:00	0x04	-0.0153	-0.0083	-0.3738	0.9274	316.10	359.77	358.02
2026-05-07T11:24:01.7984201+08:00	0x02	0.0106	-0.0016	-0.4695	0.8829	303.99	359.27	0.99
2026-05-07T11:24:01.8981339+08:00	0x08	0.0153	-0.0285	0.4689	0.8826	55.91	357.94	3.07
2026-05-07T11:24:02.0916974+08:00	0x03	0.0219	0.0023	0.6161	0.7874	76.11	1.75	1.81
2026-05-07T11:24:02.1914707+08:00	0x07	0.6333	-0.2972	-0.6627	-0.2673	181.87	271.79	312.90
2026-05-07T11:24:02.3761692+08:00	0x02	0.0106	-0.0016	-0.4695	0.8829	303.99	359.27	0.99
2026-05-07T11:24:02.4087794+08:00	0x09	0.0671	0.0435	0.7426	0.6650	96.43	9.07	1.41
2026-05-07T11:24:02.5383206+08:00	0x06	-0.7371	-0.1343	0.6541	-0.1034	176.19	262.53	19.16
2026-05-07T11:24:02.6788649+08:00	0x03	0.0219	0.0023	0.6161	0.7874	76.11	1.75	1.81
2026-05-07T11:24:02.7330607+08:00	0x07	0.6993	0.0226	-0.7117	0.0637	183.41	271.22	6.97
2026-05-07T11:24:02.7561542+08:00	0x04	-0.0153	-0.0083	-0.3738	0.9274	316.10	359.77	358.02
2026-05-07T11:24:02.8949837+08:00	0x02	0.0106	-0.0016	-0.4695	0.8829	303.99	359.27	0.99
2026-05-07T11:24:03.0352855+08:00	0x01	0.0107	-0.0324	0.7471	0.6638	96.71	358.45	3.59
2026-05-07T11:24:03.0775218+08:00	0x06	-0.7369	-0.1340	0.6546	-0.1029	176.18	262.58	19.09
2026-05-07T11:24:03.2650662+08:00	0x07	0.5979	0.3650	-0.5877	0.4049	185.55	272.61	65.94
2026-05-07T11:24:03.4139614+08:00	0x03	0.0219	0.0023	0.6161	0.7874	76.11	1.76	1.81
2026-05-07T11:24:03.4817242+08:00	0x09	0.0671	0.0435	0.7426	0.6650	96.43	9.06	1.41
2026-05-07T11:24:03.6282016+08:00	0x01	0.0107	-0.0324	0.7471	0.6638	96.71	358.45	3.59
2026-05-07T11:24:03.7759196+08:00	0x06	-0.7376	-0.1344	0.6537	-0.1027	176.11	262.44	19.10
2026-05-07T11:24:03.8141579+08:00	0x03	0.0219	0.0023	0.6161	0.7874	76.11	1.76	1.81
2026-05-07T11:24:03.8921267+08:00	0x04	-0.0153	-0.0083	-0.3738	0.9274	316.10	359.77	358.02
2026-05-07T11:24:03.9931677+08:00	0x09	0.0671	0.0435	0.7426	0.6650	96.43	9.06	1.41
2026-05-07T11:24:04.1494844+08:00	0x01	0.0107	-0.0324	0.7471	0.6638	96.71	358.45	3.59
2026-05-07T11:24:04.1624138+08:00	0x06	-0.7386	-0.1343	0.6527	-0.1024	176.07	262.27	19.06
2026-05-07T11:24:04.3496143+08:00	0x03	0.0219	0.0023	0.6161	0.7874	76.11	1.75	1.81
2026-05-07T11:24:04.4082358+08:00	0x04	-0.0153	-0.0083	-0.3738	0.9274	316.10	359.77	358.02
2026-05-07T11:24:04.5489504+08:00	0x08	0.0153	-0.0285	0.4689	0.8826	55.91	357.94	3.07
2026-05-07T11:24:04.5801816+08:00	0x02	0.0106	-0.0015	-0.4695	0.8829	303.99	359.28	0.99
2026-05-07T11:24:04.6192208+08:00	0x09	0.0671	0.0435	0.7426	0.6650	96.43	9.06	1.41
2026-05-07T11:24:04.6491125+08:00	0x01	0.0107	-0.0324	0.7471	0.6638	96.71	358.45	3.59
2026-05-07T11:24:04.8682020+08:00	0x06	-0.7391	-0.1343	0.6521	-0.1023	176.04	262.18	19.05
2026-05-07T11:24:04.9300442+08:00	0x07	0.1705	0.6806	-0.1334	0.6999	2.87	89.03	24.85
2026-05-07T11:24:04.9769324+08:00	0x04	-0.0153	-0.0083	-0.3738	0.9274	316.10	359.77	358.01
2026-05-07T11:24:05.0247197+08:00	0x02	0.0106	-0.0015	-0.4695	0.8829	303.99	359.28	0.99
2026-05-07T11:24:05.1388611+08:00	0x08	0.0153	-0.0285	0.4689	0.8826	55.91	357.94	3.07
2026-05-07T11:24:05.2544393+08:00	0x06	-0.7391	-0.1343	0.6521	-0.1024	176.06	262.19	19.06
2026-05-07T11:24:05.4207586+08:00	0x03	0.0219	0.0023	0.6161	0.7874	76.11	1.76	1.81
2026-05-07T11:24:05.4943845+08:00	0x04	-0.0154	-0.0083	-0.3738	0.9274	316.10	359.77	358.01
2026-05-07T11:24:05.5251441+08:00	0x07	-0.0213	0.7013	0.0616	0.7098	3.32	89.11	353.30
2026-05-07T11:24:05.6730550+08:00	0x09	0.0671	0.0435	0.7426	0.6650	96.43	9.07	1.41
2026-05-07T11:24:05.7935433+08:00	0x01	0.0107	-0.0324	0.7471	0.6638	96.71	358.45	3.59
2026-05-07T11:24:05.8225077+08:00	0x06	-0.7388	-0.1343	0.6524	-0.1024	176.07	262.23	19.06
2026-05-07T11:24:05.8563798+08:00	0x02	0.0106	-0.0015	-0.4695	0.8829	303.99	359.27	0.99
2026-05-07T11:24:06.0236094+08:00	0x03	0.0219	0.0023	0.6161	0.7874	76.11	1.75	1.81
2026-05-07T11:24:06.0810192+08:00	0x04	-0.0153	-0.0083	-0.3738	0.9274	316.10	359.77	358.01
2026-05-07T11:24:06.1198956+08:00	0x02	0.0106	-0.0015	-0.4695	0.8829	303.99	359.27	0.99
2026-05-07T11:24:06.2121402+08:00	0x09	0.0671	0.0435	0.7426	0.6650	96.43	9.07	1.41
2026-05-07T11:24:06.2433469+08:00	0x08	0.0153	-0.0285	0.4689	0.8826	55.91	357.94	3.07
2026-05-07T11:24:06.4080923+08:00	0x06	-0.7373	-0.1350	0.6538	-0.1033	176.12	262.47	19.20
2026-05-07T11:24:06.5216309+08:00	0x03	0.0219	0.0023	0.6161	0.7874	76.11	1.76	1.81
2026-05-07T11:24:06.5899491+08:00	0x07	-0.3608	0.6001	0.4024	0.5897	5.71	87.34	294.71
2026-05-07T11:24:06.6593931+08:00	0x05	-0.0025	-0.0009	0.4780	0.8783	57.11	359.78	359.80
2026-05-07T11:24:06.7520012+08:00	0x09	0.0671	0.0435	0.7426	0.6650	96.43	9.07	1.41
2026-05-07T11:24:06.8015741+08:00	0x01	0.0107	-0.0324	0.7471	0.6638	96.71	358.45	3.59
2026-05-07T11:24:06.9139671+08:00	0x06	-0.7364	-0.1349	0.6548	-0.1036	176.17	262.63	19.23
2026-05-07T11:24:07.0530808+08:00	0x03	0.0219	0.0023	0.6161	0.7874	76.11	1.76	1.81
2026-05-07T11:24:07.1224075+08:00	0x07	-0.5110	0.4786	0.5480	0.4578	174.17	279.15	277.09
2026-05-07T11:24:07.1714577+08:00	0x04	-0.0154	-0.0083	-0.3738	0.9274	316.10	359.77	358.01
2026-05-07T11:24:07.2266860+08:00	0x02	0.0106	-0.0016	-0.4695	0.8829	303.99	359.27	0.99
2026-05-07T11:24:07.3309492+08:00	0x09	0.0671	0.0435	0.7426	0.6650	96.43	9.07	1.41
2026-05-07T11:24:07.4804242+08:00	0x06	-0.7361	-0.1354	0.6550	-0.1039	176.16	262.67	19.29
2026-05-07T11:24:07.6335064+08:00	0x03	0.0219	0.0023	0.6161	0.7874	76.11	1.76	1.81
2026-05-07T11:24:07.7349563+08:00	0x04	-0.0154	-0.0083	-0.3738	0.9274	316.10	359.77	358.01
2026-05-07T11:24:07.7958516+08:00	0x02	0.0106	-0.0016	-0.4695	0.8829	303.99	359.27	0.99
2026-05-07T11:24:07.8570548+08:00	0x09	0.0671	0.0435	0.7426	0.6650	96.43	9.07	1.41
2026-05-07T11:24:07.8893612+08:00	0x08	0.0153	-0.0285	0.4689	0.8826	55.91	357.94	3.07
2026-05-07T11:24:08.0522570+08:00	0x06	-0.7372	-0.1347	0.6540	-0.1034	176.16	262.51	19.19
2026-05-07T11:24:08.1791900+08:00	0x03	0.0219	0.0023	0.6161	0.7874	76.11	1.76	1.81
2026-05-07T11:24:08.3151675+08:00	0x04	-0.0154	-0.0083	-0.3738	0.9274	316.10	359.77	358.01
2026-05-07T11:24:08.3991186+08:00	0x09	0.0671	0.0435	0.7426	0.6650	96.43	9.07	1.41
2026-05-07T11:24:08.4230120+08:00	0x02	0.0106	-0.0015	-0.4695	0.8829	303.99	359.28	0.99
2026-05-07T11:24:08.4700279+08:00	0x08	0.0153	-0.0285	0.4689	0.8826	55.91	357.94	3.07
2026-05-07T11:24:08.6792524+08:00	0x06	-0.7360	-0.1353	0.6551	-0.1043	176.20	262.69	19.31
2026-05-07T11:24:08.8039002+08:00	0x07	-0.5070	0.4828	0.5442	0.4623	172.77	280.54	276.16
2026-05-07T11:24:08.8776173+08:00	0x02	0.0106	-0.0015	-0.4695	0.8829	303.99	359.28	0.99
2026-05-07T11:24:08.9443532+08:00	0x09	0.0671	0.0435	0.7426	0.6650	96.43	9.06	1.41
2026-05-07T11:24:09.0829351+08:00	0x08	0.0153	-0.0285	0.4689	0.8826	55.91	357.94	3.07
2026-05-07T11:24:09.1447488+08:00	0x06	-0.7355	-0.1346	0.6559	-0.1037	176.23	262.81	19.21
2026-05-07T11:24:09.2529292+08:00	0x03	0.0219	0.0023	0.6161	0.7874	76.11	1.76	1.81
2026-05-07T11:24:09.3935969+08:00	0x07	-0.6739	-0.1891	0.6757	-0.2313	184.02	271.41	34.57
2026-05-07T11:24:09.4310175+08:00	0x04	-0.0154	-0.0084	-0.3738	0.9274	316.10	359.77	358.01
2026-05-07T11:24:09.4782861+08:00	0x09	0.0671	0.0435	0.7426	0.6650	96.43	9.06	1.41
2026-05-07T11:24:09.5888285+08:00	0x01	0.0107	-0.0324	0.7471	0.6638	96.71	358.45	3.59
2026-05-07T11:24:09.7326362+08:00	0x03	0.0219	0.0023	0.6161	0.7874	76.11	1.76	1.81
2026-05-07T11:24:09.8106493+08:00	0x07	-0.6314	-0.3027	0.6255	-0.3442	184.76	271.92	54.42
2026-05-07T11:24:09.9341024+08:00	0x04	-0.0153	-0.0084	-0.3738	0.9274	316.10	359.77	358.01
2026-05-07T11:24:09.9909111+08:00	0x02	0.0106	-0.0015	-0.4695	0.8829	303.99	359.28	0.99
2026-05-07T11:24:10.0230353+08:00	0x09	0.0671	0.0435	0.7426	0.6650	96.43	9.06	1.41
2026-05-07T11:24:10.1274410+08:00	0x01	0.0107	-0.0324	0.7471	0.6638	96.71	358.45	3.59
2026-05-07T11:24:10.2356187+08:00	0x06	-0.7369	-0.1346	0.6544	-0.1029	176.14	262.56	19.14
2026-05-07T11:24:10.3354848+08:00	0x03	0.0219	0.0023	0.6161	0.7874	76.11	1.76	1.81
2026-05-07T11:24:10.3662430+08:00	0x07	-0.5521	-0.4315	0.5361	-0.4708	188.75	275.56	79.25
2026-05-07T11:24:10.5125260+08:00	0x04	-0.0154	-0.0084	-0.3738	0.9274	316.10	359.77	358.01
2026-05-07T11:24:10.5511363+08:00	0x02	0.0106	-0.0016	-0.4695	0.8829	303.99	359.27	0.99
2026-05-07T11:24:10.6218192+08:00	0x09	0.0671	0.0435	0.7426	0.6650	96.43	9.06	1.41
2026-05-07T11:24:10.7617624+08:00	0x08	0.0152	-0.0285	0.4689	0.8826	55.91	357.93	3.07
2026-05-07T11:24:10.8081597+08:00	0x06	-0.7371	-0.1347	0.6541	-0.1035	176.17	262.52	19.19
2026-05-07T11:24:10.8776223+08:00	0x03	0.0219	0.0023	0.6161	0.7874	76.11	1.76	1.81
2026-05-07T11:24:10.9384671+08:00	0x07	-0.4249	-0.5581	0.3981	-0.5912	0.65	87.17	71.22
2026-05-07T11:24:11.0154647+08:00	0x04	-0.0154	-0.0084	-0.3738	0.9274	316.10	359.77	358.01
2026-05-07T11:24:11.0710401+08:00	0x02	0.0106	-0.0016	-0.4695	0.8829	303.99	359.27	0.99
2026-05-07T11:24:11.2288045+08:00	0x09	0.0671	0.0435	0.7426	0.6650	96.43	9.06	1.41
2026-05-07T11:24:11.4429814+08:00	0x01	0.0107	-0.0324	0.7471	0.6638	96.71	358.45	3.59
2026-05-07T11:24:11.4708269+08:00	0x06	-0.7369	-0.1345	0.6544	-0.1030	176.15	262.56	19.14
2026-05-07T11:24:11.6125279+08:00	0x04	-0.0154	-0.0084	-0.3738	0.9274	316.10	359.77	358.01
2026-05-07T11:24:11.7574203+08:00	0x09	0.0671	0.0435	0.7426	0.6650	96.43	9.06	1.41
2026-05-07T11:24:11.8193680+08:00	0x01	0.0107	-0.0324	0.7471	0.6638	96.71	358.45	3.59
2026-05-07T11:24:11.8561044+08:00	0x08	0.0153	-0.0285	0.4689	0.8826	55.91	357.94	3.07
2026-05-07T11:24:11.8885219+08:00	0x01	0.0107	-0.0324	0.7471	0.6638	96.71	358.45	3.59
2026-05-07T11:24:11.9188003+08:00	0x06	-0.7378	-0.1338	0.6536	-0.1026	176.16	262.43	19.04
2026-05-07T11:24:12.0199105+08:00	0x03	0.0219	0.0023	0.6161	0.7874	76.11	1.76	1.81
2026-05-07T11:24:12.0448967+08:00	0x07	-0.4292	-0.5548	0.4026	-0.5881	0.50	87.03	72.10
2026-05-07T11:24:12.1187783+08:00	0x05	-0.0025	-0.0009	0.4780	0.8783	57.11	359.78	359.80
2026-05-07T11:24:12.1879931+08:00	0x02	0.0106	-0.0015	-0.4695	0.8829	303.99	359.28	0.99
2026-05-07T11:24:12.3509344+08:00	0x09	0.0671	0.0435	0.7426	0.6650	96.43	9.06	1.41
2026-05-07T11:24:12.3818425+08:00	0x01	0.0107	-0.0324	0.7472	0.6638	96.72	358.45	3.59
2026-05-07T11:24:12.5057543+08:00	0x07	-0.1345	-0.6887	0.0957	-0.7060	3.03	89.08	18.77
2026-05-07T11:24:12.5929637+08:00	0x03	0.0219	0.0023	0.6161	0.7874	76.11	1.76	1.81
2026-05-07T11:24:12.7300285+08:00	0x02	0.0106	-0.0015	-0.4695	0.8829	303.99	359.28	0.99
2026-05-07T11:24:12.8168335+08:00	0x09	0.0671	0.0435	0.7426	0.6650	96.43	9.06	1.41
2026-05-07T11:24:12.8909704+08:00	0x01	0.0107	-0.0324	0.7471	0.6638	96.71	358.45	3.59
2026-05-07T11:24:12.9992890+08:00	0x06	-0.7384	-0.1344	0.6528	-0.1025	176.08	262.30	19.08
2026-05-07T11:24:13.0743889+08:00	0x03	0.0219	0.0023	0.6161	0.7874	76.11	1.76	1.81
2026-05-07T11:24:13.0933387+08:00	0x07	0.0196	-0.7009	-0.0604	-0.7104	3.37	89.04	353.54
2026-05-07T11:24:13.2499861+08:00	0x02	0.0106	-0.0015	-0.4695	0.8829	303.99	359.28	0.99
2026-05-07T11:24:13.3092527+08:00	0x04	-0.0154	-0.0083	-0.3738	0.9274	316.10	359.77	358.01
2026-05-07T11:24:13.3548340+08:00	0x09	0.0671	0.0435	0.7426	0.6650	96.43	9.06	1.41
2026-05-07T11:24:13.4455363+08:00	0x08	0.0153	-0.0285	0.4689	0.8826	55.91	357.94	3.07
2026-05-07T11:24:13.5130881+08:00	0x06	-0.7378	-0.1347	0.6534	-0.1030	176.11	262.40	19.15
2026-05-07T11:24:13.6101896+08:00	0x03	0.0219	0.0023	0.6161	0.7874	76.11	1.76	1.81
2026-05-07T11:24:13.6399968+08:00	0x07	0.1972	-0.6735	-0.2386	-0.6713	3.87	88.93	324.11
2026-05-07T11:24:13.7882741+08:00	0x04	-0.0154	-0.0084	-0.3738	0.9274	316.10	359.77	358.01
2026-05-07T11:24:13.9551627+08:00	0x09	0.0671	0.0435	0.7426	0.6650	96.43	9.06	1.41
2026-05-07T11:24:13.9900850+08:00	0x08	0.0152	-0.0285	0.4689	0.8826	55.91	357.93	3.07
2026-05-07T11:24:14.0995270+08:00	0x06	-0.7373	-0.1345	0.6540	-0.1029	176.14	262.50	19.13
2026-05-07T11:24:14.1523861+08:00	0x03	0.0219	0.0023	0.6161	0.7874	76.11	1.76	1.81
2026-05-07T11:24:14.2150798+08:00	0x07	0.3642	-0.5996	-0.4046	-0.5867	5.33	87.79	294.14
2026-05-07T11:24:14.3149301+08:00	0x02	0.0106	-0.0015	-0.4695	0.8829	303.99	359.27	0.99
2026-05-07T11:24:14.5242892+08:00	0x09	0.0671	0.0435	0.7426	0.6650	96.43	9.06	1.41
2026-05-07T11:24:14.5553158+08:00	0x01	0.0107	-0.0324	0.7471	0.6638	96.71	358.45	3.59
2026-05-07T11:24:14.5792520+08:00	0x06	-0.7379	-0.1343	0.6534	-0.1025	176.11	262.40	19.08
2026-05-07T11:24:14.7091782+08:00	0x03	0.0219	0.0023	0.6161	0.7874	76.11	1.75	1.81
2026-05-07T11:24:14.7971211+08:00	0x07	0.5076	-0.4841	-0.5434	-0.4611	174.78	278.60	276.11
2026-05-07T11:24:14.8591146+08:00	0x02	0.0106	-0.0015	-0.4695	0.8829	303.99	359.27	0.99
2026-05-07T11:24:15.0612090+08:00	0x09	0.0671	0.0435	0.7426	0.6650	96.43	9.06	1.41
2026-05-07T11:24:15.0785846+08:00	0x08	0.0153	-0.0285	0.4689	0.8826	55.91	357.94	3.07
2026-05-07T11:24:15.1849276+08:00	0x06	-0.7396	-0.1318	0.6523	-0.1004	176.13	262.19	18.70
2026-05-07T11:24:15.2230228+08:00	0x03	0.0219	0.0023	0.6161	0.7874	76.11	1.76	1.81
2026-05-07T11:24:15.2933179+08:00	0x07	0.6159	-0.3361	-0.6444	-0.3041	182.15	271.50	306.12
2026-05-07T11:24:15.3463320+08:00	0x04	-0.0154	-0.0084	-0.3738	0.9274	316.10	359.77	358.01
2026-05-07T11:24:15.4012412+08:00	0x02	0.0106	-0.0015	-0.4695	0.8829	303.99	359.27	0.99
2026-05-07T11:24:15.6227968+08:00	0x09	0.0671	0.0435	0.7426	0.6650	96.43	9.06	1.41
2026-05-07T11:24:15.6619132+08:00	0x06	-0.7400	-0.1324	0.6517	-0.1007	176.08	262.09	18.77
2026-05-07T11:24:15.8640568+08:00	0x03	0.0219	0.0023	0.6161	0.7874	76.11	1.76	1.81
2026-05-07T11:24:15.9009196+08:00	0x02	0.0106	-0.0015	-0.4695	0.8829	303.99	359.27	0.99
2026-05-07T11:24:16.1351216+08:00	0x09	0.0671	0.0435	0.7426	0.6650	96.43	9.06	1.41
2026-05-07T11:24:16.1807107+08:00	0x08	0.0153	-0.0285	0.4689	0.8826	55.91	357.94	3.07
2026-05-07T11:24:16.3655602+08:00	0x03	0.0219	0.0023	0.6161	0.7874	76.11	1.76	1.81
2026-05-07T11:24:16.4122249+08:00	0x07	0.6746	-0.1946	-0.6946	-0.1570	182.91	270.92	331.18
2026-05-07T11:24:16.4540043+08:00	0x04	-0.0154	-0.0084	-0.3738	0.9274	316.10	359.77	358.01
2026-05-07T11:24:16.6749512+08:00	0x09	0.0671	0.0435	0.7426	0.6650	96.43	9.07	1.41
2026-05-07T11:24:16.7439717+08:00	0x06	-0.7386	-0.1334	0.6529	-0.1023	176.15	262.31	18.98
2026-05-07T11:24:16.8961184+08:00	0x03	0.0219	0.0023	0.6161	0.7874	76.11	1.76	1.81
2026-05-07T11:24:16.9538982+08:00	0x07	0.6883	0.1368	-0.6894	0.1796	183.78	270.95	25.84
2026-05-07T11:24:16.9996732+08:00	0x02	0.0106	-0.0015	-0.4695	0.8829	303.99	359.28	0.99
2026-05-07T11:24:17.2613720+08:00	0x08	0.0153	-0.0285	0.4689	0.8826	55.91	357.94	3.07
2026-05-07T11:24:17.2848863+08:00	0x06	-0.7385	-0.1323	0.6533	-0.1012	176.17	262.36	18.81
2026-05-07T11:24:17.4307428+08:00	0x03	0.0219	0.0023	0.6161	0.7874	76.11	1.76	1.81
2026-05-07T11:24:17.5199864+08:00	0x04	-0.0154	-0.0084	-0.3738	0.9274	316.10	359.77	358.01
2026-05-07T11:24:17.5471713+08:00	0x07	0.6384	0.2904	-0.6304	0.3327	184.57	271.52	52.27
2026-05-07T11:24:17.5789548+08:00	0x05	-0.0024	-0.0009	0.4780	0.8783	57.11	359.77	359.80
2026-05-07T11:24:17.8194638+08:00	0x08	0.0153	-0.0285	0.4689	0.8826	55.91	357.94	3.07
2026-05-07T11:24:17.8411907+08:00	0x06	-0.7381	-0.1324	0.6538	-0.1010	176.17	262.43	18.80
2026-05-07T11:24:17.9875303+08:00	0x03	0.0219	0.0023	0.6161	0.7874	76.11	1.76	1.81
2026-05-07T11:24:18.0846757+08:00	0x07	0.5404	0.4464	-0.5228	0.4852	190.76	277.52	82.37
2026-05-07T11:24:18.1253099+08:00	0x04	-0.0154	-0.0084	-0.3738	0.9274	316.10	359.77	358.01
2026-05-07T11:24:18.3457853+08:00	0x08	0.0153	-0.0285	0.4689	0.8826	55.91	357.94	3.07
2026-05-07T11:24:18.3679238+08:00	0x09	0.0671	0.0435	0.7426	0.6650	96.43	9.07	1.41
2026-05-07T11:24:18.5092326+08:00	0x03	0.0219	0.0023	0.6161	0.7874	76.11	1.76	1.81
2026-05-07T11:24:18.6080524+08:00	0x07	0.4040	0.5728	-0.3767	0.6057	0.95	87.43	67.05
2026-05-07T11:24:18.6956444+08:00	0x02	0.0106	-0.0015	-0.4695	0.8829	303.99	359.27	0.99
2026-05-07T11:24:18.8780317+08:00	0x01	0.0107	-0.0324	0.7471	0.6638	96.71	358.45	3.59
2026-05-07T11:24:18.9398883+08:00	0x08	0.0152	-0.0285	0.4689	0.8826	55.91	357.93	3.07
2026-05-07T11:24:18.9828485+08:00	0x09	0.0671	0.0435	0.7426	0.6650	96.43	9.07	1.41
2026-05-07T11:24:19.0214674+08:00	0x03	0.0219	0.0023	0.6161	0.7874	76.11	1.76	1.81
2026-05-07T11:24:19.2151103+08:00	0x04	-0.0154	-0.0083	-0.3738	0.9274	316.10	359.77	358.01
2026-05-07T11:24:19.3905250+08:00	0x01	0.0107	-0.0324	0.7471	0.6638	96.71	358.45	3.59
2026-05-07T11:24:19.5119638+08:00	0x08	0.0153	-0.0285	0.4689	0.8826	55.91	357.93	3.08
2026-05-07T11:24:19.5917919+08:00	0x03	0.0219	0.0023	0.6161	0.7874	76.11	1.76	1.81
2026-05-07T11:24:19.6874878+08:00	0x07	0.2680	0.6478	-0.2341	0.6736	2.44	88.69	41.63
2026-05-07T11:24:19.8621316+08:00	0x04	-0.0154	-0.0084	-0.3738	0.9274	316.10	359.77	358.01
2026-05-07T11:24:19.9619244+08:00	0x01	0.0107	-0.0324	0.7471	0.6638	96.71	358.45	3.59
2026-05-07T11:24:20.0397478+08:00	0x09	0.0671	0.0435	0.7426	0.6650	96.43	9.07	1.41
2026-05-07T11:24:20.0793387+08:00	0x02	0.0106	-0.0015	-0.4695	0.8829	303.99	359.28	0.99
2026-05-07T11:24:20.2255480+08:00	0x07	-0.0577	0.6991	0.1000	0.7057	3.55	89.07	347.22
2026-05-07T11:24:20.3344094+08:00	0x02	0.0106	-0.0015	-0.4695	0.8829	303.99	359.28	0.99
2026-05-07T11:24:20.5265777+08:00	0x06	-0.7388	-0.1324	0.6530	-0.1010	176.14	262.30	18.80
2026-05-07T11:24:20.5584980+08:00	0x01	0.0107	-0.0324	0.7471	0.6638	96.71	358.45	3.59
2026-05-07T11:24:20.6144501+08:00	0x09	0.0671	0.0435	0.7426	0.6650	96.43	9.06	1.41
2026-05-07T11:24:20.6666356+08:00	0x03	0.0219	0.0023	0.6161	0.7874	76.11	1.76	1.81
2026-05-07T11:24:20.7832618+08:00	0x07	-0.2420	0.6584	0.2845	0.6534	4.22	88.75	316.30
2026-05-07T11:24:21.0460417+08:00	0x01	0.0107	-0.0324	0.7471	0.6638	96.71	358.45	3.59
2026-05-07T11:24:21.0692681+08:00	0x06	-0.7389	-0.1323	0.6530	-0.1009	176.14	262.30	18.77
2026-05-07T11:24:21.2014754+08:00	0x03	0.0219	0.0023	0.6161	0.7874	76.11	1.76	1.81
2026-05-07T11:24:21.2863496+08:00	0x04	-0.0154	-0.0083	-0.3738	0.9274	316.10	359.77	358.01
2026-05-07T11:24:21.3491153+08:00	0x07	-0.3797	0.5898	0.4199	0.5758	5.69	87.47	291.15
2026-05-07T11:24:21.5840673+08:00	0x06	-0.7390	-0.1318	0.6530	-0.1003	176.13	262.29	18.69
2026-05-07T11:24:21.6971527+08:00	0x09	0.0671	0.0435	0.7426	0.6650	96.43	9.06	1.41
2026-05-07T11:24:21.7426763+08:00	0x03	0.0219	0.0023	0.6161	0.7874	76.11	1.76	1.81
2026-05-07T11:24:21.8108103+08:00	0x08	0.0153	-0.0285	0.4689	0.8826	55.91	357.94	3.07
2026-05-07T11:24:21.8992729+08:00	0x07	-0.5194	0.4714	0.5545	0.4478	177.43	275.95	278.89
2026-05-07T11:24:22.1189596+08:00	0x01	0.0107	-0.0324	0.7471	0.6638	96.71	358.45	3.59
2026-05-07T11:24:22.2552377+08:00	0x08	0.0153	-0.0285	0.4689	0.8826	55.91	357.94	3.07
2026-05-07T11:24:22.2931319+08:00	0x09	0.0671	0.0435	0.7426	0.6650	96.43	9.06	1.41
2026-05-07T11:24:22.4398552+08:00	0x02	0.0106	-0.0015	-0.4695	0.8829	303.99	359.27	0.99
2026-05-07T11:24:22.6753509+08:00	0x06	-0.7395	-0.1319	0.6524	-0.1007	176.15	262.21	18.72
2026-05-07T11:24:22.7839818+08:00	0x08	0.0153	-0.0285	0.4689	0.8826	55.91	357.94	3.07
2026-05-07T11:24:22.8002384+08:00	0x09	0.0671	0.0435	0.7426	0.6650	96.43	9.07	1.41
2026-05-07T11:24:22.8766354+08:00	0x03	0.0219	0.0023	0.6161	0.7874	76.11	1.76	1.81
2026-05-07T11:24:22.9329296+08:00	0x04	-0.0153	-0.0083	-0.3738	0.9274	316.10	359.77	358.02
2026-05-07T11:24:22.9699184+08:00	0x07	-0.6241	0.3198	0.6523	0.2876	182.18	271.49	309.08
2026-05-07T11:24:22.9933706+08:00	0x02	0.0106	-0.0015	-0.4695	0.8829	303.99	359.27	0.99
2026-05-07T11:24:23.0231530+08:00	0x05	-0.0024	-0.0009	0.4780	0.8783	57.11	359.77	359.80
2026-05-07T11:24:23.2344238+08:00	0x08	0.0153	-0.0285	0.4689	0.8826	55.91	357.94	3.07
2026-05-07T11:24:23.2730834+08:00	0x06	-0.7384	-0.1322	0.6535	-0.1007	176.15	262.39	18.76
2026-05-07T11:24:23.3951236+08:00	0x09	0.0671	0.0435	0.7426	0.6650	96.43	9.07	1.41
2026-05-07T11:24:23.4498084+08:00	0x07	-0.7012	0.0032	0.7119	-0.0384	183.39	270.95	2.83
2026-05-07T11:24:23.4777400+08:00	0x03	0.0219	0.0023	0.6161	0.7874	76.11	1.76	1.81
2026-05-07T11:24:23.5117174+08:00	0x02	0.0106	-0.0015	-0.4695	0.8829	303.99	359.28	0.99
2026-05-07T11:24:23.7646408+08:00	0x06	-0.7387	-0.1309	0.6537	-0.0992	176.15	262.39	18.52
2026-05-07T11:24:23.8896813+08:00	0x09	0.0671	0.0435	0.7426	0.6650	96.43	9.07	1.41
2026-05-07T11:24:23.9899278+08:00	0x03	0.0219	0.0023	0.6161	0.7874	76.11	1.76	1.81
2026-05-07T11:24:24.0740826+08:00	0x02	0.0106	-0.0015	-0.4695	0.8829	303.99	359.28	0.99
2026-05-07T11:24:24.2738782+08:00	0x01	0.0107	-0.0324	0.7471	0.6638	96.71	358.45	3.59
2026-05-07T11:24:24.3361536+08:00	0x08	0.0153	-0.0285	0.4689	0.8826	55.91	357.93	3.08
2026-05-07T11:24:24.4906689+08:00	0x09	0.0671	0.0435	0.7426	0.6650	96.43	9.06	1.42
2026-05-07T11:24:24.5292842+08:00	0x03	0.0219	0.0023	0.6161	0.7874	76.11	1.76	1.81
2026-05-07T11:24:24.5687862+08:00	0x07	-0.6892	-0.1230	0.6947	-0.1648	183.72	271.23	23.46
2026-05-07T11:24:24.5982770+08:00	0x02	0.0106	-0.0015	-0.4695	0.8829	303.99	359.28	0.99
2026-05-07T11:24:24.8415748+08:00	0x01	0.0107	-0.0324	0.7471	0.6638	96.71	358.45	3.59
2026-05-07T11:24:24.9009947+08:00	0x08	0.0153	-0.0285	0.4689	0.8826	55.91	357.93	3.08
2026-05-07T11:24:25.0226680+08:00	0x04	-0.0154	-0.0083	-0.3738	0.9274	316.10	359.78	358.01
2026-05-07T11:24:25.0469579+08:00	0x09	0.0671	0.0435	0.7426	0.6650	96.43	9.07	1.41
2026-05-07T11:24:25.1008288+08:00	0x07	-0.5463	-0.4383	0.5297	-0.4784	189.97	276.71	80.77
2026-05-07T11:24:25.1652259+08:00	0x03	0.0219	0.0023	0.6161	0.7874	76.11	1.76	1.81
2026-05-07T11:24:25.2928430+08:00	0x02	0.0106	-0.0015	-0.4695	0.8829	303.99	359.28	0.99
2026-05-07T11:24:25.3729553+08:00	0x01	0.0107	-0.0324	0.7471	0.6638	96.71	358.45	3.59
2026-05-07T11:24:25.4518273+08:00	0x08	0.0153	-0.0285	0.4689	0.8826	55.91	357.93	3.08
2026-05-07T11:24:25.5942828+08:00	0x04	-0.0153	-0.0083	-0.3738	0.9274	316.10	359.77	358.02
2026-05-07T11:24:25.6322459+08:00	0x09	0.0671	0.0435	0.7426	0.6650	96.43	9.07	1.41
2026-05-07T11:24:25.6733990+08:00	0x03	0.0219	0.0023	0.6161	0.7874	76.11	1.76	1.81
2026-05-07T11:24:25.6954943+08:00	0x07	-0.4384	-0.5471	0.4129	-0.5814	359.90	86.43	74.05
2026-05-07T11:24:25.7416570+08:00	0x05	-0.0025	-0.0009	0.4780	0.8783	57.11	359.78	359.80
2026-05-07T11:24:25.7572005+08:00	0x02	0.0106	-0.0015	-0.4695	0.8829	303.99	359.28	0.99
2026-05-07T11:24:25.9519273+08:00	0x01	0.0107	-0.0324	0.7471	0.6638	96.71	358.45	3.59
2026-05-07T11:24:26.1319258+08:00	0x09	0.0671	0.0435	0.7426	0.6650	96.43	9.07	1.41
2026-05-07T11:24:26.1936697+08:00	0x03	0.0219	0.0023	0.6161	0.7874	76.11	1.76	1.81
2026-05-07T11:24:26.3752951+08:00	0x02	0.0106	-0.0015	-0.4695	0.8829	303.99	359.28	0.99
2026-05-07T11:24:26.4561115+08:00	0x01	0.0107	-0.0324	0.7471	0.6638	96.71	358.45	3.59
2026-05-07T11:24:26.5248614+08:00	0x06	-0.7395	-0.1318	0.6523	-0.1010	176.17	262.19	18.75
2026-05-07T11:24:26.6961188+08:00	0x04	-0.0153	-0.0083	-0.3738	0.9274	316.10	359.78	358.02
2026-05-07T11:24:26.7409980+08:00	0x03	0.0219	0.0023	0.6161	0.7874	76.11	1.76	1.81
2026-05-07T11:24:26.7829349+08:00	0x07	-0.2903	-0.6390	0.2556	-0.6649	2.54	88.78	45.46
2026-05-07T11:24:26.8340668+08:00	0x02	0.0106	-0.0015	-0.4695	0.8829	303.99	359.28	0.99
2026-05-07T11:24:27.0524629+08:00	0x01	0.0107	-0.0324	0.7471	0.6638	96.71	358.45	3.59
2026-05-07T11:24:27.1034168+08:00	0x08	0.0153	-0.0285	0.4689	0.8826	55.91	357.94	3.07
2026-05-07T11:24:27.2560587+08:00	0x04	-0.0154	-0.0083	-0.3738	0.9274	316.10	359.78	358.01
2026-05-07T11:24:27.2943832+08:00	0x09	0.0671	0.0435	0.7426	0.6650	96.43	9.07	1.41
2026-05-07T11:24:27.3248704+08:00	0x07	0.0165	-0.7022	-0.0587	-0.7093	3.47	89.24	353.93
2026-05-07T11:24:27.3474862+08:00	0x03	0.0219	0.0023	0.6161	0.7874	76.11	1.76	1.81
2026-05-07T11:24:27.4621149+08:00	0x02	0.0106	-0.0015	-0.4695	0.8829	303.99	359.28	0.99
2026-05-07T11:24:27.5666053+08:00	0x06	-0.7395	-0.1331	0.6520	-0.1022	176.15	262.16	18.94
2026-05-07T11:24:27.6220868+08:00	0x08	0.0152	-0.0285	0.4689	0.8826	55.91	357.93	3.07
2026-05-07T11:24:27.8011654+08:00	0x04	-0.0153	-0.0083	-0.3738	0.9274	316.10	359.77	358.02
2026-05-07T11:24:27.8375670+08:00	0x07	0.1933	-0.6757	-0.2357	-0.6713	3.88	89.14	324.69
2026-05-07T11:24:27.8842264+08:00	0x09	0.0671	0.0435	0.7426	0.6650	96.43	9.06	1.41
2026-05-07T11:24:28.0524726+08:00	0x02	0.0106	-0.0015	-0.4695	0.8829	303.99	359.28	0.99
2026-05-07T11:24:28.1406935+08:00	0x01	0.0107	-0.0324	0.7471	0.6638	96.71	358.45	3.59
2026-05-07T11:24:28.3877148+08:00	0x09	0.0671	0.0435	0.7426	0.6650	96.43	9.07	1.41
2026-05-07T11:24:28.4568849+08:00	0x03	0.0219	0.0023	0.6161	0.7874	76.11	1.75	1.81
2026-05-07T11:24:28.4963793+08:00	0x04	-0.0153	-0.0083	-0.3738	0.9274	316.10	359.77	358.02
2026-05-07T11:24:28.6568524+08:00	0x06	-0.7383	-0.1332	0.6532	-0.1025	176.19	262.37	18.99
2026-05-07T11:24:28.8879917+08:00	0x05	-0.0025	-0.0009	0.4780	0.8783	57.11	359.77	359.80
2026-05-07T11:24:28.9405729+08:00	0x09	0.0671	0.0435	0.7426	0.6650	96.43	9.07	1.41
2026-05-07T11:24:29.0334886+08:00	0x02	0.0107	-0.0015	-0.4695	0.8829	303.99	359.28	1.00
2026-05-07T11:24:29.1666354+08:00	0x07	0.3288	-0.6201	-0.3702	-0.6085	4.79	88.35	300.76
2026-05-07T11:24:29.1886151+08:00	0x06	-0.7376	-0.1334	0.6539	-0.1027	176.21	262.48	19.02
2026-05-07T11:24:29.4458858+08:00	0x04	-0.0153	-0.0083	-0.3738	0.9274	316.10	359.78	358.02
2026-05-07T11:24:29.5051732+08:00	0x07	0.5836	-0.3895	-0.6148	-0.3602	181.53	272.03	295.93
2026-05-07T11:24:29.5543163+08:00	0x09	0.0671	0.0435	0.7426	0.6650	96.43	9.07	1.41
2026-05-07T11:24:29.7515890+08:00	0x08	0.0153	-0.0285	0.4689	0.8826	55.91	357.93	3.08
2026-05-07T11:24:29.7705362+08:00	0x06	-0.7380	-0.1328	0.6537	-0.1016	176.17	262.43	18.88
2026-05-07T11:24:29.9329360+08:00	0x04	-0.0153	-0.0083	-0.3738	0.9274	316.10	359.78	358.02
2026-05-07T11:24:30.0399455+08:00	0x07	0.6538	-0.2540	-0.6782	-0.2191	182.58	271.19	320.87
2026-05-07T11:24:30.0946006+08:00	0x03	0.0219	0.0023	0.6161	0.7873	76.12	1.76	1.81
2026-05-07T11:24:30.1330890+08:00	0x02	0.0107	-0.0015	-0.4695	0.8829	303.99	359.28	1.00
2026-05-07T11:24:30.2761701+08:00	0x01	0.0107	-0.0324	0.7471	0.6638	96.71	358.45	3.59
2026-05-07T11:24:30.3669303+08:00	0x08	0.0153	-0.0285	0.4689	0.8826	55.91	357.93	3.08
2026-05-07T11:24:30.4364546+08:00	0x06	-0.7394	-0.1327	0.6523	-0.1010	176.10	262.19	18.81
2026-05-07T11:24:30.5773939+08:00	0x09	0.0671	0.0435	0.7426	0.6650	96.43	9.06	1.41
2026-05-07T11:24:30.6432017+08:00	0x07	0.6967	-0.0839	-0.7111	-0.0439	183.17	270.88	349.60
2026-05-07T11:24:30.7035956+08:00	0x03	0.0219	0.0023	0.6161	0.7873	76.12	1.76	1.81
2026-05-07T11:24:30.8519458+08:00	0x08	0.0153	-0.0285	0.4689	0.8826	55.91	357.93	3.08
2026-05-07T11:24:31.0078616+08:00	0x06	-0.7411	-0.1326	0.6503	-0.1013	176.07	261.88	18.82
2026-05-07T11:24:31.0270062+08:00	0x04	-0.0153	-0.0083	-0.3738	0.9274	316.10	359.78	358.02
2026-05-07T11:24:31.1342352+08:00	0x09	0.0671	0.0435	0.7426	0.6650	96.43	9.06	1.41
2026-05-07T11:24:31.1648634+08:00	0x05	-0.0025	-0.0009	0.4780	0.8783	57.11	359.77	359.80
2026-05-07T11:24:31.3500231+08:00	0x01	0.0107	-0.0324	0.7471	0.6638	96.71	358.45	3.59
2026-05-07T11:24:31.4041030+08:00	0x08	0.0153	-0.0285	0.4689	0.8826	55.91	357.93	3.08
2026-05-07T11:24:31.6317704+08:00	0x04	-0.0153	-0.0083	-0.3738	0.9274	316.10	359.78	358.02
2026-05-07T11:24:31.7540850+08:00	0x07	0.6964	0.0936	-0.6983	0.1366	183.66	270.75	18.72
2026-05-07T11:24:31.7929270+08:00	0x02	0.0107	-0.0015	-0.4695	0.8829	303.99	359.28	1.00
2026-05-07T11:24:31.8858079+08:00	0x01	0.0107	-0.0324	0.7471	0.6638	96.71	358.45	3.59
2026-05-07T11:24:31.9400200+08:00	0x08	0.0153	-0.0285	0.4689	0.8826	55.91	357.93	3.08
2026-05-07T11:24:31.9709721+08:00	0x06	-0.7412	-0.1329	0.6501	-0.1015	176.06	261.85	18.86
2026-05-07T11:24:32.1253641+08:00	0x04	-0.0153	-0.0083	-0.3738	0.9274	316.10	359.77	358.02
2026-05-07T11:24:32.1629947+08:00	0x09	0.0671	0.0435	0.7426	0.6650	96.43	9.06	1.41
2026-05-07T11:24:32.3020378+08:00	0x07	0.5839	0.3923	-0.5657	0.4302	185.09	271.82	71.14
2026-05-07T11:24:32.4564411+08:00	0x01	0.0107	-0.0324	0.7471	0.6638	96.71	358.45	3.59
2026-05-07T11:24:32.5179439+08:00	0x08	0.0153	-0.0285	0.4689	0.8826	55.91	357.94	3.07
2026-05-07T11:24:32.6797973+08:00	0x04	-0.0153	-0.0083	-0.3738	0.9274	316.10	359.77	358.02
2026-05-07T11:24:32.7565225+08:00	0x09	0.0671	0.0435	0.7426	0.6650	96.43	9.06	1.41
2026-05-07T11:24:32.8271032+08:00	0x03	0.0219	0.0023	0.6161	0.7873	76.12	1.76	1.81
2026-05-07T11:24:32.8459692+08:00	0x07	0.4816	0.5123	-0.4554	0.5461	358.12	84.67	83.02
2026-05-07T11:24:33.0263627+08:00	0x08	0.0153	-0.0285	0.4689	0.8826	55.91	357.94	3.07
2026-05-07T11:24:33.0664548+08:00	0x06	-0.7395	-0.1335	0.6518	-0.1026	176.14	262.14	19.01
2026-05-07T11:24:33.1984703+08:00	0x04	-0.0153	-0.0083	-0.3738	0.9274	316.10	359.77	358.02
2026-05-07T11:24:33.3070254+08:00	0x09	0.0671	0.0435	0.7426	0.6650	96.43	9.06	1.41
2026-05-07T11:24:33.4296694+08:00	0x03	0.0219	0.0023	0.6161	0.7873	76.12	1.76	1.81
2026-05-07T11:24:33.4764861+08:00	0x02	0.0107	-0.0015	-0.4695	0.8829	303.99	359.28	1.00
2026-05-07T11:24:33.5061991+08:00	0x06	-0.7382	-0.1334	0.6532	-0.1028	176.20	262.37	19.03
2026-05-07T11:24:33.6462057+08:00	0x01	0.0107	-0.0324	0.7471	0.6638	96.71	358.45	3.59
2026-05-07T11:24:33.7397767+08:00	0x08	0.0153	-0.0285	0.4689	0.8826	55.91	357.94	3.07
2026-05-07T11:24:33.7797670+08:00	0x04	-0.0153	-0.0083	-0.3738	0.9274	316.10	359.78	358.02
2026-05-07T11:24:33.9554602+08:00	0x03	0.0219	0.0023	0.6161	0.7873	76.12	1.75	1.81
2026-05-07T11:24:33.9786468+08:00	0x02	0.0107	-0.0015	-0.4695	0.8829	303.99	359.28	1.00
2026-05-07T11:24:34.0666280+08:00	0x07	0.3344	0.6178	-0.3009	0.6449	2.41	88.75	53.43
2026-05-07T11:24:34.1157585+08:00	0x06	-0.7383	-0.1332	0.6532	-0.1025	176.19	262.36	18.98
2026-05-07T11:24:34.1477165+08:00	0x01	0.0107	-0.0324	0.7471	0.6638	96.71	358.45	3.59
2026-05-07T11:24:34.3424753+08:00	0x05	-0.0024	-0.0009	0.4780	0.8783	57.11	359.78	359.80
2026-05-07T11:24:34.3763848+08:00	0x09	0.0671	0.0435	0.7426	0.6650	96.43	9.06	1.41
2026-05-07T11:24:34.5038616+08:00	0x07	0.0185	0.7009	0.0237	0.7127	3.42	89.03	359.61
2026-05-07T11:24:34.5657101+08:00	0x03	0.0219	0.0023	0.6161	0.7873	76.12	1.76	1.81
2026-05-07T11:24:34.7074721+08:00	0x08	0.0152	-0.0285	0.4689	0.8826	55.91	357.93	3.07
2026-05-07T11:24:34.7239670+08:00	0x01	0.0107	-0.0324	0.7471	0.6638	96.71	358.45	3.58
2026-05-07T11:24:34.9157397+08:00	0x09	0.0671	0.0435	0.7426	0.6650	96.43	9.06	1.41
2026-05-07T11:24:35.0258313+08:00	0x07	-0.1646	0.6819	0.2089	0.6814	4.01	88.95	329.39
2026-05-07T11:24:35.1650794+08:00	0x06	-0.7407	-0.1323	0.6509	-0.1010	176.10	261.97	18.78
2026-05-07T11:24:35.2578896+08:00	0x08	0.0153	-0.0285	0.4689	0.8826	55.91	357.94	3.07
2026-05-07T11:24:35.4424758+08:00	0x09	0.0671	0.0435	0.7426	0.6650	96.43	9.06	1.41
2026-05-07T11:24:35.5740009+08:00	0x03	0.0219	0.0023	0.6161	0.7873	76.12	1.76	1.81
2026-05-07T11:24:35.6589387+08:00	0x02	0.0106	-0.0015	-0.4695	0.8829	303.99	359.28	0.99
2026-05-07T11:24:35.7751871+08:00	0x01	0.0107	-0.0324	0.7471	0.6638	96.71	358.45	3.59
2026-05-07T11:24:35.9504311+08:00	0x08	0.0153	-0.0285	0.4689	0.8826	55.91	357.94	3.07
2026-05-07T11:24:35.9849384+08:00	0x09	0.0671	0.0435	0.7426	0.6650	96.43	9.06	1.41
2026-05-07T11:24:36.1090843+08:00	0x03	0.0219	0.0023	0.6161	0.7873	76.12	1.76	1.81
2026-05-07T11:24:36.2013988+08:00	0x02	0.0106	-0.0015	-0.4695	0.8829	303.99	359.28	0.99
2026-05-07T11:24:36.2633486+08:00	0x08	0.0152	-0.0285	0.4689	0.8826	55.91	357.93	3.07
2026-05-07T11:24:36.2791150+08:00	0x07	-0.3051	0.6323	0.3476	0.6215	4.62	88.59	305.03
2026-05-07T11:24:36.5282586+08:00	0x09	0.0671	0.0435	0.7426	0.6650	96.43	9.06	1.41
2026-05-07T11:24:36.6216826+08:00	0x04	-0.0153	-0.0083	-0.3738	0.9274	316.10	359.78	358.02
2026-05-07T11:24:36.7032846+08:00	0x07	-0.5507	0.4355	0.5842	0.4073	180.75	272.82	286.80
2026-05-07T11:24:36.7302138+08:00	0x02	0.0107	-0.0015	-0.4695	0.8829	303.99	359.28	1.00
2026-05-07T11:24:36.7845965+08:00	0x06	-0.7399	-0.1325	0.6517	-0.1018	176.16	262.11	18.87
2026-05-07T11:24:36.9110191+08:00	0x03	0.0219	0.0023	0.6161	0.7873	76.12	1.76	1.81
2026-05-07T11:24:37.0662191+08:00	0x09	0.0671	0.0435	0.7426	0.6650	96.43	9.06	1.41
2026-05-07T11:24:37.1593568+08:00	0x04	-0.0153	-0.0083	-0.3738	0.9274	316.10	359.78	358.02
2026-05-07T11:24:37.2275564+08:00	0x07	-0.6426	0.2818	0.6684	0.2467	182.58	271.21	316.06
2026-05-07T11:24:37.2523531+08:00	0x03	0.0219	0.0023	0.6161	0.7873	76.12	1.76	1.81
2026-05-07T11:24:37.3564132+08:00	0x08	0.0153	-0.0285	0.4689	0.8826	55.91	357.94	3.07
2026-05-07T11:24:37.5441323+08:00	0x06	-0.7395	-0.1322	0.6521	-0.1016	176.18	262.18	18.83
2026-05-07T11:24:37.7241285+08:00	0x04	-0.0153	-0.0083	-0.3738	0.9274	316.10	359.78	358.02
2026-05-07T11:24:37.7735305+08:00	0x03	0.0219	0.0023	0.6161	0.7873	76.12	1.76	1.81
2026-05-07T11:24:37.9253209+08:00	0x08	0.0153	-0.0285	0.4689	0.8826	55.91	357.94	3.07
2026-05-07T11:24:37.9439671+08:00	0x06	-0.7389	-0.1319	0.6530	-0.1011	176.19	262.30	18.76
2026-05-07T11:24:38.0959394+08:00	0x09	0.0671	0.0435	0.7426	0.6650	96.43	9.06	1.41
2026-05-07T11:24:38.1854401+08:00	0x04	-0.0153	-0.0083	-0.3738	0.9274	316.10	359.78	358.02
2026-05-07T11:24:38.3278075+08:00	0x03	0.0219	0.0023	0.6161	0.7873	76.12	1.76	1.81
2026-05-07T11:24:38.3628705+08:00	0x07	-0.6920	0.1151	0.7088	0.0747	183.18	270.94	344.55
2026-05-07T11:24:38.4302422+08:00	0x01	0.0107	-0.0324	0.7471	0.6638	96.71	358.45	3.59
2026-05-07T11:24:38.4689054+08:00	0x06	-0.7391	-0.1322	0.6526	-0.1012	176.16	262.25	18.79
2026-05-07T11:24:38.6128011+08:00	0x09	0.0671	0.0435	0.7426	0.6650	96.43	9.06	1.41
2026-05-07T11:24:38.8323634+08:00	0x04	-0.0153	-0.0083	-0.3738	0.9274	316.10	359.78	358.02
2026-05-07T11:24:38.9057404+08:00	0x03	0.0219	0.0023	0.6161	0.7873	76.12	1.76	1.81
2026-05-07T11:24:38.9674111+08:00	0x01	0.0107	-0.0324	0.7471	0.6638	96.71	358.45	3.59
2026-05-07T11:24:39.0039398+08:00	0x08	0.0153	-0.0285	0.4689	0.8826	55.91	357.94	3.08
2026-05-07T11:24:39.1476774+08:00	0x09	0.0671	0.0435	0.7426	0.6650	96.43	9.06	1.41
2026-05-07T11:24:39.2771353+08:00	0x04	-0.0153	-0.0083	-0.3738	0.9274	316.10	359.78	358.02
2026-05-07T11:24:39.3788249+08:00	0x07	-0.6741	-0.1960	0.6710	-0.2386	183.95	271.01	35.78
2026-05-07T11:24:39.4790192+08:00	0x02	0.0106	-0.0015	-0.4695	0.8829	303.99	359.28	0.99
2026-05-07T11:24:39.5518404+08:00	0x08	0.0153	-0.0285	0.4689	0.8826	55.91	357.94	3.07
2026-05-07T11:24:39.6888243+08:00	0x09	0.0671	0.0435	0.7426	0.6650	96.43	9.06	1.41
2026-05-07T11:24:39.7745182+08:00	0x05	-0.0024	-0.0009	0.4780	0.8783	57.11	359.78	359.81
2026-05-07T11:24:39.9123046+08:00	0x07	-0.5373	-0.4520	0.5170	-0.4896	190.40	277.08	83.46
2026-05-07T11:24:39.9541369+08:00	0x02	0.0106	-0.0015	-0.4695	0.8829	303.99	359.28	0.99
2026-05-07T11:24:40.1215455+08:00	0x03	0.0219	0.0023	0.6161	0.7873	76.12	1.76	1.81
2026-05-07T11:24:40.1745243+08:00	0x09	0.0671	0.0435	0.7426	0.6650	96.43	9.06	1.41
2026-05-07T11:24:40.2752380+08:00	0x01	0.0107	-0.0324	0.7471	0.6638	96.71	358.45	3.59
2026-05-07T11:24:40.3744808+08:00	0x04	-0.0153	-0.0083	-0.3738	0.9274	316.10	359.77	358.02
2026-05-07T11:24:40.4691956+08:00	0x02	0.0107	-0.0015	-0.4695	0.8829	303.99	359.28	1.00
2026-05-07T11:24:40.5768381+08:00	0x06	-0.7410	-0.1324	0.6505	-0.1009	176.07	261.91	18.77
2026-05-07T11:24:40.7229873+08:00	0x09	0.0671	0.0435	0.7426	0.6650	96.43	9.06	1.41
2026-05-07T11:24:40.9573225+08:00	0x04	-0.0153	-0.0083	-0.3738	0.9274	316.10	359.77	358.02
2026-05-07T11:24:40.9867896+08:00	0x07	-0.4051	-0.5735	0.3757	-0.6048	1.51	87.96	67.08
2026-05-07T11:24:41.0407258+08:00	0x02	0.0107	-0.0015	-0.4695	0.8829	303.99	359.28	1.00
2026-05-07T11:24:41.1031434+08:00	0x06	-0.7405	-0.1322	0.6512	-0.1010	176.11	262.02	18.77
2026-05-07T11:24:41.1811559+08:00	0x03	0.0219	0.0023	0.6161	0.7873	76.12	1.75	1.81
2026-05-07T11:24:41.2692925+08:00	0x09	0.0671	0.0435	0.7426	0.6650	96.43	9.06	1.41
2026-05-07T11:24:41.4706376+08:00	0x04	-0.0153	-0.0083	-0.3738	0.9274	316.10	359.77	358.02
2026-05-07T11:24:41.5174164+08:00	0x07	-0.1113	-0.6935	0.0706	-0.7083	3.22	89.21	14.81
2026-05-07T11:24:41.5837401+08:00	0x03	0.0219	0.0023	0.6161	0.7873	76.12	1.75	1.81
2026-05-07T11:24:41.6715001+08:00	0x06	-0.7395	-0.1322	0.6522	-0.1014	176.17	262.19	18.81
2026-05-07T11:24:41.7343521+08:00	0x01	0.0107	-0.0324	0.7471	0.6638	96.71	358.45	3.59
2026-05-07T11:24:41.7672798+08:00	0x09	0.0671	0.0435	0.7426	0.6650	96.43	9.06	1.41
2026-05-07T11:24:42.0512073+08:00	0x05	-0.0024	-0.0009	0.4780	0.8783	57.11	359.78	359.81
2026-05-07T11:24:42.0742284+08:00	0x04	-0.0153	-0.0083	-0.3738	0.9274	316.10	359.78	358.02
2026-05-07T11:24:42.1517159+08:00	0x02	0.0107	-0.0015	-0.4695	0.8829	303.99	359.28	1.00
2026-05-07T11:24:42.3048712+08:00	0x09	0.0671	0.0435	0.7426	0.6650	96.43	9.06	1.41
2026-05-07T11:24:42.3362935+08:00	0x01	0.0107	-0.0324	0.7471	0.6638	96.71	358.45	3.59
2026-05-07T11:24:42.5219717+08:00	0x05	-0.0024	-0.0009	0.4780	0.8783	57.11	359.78	359.81
2026-05-07T11:24:42.5919019+08:00	0x07	0.0412	-0.7006	-0.0841	-0.7074	3.57	89.13	349.85
2026-05-07T11:24:42.6614009+08:00	0x06	-0.7391	-0.1314	0.6529	-0.1007	176.20	262.29	18.69
2026-05-07T11:24:42.6848435+08:00	0x03	0.0219	0.0023	0.6161	0.7873	76.12	1.75	1.81
2026-05-07T11:24:42.7724046+08:00	0x01	0.0107	-0.0324	0.7471	0.6638	96.71	358.45	3.59
2026-05-07T11:24:42.8663649+08:00	0x08	0.0153	-0.0285	0.4689	0.8826	55.91	357.94	3.07
2026-05-07T11:24:42.9016503+08:00	0x09	0.0671	0.0435	0.7426	0.6650	96.43	9.06	1.41
2026-05-07T11:24:43.0568005+08:00	0x04	-0.0153	-0.0083	-0.3738	0.9274	316.10	359.78	358.02
2026-05-07T11:24:43.1260185+08:00	0x07	0.3428	-0.6118	-0.3845	-0.6003	5.13	88.00	298.11
2026-05-07T11:24:43.2138829+08:00	0x03	0.0219	0.0023	0.6161	0.7873	76.12	1.76	1.81
2026-05-07T11:24:43.2720305+08:00	0x01	0.0107	-0.0324	0.7471	0.6638	96.71	358.45	3.59
2026-05-07T11:24:43.4179297+08:00	0x09	0.0671	0.0435	0.7426	0.6650	96.43	9.07	1.41
2026-05-07T11:24:43.6593319+08:00	0x04	-0.0153	-0.0083	-0.3738	0.9274	316.10	359.78	358.02
2026-05-07T11:24:43.6978311+08:00	0x02	0.0107	-0.0015	-0.4695	0.8829	303.99	359.28	1.00
2026-05-07T11:24:43.7522608+08:00	0x03	0.0219	0.0023	0.6161	0.7873	76.12	1.76	1.81
2026-05-07T11:24:43.8825685+08:00	0x06	-0.7393	-0.1310	0.6527	-0.1007	176.23	262.26	18.67
2026-05-07T11:24:43.9528401+08:00	0x08	0.0153	-0.0285	0.4689	0.8826	55.91	357.94	3.07
2026-05-07T11:24:44.0839708+08:00	0x01	0.0107	-0.0324	0.7471	0.6638	96.71	358.45	3.59
2026-05-07T11:24:44.1298960+08:00	0x04	-0.0153	-0.0083	-0.3738	0.9274	316.10	359.77	358.02
2026-05-07T11:24:44.2540463+08:00	0x07	0.4865	-0.5050	-0.5238	-0.4836	145.31	308.05	271.54
2026-05-07T11:24:44.3081747+08:00	0x03	0.0219	0.0023	0.6161	0.7873	76.12	1.76	1.81
2026-05-07T11:24:44.3385672+08:00	0x06	-0.7394	-0.1310	0.6528	-0.1004	176.21	262.26	18.63
2026-05-07T11:24:44.5380940+08:00	0x08	0.0153	-0.0285	0.4689	0.8826	55.91	357.94	3.07
2026-05-07T11:24:44.7159746+08:00	0x04	-0.0154	-0.0083	-0.3738	0.9274	316.10	359.78	358.01
2026-05-07T11:24:44.8165909+08:00	0x02	0.0106	-0.0015	-0.4695	0.8829	303.99	359.28	0.99
2026-05-07T11:24:44.8636630+08:00	0x03	0.0219	0.0023	0.6161	0.7873	76.12	1.76	1.81
2026-05-07T11:24:44.9735810+08:00	0x01	0.0107	-0.0324	0.7471	0.6638	96.71	358.45	3.59
2026-05-07T11:24:45.0798436+08:00	0x09	0.0671	0.0435	0.7426	0.6650	96.43	9.06	1.41
2026-05-07T11:24:45.2111147+08:00	0x05	-0.0024	-0.0009	0.4780	0.8783	57.11	359.78	359.80
2026-05-07T11:24:45.2745891+08:00	0x07	0.6566	-0.2462	-0.6811	-0.2106	182.64	271.20	322.27
2026-05-07T11:24:45.3144803+08:00	0x02	0.0106	-0.0015	-0.4695	0.8829	303.99	359.28	0.99
2026-05-07T11:24:45.4188766+08:00	0x03	0.0219	0.0023	0.6161	0.7873	76.12	1.76	1.81
2026-05-07T11:24:45.4338546+08:00	0x06	-0.7379	-0.1314	0.6543	-0.1009	176.26	262.51	18.71
2026-05-07T11:24:45.6161084+08:00	0x09	0.0671	0.0435	0.7426	0.6650	96.43	9.06	1.41
2026-05-07T11:24:45.6513273+08:00	0x08	0.0153	-0.0285	0.4689	0.8826	55.91	357.94	3.07
2026-05-07T11:24:45.8017838+08:00	0x04	-0.0153	-0.0083	-0.3738	0.9274	316.10	359.78	358.02
2026-05-07T11:24:45.8675391+08:00	0x07	0.6996	0.0328	-0.7098	0.0750	183.51	271.10	8.71
2026-05-07T11:24:45.9092284+08:00	0x02	0.0106	-0.0015	-0.4695	0.8829	303.99	359.28	0.99
2026-05-07T11:24:45.9399143+08:00	0x06	-0.7365	-0.1304	0.6561	-0.1004	176.34	262.79	18.60
2026-05-07T11:24:45.9780488+08:00	0x03	0.0219	0.0023	0.6161	0.7873	76.12	1.76	1.81
2026-05-07T11:24:46.0659456+08:00	0x01	0.0107	-0.0324	0.7471	0.6638	96.71	358.45	3.59
2026-05-07T11:24:46.2057472+08:00	0x08	0.0153	-0.0284	0.4689	0.8826	55.91	357.94	3.07
2026-05-07T11:24:46.2227015+08:00	0x09	0.0671	0.0435	0.7426	0.6650	96.43	9.06	1.41
2026-05-07T11:24:46.3113241+08:00	0x04	-0.0153	-0.0083	-0.3738	0.9274	316.10	359.77	358.02
2026-05-07T11:24:46.4069307+08:00	0x07	0.6709	0.2009	-0.6704	0.2452	184.23	271.37	36.75
2026-05-07T11:24:46.4989182+08:00	0x03	0.0219	0.0023	0.6161	0.7873	76.12	1.76	1.81
2026-05-07T11:24:46.6104677+08:00	0x01	0.0107	-0.0324	0.7471	0.6638	96.71	358.45	3.59
2026-05-07T11:24:46.7038021+08:00	0x09	0.0671	0.0435	0.7426	0.6650	96.43	9.06	1.41
2026-05-07T11:24:46.8851037+08:00	0x04	-0.0153	-0.0083	-0.3738	0.9274	316.10	359.78	358.02
2026-05-07T11:24:46.9429676+08:00	0x07	0.6053	0.3486	-0.6001	0.3897	185.75	273.03	62.90
2026-05-07T11:24:46.9833809+08:00	0x06	-0.7299	-0.1326	0.6628	-0.1021	176.46	263.89	18.95
2026-05-07T11:24:47.0689268+08:00	0x03	0.0219	0.0023	0.6161	0.7873	76.12	1.76	1.81
2026-05-07T11:24:47.1059357+08:00	0x01	0.0107	-0.0324	0.7471	0.6638	96.71	358.45	3.59
2026-05-07T11:24:47.2431853+08:00	0x09	0.0671	0.0435	0.7426	0.6650	96.43	9.06	1.41
2026-05-07T11:24:47.4758298+08:00	0x07	0.5259	0.4581	-0.5143	0.4991	201.02	288.01	84.95
2026-05-07T11:24:47.5158250+08:00	0x05	-0.0024	-0.0009	0.4780	0.8783	57.11	359.77	359.81
2026-05-07T11:24:47.5308231+08:00	0x06	-0.7312	-0.1315	0.6617	-0.1014	176.48	263.71	18.80
2026-05-07T11:24:47.5701621+08:00	0x02	0.0107	-0.0015	-0.4695	0.8829	303.99	359.28	1.00
2026-05-07T11:24:47.7077748+08:00	0x01	0.0107	-0.0324	0.7471	0.6638	96.71	358.45	3.59
2026-05-07T11:24:47.8011609+08:00	0x08	0.0153	-0.0285	0.4689	0.8826	55.91	357.94	3.07
2026-05-07T11:24:47.9239028+08:00	0x09	0.0671	0.0435	0.7426	0.6650	96.43	9.06	1.41
2026-05-07T11:24:48.0104856+08:00	0x07	0.4157	0.5611	-0.3934	0.5980	359.34	85.89	69.83
2026-05-07T11:24:48.0690692+08:00	0x02	0.0107	-0.0015	-0.4695	0.8829	303.99	359.28	1.00
2026-05-07T11:24:48.1739555+08:00	0x03	0.0219	0.0023	0.6161	0.7873	76.12	1.76	1.81
2026-05-07T11:24:48.1974520+08:00	0x01	0.0107	-0.0324	0.7471	0.6638	96.71	358.45	3.59
2026-05-07T11:24:48.3540165+08:00	0x09	0.0671	0.0434	0.7426	0.6650	96.43	9.06	1.42
2026-05-07T11:24:48.4899231+08:00	0x07	0.3121	0.6248	-0.2841	0.6569	1.49	87.82	49.91
2026-05-07T11:24:48.5618349+08:00	0x04	-0.0153	-0.0083	-0.3738	0.9274	316.10	359.77	358.02
2026-05-07T11:24:48.6009733+08:00	0x06	-0.7345	-0.1314	0.6581	-0.1008	176.35	263.12	18.73
2026-05-07T11:24:48.7088921+08:00	0x03	0.0219	0.0023	0.6161	0.7873	76.12	1.76	1.81
2026-05-07T11:24:48.7940305+08:00	0x01	0.0107	-0.0324	0.7471	0.6638	96.71	358.45	3.59
2026-05-07T11:24:48.8668395+08:00	0x08	0.0152	-0.0285	0.4689	0.8826	55.91	357.93	3.07
2026-05-07T11:24:49.0801140+08:00	0x04	-0.0153	-0.0083	-0.3738	0.9274	316.10	359.77	358.02
2026-05-07T11:24:49.1105651+08:00	0x07	0.2031	0.6701	-0.1698	0.6934	2.45	88.71	30.62
2026-05-07T11:24:49.1631325+08:00	0x02	0.0107	-0.0015	-0.4695	0.8829	303.99	359.28	1.00
2026-05-07T11:24:49.1789366+08:00	0x06	-0.7364	-0.1314	0.6560	-0.1000	176.23	262.77	18.64
2026-05-07T11:24:49.2437547+08:00	0x03	0.0219	0.0023	0.6161	0.7873	76.12	1.76	1.81
2026-05-07T11:24:49.3145934+08:00	0x01	0.0107	-0.0324	0.7471	0.6638	96.71	358.45	3.58
2026-05-07T11:24:49.4636648+08:00	0x09	0.0671	0.0434	0.7426	0.6650	96.43	9.06	1.42
2026-05-07T11:24:49.6264987+08:00	0x07	0.0639	0.6971	-0.0273	0.7136	2.89	88.84	7.43
2026-05-07T11:24:49.6708998+08:00	0x04	-0.0153	-0.0083	-0.3738	0.9274	316.10	359.77	358.02
2026-05-07T11:24:49.6984273+08:00	0x06	-0.7362	-0.1324	0.6561	-0.1002	176.16	262.78	18.74
2026-05-07T11:24:49.7352698+08:00	0x02	0.0107	-0.0015	-0.4695	0.8829	303.99	359.28	1.00
2026-05-07T11:24:49.9439448+08:00	0x01	0.0107	-0.0324	0.7471	0.6638	96.71	358.45	3.58
2026-05-07T11:24:50.0198401+08:00	0x09	0.0671	0.0434	0.7426	0.6650	96.43	9.06	1.42
2026-05-07T11:24:50.1585157+08:00	0x04	-0.0153	-0.0083	-0.3738	0.9274	316.10	359.78	358.02
2026-05-07T11:24:50.2118105+08:00	0x07	-0.0798	0.6968	0.1175	0.7031	3.22	89.03	343.99
2026-05-07T11:24:50.3107921+08:00	0x02	0.0107	-0.0015	-0.4695	0.8829	303.99	359.28	1.00
2026-05-07T11:24:50.4543610+08:00	0x01	0.0107	-0.0324	0.7471	0.6638	96.71	358.44	3.59
2026-05-07T11:24:50.5620756+08:00	0x08	0.0153	-0.0284	0.4689	0.8826	55.91	357.94	3.07
2026-05-07T11:24:50.6769135+08:00	0x05	-0.0022	-0.0011	0.4780	0.8783	57.11	359.77	359.84
2026-05-07T11:24:50.7548144+08:00	0x06	-0.7361	-0.1320	0.6562	-0.1002	176.20	262.81	18.71
2026-05-07T11:24:50.8078349+08:00	0x07	-0.2253	0.6641	0.2640	0.6623	3.80	88.76	319.53
2026-05-07T11:24:50.8578233+08:00	0x02	0.0107	-0.0015	-0.4695	0.8829	303.99	359.28	1.00
2026-05-07T11:24:50.9498135+08:00	0x01	0.0107	-0.0324	0.7471	0.6638	96.71	358.45	3.59
2026-05-07T11:24:51.0307725+08:00	0x09	0.0671	0.0435	0.7426	0.6650	96.43	9.06	1.42
2026-05-07T11:24:51.1226733+08:00	0x06	-0.7358	-0.1321	0.6565	-0.1004	176.21	262.86	18.73
2026-05-07T11:24:51.1615749+08:00	0x08	0.0153	-0.0285	0.4689	0.8826	55.91	357.94	3.07
2026-05-07T11:24:51.2149685+08:00	0x04	-0.0153	-0.0083	-0.3738	0.9274	316.10	359.77	358.02
2026-05-07T11:24:51.3541106+08:00	0x07	-0.3639	0.5996	0.4016	0.5890	5.08	87.75	294.48
2026-05-07T11:24:51.4804979+08:00	0x01	0.0107	-0.0324	0.7471	0.6638	96.71	358.45	3.59
2026-05-07T11:24:51.5158850+08:00	0x03	0.0219	0.0023	0.6161	0.7873	76.12	1.76	1.81
2026-05-07T11:24:51.5618927+08:00	0x06	-0.7353	-0.1318	0.6573	-0.0994	176.18	262.96	18.63
2026-05-07T11:24:51.5877207+08:00	0x09	0.0671	0.0435	0.7426	0.6650	96.43	9.06	1.41
2026-05-07T11:24:51.7317529+08:00	0x08	0.0153	-0.0284	0.4689	0.8826	55.91	357.94	3.07
2026-05-07T11:24:51.8341152+08:00	0x04	-0.0154	-0.0083	-0.3738	0.9274	316.10	359.78	358.01
2026-05-07T11:24:51.8834493+08:00	0x07	-0.4680	0.5220	0.5029	0.5056	19.55	73.39	273.42
2026-05-07T11:24:51.9299727+08:00	0x02	0.0107	-0.0015	-0.4695	0.8829	303.99	359.28	1.00
2026-05-07T11:24:52.1589859+08:00	0x01	0.0107	-0.0324	0.7471	0.6638	96.71	358.45	3.59
2026-05-07T11:24:52.1900748+08:00	0x09	0.0671	0.0435	0.7426	0.6650	96.43	9.06	1.41
2026-05-07T11:24:52.3058934+08:00	0x04	-0.0153	-0.0083	-0.3738	0.9274	316.10	359.78	358.02
2026-05-07T11:24:52.4669596+08:00	0x03	0.0219	0.0023	0.6161	0.7873	76.12	1.76	1.81
2026-05-07T11:24:52.6137396+08:00	0x01	0.0107	-0.0324	0.7471	0.6638	96.71	358.45	3.59
2026-05-07T11:24:52.6287014+08:00	0x06	-0.7331	-0.1328	0.6593	-0.1009	176.26	263.31	18.85
2026-05-07T11:24:52.6442176+08:00	0x07	-0.5723	0.4040	0.6035	0.3808	180.42	272.76	292.56
2026-05-07T11:24:52.6685374+08:00	0x09	0.0671	0.0435	0.7426	0.6650	96.43	9.06	1.41
2026-05-07T11:24:52.7237667+08:00	0x08	0.0153	-0.0284	0.4689	0.8826	55.91	357.94	3.07
2026-05-07T11:24:52.9362839+08:00	0x04	-0.0153	-0.0083	-0.3738	0.9274	316.10	359.78	358.02
2026-05-07T11:24:52.9672016+08:00	0x05	-0.0024	-0.0009	0.4780	0.8783	57.11	359.78	359.81
2026-05-07T11:24:53.0144264+08:00	0x03	0.0219	0.0023	0.6161	0.7873	76.12	1.76	1.81
2026-05-07T11:24:53.1521332+08:00	0x01	0.0107	-0.0324	0.7471	0.6638	96.71	358.45	3.59
2026-05-07T11:24:53.2449587+08:00	0x08	0.0153	-0.0284	0.4689	0.8826	55.91	357.94	3.07
2026-05-07T11:24:53.3986294+08:00	0x05	-0.0024	-0.0009	0.4780	0.8783	57.11	359.78	359.81
2026-05-07T11:24:53.4380335+08:00	0x09	0.0671	0.0435	0.7426	0.6650	96.43	9.06	1.41
2026-05-07T11:24:53.4909082+08:00	0x07	-0.6482	0.2639	0.6749	0.2341	181.99	271.57	318.73
2026-05-07T11:24:53.5348229+08:00	0x03	0.0219	0.0023	0.6161	0.7873	76.12	1.76	1.81
2026-05-07T11:24:53.6920922+08:00	0x01	0.0107	-0.0324	0.7471	0.6638	96.71	358.45	3.59
2026-05-07T11:24:53.7340185+08:00	0x09	0.0671	0.0435	0.7426	0.6650	96.43	9.06	1.41
2026-05-07T11:24:53.7995691+08:00	0x08	0.0153	-0.0284	0.4689	0.8826	55.91	357.94	3.07
2026-05-07T11:24:54.0179082+08:00	0x04	-0.0153	-0.0082	-0.3738	0.9274	316.10	359.78	358.02
2026-05-07T11:24:54.0872105+08:00	0x07	-0.6993	0.0125	0.7142	-0.0268	183.19	271.24	1.12
2026-05-07T11:24:54.2493028+08:00	0x01	0.0107	-0.0324	0.7471	0.6638	96.71	358.45	3.59
2026-05-07T11:24:54.2950323+08:00	0x09	0.0671	0.0435	0.7426	0.6650	96.43	9.06	1.41
2026-05-07T11:24:54.3405148+08:00	0x06	-0.7332	-0.1328	0.6591	-0.1016	176.32	263.30	18.91
2026-05-07T11:24:54.4973401+08:00	0x04	-0.0153	-0.0083	-0.3738	0.9274	316.10	359.78	358.02
2026-05-07T11:24:54.5729271+08:00	0x02	0.0107	-0.0015	-0.4695	0.8829	303.99	359.28	1.00
2026-05-07T11:24:54.6759253+08:00	0x03	0.0219	0.0023	0.6161	0.7873	76.12	1.76	1.81
2026-05-07T11:24:54.6977388+08:00	0x01	0.0107	-0.0324	0.7471	0.6638	96.71	358.45	3.59
2026-05-07T11:24:54.8133029+08:00	0x09	0.0671	0.0435	0.7426	0.6650	96.43	9.06	1.41
2026-05-07T11:24:54.8868364+08:00	0x08	0.0153	-0.0284	0.4689	0.8826	55.91	357.94	3.07
2026-05-07T11:24:54.9097764+08:00	0x06	-0.7347	-0.1322	0.6578	-0.1003	176.23	263.05	18.75
2026-05-07T11:24:55.0659912+08:00	0x04	-0.0154	-0.0083	-0.3738	0.9274	316.10	359.78	358.01
2026-05-07T11:24:55.0974538+08:00	0x07	-0.6849	-0.1419	0.6907	-0.1838	183.82	271.38	26.61
2026-05-07T11:24:55.2159678+08:00	0x03	0.0219	0.0023	0.6161	0.7873	76.12	1.76	1.81
2026-05-07T11:24:55.2746106+08:00	0x01	0.0107	-0.0324	0.7471	0.6638	96.71	358.45	3.59
2026-05-07T11:24:55.3314785+08:00	0x09	0.0671	0.0435	0.7426	0.6650	96.43	9.06	1.41
2026-05-07T11:24:55.3689173+08:00	0x06	-0.7322	-0.1329	0.6604	-0.1007	176.27	263.48	18.84
2026-05-07T11:24:55.5831786+08:00	0x04	-0.0153	-0.0083	-0.3738	0.9274	316.10	359.78	358.02
2026-05-07T11:24:55.6701047+08:00	0x02	0.0107	-0.0015	-0.4695	0.8829	303.99	359.28	1.00
2026-05-07T11:24:55.6987925+08:00	0x07	-0.5959	-0.3731	0.5814	-0.4095	184.66	271.69	67.21
2026-05-07T11:24:55.7862595+08:00	0x03	0.0219	0.0023	0.6161	0.7873	76.12	1.76	1.81
2026-05-07T11:24:55.9478532+08:00	0x09	0.0671	0.0435	0.7426	0.6650	96.43	9.06	1.42
2026-05-07T11:24:56.1183815+08:00	0x05	-0.0024	-0.0009	0.4780	0.8783	57.11	359.78	359.81
2026-05-07T11:24:56.1484466+08:00	0x04	-0.0154	-0.0083	-0.3738	0.9274	316.10	359.78	358.01
2026-05-07T11:24:56.2184414+08:00	0x07	-0.4959	-0.5023	0.4688	-0.5311	0.21	87.00	86.06
2026-05-07T11:24:56.2563405+08:00	0x02	0.0107	-0.0015	-0.4695	0.8829	303.99	359.28	1.00
2026-05-07T11:24:56.3369906+08:00	0x03	0.0219	0.0023	0.6161	0.7873	76.12	1.76	1.81
2026-05-07T11:24:56.3489782+08:00	0x01	0.0107	-0.0324	0.7471	0.6638	96.71	358.45	3.59
2026-05-07T11:24:56.4339424+08:00	0x09	0.0671	0.0435	0.7426	0.6650	96.43	9.06	1.42
2026-05-07T11:24:56.4732426+08:00	0x06	-0.7321	-0.1338	0.6600	-0.1028	176.35	263.46	19.09
2026-05-07T11:24:56.6754182+08:00	0x04	-0.0154	-0.0083	-0.3738	0.9274	316.10	359.78	358.01
2026-05-07T11:24:56.7665690+08:00	0x07	-0.3627	-0.6049	0.3287	-0.6281	2.85	89.45	58.57
2026-05-07T11:24:56.8761079+08:00	0x01	0.0107	-0.0324	0.7471	0.6638	96.71	358.45	3.58
2026-05-07T11:24:57.0158238+08:00	0x09	0.0671	0.0435	0.7426	0.6650	96.43	9.06	1.42
2026-05-07T11:24:57.0469193+08:00	0x08	0.0153	-0.0285	0.4689	0.8826	55.91	357.94	3.07
2026-05-07T11:24:57.2455480+08:00	0x04	-0.0154	-0.0083	-0.3738	0.9274	316.10	359.78	358.01
2026-05-07T11:24:57.2925279+08:00	0x07	-0.2301	-0.6656	0.1935	-0.6830	2.93	89.44	34.88
2026-05-07T11:24:57.4167523+08:00	0x03	0.0219	0.0023	0.6161	0.7873	76.12	1.76	1.81
2026-05-07T11:24:57.5608190+08:00	0x09	0.0671	0.0435	0.7426	0.6650	96.43	9.06	1.41
2026-05-07T11:24:57.6400532+08:00	0x08	0.0153	-0.0285	0.4689	0.8826	55.91	357.94	3.07
2026-05-07T11:24:57.6863184+08:00	0x06	-0.7354	-0.1298	0.6576	-0.0996	176.38	263.02	18.50
2026-05-07T11:24:57.7678540+08:00	0x04	-0.0153	-0.0083	-0.3738	0.9274	316.10	359.78	358.02
2026-05-07T11:24:57.8408275+08:00	0x07	-0.0532	-0.7023	0.0121	-0.7098	3.32	89.55	5.30
2026-05-07T11:24:57.9565364+08:00	0x03	0.0219	0.0023	0.6161	0.7873	76.12	1.76	1.81
2026-05-07T11:24:58.0798336+08:00	0x09	0.0671	0.0435	0.7426	0.6650	96.43	9.06	1.41
2026-05-07T11:24:58.1514786+08:00	0x08	0.0153	-0.0285	0.4689	0.8826	55.91	357.94	3.07
2026-05-07T11:24:58.3218051+08:00	0x07	0.1024	-0.6967	-0.1458	-0.6949	3.66	89.49	339.79
2026-05-07T11:24:58.3666550+08:00	0x04	-0.0153	-0.0083	-0.3738	0.9274	316.10	359.77	358.02
2026-05-07T11:24:58.4280096+08:00	0x02	0.0107	-0.0015	-0.4695	0.8829	303.99	359.27	1.00
2026-05-07T11:24:58.5573826+08:00	0x03	0.0219	0.0023	0.6161	0.7873	76.12	1.76	1.81
2026-05-07T11:24:58.6422571+08:00	0x06	-0.7357	-0.1278	0.6578	-0.0980	176.43	263.03	18.20
2026-05-07T11:24:58.6859069+08:00	0x09	0.0671	0.0435	0.7426	0.6650	96.43	9.06	1.41
2026-05-07T11:24:58.8741766+08:00	0x07	0.2537	-0.6561	-0.2966	-0.6459	4.13	89.15	314.20
2026-05-07T11:24:59.0061775+08:00	0x01	0.0107	-0.0324	0.7471	0.6638	96.71	358.45	3.58
2026-05-07T11:24:59.0254106+08:00	0x02	0.0107	-0.0015	-0.4695	0.8829	303.99	359.28	1.00
2026-05-07T11:24:59.1086261+08:00	0x03	0.0219	0.0023	0.6161	0.7873	76.12	1.76	1.81
2026-05-07T11:24:59.2218593+08:00	0x08	0.0153	-0.0285	0.4689	0.8826	55.91	357.94	3.07
2026-05-07T11:24:59.2511681+08:00	0x06	-0.7346	-0.1299	0.6585	-0.0991	176.35	263.15	18.46
2026-05-07T11:24:59.4278472+08:00	0x04	-0.0153	-0.0083	-0.3738	0.9274	316.10	359.78	358.02
2026-05-07T11:24:59.4648399+08:00	0x07	0.3925	-0.5838	-0.4316	-0.5647	5.21	88.17	288.70
2026-05-07T11:24:59.5179949+08:00	0x02	0.0107	-0.0015	-0.4695	0.8829	303.99	359.28	1.00
2026-05-07T11:24:59.6795123+08:00	0x03	0.0219	0.0023	0.6161	0.7873	76.12	1.76	1.81
2026-05-07T11:24:59.7561498+08:00	0x09	0.0671	0.0435	0.7426	0.6650	96.43	9.06	1.41
2026-05-07T11:24:59.7954690+08:00	0x08	0.0153	-0.0285	0.4689	0.8826	55.91	357.94	3.07
2026-05-07T11:24:59.9310280+08:00	0x06	-0.7342	-0.1301	0.6593	-0.0968	176.17	263.24	18.28
2026-05-07T11:24:59.9729954+08:00	0x07	0.5322	-0.4585	-0.5652	-0.4326	179.74	273.65	281.85
2026-05-07T11:25:00.0888142+08:00	0x01	0.0107	-0.0324	0.7471	0.6638	96.71	358.45	3.58
2026-05-07T11:25:00.1202554+08:00	0x02	0.0107	-0.0015	-0.4695	0.8829	303.99	359.28	1.00
2026-05-07T11:25:00.2340911+08:00	0x03	0.0219	0.0023	0.6161	0.7873	76.12	1.76	1.81
2026-05-07T11:25:00.2902693+08:00	0x09	0.0671	0.0435	0.7426	0.6650	96.43	9.06	1.41
2026-05-07T11:25:00.3371653+08:00	0x08	0.0153	-0.0285	0.4689	0.8826	55.91	357.94	3.07
2026-05-07T11:25:00.5369571+08:00	0x04	-0.0153	-0.0083	-0.3738	0.9274	316.10	359.77	358.02
2026-05-07T11:25:00.6734551+08:00	0x01	0.0107	-0.0324	0.7471	0.6638	96.71	358.45	3.59
2026-05-07T11:25:00.7461570+08:00	0x03	0.0219	0.0023	0.6161	0.7873	76.12	1.76	1.81
2026-05-07T11:25:00.8242701+08:00	0x09	0.0671	0.0435	0.7426	0.6650	96.43	9.06	1.41
2026-05-07T11:25:00.8629008+08:00	0x02	0.0107	-0.0015	-0.4695	0.8829	303.99	359.28	1.00
2026-05-07T11:25:01.0017690+08:00	0x04	-0.0153	-0.0083	-0.3738	0.9274	316.10	359.77	358.02
2026-05-07T11:25:01.0244705+08:00	0x06	-0.7364	-0.1311	0.6567	-0.0961	175.96	262.80	18.29
2026-05-07T11:25:01.1008394+08:00	0x07	0.6365	-0.2962	-0.6604	-0.2667	182.08	271.20	313.06
2026-05-07T11:25:01.1815895+08:00	0x01	0.0107	-0.0324	0.7471	0.6638	96.71	358.45	3.58
2026-05-07T11:25:01.2388776+08:00	0x02	0.0107	-0.0015	-0.4695	0.8829	303.99	359.28	1.00
2026-05-07T11:25:01.2877456+08:00	0x03	0.0219	0.0023	0.6161	0.7873	76.12	1.76	1.81
2026-05-07T11:25:01.4034625+08:00	0x08	0.0153	-0.0284	0.4689	0.8826	55.91	357.94	3.07
2026-05-07T11:25:01.4241743+08:00	0x09	0.0671	0.0435	0.7426	0.6650	96.43	9.06	1.41
2026-05-07T11:25:01.5925018+08:00	0x04	-0.0153	-0.0083	-0.3738	0.9274	316.10	359.77	358.02
2026-05-07T11:25:01.6134705+08:00	0x06	-0.7350	-0.1307	0.6584	-0.0958	176.02	263.07	18.23
2026-05-07T11:25:01.7542798+08:00	0x01	0.0107	-0.0324	0.7471	0.6638	96.71	358.45	3.58
2026-05-07T11:25:01.7951901+08:00	0x02	0.0107	-0.0015	-0.4695	0.8829	303.99	359.28	1.00
2026-05-07T11:25:01.8578958+08:00	0x03	0.0219	0.0023	0.6161	0.7873	76.12	1.76	1.81
2026-05-07T11:25:01.9556804+08:00	0x09	0.0671	0.0435	0.7426	0.6650	96.43	9.06	1.41
2026-05-07T11:25:02.0098608+08:00	0x08	0.0153	-0.0284	0.4689	0.8826	55.91	357.94	3.07
2026-05-07T11:25:02.0938571+08:00	0x04	-0.0153	-0.0083	-0.3738	0.9274	316.10	359.77	358.02
2026-05-07T11:25:02.1968339+08:00	0x07	0.6968	0.0795	-0.7030	0.1183	183.31	270.97	16.07
2026-05-07T11:25:02.2739311+08:00	0x02	0.0107	-0.0015	-0.4695	0.8829	303.99	359.28	1.00
2026-05-07T11:25:02.4270569+08:00	0x03	0.0219	0.0023	0.6161	0.7873	76.12	1.76	1.81
2026-05-07T11:25:02.4894114+08:00	0x06	-0.7310	-0.1343	0.6617	-0.0988	176.02	263.65	18.79
2026-05-07T11:25:02.6580817+08:00	0x04	-0.0153	-0.0083	-0.3738	0.9274	316.10	359.77	358.02
2026-05-07T11:25:02.7151100+08:00	0x07	0.5281	0.4549	-0.5174	0.4965	199.72	286.72	84.33
2026-05-07T11:25:02.8451360+08:00	0x01	0.0107	-0.0324	0.7471	0.6638	96.71	358.45	3.58
2026-05-07T11:25:02.8697329+08:00	0x02	0.0107	-0.0015	-0.4695	0.8829	303.99	359.28	1.00
2026-05-07T11:25:02.9618921+08:00	0x03	0.0219	0.0023	0.6161	0.7873	76.12	1.76	1.81
2026-05-07T11:25:03.0751428+08:00	0x06	-0.7333	-0.1336	0.6595	-0.0977	175.94	263.26	18.63
2026-05-07T11:25:03.2656474+08:00	0x09	0.0671	0.0435	0.7426	0.6650	96.43	9.06	1.41
2026-05-07T11:25:03.3192086+08:00	0x04	-0.0154	-0.0083	-0.3738	0.9274	316.10	359.77	358.01
2026-05-07T11:25:03.3564366+08:00	0x01	0.0107	-0.0324	0.7471	0.6638	96.71	358.44	3.59
2026-05-07T11:25:03.5333550+08:00	0x08	0.0153	-0.0285	0.4689	0.8826	55.91	357.94	3.07
2026-05-07T11:25:03.6280868+08:00	0x09	0.0671	0.0435	0.7426	0.6650	96.43	9.06	1.41
2026-05-07T11:25:03.8550589+08:00	0x07	-0.0507	0.6947	0.0893	0.7119	3.31	88.27	348.68
2026-05-07T11:25:03.9067627+08:00	0x03	0.0219	0.0023	0.6161	0.7873	76.12	1.76	1.81
2026-05-07T11:25:04.0499934+08:00	0x02	0.0107	-0.0015	-0.4695	0.8829	303.99	359.28	1.00
2026-05-07T11:25:04.0658670+08:00	0x08	0.0153	-0.0285	0.4689	0.8826	55.91	357.94	3.07
2026-05-07T11:25:04.1654639+08:00	0x09	0.0671	0.0435	0.7426	0.6650	96.43	9.06	1.41
2026-05-07T11:25:04.1810175+08:00	0x06	-0.7340	-0.1334	0.6586	-0.0985	176.00	263.15	18.69
2026-05-07T11:25:04.3135308+08:00	0x04	-0.0154	-0.0083	-0.3738	0.9274	316.10	359.78	358.01
2026-05-07T11:25:04.3666289+08:00	0x02	0.0107	-0.0015	-0.4695	0.8829	303.99	359.28	1.00
2026-05-07T11:25:04.5611997+08:00	0x07	-0.2683	0.6429	0.3102	0.6469	4.85	87.48	311.76
2026-05-07T11:25:04.6497323+08:00	0x03	0.0219	0.0023	0.6161	0.7873	76.12	1.76	1.81
2026-05-07T11:25:04.7016551+08:00	0x09	0.0671	0.0435	0.7426	0.6650	96.43	9.06	1.41
2026-05-07T11:25:04.9422400+08:00	0x02	0.0107	-0.0015	-0.4695	0.8829	303.99	359.28	1.00
2026-05-07T11:25:04.9899232+08:00	0x07	-0.4587	0.5239	0.4994	0.5155	23.03	69.79	275.02
2026-05-07T11:25:05.1529174+08:00	0x08	0.0153	-0.0285	0.4689	0.8826	55.91	357.94	3.07
2026-05-07T11:25:05.2216431+08:00	0x09	0.0671	0.0435	0.7426	0.6650	96.43	9.06	1.41
2026-05-07T11:25:05.4220752+08:00	0x04	-0.0153	-0.0083	-0.3738	0.9274	316.10	359.77	358.02
2026-05-07T11:25:05.5071672+08:00	0x07	-0.5814	0.3830	0.6183	0.3646	179.27	273.98	296.16
2026-05-07T11:25:05.7140079+08:00	0x08	0.0153	-0.0285	0.4689	0.8826	55.91	357.94	3.07
2026-05-07T11:25:05.7434869+08:00	0x06	-0.7337	-0.1337	0.6588	-0.0987	176.00	263.18	18.72
2026-05-07T11:25:05.7708392+08:00	0x03	0.0219	0.0023	0.6161	0.7873	76.12	1.75	1.81
2026-05-07T11:25:06.0405407+08:00	0x02	0.0107	-0.0015	-0.4695	0.8829	303.99	359.28	1.00
2026-05-07T11:25:06.0789616+08:00	0x07	-0.6733	0.1802	0.7011	0.1506	182.03	271.83	332.91
2026-05-07T11:25:06.2675097+08:00	0x06	-0.7347	-0.1339	0.6577	-0.0988	175.95	263.00	18.74
2026-05-07T11:25:06.3109020+08:00	0x09	0.0671	0.0435	0.7426	0.6650	96.43	9.06	1.41
2026-05-07T11:25:06.3479379+08:00	0x03	0.0219	0.0023	0.6161	0.7873	76.12	1.75	1.81
2026-05-07T11:25:06.4944899+08:00	0x02	0.0107	-0.0015	-0.4695	0.8829	303.99	359.28	1.00
2026-05-07T11:25:06.5878602+08:00	0x01	0.0107	-0.0324	0.7471	0.6638	96.71	358.45	3.59
2026-05-07T11:25:06.6410283+08:00	0x04	-0.0153	-0.0083	-0.3738	0.9274	316.10	359.77	358.01
2026-05-07T11:25:06.8040608+08:00	0x08	0.0153	-0.0285	0.4689	0.8826	55.91	357.94	3.07
2026-05-07T11:25:06.8343853+08:00	0x06	-0.7358	-0.1335	0.6566	-0.0983	175.92	262.82	18.66
2026-05-07T11:25:06.9339467+08:00	0x03	0.0219	0.0023	0.6161	0.7873	76.12	1.75	1.81
2026-05-07T11:25:07.1282739+08:00	0x02	0.0107	-0.0015	-0.4695	0.8829	303.99	359.28	1.00
2026-05-07T11:25:07.2134664+08:00	0x07	-0.6485	-0.2554	0.6541	-0.2939	184.37	272.34	45.66
2026-05-07T11:25:07.2859929+08:00	0x08	0.0153	-0.0285	0.4689	0.8826	55.91	357.94	3.07
2026-05-07T11:25:07.3364215+08:00	0x06	-0.7342	-0.1334	0.6584	-0.0984	175.99	263.12	18.67
2026-05-07T11:25:07.4885652+08:00	0x03	0.0219	0.0023	0.6161	0.7873	76.12	1.76	1.81
2026-05-07T11:25:07.5841747+08:00	0x02	0.0107	-0.0015	-0.4695	0.8829	303.99	359.27	1.00
2026-05-07T11:25:07.6360979+08:00	0x01	0.0107	-0.0324	0.7471	0.6638	96.71	358.45	3.59
2026-05-07T11:25:07.7059698+08:00	0x07	-0.6532	-0.2430	0.6596	-0.2814	184.25	272.26	43.49
2026-05-07T11:25:07.7919421+08:00	0x08	0.0153	-0.0285	0.4689	0.8826	55.91	357.94	3.07
2026-05-07T11:25:07.9061254+08:00	0x06	-0.7322	-0.1340	0.6603	-0.0998	176.09	263.44	18.85
2026-05-07T11:25:07.9487851+08:00	0x09	0.0671	0.0435	0.7426	0.6650	96.43	9.06	1.42
2026-05-07T11:25:08.0140466+08:00	0x03	0.0219	0.0023	0.6161	0.7873	76.12	1.76	1.81
2026-05-07T11:25:08.1690888+08:00	0x02	0.0107	-0.0015	-0.4695	0.8829	303.99	359.27	1.00
2026-05-07T11:25:08.2388636+08:00	0x07	-0.5810	-0.3829	0.5802	-0.4234	187.57	275.16	69.43
2026-05-07T11:25:08.2765280+08:00	0x01	0.0107	-0.0324	0.7471	0.6638	96.71	358.45	3.59
2026-05-07T11:25:08.3621142+08:00	0x08	0.0153	-0.0285	0.4689	0.8826	55.91	357.94	3.07
2026-05-07T11:25:08.4559432+08:00	0x09	0.0671	0.0435	0.7426	0.6650	96.43	9.06	1.42
2026-05-07T11:25:08.5622466+08:00	0x03	0.0219	0.0023	0.6161	0.7873	76.12	1.76	1.81
2026-05-07T11:25:08.6801217+08:00	0x02	0.0107	-0.0015	-0.4695	0.8829	303.99	359.28	1.00
2026-05-07T11:25:08.7331476+08:00	0x01	0.0107	-0.0324	0.7471	0.6638	96.71	358.45	3.59
2026-05-07T11:25:08.7740323+08:00	0x07	-0.2788	-0.6380	0.2537	-0.6715	1.20	87.56	44.28
2026-05-07T11:25:08.8109345+08:00	0x04	-0.0154	-0.0083	-0.3738	0.9274	316.10	359.78	358.01
2026-05-07T11:25:08.9883704+08:00	0x09	0.0671	0.0435	0.7426	0.6650	96.43	9.06	1.41
2026-05-07T11:25:09.0195655+08:00	0x06	-0.7319	-0.1338	0.6606	-0.1002	176.16	263.51	18.87
2026-05-07T11:25:09.0967972+08:00	0x03	0.0219	0.0023	0.6161	0.7873	76.12	1.76	1.81
2026-05-07T11:25:09.1374066+08:00	0x08	0.0153	-0.0285	0.4689	0.8826	55.91	357.94	3.07
2026-05-07T11:25:09.2549782+08:00	0x05	-0.0024	-0.0009	0.4780	0.8783	57.11	359.78	359.81
2026-05-07T11:25:09.3477439+08:00	0x01	0.0107	-0.0324	0.7471	0.6638	96.71	358.45	3.59
2026-05-07T11:25:09.3841244+08:00	0x07	-0.2836	-0.6359	0.2588	-0.6695	1.15	87.52	45.14
2026-05-07T11:25:09.4408190+08:00	0x02	0.0107	-0.0015	-0.4695	0.8829	303.99	359.27	1.00
2026-05-07T11:25:09.5435109+08:00	0x09	0.0671	0.0435	0.7426	0.6650	96.43	9.06	1.41
2026-05-07T11:25:09.5855625+08:00	0x08	0.0153	-0.0285	0.4689	0.8826	55.91	357.94	3.07
2026-05-07T11:25:09.6447435+08:00	0x03	0.0219	0.0023	0.6161	0.7873	76.12	1.76	1.81
2026-05-07T11:25:09.7799418+08:00	0x02	0.0107	-0.0015	-0.4695	0.8829	303.99	359.27	1.00
2026-05-07T11:25:09.9091548+08:00	0x07	-0.0874	-0.6922	0.0548	-0.7142	2.50	88.46	11.58
2026-05-07T11:25:09.9490831+08:00	0x01	0.0107	-0.0324	0.7471	0.6638	96.71	358.45	3.59
2026-05-07T11:25:10.0434434+08:00	0x08	0.0153	-0.0284	0.4689	0.8826	55.91	357.94	3.07
2026-05-07T11:25:10.1309499+08:00	0x09	0.0671	0.0435	0.7426	0.6650	96.43	9.06	1.41
2026-05-07T11:25:10.2132285+08:00	0x03	0.0219	0.0023	0.6161	0.7873	76.12	1.76	1.81
2026-05-07T11:25:10.3519365+08:00	0x02	0.0107	-0.0015	-0.4695	0.8829	303.99	359.27	1.00
2026-05-07T11:25:10.4415851+08:00	0x07	0.1146	-0.6889	-0.1523	-0.6994	3.41	88.48	338.28
2026-05-07T11:25:10.4686964+08:00	0x04	-0.0153	-0.0083	-0.3738	0.9274	316.10	359.77	358.02
2026-05-07T11:25:10.5681421+08:00	0x06	-0.7325	-0.1345	0.6597	-0.1006	176.10	263.36	18.95
2026-05-07T11:25:10.6695517+08:00	0x09	0.0671	0.0435	0.7426	0.6650	96.43	9.06	1.41
2026-05-07T11:25:10.7735120+08:00	0x03	0.0219	0.0023	0.6161	0.7873	76.12	1.76	1.81
2026-05-07T11:25:10.8692129+08:00	0x02	0.0107	-0.0015	-0.4695	0.8829	303.99	359.27	1.00
2026-05-07T11:25:10.9257199+08:00	0x07	0.2760	-0.6415	-0.3150	-0.6427	4.47	87.84	310.63
2026-05-07T11:25:11.0434104+08:00	0x01	0.0107	-0.0324	0.7471	0.6638	96.71	358.45	3.59
2026-05-07T11:25:11.1471293+08:00	0x06	-0.7324	-0.1345	0.6599	-0.1004	176.09	263.39	18.94
2026-05-07T11:25:11.1960725+08:00	0x09	0.0671	0.0435	0.7426	0.6650	96.43	9.06	1.41
2026-05-07T11:25:11.2895018+08:00	0x03	0.0219	0.0023	0.6161	0.7873	76.12	1.76	1.81
2026-05-07T11:25:11.4414982+08:00	0x02	0.0107	-0.0015	-0.4695	0.8829	303.99	359.27	1.00
2026-05-07T11:25:11.4817857+08:00	0x07	0.4194	-0.5584	-0.4575	-0.5504	8.73	83.92	283.43
2026-05-07T11:25:11.6058445+08:00	0x01	0.0107	-0.0324	0.7471	0.6638	96.71	358.45	3.59
2026-05-07T11:25:11.7576077+08:00	0x09	0.0671	0.0435	0.7426	0.6650	96.43	9.06	1.41
2026-05-07T11:25:11.8469137+08:00	0x03	0.0219	0.0023	0.6161	0.7873	76.12	1.76	1.81
2026-05-07T11:25:11.9093551+08:00	0x02	0.0107	-0.0015	-0.4695	0.8829	303.99	359.28	1.00
2026-05-07T11:25:11.9944016+08:00	0x07	0.5581	-0.4206	-0.5924	-0.4009	179.02	274.12	288.95
2026-05-07T11:25:12.1407206+08:00	0x04	-0.0154	-0.0083	-0.3738	0.9274	316.10	359.78	358.01
2026-05-07T11:25:12.2292088+08:00	0x06	-0.7320	-0.1332	0.6607	-0.0994	176.14	263.50	18.76
2026-05-07T11:25:12.3738449+08:00	0x03	0.0219	0.0023	0.6161	0.7873	76.12	1.76	1.81
2026-05-07T11:25:12.4511135+08:00	0x09	0.0671	0.0435	0.7426	0.6650	96.43	9.06	1.41
2026-05-07T11:25:12.5440314+08:00	0x07	0.6400	-0.2804	-0.6691	-0.2533	181.59	271.90	315.62
2026-05-07T11:25:12.6591561+08:00	0x04	-0.0154	-0.0083	-0.3738	0.9274	316.10	359.77	358.01
2026-05-07T11:25:12.7618788+08:00	0x06	-0.7316	-0.1330	0.6613	-0.0993	176.17	263.59	18.73
2026-05-07T11:25:12.8635883+08:00	0x09	0.0671	0.0435	0.7426	0.6650	96.43	9.06	1.42
2026-05-07T11:25:12.9075505+08:00	0x03	0.0219	0.0023	0.6161	0.7873	76.12	1.76	1.81
2026-05-07T11:25:13.1078640+08:00	0x02	0.0107	-0.0015	-0.4695	0.8829	303.99	359.28	1.00
2026-05-07T11:25:13.1243513+08:00	0x07	0.6921	-0.0968	-0.7124	-0.0637	182.55	271.37	346.93
2026-05-07T11:25:13.1649039+08:00	0x01	0.0107	-0.0324	0.7471	0.6638	96.71	358.44	3.59
2026-05-07T11:25:13.2097814+08:00	0x04	-0.0154	-0.0083	-0.3738	0.9274	316.10	359.77	358.01
2026-05-07T11:25:13.3395650+08:00	0x06	-0.7296	-0.1358	0.6633	-0.0968	175.78	263.85	18.75
2026-05-07T11:25:13.3652113+08:00	0x09	0.0671	0.0435	0.7426	0.6650	96.43	9.06	1.42
2026-05-07T11:25:13.4141293+08:00	0x08	0.0153	-0.0284	0.4689	0.8826	55.91	357.94	3.07
2026-05-07T11:25:13.6081004+08:00	0x07	0.6930	0.0900	-0.7045	0.1238	182.98	271.39	17.37
2026-05-07T11:25:13.6315062+08:00	0x02	0.0107	-0.0015	-0.4695	0.8829	303.99	359.28	1.00
2026-05-07T11:25:13.8054799+08:00	0x04	-0.0154	-0.0083	-0.3738	0.9274	316.10	359.77	358.01
2026-05-07T11:25:13.8170577+08:00	0x01	0.0107	-0.0324	0.7471	0.6638	96.71	358.44	3.59
2026-05-07T11:25:13.8796686+08:00	0x09	0.0671	0.0435	0.7426	0.6650	96.43	9.06	1.42
2026-05-07T11:25:14.0103398+08:00	0x03	0.0219	0.0023	0.6161	0.7873	76.12	1.76	1.81
2026-05-07T11:25:14.0953605+08:00	0x02	0.0107	-0.0015	-0.4695	0.8829	303.99	359.28	1.00
2026-05-07T11:25:14.1487733+08:00	0x07	0.6655	0.2136	-0.6724	0.2437	183.14	271.66	37.70
2026-05-07T11:25:14.2570020+08:00	0x01	0.0107	-0.0324	0.7471	0.6638	96.71	358.44	3.59
2026-05-07T11:25:14.3333973+08:00	0x04	-0.0154	-0.0083	-0.3738	0.9274	316.10	359.78	358.01
2026-05-07T11:25:14.4885144+08:00	0x09	0.0671	0.0435	0.7426	0.6650	96.43	9.06	1.42
2026-05-07T11:25:14.5765413+08:00	0x08	0.0153	-0.0285	0.4689	0.8826	55.91	357.94	3.08
2026-05-07T11:25:14.7185945+08:00	0x05	-0.0024	-0.0009	0.4780	0.8783	57.11	359.78	359.80
2026-05-07T11:25:14.7277881+08:00	0x02	0.0107	-0.0015	-0.4695	0.8829	303.99	359.28	1.00
2026-05-07T11:25:14.7577382+08:00	0x03	0.0219	0.0023	0.6161	0.7873	76.12	1.76	1.81
2026-05-07T11:25:14.8874690+08:00	0x06	-0.7138	-0.1427	0.6809	-0.0804	174.32	266.40	18.01
2026-05-07T11:25:14.9150041+08:00	0x04	-0.0154	-0.0083	-0.3738	0.9274	316.10	359.78	358.01
2026-05-07T11:25:15.0213438+08:00	0x09	0.0671	0.0435	0.7426	0.6650	96.43	9.06	1.41
2026-05-07T11:25:15.1215489+08:00	0x03	0.0219	0.0023	0.6161	0.7873	76.12	1.76	1.81
2026-05-07T11:25:15.1930166+08:00	0x02	0.0107	-0.0015	-0.4695	0.8829	303.99	359.28	1.00
2026-05-07T11:25:15.2375134+08:00	0x07	0.5903	0.3713	-0.5940	0.4011	185.43	273.90	66.15
2026-05-07T11:25:15.3673252+08:00	0x01	0.0107	-0.0324	0.7471	0.6638	96.71	358.45	3.58
2026-05-07T11:25:15.4139078+08:00	0x04	-0.0154	-0.0083	-0.3738	0.9274	316.10	359.78	358.01
2026-05-07T11:25:15.4350250+08:00	0x06	-0.7146	-0.1400	0.6804	-0.0818	174.64	266.35	17.90
2026-05-07T11:25:15.5540264+08:00	0x09	0.0671	0.0435	0.7426	0.6650	96.43	9.06	1.41
2026-05-07T11:25:15.6698827+08:00	0x03	0.0219	0.0023	0.6161	0.7873	76.12	1.76	1.81
2026-05-07T11:25:15.7098888+08:00	0x02	0.0107	-0.0015	-0.4695	0.8829	303.99	359.28	1.00
2026-05-07T11:25:15.7564970+08:00	0x07	0.4468	0.5082	-0.4944	0.5455	322.67	53.26	81.92
2026-05-07T11:25:15.9340987+08:00	0x01	0.0107	-0.0324	0.7471	0.6638	96.71	358.45	3.58
2026-05-07T11:25:15.9804980+08:00	0x04	-0.0154	-0.0083	-0.3738	0.9274	316.10	359.77	358.01
2026-05-07T11:25:16.1495195+08:00	0x09	0.0671	0.0435	0.7426	0.6650	96.43	9.06	1.41
2026-05-07T11:25:16.2275975+08:00	0x03	0.0219	0.0023	0.6161	0.7873	76.12	1.76	1.81
2026-05-07T11:25:16.2849400+08:00	0x02	0.0107	-0.0015	-0.4695	0.8829	303.99	359.28	1.00
2026-05-07T11:25:16.4480004+08:00	0x01	0.0107	-0.0324	0.7471	0.6638	96.71	358.45	3.58
2026-05-07T11:25:16.4930805+08:00	0x06	-0.7377	-0.1177	0.6595	-0.0840	176.24	263.06	16.21
2026-05-07T11:25:16.7872981+08:00	0x03	0.0219	0.0023	0.6161	0.7873	76.12	1.76	1.81
2026-05-07T11:25:16.8487121+08:00	0x02	0.0107	-0.0015	-0.4695	0.8829	303.99	359.28	1.00
2026-05-07T11:25:16.9021228+08:00	0x09	0.0671	0.0435	0.7426	0.6650	96.43	9.06	1.41
2026-05-07T11:25:17.0132346+08:00	0x01	0.0107	-0.0324	0.7471	0.6638	96.71	358.45	3.58
2026-05-07T11:25:17.0904707+08:00	0x06	-0.7410	-0.1206	0.6547	-0.0879	176.19	262.36	16.74
2026-05-07T11:25:17.2349060+08:00	0x09	0.0671	0.0435	0.7426	0.6650	96.43	9.06	1.41
2026-05-07T11:25:17.2649381+08:00	0x03	0.0219	0.0023	0.6161	0.7873	76.12	1.76	1.81
2026-05-07T11:25:17.3452354+08:00	0x08	0.0153	-0.0285	0.4689	0.8826	55.91	357.94	3.07
2026-05-07T11:25:17.3762273+08:00	0x02	0.0107	-0.0015	-0.4695	0.8829	303.99	359.28	1.00
2026-05-07T11:25:17.5394205+08:00	0x04	-0.0154	-0.0083	-0.3738	0.9274	316.10	359.77	358.01
2026-05-07T11:25:17.6409114+08:00	0x06	-0.7394	-0.1234	0.6556	-0.0909	176.20	262.56	17.23
2026-05-07T11:25:17.7479373+08:00	0x09	0.0671	0.0435	0.7426	0.6650	96.43	9.06	1.41
2026-05-07T11:25:17.8100503+08:00	0x03	0.0219	0.0023	0.6161	0.7873	76.12	1.76	1.81
2026-05-07T11:25:17.8961971+08:00	0x07	0.4193	0.5524	-0.4341	0.5750	352.46	82.01	74.10
2026-05-07T11:25:18.0966106+08:00	0x01	0.0107	-0.0324	0.7471	0.6638	96.71	358.45	3.58
2026-05-07T11:25:18.1587314+08:00	0x06	-0.7382	-0.1235	0.6569	-0.0911	176.24	262.76	17.26
2026-05-07T11:25:18.3587704+08:00	0x09	0.0671	0.0435	0.7426	0.6650	96.43	9.06	1.41
2026-05-07T11:25:18.4132018+08:00	0x08	0.0153	-0.0284	0.4689	0.8826	55.91	357.94	3.07
2026-05-07T11:25:18.6320199+08:00	0x04	-0.0154	-0.0083	-0.3738	0.9274	316.10	359.78	358.01
2026-05-07T11:25:18.7285934+08:00	0x06	-0.7381	-0.1245	0.6567	-0.0918	176.20	262.73	17.40
2026-05-07T11:25:18.8863920+08:00	0x03	0.0219	0.0023	0.6161	0.7873	76.12	1.76	1.81
2026-05-07T11:25:18.9838256+08:00	0x08	0.0153	-0.0284	0.4689	0.8826	55.91	357.94	3.07
2026-05-07T11:25:19.1465328+08:00	0x04	-0.0154	-0.0083	-0.3738	0.9274	316.10	359.78	358.01
2026-05-07T11:25:19.2076950+08:00	0x01	0.0107	-0.0324	0.7471	0.6638	96.71	358.45	3.58
2026-05-07T11:25:19.2690530+08:00	0x06	-0.7385	-0.1248	0.6562	-0.0918	176.17	262.65	17.42
2026-05-07T11:25:19.4027254+08:00	0x09	0.0671	0.0435	0.7426	0.6650	96.43	9.06	1.41
2026-05-07T11:25:19.5007904+08:00	0x08	0.0153	-0.0284	0.4689	0.8826	55.91	357.94	3.07
2026-05-07T11:25:19.5606506+08:00	0x07	-0.6273	0.3106	0.6581	0.2774	182.15	271.77	310.81
2026-05-07T11:25:19.7301306+08:00	0x04	-0.0154	-0.0083	-0.3738	0.9274	316.10	359.78	358.01
2026-05-07T11:25:19.8224059+08:00	0x06	-0.7366	-0.1282	0.6571	-0.0959	176.21	262.87	18.04
2026-05-07T11:25:19.9386807+08:00	0x09	0.0671	0.0435	0.7426	0.6650	96.43	9.06	1.41
2026-05-07T11:25:19.9548538+08:00	0x03	0.0219	0.0023	0.6161	0.7873	76.12	1.76	1.81
2026-05-07T11:25:20.1088817+08:00	0x08	0.0153	-0.0284	0.4689	0.8826	55.91	357.94	3.07
2026-05-07T11:25:20.1629005+08:00	0x05	-0.0024	-0.0009	0.4780	0.8783	57.11	359.78	359.80
2026-05-07T11:25:20.3002684+08:00	0x04	-0.0153	-0.0083	-0.3738	0.9274	316.10	359.78	358.02
2026-05-07T11:25:20.3960463+08:00	0x06	-0.6868	-0.1256	0.7093	-0.0975	177.94	271.52	18.18
2026-05-07T11:25:20.4680665+08:00	0x09	0.0671	0.0435	0.7426	0.6650	96.43	9.06	1.41
2026-05-07T11:25:20.5125002+08:00	0x03	0.0219	0.0023	0.6161	0.7873	76.12	1.76	1.81
2026-05-07T11:25:20.5971073+08:00	0x08	0.0153	-0.0284	0.4689	0.8826	55.91	357.94	3.07
2026-05-07T11:25:20.6360268+08:00	0x02	0.0107	-0.0015	-0.4695	0.8829	303.99	359.28	1.00
2026-05-07T11:25:20.6887290+08:00	0x07	-0.6875	-0.0573	0.7152	-0.1122	184.82	272.85	13.66
2026-05-07T11:25:20.8309556+08:00	0x04	-0.0153	-0.0083	-0.3738	0.9274	316.10	359.78	358.02
2026-05-07T11:25:20.9219880+08:00	0x06	-0.6796	-0.1126	0.7179	-0.1007	179.49	273.06	17.36
2026-05-07T11:25:20.9618809+08:00	0x09	0.0671	0.0435	0.7426	0.6650	96.43	9.06	1.41
2026-05-07T11:25:21.0585754+08:00	0x03	0.0219	0.0023	0.6161	0.7873	76.12	1.76	1.81
2026-05-07T11:25:21.1731424+08:00	0x08	0.0153	-0.0285	0.4689	0.8826	55.91	357.94	3.07
2026-05-07T11:25:21.2338518+08:00	0x07	-0.6373	-0.2019	0.6883	-0.2815	189.73	277.91	39.55
2026-05-07T11:25:21.3394620+08:00	0x01	0.0107	-0.0324	0.7471	0.6638	96.71	358.45	3.58
2026-05-07T11:25:21.5060712+08:00	0x06	-0.6867	-0.1029	0.7134	-0.0948	179.64	272.13	16.08
2026-05-07T11:25:21.5384928+08:00	0x09	0.0671	0.0434	0.7426	0.6650	96.43	9.06	1.42
2026-05-07T11:25:21.5738200+08:00	0x03	0.0219	0.0023	0.6161	0.7873	76.12	1.76	1.81
2026-05-07T11:25:21.7014121+08:00	0x02	0.0107	-0.0015	-0.4695	0.8829	303.99	359.28	1.00
2026-05-07T11:25:21.7341244+08:00	0x08	0.0153	-0.0285	0.4689	0.8826	55.91	357.94	3.07
2026-05-07T11:25:21.7781806+08:00	0x07	-0.6141	-0.2951	0.6313	-0.3705	190.82	277.33	55.86
2026-05-07T11:25:21.9309221+08:00	0x01	0.0107	-0.0324	0.7471	0.6638	96.71	358.44	3.59
2026-05-07T11:25:22.0118721+08:00	0x06	-0.6867	-0.1004	0.7140	-0.0931	179.71	272.19	15.74
2026-05-07T11:25:22.1338165+08:00	0x03	0.0219	0.0023	0.6161	0.7873	76.12	1.76	1.81
