timestamp	device	q0	q1	q2	q3	yaw	pitch	roll
2026-05-07T16:30:11.0995320+08:00	0x03	-0.0031	-0.0166	0.2781	0.9604	32.30	358.08	0.18
2026-05-07T16:30:11.1713870+08:00	0x06	-0.0006	-0.0046	-0.8450	-0.5347	115.36	0.34	359.59
2026-05-07T16:30:11.4186605+08:00	0x02	0.0137	0.0016	-0.9588	0.2839	212.98	358.55	0.62
2026-05-07T16:30:11.5400606+08:00	0x04	-0.0063	-0.0241	-0.1829	0.9828	338.94	357.41	358.78
2026-05-07T16:30:11.5865727+08:00	0x01	-0.0186	-0.0415	-0.2521	0.9666	330.88	355.93	356.74
2026-05-07T16:30:11.6868814+08:00	0x09	0.0544	-0.0632	-0.5368	0.8396	294.70	350.53	1.34
2026-05-07T16:30:11.7327838+08:00	0x03	-0.0032	-0.0165	0.2781	0.9604	32.30	358.08	0.18
2026-05-07T16:30:11.7546496+08:00	0x06	0.0013	-0.1055	-0.8345	-0.5408	113.53	6.54	349.78
2026-05-07T16:30:11.9928046+08:00	0x02	0.0136	0.0016	-0.9588	0.2839	212.98	358.55	0.62
2026-05-07T16:30:12.1076224+08:00	0x04	-0.0063	-0.0241	-0.1829	0.9828	338.94	357.41	358.78
2026-05-07T16:30:12.1761546+08:00	0x07	0.0356	0.1125	0.7654	0.6327	100.11	11.45	352.70
2026-05-07T16:30:12.2228824+08:00	0x03	-0.0032	-0.0165	0.2781	0.9604	32.30	358.08	0.18
2026-05-07T16:30:12.2993406+08:00	0x06	-0.0234	-0.1207	-0.8447	-0.5210	115.79	9.67	349.66
2026-05-07T16:30:12.5930021+08:00	0x08	-0.0087	-0.0279	0.0410	0.9987	4.72	356.76	359.14
2026-05-07T16:30:12.7847840+08:00	0x07	-0.0301	0.0358	0.7850	0.6177	103.61	359.83	354.64
2026-05-07T16:30:12.8305043+08:00	0x09	0.0544	-0.0632	-0.5368	0.8396	294.70	350.53	1.34
2026-05-07T16:30:12.9692490+08:00	0x01	-0.0186	-0.0415	-0.2521	0.9666	330.88	355.93	356.74
2026-05-07T16:30:13.0840132+08:00	0x02	0.0137	0.0016	-0.9588	0.2839	212.98	358.55	0.62
2026-05-07T16:30:13.2136005+08:00	0x04	-0.0063	-0.0241	-0.1829	0.9828	338.94	357.41	358.78
2026-05-07T16:30:13.2433916+08:00	0x08	-0.0087	-0.0279	0.0410	0.9987	4.72	356.76	359.14
2026-05-07T16:30:13.3139625+08:00	0x07	-0.0272	0.0187	0.7860	0.6174	103.74	358.87	356.38
2026-05-07T16:30:13.3440801+08:00	0x09	0.0543	-0.0632	-0.5368	0.8396	294.70	350.53	1.34
2026-05-07T16:30:13.3899767+08:00	0x03	-0.0032	-0.0165	0.2781	0.9604	32.30	358.08	0.18
2026-05-07T16:30:13.6036317+08:00	0x02	0.0137	0.0016	-0.9588	0.2839	212.98	358.55	0.62
2026-05-07T16:30:13.7809591+08:00	0x01	-0.0186	-0.0415	-0.2521	0.9666	330.88	355.93	356.74
2026-05-07T16:30:13.8417141+08:00	0x07	-0.0255	0.0052	0.7845	0.6195	103.44	358.08	357.72
2026-05-07T16:30:13.9025421+08:00	0x03	-0.0032	-0.0165	0.2781	0.9604	32.30	358.08	0.18
2026-05-07T16:30:13.9255826+08:00	0x06	-0.0081	-0.0730	-0.8602	-0.5047	118.90	5.06	353.26
2026-05-07T16:30:14.1953591+08:00	0x02	0.0137	0.0016	-0.9588	0.2839	212.98	358.55	0.62
2026-05-07T16:30:14.3266427+08:00	0x08	-0.0087	-0.0279	0.0410	0.9987	4.72	356.76	359.14
2026-05-07T16:30:14.3949944+08:00	0x07	-0.0285	-0.0056	0.7843	0.6197	103.41	357.04	358.47
2026-05-07T16:30:14.4733226+08:00	0x09	0.0543	-0.0632	-0.5368	0.8396	294.70	350.53	1.34
2026-05-07T16:30:14.5195277+08:00	0x06	-0.0075	-0.0628	-0.8620	-0.5029	119.26	4.39	354.22
2026-05-07T16:30:14.5386574+08:00	0x03	-0.0031	-0.0166	0.2781	0.9604	32.30	358.08	0.18
2026-05-07T16:30:14.7296677+08:00	0x02	0.0136	0.0016	-0.9588	0.2839	212.98	358.55	0.62
2026-05-07T16:30:14.8652010+08:00	0x01	-0.0186	-0.0415	-0.2521	0.9666	330.88	355.93	356.74
2026-05-07T16:30:14.9092866+08:00	0x08	-0.0087	-0.0279	0.0410	0.9987	4.72	356.76	359.14
2026-05-07T16:30:14.9453938+08:00	0x07	-0.0418	-0.0161	0.7859	0.6168	103.81	355.09	358.49
2026-05-07T16:30:15.0057967+08:00	0x06	-0.0063	-0.0598	-0.8693	-0.4906	120.92	4.01	354.39
2026-05-07T16:30:15.2707245+08:00	0x02	0.0137	0.0016	-0.9588	0.2839	212.98	358.55	0.62
2026-05-07T16:30:15.2899210+08:00	0x04	-0.0063	-0.0241	-0.1829	0.9828	338.94	357.41	358.78
2026-05-07T16:30:15.3665243+08:00	0x08	-0.0087	-0.0279	0.0410	0.9987	4.72	356.76	359.14
2026-05-07T16:30:15.4705676+08:00	0x01	-0.0186	-0.0415	-0.2521	0.9666	330.88	355.93	356.74
2026-05-07T16:30:15.5225935+08:00	0x03	-0.0032	-0.0166	0.2781	0.9604	32.30	358.07	0.18
2026-05-07T16:30:15.7387979+08:00	0x07	0.0105	-0.0284	0.7821	0.6224	102.95	358.92	3.30
2026-05-07T16:30:15.8543547+08:00	0x02	0.0137	0.0016	-0.9588	0.2839	212.98	358.55	0.62
2026-05-07T16:30:15.9866194+08:00	0x08	-0.0087	-0.0279	0.0410	0.9987	4.72	356.76	359.14
2026-05-07T16:30:16.0287462+08:00	0x09	0.0544	-0.0632	-0.5368	0.8396	294.70	350.53	1.34
2026-05-07T16:30:16.0674794+08:00	0x03	-0.0032	-0.0165	0.2781	0.9604	32.30	358.08	0.18
2026-05-07T16:30:16.2683923+08:00	0x04	-0.0063	-0.0241	-0.1829	0.9828	338.94	357.41	358.78
2026-05-07T16:30:16.3613963+08:00	0x02	0.0137	0.0016	-0.9588	0.2839	212.98	358.55	0.62
2026-05-07T16:30:16.5504184+08:00	0x08	-0.0087	-0.0279	0.0410	0.9987	4.72	356.76	359.14
2026-05-07T16:30:16.5952830+08:00	0x09	0.0544	-0.0632	-0.5368	0.8396	294.70	350.53	1.34
2026-05-07T16:30:16.6758955+08:00	0x06	-0.3092	0.0314	-0.8203	-0.4801	124.95	30.60	20.39
2026-05-07T16:30:16.8370211+08:00	0x04	-0.0063	-0.0241	-0.1829	0.9828	338.94	357.41	358.78
2026-05-07T16:30:16.9452433+08:00	0x02	0.0137	0.0016	-0.9588	0.2839	212.98	358.55	0.62
2026-05-07T16:30:17.0754373+08:00	0x08	-0.0087	-0.0279	0.0410	0.9987	4.72	356.76	359.14
2026-05-07T16:30:17.1348830+08:00	0x09	0.0544	-0.0632	-0.5368	0.8396	294.70	350.53	1.34
2026-05-07T16:30:17.1698075+08:00	0x07	0.2066	-0.1071	0.8182	0.5257	117.47	14.19	23.10
2026-05-07T16:30:17.1874645+08:00	0x03	-0.0031	-0.0165	0.2781	0.9604	32.30	358.08	0.18
2026-05-07T16:30:17.3906990+08:00	0x04	-0.0063	-0.0241	-0.1829	0.9828	338.94	357.41	358.78
2026-05-07T16:30:17.4552027+08:00	0x02	0.0137	0.0016	-0.9588	0.2839	212.98	358.55	0.62
2026-05-07T16:30:17.6696819+08:00	0x08	-0.0087	-0.0279	0.0410	0.9987	4.72	356.76	359.14
2026-05-07T16:30:17.7097139+08:00	0x01	-0.0186	-0.0415	-0.2521	0.9666	330.88	355.93	356.74
2026-05-07T16:30:17.7595181+08:00	0x05	-0.0025	0.0186	0.4260	0.9045	50.42	1.81	358.83
2026-05-07T16:30:17.8702547+08:00	0x03	-0.0032	-0.0165	0.2781	0.9604	32.30	358.08	0.18
2026-05-07T16:30:18.0362768+08:00	0x02	0.0137	0.0016	-0.9588	0.2839	212.98	358.55	0.62
2026-05-07T16:30:18.1784030+08:00	0x09	0.0543	-0.0632	-0.5368	0.8396	294.70	350.53	1.34
2026-05-07T16:30:18.2270163+08:00	0x01	-0.0186	-0.0415	-0.2521	0.9666	330.88	355.93	356.74
2026-05-07T16:30:18.2889101+08:00	0x07	0.1283	-0.0800	0.8418	0.5182	117.85	7.94	15.53
2026-05-07T16:30:18.4332294+08:00	0x04	-0.0063	-0.0241	-0.1829	0.9828	338.94	357.41	358.78
2026-05-07T16:30:18.6007425+08:00	0x02	0.0137	0.0016	-0.9588	0.2839	212.98	358.55	0.62
2026-05-07T16:30:18.7102333+08:00	0x09	0.0543	-0.0632	-0.5368	0.8396	294.70	350.53	1.34
2026-05-07T16:30:18.8024158+08:00	0x03	-0.0032	-0.0166	0.2781	0.9604	32.30	358.07	0.18
2026-05-07T16:30:18.8956885+08:00	0x07	0.1028	-0.0736	0.8452	0.5193	117.54	5.75	13.37
2026-05-07T16:30:19.0313655+08:00	0x04	-0.0063	-0.0241	-0.1829	0.9828	338.94	357.41	358.78
2026-05-07T16:30:19.1331480+08:00	0x02	0.0136	0.0016	-0.9588	0.2839	212.98	358.55	0.62
2026-05-07T16:30:19.2965379+08:00	0x01	-0.0186	-0.0415	-0.2521	0.9666	330.88	355.93	356.74
2026-05-07T16:30:19.3383936+08:00	0x09	0.0543	-0.0632	-0.5368	0.8396	294.70	350.53	1.34
2026-05-07T16:30:19.4318772+08:00	0x07	0.0756	-0.0654	0.8482	0.5202	117.29	3.51	10.93
2026-05-07T16:30:19.4574967+08:00	0x06	-0.1020	0.0135	-0.8730	-0.4768	123.29	9.58	6.94
2026-05-07T16:30:19.5277136+08:00	0x08	-0.0087	-0.0279	0.0410	0.9987	4.72	356.77	359.14
2026-05-07T16:30:19.5956155+08:00	0x04	-0.0063	-0.0241	-0.1829	0.9828	338.94	357.41	358.78
2026-05-07T16:30:19.8426723+08:00	0x09	0.0544	-0.0632	-0.5368	0.8396	294.70	350.53	1.34
2026-05-07T16:30:19.8778365+08:00	0x01	-0.0186	-0.0415	-0.2521	0.9666	330.88	355.93	356.74
2026-05-07T16:30:20.0045047+08:00	0x07	0.0633	-0.0627	0.8467	0.5246	116.65	2.41	9.93
2026-05-07T16:30:20.1266907+08:00	0x04	-0.0063	-0.0241	-0.1829	0.9828	338.94	357.41	358.78
2026-05-07T16:30:20.2183352+08:00	0x02	0.0137	0.0016	-0.9588	0.2839	212.98	358.55	0.62
2026-05-07T16:30:20.3994790+08:00	0x09	0.0543	-0.0632	-0.5368	0.8396	294.70	350.53	1.34
2026-05-07T16:30:20.4243145+08:00	0x08	-0.0087	-0.0279	0.0410	0.9987	4.72	356.77	359.14
2026-05-07T16:30:20.4744353+08:00	0x05	-0.0025	0.0186	0.4260	0.9045	50.42	1.81	358.83
2026-05-07T16:30:20.5037622+08:00	0x07	0.0764	-0.0499	0.8429	0.5302	116.02	4.41	9.50
2026-05-07T16:30:20.6897414+08:00	0x04	-0.0063	-0.0241	-0.1829	0.9828	338.94	357.42	358.78
2026-05-07T16:30:20.7930417+08:00	0x02	0.0137	0.0016	-0.9588	0.2839	212.98	358.55	0.62
2026-05-07T16:30:20.9397819+08:00	0x09	0.0543	-0.0632	-0.5368	0.8396	294.70	350.53	1.34
2026-05-07T16:30:21.0057639+08:00	0x03	-0.0032	-0.0165	0.2781	0.9604	32.30	358.08	0.18
2026-05-07T16:30:21.0559972+08:00	0x06	-0.1049	0.0000	-0.8611	-0.4974	120.52	10.47	5.99
2026-05-07T16:30:21.2619410+08:00	0x02	0.0136	0.0016	-0.9588	0.2839	212.98	358.55	0.62
2026-05-07T16:30:21.4195853+08:00	0x04	-0.0063	-0.0241	-0.1829	0.9828	338.94	357.42	358.78
2026-05-07T16:30:21.5042011+08:00	0x08	-0.0087	-0.0279	0.0410	0.9987	4.72	356.77	359.14
2026-05-07T16:30:21.5350999+08:00	0x09	0.0544	-0.0632	-0.5368	0.8396	294.70	350.53	1.34
2026-05-07T16:30:21.7803142+08:00	0x04	-0.0064	-0.0241	-0.1829	0.9828	338.94	357.42	358.78
2026-05-07T16:30:21.9921749+08:00	0x01	-0.0186	-0.0415	-0.2521	0.9666	330.88	355.93	356.74
2026-05-07T16:30:22.0318817+08:00	0x06	-0.1623	-0.0153	-0.8652	-0.4743	123.66	17.32	7.32
2026-05-07T16:30:22.1082225+08:00	0x09	0.0544	-0.0632	-0.5368	0.8396	294.70	350.53	1.34
2026-05-07T16:30:22.3537049+08:00	0x02	0.0136	0.0016	-0.9588	0.2839	212.98	358.55	0.62
2026-05-07T16:30:22.3754894+08:00	0x04	-0.0064	-0.0241	-0.1829	0.9828	338.94	357.42	358.78
2026-05-07T16:30:22.5337844+08:00	0x01	-0.0186	-0.0415	-0.2521	0.9666	330.88	355.93	356.74
2026-05-07T16:30:22.6116162+08:00	0x03	-0.0032	-0.0165	0.2781	0.9604	32.30	358.08	0.18
2026-05-07T16:30:22.6565318+08:00	0x07	0.0659	0.0160	0.8288	0.5555	112.51	7.30	2.67
2026-05-07T16:30:22.6901360+08:00	0x09	0.0544	-0.0632	-0.5368	0.8396	294.70	350.53	1.34
2026-05-07T16:30:22.8899684+08:00	0x04	-0.0064	-0.0241	-0.1829	0.9828	338.94	357.42	358.78
2026-05-07T16:30:22.9790746+08:00	0x02	0.0136	0.0016	-0.9588	0.2839	212.98	358.55	0.62
2026-05-07T16:30:23.0975301+08:00	0x01	-0.0186	-0.0415	-0.2521	0.9666	330.88	355.93	356.74
2026-05-07T16:30:23.1344328+08:00	0x07	0.0100	-0.0017	0.8318	0.5550	112.58	0.84	0.80
2026-05-07T16:30:23.1694352+08:00	0x09	0.0544	-0.0632	-0.5368	0.8396	294.70	350.53	1.34
2026-05-07T16:30:23.2085363+08:00	0x03	-0.0032	-0.0165	0.2781	0.9604	32.30	358.08	0.18
2026-05-07T16:30:23.4458382+08:00	0x02	0.0137	0.0016	-0.9588	0.2839	212.98	358.55	0.62
2026-05-07T16:30:23.4665842+08:00	0x04	-0.0064	-0.0241	-0.1829	0.9828	338.94	357.42	358.78
2026-05-07T16:30:23.6163096+08:00	0x01	-0.0186	-0.0414	-0.2521	0.9666	330.88	355.94	356.74
2026-05-07T16:30:23.7076026+08:00	0x03	-0.0032	-0.0165	0.2781	0.9604	32.30	358.08	0.18
2026-05-07T16:30:23.7155801+08:00	0x07	-0.2086	0.1543	0.7716	0.5808	108.47	350.64	331.29
2026-05-07T16:30:23.7447297+08:00	0x09	0.0544	-0.0632	-0.5368	0.8396	294.70	350.53	1.34
2026-05-07T16:30:23.8588117+08:00	0x08	-0.0087	-0.0279	0.0410	0.9987	4.72	356.76	359.14
2026-05-07T16:30:24.0360112+08:00	0x04	-0.0064	-0.0241	-0.1829	0.9828	338.94	357.42	358.78
2026-05-07T16:30:24.1949176+08:00	0x06	0.2369	-0.0870	-0.8597	-0.4440	129.28	339.27	338.90
2026-05-07T16:30:24.2479031+08:00	0x07	-0.2022	0.1498	0.7743	0.5806	108.52	350.94	332.18
2026-05-07T16:30:24.2705661+08:00	0x09	0.0544	-0.0632	-0.5368	0.8396	294.70	350.53	1.34
2026-05-07T16:30:24.3044529+08:00	0x03	-0.0032	-0.0165	0.2781	0.9604	32.30	358.08	0.18
2026-05-07T16:30:24.3854015+08:00	0x08	-0.0087	-0.0279	0.0410	0.9987	4.72	356.76	359.14
2026-05-07T16:30:24.5512697+08:00	0x04	-0.0064	-0.0241	-0.1829	0.9828	338.94	357.41	358.78
2026-05-07T16:30:24.6940326+08:00	0x02	0.0136	0.0016	-0.9588	0.2839	212.98	358.55	0.62
2026-05-07T16:30:24.7686151+08:00	0x03	-0.0032	-0.0165	0.2781	0.9604	32.30	358.08	0.18
2026-05-07T16:30:24.7897652+08:00	0x07	-0.2822	0.1128	0.7902	0.5322	117.70	338.21	331.40
2026-05-07T16:30:24.9504963+08:00	0x08	-0.0087	-0.0279	0.0410	0.9987	4.72	356.76	359.14
2026-05-07T16:30:25.1227576+08:00	0x02	0.0136	0.0016	-0.9588	0.2839	212.98	358.55	0.62
2026-05-07T16:30:25.2880916+08:00	0x01	-0.0186	-0.0415	-0.2521	0.9666	330.88	355.93	356.74
2026-05-07T16:30:25.3296676+08:00	0x03	-0.0032	-0.0165	0.2781	0.9604	32.30	358.08	0.18
2026-05-07T16:30:25.3645236+08:00	0x07	-0.1516	0.0140	0.8759	0.4579	126.02	345.16	350.60
2026-05-07T16:30:25.5151737+08:00	0x08	-0.0087	-0.0279	0.0410	0.9987	4.72	356.77	359.14
2026-05-07T16:30:25.5896727+08:00	0x09	0.0544	-0.0632	-0.5368	0.8396	294.70	350.53	1.34
2026-05-07T16:30:25.6440990+08:00	0x02	0.0136	0.0016	-0.9588	0.2839	212.98	358.55	0.62
2026-05-07T16:30:25.8642467+08:00	0x01	-0.0186	-0.0415	-0.2521	0.9666	330.88	355.93	356.74
2026-05-07T16:30:25.9015180+08:00	0x07	-0.0960	-0.0111	0.9056	0.4130	131.28	349.44	356.61
2026-05-07T16:30:25.9555371+08:00	0x09	0.0544	-0.0632	-0.5368	0.8396	294.70	350.53	1.34
2026-05-07T16:30:26.0426068+08:00	0x08	-0.0086	-0.0279	0.0410	0.9987	4.72	356.77	359.14
2026-05-07T16:30:26.1980558+08:00	0x02	0.0136	0.0016	-0.9588	0.2839	212.98	358.55	0.62
2026-05-07T16:30:26.2282009+08:00	0x04	-0.0063	-0.0241	-0.1829	0.9828	338.94	357.42	358.78
2026-05-07T16:30:26.3175580+08:00	0x01	-0.0186	-0.0415	-0.2521	0.9666	330.88	355.93	356.74
2026-05-07T16:30:26.4149504+08:00	0x09	0.0544	-0.0632	-0.5368	0.8396	294.70	350.53	1.34
2026-05-07T16:30:26.5984061+08:00	0x08	-0.0087	-0.0279	0.0410	0.9987	4.72	356.76	359.14
2026-05-07T16:30:26.7216227+08:00	0x04	-0.0063	-0.0241	-0.1829	0.9828	338.94	357.42	358.78
2026-05-07T16:30:26.8402912+08:00	0x01	-0.0186	-0.0415	-0.2521	0.9666	330.88	355.93	356.74
2026-05-07T16:30:26.8806635+08:00	0x06	0.0430	-0.1119	-0.9083	-0.4008	132.30	0.68	346.25
2026-05-07T16:30:26.9350548+08:00	0x09	0.0544	-0.0632	-0.5368	0.8396	294.70	350.53	1.34
2026-05-07T16:30:27.1658578+08:00	0x08	-0.0087	-0.0279	0.0410	0.9987	4.72	356.76	359.14
2026-05-07T16:30:27.2955133+08:00	0x02	0.0136	0.0016	-0.9588	0.2839	212.98	358.55	0.62
2026-05-07T16:30:27.3165218+08:00	0x04	-0.0063	-0.0241	-0.1829	0.9828	338.94	357.41	358.78
2026-05-07T16:30:27.4075903+08:00	0x01	-0.0186	-0.0415	-0.2521	0.9666	330.88	355.93	356.74
2026-05-07T16:30:27.4648967+08:00	0x06	0.0013	-0.1082	-0.9116	-0.3967	132.48	4.88	348.56
2026-05-07T16:30:27.5158872+08:00	0x07	-0.0063	-0.0435	0.9410	0.3356	140.64	357.64	4.45
2026-05-07T16:30:27.5583813+08:00	0x09	0.0544	-0.0632	-0.5368	0.8396	294.70	350.53	1.34
2026-05-07T16:30:27.7136933+08:00	0x08	-0.0087	-0.0279	0.0410	0.9987	4.72	356.76	359.14
2026-05-07T16:30:27.7525888+08:00	0x05	-0.0025	0.0186	0.4260	0.9045	50.42	1.81	358.83
2026-05-07T16:30:27.8859579+08:00	0x04	-0.0063	-0.0241	-0.1829	0.9828	338.94	357.41	358.78
2026-05-07T16:30:27.9338721+08:00	0x01	-0.0186	-0.0415	-0.2521	0.9666	330.88	355.93	356.74
2026-05-07T16:30:28.0027074+08:00	0x07	0.0274	-0.0457	0.9456	0.3209	142.58	1.29	5.97
2026-05-07T16:30:28.0870143+08:00	0x02	0.0136	0.0016	-0.9588	0.2839	212.98	358.55	0.62
2026-05-07T16:30:28.2954762+08:00	0x08	-0.0087	-0.0279	0.0410	0.9987	4.72	356.76	359.14
2026-05-07T16:30:28.4073726+08:00	0x02	0.0136	0.0016	-0.9588	0.2839	212.98	358.55	0.62
2026-05-07T16:30:28.5196871+08:00	0x01	-0.0186	-0.0415	-0.2521	0.9666	330.88	355.93	356.74
2026-05-07T16:30:28.5885902+08:00	0x07	0.0415	-0.0487	0.9480	0.3117	143.77	2.79	6.79
2026-05-07T16:30:28.6935326+08:00	0x09	0.0544	-0.0632	-0.5368	0.8396	294.70	350.53	1.34
2026-05-07T16:30:28.8078241+08:00	0x08	-0.0087	-0.0279	0.0410	0.9987	4.72	356.76	359.14
2026-05-07T16:30:28.9564907+08:00	0x04	-0.0063	-0.0241	-0.1829	0.9828	338.94	357.41	358.78
2026-05-07T16:30:28.9924787+08:00	0x02	0.0136	0.0016	-0.9588	0.2839	212.98	358.55	0.62
2026-05-07T16:30:29.0749657+08:00	0x01	-0.0186	-0.0415	-0.2521	0.9666	330.88	355.93	356.74
2026-05-07T16:30:29.1803626+08:00	0x03	-0.0032	-0.0165	0.2781	0.9604	32.30	358.08	0.18
2026-05-07T16:30:29.3710394+08:00	0x08	-0.0087	-0.0279	0.0410	0.9987	4.72	356.76	359.14
2026-05-07T16:30:29.4943979+08:00	0x02	0.0136	0.0016	-0.9588	0.2839	212.98	358.55	0.62
2026-05-07T16:30:29.5965553+08:00	0x01	-0.0186	-0.0415	-0.2521	0.9666	330.88	355.93	356.74
2026-05-07T16:30:29.6644937+08:00	0x07	0.0538	-0.0569	0.9510	0.2990	145.37	3.96	8.07
2026-05-07T16:30:29.7043095+08:00	0x03	-0.0032	-0.0165	0.2781	0.9604	32.30	358.08	0.18
2026-05-07T16:30:29.9324146+08:00	0x08	-0.0087	-0.0279	0.0410	0.9987	4.72	356.77	359.14
2026-05-07T16:30:30.0540111+08:00	0x02	0.0136	0.0016	-0.9588	0.2839	212.98	358.55	0.62
2026-05-07T16:30:30.0749682+08:00	0x04	-0.0064	-0.0241	-0.1829	0.9828	338.94	357.41	358.78
2026-05-07T16:30:30.1164831+08:00	0x06	-0.0768	-0.1069	-0.9066	-0.4009	131.41	13.12	352.40
2026-05-07T16:30:30.1682977+08:00	0x01	-0.0186	-0.0415	-0.2521	0.9666	330.88	355.93	356.74
2026-05-07T16:30:30.2766569+08:00	0x09	0.0544	-0.0632	-0.5368	0.8396	294.70	350.53	1.34
2026-05-07T16:30:30.3103174+08:00	0x03	-0.0032	-0.0165	0.2781	0.9604	32.30	358.08	0.18
2026-05-07T16:30:30.4789964+08:00	0x08	-0.0087	-0.0279	0.0410	0.9987	4.72	356.77	359.14
2026-05-07T16:30:30.5501280+08:00	0x02	0.0136	0.0016	-0.9588	0.2839	212.98	358.55	0.62
2026-05-07T16:30:30.7072656+08:00	0x07	0.0601	-0.0467	0.9534	0.2920	146.26	5.05	7.13
2026-05-07T16:30:30.7904898+08:00	0x03	-0.0032	-0.0165	0.2781	0.9604	32.30	358.08	0.18
2026-05-07T16:30:30.8102864+08:00	0x09	0.0544	-0.0632	-0.5368	0.8396	294.70	350.53	1.34
2026-05-07T16:30:31.0386326+08:00	0x08	-0.0087	-0.0279	0.0410	0.9987	4.72	356.77	359.14
2026-05-07T16:30:31.1497710+08:00	0x04	-0.0064	-0.0241	-0.1829	0.9828	338.94	357.41	358.78
2026-05-07T16:30:31.2151486+08:00	0x07	0.0642	-0.0507	0.9531	0.2915	146.35	5.38	7.70
2026-05-07T16:30:31.3235616+08:00	0x03	-0.0031	-0.0165	0.2781	0.9604	32.30	358.08	0.18
2026-05-07T16:30:31.4295420+08:00	0x09	0.0544	-0.0632	-0.5368	0.8396	294.70	350.53	1.34
2026-05-07T16:30:31.5697352+08:00	0x08	-0.0087	-0.0279	0.0410	0.9987	4.72	356.77	359.14
2026-05-07T16:30:31.6187879+08:00	0x02	0.0136	0.0016	-0.9588	0.2839	212.98	358.55	0.62
2026-05-07T16:30:31.6495334+08:00	0x04	-0.0064	-0.0241	-0.1829	0.9828	338.94	357.41	358.78
2026-05-07T16:30:31.7967450+08:00	0x07	0.0651	-0.0558	0.9531	0.2903	146.50	5.32	8.29
2026-05-07T16:30:31.8392744+08:00	0x06	-0.0931	-0.1153	-0.9035	-0.4022	130.97	15.27	352.33
2026-05-07T16:30:32.0647691+08:00	0x03	-0.0032	-0.0165	0.2781	0.9604	32.30	358.08	0.18
2026-05-07T16:30:32.0906461+08:00	0x09	0.0544	-0.0632	-0.5368	0.8396	294.70	350.53	1.34
2026-05-07T16:30:32.2396036+08:00	0x02	0.0137	0.0016	-0.9588	0.2839	212.98	358.55	0.62
2026-05-07T16:30:32.3484408+08:00	0x04	-0.0064	-0.0241	-0.1829	0.9828	338.94	357.41	358.78
2026-05-07T16:30:32.3845760+08:00	0x01	-0.0186	-0.0415	-0.2521	0.9666	330.88	355.93	356.74
2026-05-07T16:30:32.4474157+08:00	0x03	-0.0032	-0.0165	0.2781	0.9604	32.30	358.08	0.18
2026-05-07T16:30:32.4917668+08:00	0x09	0.0544	-0.0632	-0.5368	0.8396	294.70	350.53	1.34
2026-05-07T16:30:32.6935646+08:00	0x08	-0.0087	-0.0279	0.0410	0.9987	4.72	356.77	359.14
2026-05-07T16:30:32.7324659+08:00	0x04	-0.0063	-0.0241	-0.1829	0.9828	338.94	357.41	358.78
2026-05-07T16:30:32.8132874+08:00	0x02	0.0137	0.0016	-0.9588	0.2839	212.98	358.55	0.62
2026-05-07T16:30:32.9267101+08:00	0x07	0.0640	-0.0591	0.9529	0.2905	146.47	5.08	8.62
2026-05-07T16:30:32.9534161+08:00	0x01	-0.0186	-0.0415	-0.2521	0.9666	330.88	355.93	356.74
2026-05-07T16:30:32.9945391+08:00	0x03	-0.0032	-0.0165	0.2781	0.9604	32.30	358.08	0.18
2026-05-07T16:30:33.0742789+08:00	0x09	0.0544	-0.0632	-0.5368	0.8396	294.70	350.53	1.34
2026-05-07T16:30:33.1799660+08:00	0x04	-0.0063	-0.0241	-0.1829	0.9828	338.94	357.41	358.78
2026-05-07T16:30:33.3317963+08:00	0x02	0.0137	0.0016	-0.9588	0.2839	212.98	358.55	0.62
2026-05-07T16:30:33.3989100+08:00	0x01	-0.0186	-0.0415	-0.2521	0.9666	330.88	355.93	356.74
2026-05-07T16:30:33.4683317+08:00	0x07	0.0657	-0.0627	0.9521	0.2919	146.32	5.14	9.08
2026-05-07T16:30:33.5709515+08:00	0x03	-0.0032	-0.0165	0.2781	0.9604	32.30	358.08	0.18
2026-05-07T16:30:33.6462992+08:00	0x05	-0.0026	0.0186	0.4260	0.9045	50.42	1.81	358.82
2026-05-07T16:30:33.7048042+08:00	0x08	-0.0087	-0.0279	0.0410	0.9987	4.72	356.77	359.14
2026-05-07T16:30:33.8155891+08:00	0x02	0.0137	0.0016	-0.9588	0.2839	212.98	358.55	0.62
2026-05-07T16:30:33.9232002+08:00	0x01	-0.0186	-0.0415	-0.2521	0.9666	330.88	355.93	356.74
2026-05-07T16:30:34.0035521+08:00	0x07	-0.0770	-0.0425	0.9387	0.3333	140.76	350.04	1.64
2026-05-07T16:30:34.0574545+08:00	0x03	-0.0032	-0.0165	0.2781	0.9604	32.30	358.08	0.18
2026-05-07T16:30:34.1624006+08:00	0x09	0.0544	-0.0632	-0.5368	0.8396	294.70	350.53	1.34
2026-05-07T16:30:34.3103604+08:00	0x08	-0.0087	-0.0279	0.0410	0.9987	4.72	356.77	359.14
2026-05-07T16:30:34.3867016+08:00	0x02	0.0136	0.0016	-0.9588	0.2839	212.98	358.55	0.62
2026-05-07T16:30:34.5161379+08:00	0x01	-0.0186	-0.0415	-0.2521	0.9666	330.88	355.93	356.74
2026-05-07T16:30:34.6081240+08:00	0x03	-0.0032	-0.0165	0.2781	0.9604	32.30	358.08	0.18
2026-05-07T16:30:34.6816019+08:00	0x09	0.0544	-0.0632	-0.5368	0.8396	294.70	350.53	1.34
2026-05-07T16:30:34.8769242+08:00	0x08	-0.0087	-0.0279	0.0410	0.9987	4.72	356.77	359.14
2026-05-07T16:30:34.9238019+08:00	0x04	-0.0063	-0.0241	-0.1829	0.9828	338.94	357.41	358.78
2026-05-07T16:30:35.0073402+08:00	0x01	-0.0186	-0.0415	-0.2521	0.9666	330.88	355.93	356.74
2026-05-07T16:30:35.1306015+08:00	0x07	-0.0727	-0.0432	0.9394	0.3322	140.89	350.48	1.88
2026-05-07T16:30:35.2171910+08:00	0x09	0.0544	-0.0632	-0.5368	0.8396	294.70	350.53	1.34
2026-05-07T16:30:35.2798926+08:00	0x03	-0.0032	-0.0165	0.2781	0.9604	32.30	358.08	0.18
2026-05-07T16:30:35.3510371+08:00	0x08	-0.0087	-0.0279	0.0410	0.9987	4.72	356.76	359.14
2026-05-07T16:30:35.4854813+08:00	0x02	0.0136	0.0016	-0.9588	0.2839	212.98	358.55	0.62
2026-05-07T16:30:35.5640035+08:00	0x06	-0.2174	-0.0501	-0.9519	-0.2098	155.08	25.78	359.77
2026-05-07T16:30:35.6130709+08:00	0x01	-0.0186	-0.0415	-0.2521	0.9666	330.88	355.93	356.74
2026-05-07T16:30:35.7324993+08:00	0x07	0.2291	-0.1038	0.9632	0.0953	171.94	25.76	14.09
2026-05-07T16:30:35.8316891+08:00	0x09	0.0544	-0.0632	-0.5368	0.8396	294.70	350.53	1.34
2026-05-07T16:30:35.8696278+08:00	0x08	-0.0087	-0.0279	0.0410	0.9987	4.72	356.76	359.14
2026-05-07T16:30:35.9343393+08:00	0x05	-0.0025	0.0187	0.4260	0.9045	50.42	1.82	358.82
2026-05-07T16:30:36.0024823+08:00	0x04	-0.0064	-0.0241	-0.1829	0.9828	338.94	357.41	358.78
2026-05-07T16:30:36.0769995+08:00	0x01	-0.0186	-0.0415	-0.2521	0.9666	330.88	355.93	356.74
2026-05-07T16:30:36.1413140+08:00	0x06	-0.1715	-0.0769	-0.9611	-0.2026	155.35	21.21	355.51
2026-05-07T16:30:36.2647812+08:00	0x07	0.1802	-0.0371	0.9758	0.1180	167.39	20.20	6.59
2026-05-07T16:30:36.3712183+08:00	0x09	0.0544	-0.0632	-0.5368	0.8396	294.70	350.53	1.34
2026-05-07T16:30:36.5681476+08:00	0x04	-0.0064	-0.0241	-0.1829	0.9828	338.94	357.41	358.78
2026-05-07T16:30:36.6539829+08:00	0x06	-0.1463	-0.1020	-0.9640	-0.1970	155.57	19.00	352.01
2026-05-07T16:30:36.6926934+08:00	0x01	-0.0186	-0.0415	-0.2521	0.9666	330.88	355.93	356.74
2026-05-07T16:30:36.8031870+08:00	0x07	0.1565	0.0028	0.9793	0.1281	165.41	17.91	1.98
2026-05-07T16:30:36.8231607+08:00	0x02	0.0137	0.0016	-0.9588	0.2839	212.98	358.55	0.62
2026-05-07T16:30:36.8808827+08:00	0x03	-0.0032	-0.0165	0.2781	0.9604	32.30	358.08	0.17
2026-05-07T16:30:36.9778657+08:00	0x08	-0.0087	-0.0279	0.0410	0.9987	4.72	356.76	359.14
2026-05-07T16:30:37.1376419+08:00	0x02	0.0137	0.0016	-0.9588	0.2839	212.98	358.55	0.62
2026-05-07T16:30:37.1837932+08:00	0x01	-0.0186	-0.0415	-0.2521	0.9666	330.88	355.93	356.74
2026-05-07T16:30:37.2305707+08:00	0x06	-0.1269	-0.1339	-0.9636	-0.1932	155.44	17.64	347.93
2026-05-07T16:30:37.3328953+08:00	0x07	0.1333	0.0533	0.9798	0.1395	163.25	16.06	356.15
2026-05-07T16:30:37.3941923+08:00	0x03	-0.0032	-0.0165	0.2781	0.9604	32.30	358.08	0.18
2026-05-07T16:30:37.5336979+08:00	0x08	-0.0087	-0.0279	0.0410	0.9987	4.72	356.76	359.14
2026-05-07T16:30:37.6728084+08:00	0x04	-0.0064	-0.0241	-0.1829	0.9828	338.94	357.41	358.78
2026-05-07T16:30:37.7400086+08:00	0x06	-0.1215	-0.1607	-0.9625	-0.1816	156.23	17.65	344.62
2026-05-07T16:30:37.8647802+08:00	0x07	0.1223	0.0899	0.9793	0.1343	163.27	15.45	351.76
2026-05-07T16:30:37.9222332+08:00	0x03	-0.0032	-0.0165	0.2781	0.9604	32.30	358.08	0.17
2026-05-07T16:30:37.9597934+08:00	0x09	0.0544	-0.0632	-0.5368	0.8396	294.70	350.53	1.34
2026-05-07T16:30:38.1646281+08:00	0x05	-0.0025	0.0187	0.4260	0.9045	50.42	1.82	358.82
2026-05-07T16:30:38.2181683+08:00	0x06	-0.1023	-0.1850	-0.9596	-0.1856	155.45	16.23	341.51
2026-05-07T16:30:38.2566452+08:00	0x01	-0.0186	-0.0415	-0.2521	0.9666	330.88	355.93	356.74
2026-05-07T16:30:38.3599701+08:00	0x04	-0.0064	-0.0241	-0.1829	0.9828	338.94	357.41	358.78
2026-05-07T16:30:38.4269670+08:00	0x02	0.0137	0.0016	-0.9588	0.2839	212.98	358.55	0.62
2026-05-07T16:30:38.5071669+08:00	0x09	0.0544	-0.0632	-0.5368	0.8396	294.70	350.53	1.34
2026-05-07T16:30:38.5453293+08:00	0x08	-0.0087	-0.0279	0.0410	0.9987	4.72	356.76	359.14
2026-05-07T16:30:38.6232044+08:00	0x05	-0.0025	0.0187	0.4260	0.9045	50.42	1.82	358.82
2026-05-07T16:30:38.7646512+08:00	0x02	0.0137	0.0016	-0.9588	0.2839	212.98	358.55	0.62
2026-05-07T16:30:38.7981742+08:00	0x06	-0.1043	-0.1917	-0.9558	-0.1971	153.85	16.91	341.01
2026-05-07T16:30:38.8500970+08:00	0x01	-0.0186	-0.0415	-0.2521	0.9666	330.88	355.93	356.74
2026-05-07T16:30:38.9335576+08:00	0x07	0.0982	0.1409	0.9711	0.1656	158.90	14.16	346.04
2026-05-07T16:30:39.0154450+08:00	0x03	-0.0032	-0.0165	0.2781	0.9604	32.30	358.08	0.17
2026-05-07T16:30:39.0433130+08:00	0x09	0.0544	-0.0632	-0.5368	0.8396	294.70	350.53	1.34
2026-05-07T16:30:39.3167071+08:00	0x02	0.0137	0.0016	-0.9588	0.2839	212.98	358.55	0.62
2026-05-07T16:30:39.3375944+08:00	0x04	-0.0064	-0.0241	-0.1829	0.9828	338.94	357.41	358.78
2026-05-07T16:30:39.3825861+08:00	0x01	-0.0186	-0.0415	-0.2521	0.9666	330.88	355.93	356.74
2026-05-07T16:30:39.4831677+08:00	0x07	0.0920	0.1416	0.9702	0.1737	158.02	13.57	345.95
2026-05-07T16:30:39.5626317+08:00	0x03	-0.0032	-0.0165	0.2781	0.9604	32.30	358.08	0.17
2026-05-07T16:30:39.6063526+08:00	0x09	0.0544	-0.0632	-0.5368	0.8396	294.70	350.53	1.34
2026-05-07T16:30:39.6615007+08:00	0x08	-0.0087	-0.0279	0.0410	0.9987	4.72	356.77	359.14
2026-05-07T16:30:39.9026116+08:00	0x02	0.0137	0.0016	-0.9588	0.2839	212.98	358.55	0.62
2026-05-07T16:30:39.9155769+08:00	0x01	-0.0186	-0.0415	-0.2521	0.9666	330.88	355.93	356.74
2026-05-07T16:30:40.0276877+08:00	0x03	-0.0032	-0.0165	0.2781	0.9604	32.30	358.08	0.17
2026-05-07T16:30:40.0868457+08:00	0x07	0.0792	0.1331	0.9713	0.1805	157.55	11.98	346.71
2026-05-07T16:30:40.1659435+08:00	0x09	0.0544	-0.0632	-0.5368	0.8396	294.70	350.53	1.34
2026-05-07T16:30:40.2205349+08:00	0x08	-0.0087	-0.0279	0.0410	0.9987	4.72	356.77	359.14
2026-05-07T16:30:40.4284671+08:00	0x02	0.0137	0.0016	-0.9588	0.2839	212.98	358.55	0.62
2026-05-07T16:30:40.4906152+08:00	0x01	-0.0186	-0.0415	-0.2521	0.9666	330.88	355.93	356.74
2026-05-07T16:30:40.6237356+08:00	0x03	-0.0032	-0.0165	0.2781	0.9604	32.30	358.08	0.17
2026-05-07T16:30:40.7013634+08:00	0x08	-0.0087	-0.0279	0.0410	0.9987	4.72	356.77	359.14
2026-05-07T16:30:40.7176625+08:00	0x09	0.0544	-0.0632	-0.5368	0.8396	294.70	350.53	1.34
2026-05-07T16:30:40.9724978+08:00	0x06	-0.0907	-0.1865	-0.9538	-0.2175	151.77	15.54	341.57
2026-05-07T16:30:41.0050244+08:00	0x02	0.0137	0.0016	-0.9588	0.2839	212.98	358.55	0.62
2026-05-07T16:30:41.0265470+08:00	0x04	-0.0064	-0.0241	-0.1829	0.9828	338.94	357.41	358.78
2026-05-07T16:30:41.1490609+08:00	0x07	0.0869	0.1452	0.9676	0.1872	156.42	13.28	345.61
2026-05-07T16:30:41.1727219+08:00	0x03	-0.0032	-0.0165	0.2781	0.9604	32.30	358.08	0.17
2026-05-07T16:30:41.2557377+08:00	0x01	-0.0186	-0.0415	-0.2521	0.9666	330.88	355.93	356.74
2026-05-07T16:30:41.3915596+08:00	0x09	0.0544	-0.0632	-0.5368	0.8396	294.70	350.53	1.34
2026-05-07T16:30:41.5114079+08:00	0x02	0.0137	0.0016	-0.9588	0.2839	212.98	358.55	0.62
2026-05-07T16:30:41.5622937+08:00	0x04	-0.0064	-0.0241	-0.1829	0.9828	338.94	357.41	358.78
2026-05-07T16:30:41.6641345+08:00	0x07	0.0656	0.1507	0.9662	0.1988	155.24	11.16	344.63
2026-05-07T16:30:41.7084094+08:00	0x03	-0.0032	-0.0165	0.2781	0.9604	32.30	358.08	0.17
2026-05-07T16:30:41.7670025+08:00	0x09	0.0544	-0.0632	-0.5368	0.8396	294.70	350.53	1.34
2026-05-07T16:30:41.8685828+08:00	0x08	-0.0087	-0.0279	0.0410	0.9987	4.72	356.77	359.14
2026-05-07T16:30:42.0687696+08:00	0x06	-0.0448	-0.1824	-0.9441	-0.2711	146.12	11.17	341.34
2026-05-07T16:30:42.0869777+08:00	0x02	0.0136	0.0016	-0.9588	0.2839	212.98	358.55	0.62
2026-05-07T16:30:42.1844922+08:00	0x04	-0.0064	-0.0241	-0.1829	0.9828	338.94	357.42	358.78
2026-05-07T16:30:42.2828252+08:00	0x09	0.0544	-0.0632	-0.5368	0.8396	294.70	350.53	1.34
2026-05-07T16:30:42.3868529+08:00	0x08	-0.0087	-0.0279	0.0410	0.9987	4.72	356.76	359.14
2026-05-07T16:30:42.5984873+08:00	0x02	0.0137	0.0016	-0.9588	0.2839	212.98	358.55	0.62
2026-05-07T16:30:42.6462854+08:00	0x06	-0.0196	-0.1656	-0.9429	-0.2884	144.75	7.99	342.48
2026-05-07T16:30:42.7657869+08:00	0x07	0.0023	0.1301	0.9558	0.2637	148.60	4.32	345.67
2026-05-07T16:30:42.7925210+08:00	0x04	-0.0064	-0.0241	-0.1829	0.9828	338.94	357.42	358.78
2026-05-07T16:30:42.8738899+08:00	0x09	0.0544	-0.0632	-0.5368	0.8396	294.70	350.53	1.34
2026-05-07T16:30:42.9140642+08:00	0x03	-0.0032	-0.0165	0.2781	0.9604	32.30	358.08	0.17
2026-05-07T16:30:43.0860575+08:00	0x02	0.0137	0.0016	-0.9588	0.2839	212.98	358.55	0.62
2026-05-07T16:30:43.2525843+08:00	0x01	-0.0186	-0.0415	-0.2521	0.9666	330.88	355.93	356.74
2026-05-07T16:30:43.2784671+08:00	0x04	-0.0064	-0.0241	-0.1829	0.9828	338.94	357.42	358.78
2026-05-07T16:30:43.3159521+08:00	0x07	0.0041	0.0890	0.9532	0.2888	146.00	3.45	350.37
2026-05-07T16:30:43.3900327+08:00	0x09	0.0544	-0.0632	-0.5368	0.8396	294.70	350.53	1.34
2026-05-07T16:30:43.6040583+08:00	0x05	-0.0025	0.0186	0.4260	0.9045	50.42	1.81	358.83
2026-05-07T16:30:43.7388450+08:00	0x06	0.0019	-0.0486	-0.9297	-0.3651	137.04	1.84	354.73
2026-05-07T16:30:43.7701865+08:00	0x04	-0.0064	-0.0241	-0.1829	0.9828	338.94	357.42	358.78
2026-05-07T16:30:43.7893528+08:00	0x01	-0.0186	-0.0415	-0.2521	0.9666	330.88	355.93	356.74
2026-05-07T16:30:43.8840152+08:00	0x07	-0.0287	-0.0420	0.9455	0.3218	142.27	355.33	3.49
2026-05-07T16:30:43.9836960+08:00	0x08	-0.0087	-0.0279	0.0410	0.9987	4.72	356.77	359.13
2026-05-07T16:30:44.0630953+08:00	0x05	-0.0025	0.0187	0.4260	0.9045	50.42	1.81	358.83
2026-05-07T16:30:44.1618609+08:00	0x02	0.0136	0.0016	-0.9588	0.2839	212.98	358.55	0.62
2026-05-07T16:30:44.2648309+08:00	0x04	-0.0064	-0.0241	-0.1829	0.9828	338.94	357.42	358.78
2026-05-07T16:30:44.3751600+08:00	0x03	-0.0032	-0.0165	0.2781	0.9604	32.30	358.08	0.18
2026-05-07T16:30:44.5141051+08:00	0x08	-0.0087	-0.0279	0.0410	0.9987	4.72	356.77	359.14
2026-05-07T16:30:44.5766241+08:00	0x09	0.0544	-0.0632	-0.5368	0.8396	294.70	350.53	1.34
2026-05-07T16:30:44.7413551+08:00	0x02	0.0136	0.0016	-0.9588	0.2839	212.98	358.55	0.62
2026-05-07T16:30:44.8474510+08:00	0x06	-0.0215	-0.0591	-0.9146	-0.3995	132.58	4.99	354.78
2026-05-07T16:30:44.9151360+08:00	0x03	-0.0032	-0.0165	0.2781	0.9604	32.30	358.08	0.17
2026-05-07T16:30:44.9631264+08:00	0x07	-0.0145	-0.0156	0.9442	0.3286	141.60	357.84	1.14
2026-05-07T16:30:45.0427314+08:00	0x08	-0.0087	-0.0279	0.0410	0.9987	4.72	356.77	359.13
2026-05-07T16:30:45.0945093+08:00	0x09	0.0544	-0.0632	-0.5368	0.8396	294.70	350.53	1.34
2026-05-07T16:30:45.2661823+08:00	0x02	0.0136	0.0016	-0.9588	0.2839	212.98	358.55	0.62
2026-05-07T16:30:45.4410762+08:00	0x07	-0.0052	-0.0031	0.9449	0.3273	141.79	359.31	0.14
2026-05-07T16:30:45.5984161+08:00	0x09	0.0544	-0.0632	-0.5368	0.8396	294.70	350.53	1.34
2026-05-07T16:30:45.7689597+08:00	0x08	-0.0087	-0.0279	0.0410	0.9987	4.72	356.77	359.14
2026-05-07T16:30:45.9242627+08:00	0x06	-0.0393	-0.0808	-0.9086	-0.4080	131.18	7.95	353.41
2026-05-07T16:30:45.9602125+08:00	0x04	-0.0064	-0.0241	-0.1829	0.9828	338.94	357.41	358.78
2026-05-07T16:30:45.9862419+08:00	0x03	-0.0032	-0.0165	0.2781	0.9604	32.30	358.08	0.17
2026-05-07T16:30:46.0376138+08:00	0x07	-0.0018	0.0083	0.9457	0.3248	142.09	0.11	359.03
2026-05-07T16:30:46.1213771+08:00	0x08	-0.0087	-0.0279	0.0410	0.9987	4.72	356.77	359.14
2026-05-07T16:30:46.1400699+08:00	0x09	0.0544	-0.0632	-0.5368	0.8396	294.70	350.53	1.34
2026-05-07T16:30:46.4006729+08:00	0x02	0.0136	0.0016	-0.9588	0.2839	212.98	358.55	0.62
2026-05-07T16:30:46.5039068+08:00	0x06	-0.0436	-0.0847	-0.9066	-0.4112	130.69	8.61	353.24
2026-05-07T16:30:46.5161451+08:00	0x04	-0.0064	-0.0241	-0.1829	0.9828	338.94	357.41	358.78
2026-05-07T16:30:46.5973551+08:00	0x03	-0.0032	-0.0165	0.2781	0.9604	32.30	358.08	0.17
2026-05-07T16:30:46.6862157+08:00	0x07	0.0043	0.0142	0.9460	0.3237	142.21	0.99	358.62
2026-05-07T16:30:46.7175253+08:00	0x08	-0.0087	-0.0279	0.0410	0.9987	4.72	356.77	359.14
2026-05-07T16:30:46.7954475+08:00	0x09	0.0544	-0.0632	-0.5368	0.8396	294.70	350.53	1.34
2026-05-07T16:30:46.9331428+08:00	0x02	0.0136	0.0016	-0.9588	0.2839	212.98	358.55	0.62
2026-05-07T16:30:47.0087922+08:00	0x06	-0.0449	-0.0827	-0.9055	-0.4138	130.40	8.67	353.54
2026-05-07T16:30:47.0798714+08:00	0x04	-0.0064	-0.0242	-0.1829	0.9828	338.94	357.41	358.77
2026-05-07T16:30:47.1254815+08:00	0x03	-0.0032	-0.0165	0.2781	0.9604	32.30	358.08	0.17
2026-05-07T16:30:47.2795329+08:00	0x09	0.0544	-0.0632	-0.5368	0.8396	294.70	350.53	1.34
2026-05-07T16:30:47.3975918+08:00	0x02	0.0136	0.0016	-0.9588	0.2839	212.98	358.55	0.62
2026-05-07T16:30:47.5852355+08:00	0x06	-0.0486	-0.0889	-0.9043	-0.4146	130.17	9.37	353.08
2026-05-07T16:30:47.6725664+08:00	0x03	-0.0032	-0.0165	0.2781	0.9604	32.30	358.08	0.17
2026-05-07T16:30:47.8115345+08:00	0x08	-0.0087	-0.0279	0.0410	0.9987	4.72	356.76	359.14
2026-05-07T16:30:48.0108108+08:00	0x02	0.0136	0.0016	-0.9588	0.2839	212.98	358.55	0.62
2026-05-07T16:30:48.1018477+08:00	0x06	-0.0493	-0.0884	-0.9037	-0.4160	130.00	9.43	353.18
2026-05-07T16:30:48.1664559+08:00	0x07	0.0125	0.0234	0.9460	0.3230	142.26	2.22	357.92
2026-05-07T16:30:48.2838225+08:00	0x04	-0.0064	-0.0242	-0.1829	0.9828	338.94	357.41	358.77
2026-05-07T16:30:48.3457899+08:00	0x09	0.0544	-0.0632	-0.5368	0.8396	294.70	350.53	1.34
2026-05-07T16:30:48.4855576+08:00	0x02	0.0136	0.0016	-0.9588	0.2839	212.98	358.55	0.62
2026-05-07T16:30:48.6460017+08:00	0x01	-0.0186	-0.0415	-0.2521	0.9666	330.88	355.93	356.74
2026-05-07T16:30:48.7483172+08:00	0x03	-0.0032	-0.0165	0.2781	0.9604	32.30	358.08	0.17
2026-05-07T16:30:48.7695280+08:00	0x07	0.0121	0.0271	0.9466	0.3210	142.49	2.31	357.50
2026-05-07T16:30:48.8869926+08:00	0x09	0.0544	-0.0632	-0.5368	0.8396	294.70	350.53	1.34
2026-05-07T16:30:49.0042357+08:00	0x02	0.0136	0.0016	-0.9588	0.2839	212.98	358.55	0.62
2026-05-07T16:30:49.2295801+08:00	0x01	-0.0186	-0.0415	-0.2521	0.9666	330.88	355.93	356.74
2026-05-07T16:30:49.2727474+08:00	0x04	-0.0064	-0.0242	-0.1829	0.9828	338.94	357.41	358.77
2026-05-07T16:30:49.3098148+08:00	0x07	0.0112	0.0314	0.9476	0.3177	142.87	2.37	356.99
2026-05-07T16:30:49.4424766+08:00	0x08	-0.0087	-0.0279	0.0410	0.9987	4.72	356.77	359.14
2026-05-07T16:30:49.4804236+08:00	0x09	0.0544	-0.0632	-0.5368	0.8396	294.70	350.53	1.34
2026-05-07T16:30:49.5702074+08:00	0x02	0.0136	0.0016	-0.9588	0.2839	212.98	358.55	0.62
2026-05-07T16:30:49.7442944+08:00	0x01	-0.0186	-0.0415	-0.2521	0.9666	330.88	355.93	356.74
2026-05-07T16:30:49.7723789+08:00	0x06	-0.0510	-0.1001	-0.9049	-0.4105	130.49	10.14	351.99
2026-05-07T16:30:49.8178103+08:00	0x07	0.0113	0.0353	0.9480	0.3161	143.05	2.52	356.57
2026-05-07T16:30:49.8645697+08:00	0x03	-0.0032	-0.0165	0.2781	0.9604	32.30	358.08	0.17
2026-05-07T16:30:49.9239772+08:00	0x08	-0.0087	-0.0279	0.0410	0.9987	4.72	356.77	359.14
2026-05-07T16:30:50.0316484+08:00	0x09	0.0544	-0.0632	-0.5368	0.8396	294.70	350.53	1.34
2026-05-07T16:30:50.1596592+08:00	0x02	0.0136	0.0016	-0.9588	0.2839	212.98	358.55	0.62
2026-05-07T16:30:50.3073053+08:00	0x01	-0.0186	-0.0415	-0.2521	0.9666	330.88	355.93	356.74
2026-05-07T16:30:50.3689863+08:00	0x04	-0.0064	-0.0241	-0.1829	0.9828	338.94	357.41	358.78
2026-05-07T16:30:50.4017954+08:00	0x03	-0.0032	-0.0165	0.2781	0.9604	32.30	358.08	0.17
2026-05-07T16:30:50.6046333+08:00	0x09	0.0544	-0.0632	-0.5368	0.8396	294.70	350.53	1.34
2026-05-07T16:30:50.6629452+08:00	0x02	0.0136	0.0016	-0.9588	0.2839	212.98	358.55	0.62
2026-05-07T16:30:50.6940514+08:00	0x08	-0.0087	-0.0279	0.0410	0.9987	4.72	356.77	359.14
2026-05-07T16:30:50.7867180+08:00	0x01	-0.0186	-0.0415	-0.2521	0.9666	330.88	355.93	356.73
2026-05-07T16:30:50.8876802+08:00	0x07	0.0151	0.0342	0.9477	0.3169	142.94	2.89	356.83
2026-05-07T16:30:50.9269720+08:00	0x04	-0.0064	-0.0242	-0.1829	0.9828	338.94	357.41	358.77
2026-05-07T16:30:50.9745876+08:00	0x03	-0.0032	-0.0165	0.2781	0.9604	32.30	358.08	0.17
2026-05-07T16:30:51.1286119+08:00	0x08	-0.0087	-0.0279	0.0410	0.9987	4.72	356.77	359.14
2026-05-07T16:30:51.1705342+08:00	0x09	0.0544	-0.0632	-0.5368	0.8396	294.70	350.53	1.34
2026-05-07T16:30:51.2516142+08:00	0x02	0.0136	0.0016	-0.9588	0.2839	212.98	358.55	0.62
2026-05-07T16:30:51.3024505+08:00	0x01	-0.0186	-0.0415	-0.2521	0.9666	330.88	355.93	356.74
2026-05-07T16:30:51.3975698+08:00	0x06	-0.0535	-0.0938	-0.9045	-0.4126	130.32	10.11	352.78
2026-05-07T16:30:51.4729127+08:00	0x03	-0.0032	-0.0165	0.2781	0.9604	32.30	358.08	0.17
2026-05-07T16:30:51.6366491+08:00	0x08	-0.0087	-0.0279	0.0410	0.9987	4.72	356.77	359.14
2026-05-07T16:30:51.7158084+08:00	0x09	0.0544	-0.0632	-0.5368	0.8396	294.70	350.53	1.34
2026-05-07T16:30:51.8858231+08:00	0x01	-0.0186	-0.0415	-0.2521	0.9666	330.88	355.93	356.74
2026-05-07T16:30:51.9567988+08:00	0x07	0.0176	0.0309	0.9471	0.3190	142.69	3.05	357.29
2026-05-07T16:30:51.9817781+08:00	0x06	-0.0538	-0.0915	-0.9043	-0.4136	130.24	10.03	353.05
2026-05-07T16:30:52.0379944+08:00	0x04	-0.0064	-0.0241	-0.1829	0.9828	338.94	357.41	358.78
2026-05-07T16:30:52.0888341+08:00	0x03	-0.0032	-0.0165	0.2781	0.9604	32.30	358.08	0.17
2026-05-07T16:30:52.2045759+08:00	0x09	0.0544	-0.0632	-0.5368	0.8396	294.70	350.53	1.34
2026-05-07T16:30:52.2314172+08:00	0x08	-0.0087	-0.0279	0.0410	0.9987	4.72	356.77	359.14
2026-05-07T16:30:52.2650739+08:00	0x05	-0.0025	0.0187	0.4260	0.9045	50.42	1.81	358.83
2026-05-07T16:30:52.3536302+08:00	0x02	0.0136	0.0016	-0.9588	0.2839	212.98	358.55	0.62
2026-05-07T16:30:52.3999074+08:00	0x01	-0.0186	-0.0415	-0.2521	0.9666	330.88	355.93	356.74
2026-05-07T16:30:52.5390923+08:00	0x06	-0.0529	-0.0922	-0.9044	-0.4131	130.28	9.98	352.93
2026-05-07T16:30:52.5894027+08:00	0x07	0.0170	0.0322	0.9471	0.3189	142.70	3.02	357.13
2026-05-07T16:30:52.6185711+08:00	0x03	-0.0032	-0.0165	0.2781	0.9604	32.30	358.08	0.17
2026-05-07T16:30:52.7094758+08:00	0x05	-0.0025	0.0187	0.4260	0.9045	50.42	1.82	358.82
2026-05-07T16:30:52.8198376+08:00	0x09	0.0544	-0.0632	-0.5368	0.8396	294.70	350.53	1.34
2026-05-07T16:30:52.9120546+08:00	0x02	0.0136	0.0016	-0.9588	0.2839	212.98	358.55	0.62
2026-05-07T16:30:53.0485730+08:00	0x06	-0.0527	-0.0944	-0.9045	-0.4126	130.31	10.06	352.69
2026-05-07T16:30:53.0955231+08:00	0x07	0.0166	0.0336	0.9472	0.3185	142.75	3.03	356.96
2026-05-07T16:30:53.1226301+08:00	0x03	-0.0032	-0.0165	0.2781	0.9604	32.30	358.08	0.18
2026-05-07T16:30:53.2848026+08:00	0x09	0.0544	-0.0632	-0.5368	0.8396	294.70	350.53	1.34
2026-05-07T16:30:53.3351258+08:00	0x08	-0.0087	-0.0279	0.0410	0.9987	4.72	356.77	359.14
2026-05-07T16:30:53.4333921+08:00	0x02	0.0136	0.0016	-0.9588	0.2839	212.98	358.55	0.62
2026-05-07T16:30:53.5460108+08:00	0x01	-0.0186	-0.0415	-0.2521	0.9666	330.88	355.93	356.74
2026-05-07T16:30:53.5832533+08:00	0x04	-0.0064	-0.0241	-0.1829	0.9828	338.94	357.41	358.78
2026-05-07T16:30:53.6723847+08:00	0x07	0.0163	0.0343	0.9473	0.3182	142.79	3.02	356.87
2026-05-07T16:30:53.6913940+08:00	0x03	-0.0032	-0.0165	0.2781	0.9604	32.30	358.08	0.17
2026-05-07T16:30:53.8815975+08:00	0x09	0.0544	-0.0632	-0.5368	0.8396	294.70	350.53	1.34
2026-05-07T16:30:54.0046469+08:00	0x02	0.0137	0.0016	-0.9588	0.2839	212.98	358.55	0.62
2026-05-07T16:30:54.0700171+08:00	0x01	-0.0186	-0.0415	-0.2521	0.9666	330.88	355.93	356.74
2026-05-07T16:30:54.1469422+08:00	0x06	-0.0529	-0.0942	-0.9044	-0.4127	130.31	10.07	352.72
2026-05-07T16:30:54.2364594+08:00	0x07	0.0168	0.0338	0.9473	0.3182	142.78	3.07	356.95
2026-05-07T16:30:54.3940049+08:00	0x08	-0.0087	-0.0279	0.0410	0.9987	4.72	356.77	359.14
2026-05-07T16:30:54.4195391+08:00	0x09	0.0544	-0.0632	-0.5368	0.8396	294.70	350.53	1.34
2026-05-07T16:30:54.5337377+08:00	0x02	0.0137	0.0016	-0.9588	0.2839	212.98	358.55	0.63
2026-05-07T16:30:54.6374699+08:00	0x01	-0.0186	-0.0415	-0.2521	0.9666	330.88	355.93	356.74
2026-05-07T16:30:54.7164976+08:00	0x06	-0.0533	-0.0937	-0.9044	-0.4130	130.28	10.08	352.79
2026-05-07T16:30:54.7540230+08:00	0x03	-0.0032	-0.0165	0.2781	0.9604	32.30	358.08	0.17
2026-05-07T16:30:54.9479990+08:00	0x09	0.0544	-0.0632	-0.5368	0.8396	294.70	350.53	1.34
2026-05-07T16:30:54.9790307+08:00	0x05	-0.0025	0.0186	0.4260	0.9045	50.42	1.81	358.83
2026-05-07T16:30:55.2030896+08:00	0x01	-0.0186	-0.0415	-0.2521	0.9666	330.88	355.93	356.74
2026-05-07T16:30:55.2419177+08:00	0x02	0.0137	0.0016	-0.9588	0.2839	212.98	358.55	0.62
2026-05-07T16:30:55.2883074+08:00	0x03	-0.0032	-0.0165	0.2781	0.9604	32.30	358.08	0.17
2026-05-07T16:30:55.3135205+08:00	0x04	-0.0064	-0.0241	-0.1829	0.9828	338.94	357.41	358.77
2026-05-07T16:30:55.3981536+08:00	0x07	0.0176	0.0331	0.9473	0.3182	142.78	3.13	357.05
2026-05-07T16:30:55.4307953+08:00	0x05	-0.0026	0.0187	0.4260	0.9045	50.42	1.81	358.82
2026-05-07T16:30:55.4637076+08:00	0x06	-0.0536	-0.0926	-0.9042	-0.4135	130.22	10.06	352.93
2026-05-07T16:30:55.6549006+08:00	0x08	-0.0087	-0.0279	0.0410	0.9987	4.72	356.77	359.14
2026-05-07T16:30:55.7258857+08:00	0x02	0.0137	0.0016	-0.9588	0.2839	212.98	358.55	0.62
2026-05-07T16:30:55.8125686+08:00	0x06	-0.0545	-0.0922	-0.9036	-0.4147	130.07	10.15	353.03
2026-05-07T16:30:55.8606353+08:00	0x03	-0.0032	-0.0165	0.2781	0.9604	32.30	358.08	0.17
2026-05-07T16:30:55.9731345+08:00	0x09	0.0544	-0.0632	-0.5368	0.8396	294.70	350.53	1.34
2026-05-07T16:30:56.1090658+08:00	0x07	0.0184	0.0318	0.9470	0.3192	142.66	3.16	357.22
2026-05-07T16:30:56.1817998+08:00	0x02	0.0137	0.0016	-0.9588	0.2839	212.98	358.55	0.62
2026-05-07T16:30:56.3115689+08:00	0x01	-0.0186	-0.0415	-0.2521	0.9666	330.88	355.93	356.73
2026-05-07T16:30:56.3831329+08:00	0x06	-0.0541	-0.0924	-0.9034	-0.4152	130.02	10.13	352.99
2026-05-07T16:30:56.5106565+08:00	0x07	0.0178	0.0323	0.9470	0.3191	142.68	3.12	357.15
2026-05-07T16:30:56.5577206+08:00	0x08	-0.0087	-0.0279	0.0410	0.9987	4.72	356.77	359.14
2026-05-07T16:30:56.6694352+08:00	0x02	0.0137	0.0016	-0.9588	0.2839	212.98	358.55	0.62
2026-05-07T16:30:56.9008454+08:00	0x06	-0.0540	-0.0911	-0.9033	-0.4157	129.97	10.06	353.13
2026-05-07T16:30:56.9262377+08:00	0x03	-0.0032	-0.0165	0.2781	0.9604	32.30	358.08	0.17
2026-05-07T16:30:56.9591171+08:00	0x01	-0.0186	-0.0415	-0.2521	0.9666	330.88	355.93	356.74
2026-05-07T16:30:57.0907623+08:00	0x07	0.0178	0.0314	0.9470	0.3191	142.68	3.08	357.24
2026-05-07T16:30:57.1304860+08:00	0x09	0.0544	-0.0632	-0.5368	0.8396	294.70	350.53	1.34
2026-05-07T16:30:57.2326012+08:00	0x08	-0.0087	-0.0278	0.0410	0.9987	4.72	356.77	359.14
2026-05-07T16:30:57.4067432+08:00	0x01	-0.0186	-0.0415	-0.2521	0.9666	330.88	355.93	356.74
2026-05-07T16:30:57.4395459+08:00	0x03	-0.0032	-0.0165	0.2781	0.9604	32.30	358.08	0.17
2026-05-07T16:30:57.6077601+08:00	0x07	0.0173	0.0294	0.9471	0.3192	142.68	2.96	357.44
2026-05-07T16:30:57.6465844+08:00	0x08	-0.0087	-0.0278	0.0410	0.9987	4.72	356.77	359.14
2026-05-07T16:30:57.6850509+08:00	0x09	0.0544	-0.0632	-0.5368	0.8396	294.70	350.53	1.34
2026-05-07T16:30:57.8586262+08:00	0x02	0.0137	0.0016	-0.9588	0.2839	212.98	358.55	0.62
2026-05-07T16:30:57.9629997+08:00	0x01	-0.0186	-0.0415	-0.2521	0.9666	330.88	355.93	356.74
2026-05-07T16:30:58.0098832+08:00	0x03	-0.0032	-0.0165	0.2781	0.9604	32.30	358.08	0.17
2026-05-07T16:30:58.1275735+08:00	0x05	-0.0025	0.0186	0.4260	0.9045	50.42	1.81	358.83
2026-05-07T16:30:58.1568011+08:00	0x07	0.0164	0.0309	0.9472	0.3188	142.72	2.92	357.25
2026-05-07T16:30:58.2335446+08:00	0x09	0.0544	-0.0632	-0.5368	0.8396	294.70	350.53	1.34
2026-05-07T16:30:58.3727779+08:00	0x02	0.0137	0.0016	-0.9588	0.2839	212.98	358.55	0.62
2026-05-07T16:30:58.4731258+08:00	0x03	-0.0032	-0.0165	0.2781	0.9604	32.30	358.08	0.17
2026-05-07T16:30:58.5750369+08:00	0x06	-0.0534	-0.0921	-0.9034	-0.4154	130.00	10.04	352.99
2026-05-07T16:30:58.7111275+08:00	0x07	0.0161	0.0321	0.9471	0.3188	142.72	2.92	357.10
2026-05-07T16:30:58.7428328+08:00	0x08	-0.0087	-0.0278	0.0410	0.9987	4.72	356.77	359.14
2026-05-07T16:30:58.8067430+08:00	0x09	0.0544	-0.0632	-0.5368	0.8396	294.70	350.53	1.34
2026-05-07T16:30:58.9444298+08:00	0x02	0.0137	0.0016	-0.9588	0.2839	212.98	358.55	0.62
2026-05-07T16:30:59.0083594+08:00	0x03	-0.0032	-0.0165	0.2781	0.9604	32.30	358.08	0.17
2026-05-07T16:30:59.1034204+08:00	0x06	-0.0533	-0.0904	-0.9034	-0.4158	129.97	9.94	353.17
2026-05-07T16:30:59.2608668+08:00	0x07	0.0164	0.0310	0.9470	0.3194	142.65	2.92	357.24
2026-05-07T16:30:59.2869657+08:00	0x04	-0.0064	-0.0241	-0.1829	0.9828	338.94	357.41	358.77
2026-05-07T16:30:59.3356021+08:00	0x09	0.0544	-0.0632	-0.5368	0.8396	294.70	350.53	1.34
2026-05-07T16:30:59.4157654+08:00	0x02	0.0137	0.0016	-0.9588	0.2839	212.98	358.55	0.62
2026-05-07T16:30:59.5279346+08:00	0x01	-0.0186	-0.0415	-0.2521	0.9666	330.88	355.93	356.74
2026-05-07T16:30:59.6008895+08:00	0x03	-0.0032	-0.0165	0.2781	0.9604	32.30	358.08	0.17
2026-05-07T16:30:59.6315011+08:00	0x04	-0.0064	-0.0241	-0.1829	0.9828	338.94	357.41	358.77
2026-05-07T16:30:59.7846483+08:00	0x07	0.0163	0.0306	0.9470	0.3194	142.65	2.90	357.28
2026-05-07T16:30:59.8229700+08:00	0x08	-0.0087	-0.0279	0.0410	0.9987	4.72	356.77	359.14
2026-05-07T16:30:59.9335763+08:00	0x02	0.0137	0.0016	-0.9588	0.2839	212.98	358.55	0.62
2026-05-07T16:30:59.9922324+08:00	0x09	0.0544	-0.0632	-0.5368	0.8396	294.70	350.53	1.34
2026-05-07T16:31:00.0608412+08:00	0x01	-0.0186	-0.0415	-0.2521	0.9666	330.88	355.93	356.74
2026-05-07T16:31:00.1290760+08:00	0x03	-0.0032	-0.0165	0.2781	0.9604	32.30	358.08	0.17
2026-05-07T16:31:00.2156749+08:00	0x04	-0.0064	-0.0241	-0.1829	0.9828	338.94	357.41	358.77
2026-05-07T16:31:00.3180103+08:00	0x07	0.0155	0.0319	0.9474	0.3181	142.81	2.85	357.10
2026-05-07T16:31:00.4162658+08:00	0x09	0.0544	-0.0632	-0.5368	0.8396	294.70	350.53	1.34
2026-05-07T16:31:00.5101220+08:00	0x02	0.0137	0.0016	-0.9588	0.2839	212.98	358.55	0.62
2026-05-07T16:31:00.6328905+08:00	0x01	-0.0186	-0.0415	-0.2521	0.9666	330.88	355.93	356.74
2026-05-07T16:31:00.6877795+08:00	0x03	-0.0032	-0.0165	0.2781	0.9604	32.30	358.08	0.17
2026-05-07T16:31:00.7537146+08:00	0x06	-0.0529	-0.0927	-0.9036	-0.4149	130.05	10.01	352.90
2026-05-07T16:31:00.8578012+08:00	0x05	-0.0025	0.0187	0.4260	0.9045	50.42	1.81	358.83
2026-05-07T16:31:00.9064377+08:00	0x07	0.0161	0.0327	0.9474	0.3180	142.81	2.94	357.04
2026-05-07T16:31:01.0258633+08:00	0x02	0.0137	0.0016	-0.9588	0.2839	212.98	358.55	0.62
2026-05-07T16:31:01.1426320+08:00	0x01	-0.0186	-0.0415	-0.2521	0.9666	330.88	355.93	356.74
2026-05-07T16:31:01.1891893+08:00	0x09	0.0544	-0.0632	-0.5368	0.8396	294.70	350.53	1.34
2026-05-07T16:31:01.2231149+08:00	0x03	-0.0032	-0.0165	0.2781	0.9604	32.30	358.08	0.17
2026-05-07T16:31:01.3456785+08:00	0x06	-0.0530	-0.0919	-0.9037	-0.4149	130.06	9.98	352.98
2026-05-07T16:31:01.4942854+08:00	0x08	-0.0087	-0.0279	0.0410	0.9987	4.72	356.77	359.14
2026-05-07T16:31:01.5447883+08:00	0x04	-0.0064	-0.0241	-0.1829	0.9828	338.94	357.41	358.77
2026-05-07T16:31:01.5985475+08:00	0x02	0.0136	0.0016	-0.9588	0.2839	212.98	358.55	0.62
2026-05-07T16:31:01.7278638+08:00	0x01	-0.0186	-0.0415	-0.2521	0.9666	330.88	355.93	356.73
2026-05-07T16:31:01.8235154+08:00	0x03	-0.0032	-0.0165	0.2781	0.9604	32.30	358.08	0.17
2026-05-07T16:31:01.8954820+08:00	0x07	0.0182	0.0272	0.9436	0.3296	141.43	3.00	357.75
2026-05-07T16:31:02.0581062+08:00	0x08	-0.0087	-0.0279	0.0410	0.9987	4.72	356.77	359.14
2026-05-07T16:31:02.1724950+08:00	0x02	0.0136	0.0016	-0.9588	0.2839	212.98	358.55	0.62
2026-05-07T16:31:02.2827816+08:00	0x01	-0.0186	-0.0415	-0.2521	0.9666	330.88	355.93	356.73
2026-05-07T16:31:02.3585973+08:00	0x03	-0.0032	-0.0165	0.2781	0.9604	32.30	358.08	0.17
2026-05-07T16:31:02.4760052+08:00	0x07	0.0523	0.0935	0.9217	0.3729	135.30	9.66	352.33
2026-05-07T16:31:02.5153479+08:00	0x04	-0.0064	-0.0241	-0.1829	0.9828	338.94	357.42	358.77
2026-05-07T16:31:02.6469234+08:00	0x09	0.0544	-0.0632	-0.5368	0.8396	294.70	350.53	1.34
2026-05-07T16:31:02.6937414+08:00	0x02	0.0136	0.0016	-0.9588	0.2839	212.98	358.55	0.62
2026-05-07T16:31:02.8094446+08:00	0x01	-0.0186	-0.0415	-0.2521	0.9666	330.88	355.93	356.73
2026-05-07T16:31:02.8928783+08:00	0x03	-0.0032	-0.0165	0.2781	0.9604	32.30	358.08	0.17
2026-05-07T16:31:02.9762261+08:00	0x04	-0.0064	-0.0241	-0.1829	0.9828	338.94	357.42	358.77
2026-05-07T16:31:03.1574859+08:00	0x08	-0.0087	-0.0279	0.0410	0.9987	4.72	356.77	359.13
2026-05-07T16:31:03.2338546+08:00	0x09	0.0544	-0.0632	-0.5368	0.8396	294.70	350.53	1.34
2026-05-07T16:31:03.3919747+08:00	0x01	-0.0186	-0.0415	-0.2521	0.9666	330.88	355.93	356.73
2026-05-07T16:31:03.4728244+08:00	0x03	-0.0032	-0.0165	0.2781	0.9604	32.30	358.08	0.17
2026-05-07T16:31:03.5387147+08:00	0x07	-0.0047	0.0643	0.8858	0.4596	124.98	2.93	353.21
2026-05-07T16:31:03.5855034+08:00	0x05	-0.0026	0.0187	0.4260	0.9045	50.42	1.81	358.82
2026-05-07T16:31:03.7130079+08:00	0x08	-0.0087	-0.0279	0.0410	0.9987	4.72	356.77	359.14
2026-05-07T16:31:03.7724873+08:00	0x09	0.0544	-0.0632	-0.5368	0.8396	294.70	350.53	1.34
2026-05-07T16:31:03.8956313+08:00	0x01	-0.0186	-0.0415	-0.2521	0.9666	330.88	355.93	356.73
2026-05-07T16:31:04.0135220+08:00	0x03	-0.0032	-0.0165	0.2781	0.9604	32.30	358.08	0.17
2026-05-07T16:31:04.1547102+08:00	0x04	-0.0064	-0.0241	-0.1829	0.9828	338.94	357.42	358.77
2026-05-07T16:31:04.2147207+08:00	0x07	-0.0212	0.0247	0.8838	0.4667	124.35	359.17	356.36
2026-05-07T16:31:04.2926862+08:00	0x09	0.0544	-0.0632	-0.5368	0.8396	294.70	350.53	1.34
