timestamp	device	q0	q1	q2	q3	yaw	pitch	roll
2026-05-12T15:05:07.6775570+08:00	0x02	-0.0481	-0.0003	-0.9948	0.0902	190.34	5.49	359.46
2026-05-12T15:05:07.7578735+08:00	0x09	0.0474	-0.1425	-0.4086	0.9003	311.45	342.82	358.22
2026-05-12T15:05:07.8049129+08:00	0x03	-0.0096	0.0020	0.1723	0.9850	19.85	0.03	358.87
2026-05-12T15:05:07.8358307+08:00	0x01	-0.0146	0.0193	-0.1174	0.9928	346.48	2.39	358.60
2026-05-12T15:05:07.8686880+08:00	0x06	-0.7185	0.0002	0.6947	0.0343	177.28	268.14	357.16
2026-05-12T15:05:07.9956225+08:00	0x07	-0.5170	0.4861	0.5575	0.4308	188.12	267.39	279.08
2026-05-12T15:05:08.1426575+08:00	0x02	-0.0481	-0.0003	-0.9948	0.0902	190.34	5.49	359.46
2026-05-12T15:05:08.2174713+08:00	0x05	0.0055	0.0122	0.4337	0.9010	51.41	1.54	359.96
2026-05-12T15:05:08.2505370+08:00	0x08	-0.0054	-0.0050	0.2256	0.9742	26.08	359.30	359.52
2026-05-12T15:05:08.2975986+08:00	0x09	0.0474	-0.1424	-0.4086	0.9003	311.45	342.82	358.22
2026-05-12T15:05:08.3464627+08:00	0x01	-0.0146	0.0193	-0.1174	0.9928	346.48	2.40	358.60
2026-05-12T15:05:08.4774535+08:00	0x06	-0.7456	0.0117	0.6631	0.0655	175.99	263.52	353.50
2026-05-12T15:05:08.6524253+08:00	0x02	-0.0481	-0.0003	-0.9948	0.0902	190.34	5.49	359.46
2026-05-12T15:05:08.7251809+08:00	0x08	-0.0054	-0.0050	0.2256	0.9742	26.08	359.30	359.52
2026-05-12T15:05:08.8310826+08:00	0x09	0.0474	-0.1424	-0.4086	0.9003	311.45	342.82	358.22
2026-05-12T15:05:08.8703808+08:00	0x03	-0.0096	0.0020	0.1723	0.9850	19.85	0.03	358.88
2026-05-12T15:05:09.0448200+08:00	0x07	-0.4437	0.5840	0.4233	0.5319	344.68	107.15	284.90
2026-05-12T15:05:09.0687400+08:00	0x06	-0.7432	-0.0073	0.6662	0.0616	174.65	263.96	355.31
2026-05-12T15:05:09.2295145+08:00	0x02	-0.0482	-0.0004	-0.9948	0.0902	190.34	5.49	359.46
2026-05-12T15:05:09.3002253+08:00	0x08	-0.0054	-0.0050	0.2256	0.9742	26.08	359.30	359.52
2026-05-12T15:05:09.3734216+08:00	0x09	0.0474	-0.1424	-0.4086	0.9003	311.45	342.82	358.22
2026-05-12T15:05:09.4208764+08:00	0x03	-0.0096	0.0020	0.1723	0.9850	19.85	0.03	358.88
2026-05-12T15:05:09.5009007+08:00	0x01	-0.0146	0.0193	-0.1174	0.9928	346.48	2.40	358.60
2026-05-12T15:05:09.5799713+08:00	0x06	-0.7455	-0.0087	0.6638	0.0588	174.76	263.56	355.63
2026-05-12T15:05:09.8077609+08:00	0x07	-0.4014	0.6102	0.3881	0.5620	351.88	100.16	292.35
2026-05-12T15:05:09.8908318+08:00	0x08	-0.0054	-0.0050	0.2256	0.9742	26.08	359.30	359.52
2026-05-12T15:05:09.9951278+08:00	0x03	-0.0096	0.0020	0.1723	0.9850	19.85	0.03	358.87
2026-05-12T15:05:10.0272275+08:00	0x01	-0.0146	0.0193	-0.1174	0.9928	346.48	2.40	358.60
2026-05-12T15:05:10.1341629+08:00	0x07	-0.3750	0.6281	0.3654	0.5757	353.64	98.88	297.03
2026-05-12T15:05:10.4024491+08:00	0x07	-0.4014	0.6102	0.3881	0.5620	351.88	100.16	292.35
2026-05-12T15:05:10.4487575+08:00	0x02	-0.0481	-0.0003	-0.9948	0.0902	190.34	5.49	359.46
2026-05-12T15:05:10.5085227+08:00	0x03	-0.0096	0.0020	0.1723	0.9850	19.85	0.03	358.87
2026-05-12T15:05:10.5931308+08:00	0x01	-0.0146	0.0193	-0.1174	0.9928	346.48	2.40	358.60
2026-05-12T15:05:10.6646921+08:00	0x07	-0.3537	0.6412	0.3488	0.5849	354.86	98.20	300.56
2026-05-12T15:05:10.8971068+08:00	0x02	-0.0481	-0.0003	-0.9948	0.0902	190.34	5.49	359.46
2026-05-12T15:05:10.9695739+08:00	0x09	0.0474	-0.1424	-0.4086	0.9003	311.45	342.82	358.22
2026-05-12T15:05:11.0177228+08:00	0x03	-0.0096	0.0020	0.1723	0.9850	19.85	0.03	358.88
2026-05-12T15:05:11.1045834+08:00	0x01	-0.0146	0.0193	-0.1174	0.9928	346.48	2.40	358.60
2026-05-12T15:05:11.2409307+08:00	0x06	-0.7434	-0.0219	0.6676	0.0334	175.57	263.90	358.83
2026-05-12T15:05:11.2558909+08:00	0x07	-0.3366	0.6501	0.3375	0.5918	356.00	97.54	303.16
2026-05-12T15:05:11.5449269+08:00	0x02	-0.0481	-0.0003	-0.9948	0.0902	190.34	5.49	359.46
2026-05-12T15:05:11.6106329+08:00	0x03	-0.0096	0.0020	0.1723	0.9850	19.85	0.03	358.88
2026-05-12T15:05:11.7121344+08:00	0x06	-0.7300	-0.0180	0.6831	0.0107	177.66	266.18	0.52
2026-05-12T15:05:11.7827523+08:00	0x07	-0.3226	0.6772	0.3403	0.5671	354.80	102.87	304.24
2026-05-12T15:05:12.0636292+08:00	0x08	-0.0054	-0.0050	0.2256	0.9742	26.08	359.30	359.53
2026-05-12T15:05:12.1032848+08:00	0x09	0.0474	-0.1424	-0.4086	0.9003	311.45	342.83	358.22
2026-05-12T15:05:12.1439466+08:00	0x01	-0.0146	0.0193	-0.1174	0.9928	346.48	2.40	358.60
2026-05-12T15:05:12.1665579+08:00	0x03	-0.0096	0.0020	0.1723	0.9850	19.85	0.03	358.88
2026-05-12T15:05:12.3533242+08:00	0x06	-0.4872	-0.0066	0.8686	0.0902	170.58	301.78	355.62
2026-05-12T15:05:12.5115783+08:00	0x07	-0.2589	0.5353	0.4487	0.6672	34.75	58.72	304.33
2026-05-12T15:05:12.5539710+08:00	0x02	-0.0481	-0.0004	-0.9948	0.0902	190.34	5.49	359.46
2026-05-12T15:05:12.5960997+08:00	0x08	-0.0054	-0.0051	0.2256	0.9742	26.08	359.29	359.53
2026-05-12T15:05:12.7059546+08:00	0x03	-0.0096	0.0020	0.1723	0.9850	19.85	0.03	358.88
2026-05-12T15:05:12.7835382+08:00	0x01	-0.0146	0.0193	-0.1174	0.9928	346.48	2.40	358.60
2026-05-12T15:05:12.8960674+08:00	0x07	-0.1104	0.4302	0.4419	0.7794	45.42	43.42	326.47
2026-05-12T15:05:13.1142482+08:00	0x09	0.0474	-0.1424	-0.4086	0.9003	311.45	342.83	358.22
2026-05-12T15:05:13.2475064+08:00	0x03	-0.0096	0.0020	0.1723	0.9850	19.85	0.03	358.88
2026-05-12T15:05:13.3442620+08:00	0x01	-0.0146	0.0193	-0.1174	0.9928	346.48	2.40	358.60
2026-05-12T15:05:13.4279326+08:00	0x06	-0.4953	-0.0070	0.8642	0.0879	170.83	300.71	355.70
2026-05-12T15:05:13.6302236+08:00	0x05	0.0055	0.0122	0.4337	0.9010	51.41	1.54	359.96
2026-05-12T15:05:13.6578999+08:00	0x02	-0.0481	-0.0003	-0.9948	0.0902	190.34	5.49	359.46
2026-05-12T15:05:13.8800737+08:00	0x07	-0.1150	0.4337	0.4424	0.7765	45.25	43.74	325.79
2026-05-12T15:05:13.9354879+08:00	0x01	-0.0146	0.0193	-0.1174	0.9928	346.48	2.40	358.60
2026-05-12T15:05:13.9756291+08:00	0x03	-0.0096	0.0020	0.1723	0.9850	19.85	0.03	358.88
2026-05-12T15:05:14.0326430+08:00	0x06	-0.3661	0.0748	0.9059	0.1993	161.39	318.69	343.65
2026-05-12T15:05:14.2417261+08:00	0x09	0.0474	-0.1424	-0.4086	0.9003	311.45	342.83	358.22
2026-05-12T15:05:14.2564804+08:00	0x08	-0.0054	-0.0051	0.2256	0.9742	26.08	359.29	359.53
2026-05-12T15:05:14.2979806+08:00	0x02	-0.0481	-0.0003	-0.9948	0.0902	190.34	5.49	359.46
2026-05-12T15:05:14.3843020+08:00	0x03	-0.0096	0.0020	0.1723	0.9850	19.85	0.03	358.88
2026-05-12T15:05:14.4713066+08:00	0x06	-0.3886	0.0774	0.8939	0.2097	160.72	316.01	342.46
2026-05-12T15:05:14.4980987+08:00	0x07	-0.0429	0.3821	0.3686	0.8463	39.21	41.14	339.25
2026-05-12T15:05:14.7327081+08:00	0x02	-0.0481	-0.0004	-0.9948	0.0902	190.34	5.49	359.46
2026-05-12T15:05:14.7708326+08:00	0x09	0.0474	-0.1424	-0.4086	0.9003	311.45	342.83	358.22
2026-05-12T15:05:14.9165082+08:00	0x03	-0.0096	0.0020	0.1723	0.9850	19.85	0.03	358.88
2026-05-12T15:05:14.9885313+08:00	0x06	-0.4543	0.0754	0.8634	0.2062	162.35	307.39	341.49
2026-05-12T15:05:15.0496184+08:00	0x01	-0.0146	0.0193	-0.1174	0.9928	346.48	2.40	358.60
2026-05-12T15:05:15.3159571+08:00	0x02	-0.0481	-0.0003	-0.9948	0.0902	190.34	5.49	359.46
2026-05-12T15:05:15.3644527+08:00	0x08	-0.0054	-0.0051	0.2256	0.9742	26.08	359.29	359.53
2026-05-12T15:05:15.5154476+08:00	0x03	-0.0096	0.0020	0.1723	0.9850	19.85	0.03	358.87
2026-05-12T15:05:15.5630254+08:00	0x06	-0.5635	0.0794	0.8031	0.1766	168.14	291.88	340.94
2026-05-12T15:05:15.8446092+08:00	0x02	-0.0481	-0.0004	-0.9948	0.0902	190.34	5.49	359.46
2026-05-12T15:05:15.8962993+08:00	0x09	0.0474	-0.1424	-0.4086	0.9003	311.45	342.83	358.22
2026-05-12T15:05:16.0127642+08:00	0x01	-0.0146	0.0193	-0.1174	0.9928	346.48	2.40	358.60
2026-05-12T15:05:16.0415475+08:00	0x03	-0.0096	0.0020	0.1723	0.9850	19.85	0.03	358.87
2026-05-12T15:05:16.1812741+08:00	0x06	-0.6782	0.0932	0.7139	0.1477	174.86	273.82	340.53
2026-05-12T15:05:16.3568241+08:00	0x05	0.0055	0.0122	0.4337	0.9010	51.41	1.54	359.96
2026-05-12T15:05:16.4849537+08:00	0x09	0.0474	-0.1424	-0.4086	0.9003	311.45	342.83	358.22
2026-05-12T15:05:16.5714659+08:00	0x01	-0.0146	0.0193	-0.1174	0.9928	346.48	2.40	358.60
2026-05-12T15:05:16.6294671+08:00	0x08	-0.0054	-0.0051	0.2256	0.9742	26.08	359.29	359.53
2026-05-12T15:05:16.9191922+08:00	0x02	-0.0481	-0.0004	-0.9948	0.0902	190.34	5.49	359.46
2026-05-12T15:05:17.0169839+08:00	0x09	0.0474	-0.1424	-0.4086	0.9003	311.45	342.82	358.22
2026-05-12T15:05:17.1160786+08:00	0x03	-0.0096	0.0020	0.1723	0.9850	19.85	0.03	358.87
2026-05-12T15:05:17.2159881+08:00	0x07	-0.1932	0.7032	0.1932	0.6564	358.78	94.28	328.31
2026-05-12T15:05:17.2793061+08:00	0x06	-0.7329	0.0608	0.6644	0.1332	174.75	265.12	343.98
2026-05-12T15:05:17.5052907+08:00	0x02	-0.0482	-0.0004	-0.9948	0.0902	190.34	5.49	359.46
2026-05-12T15:05:17.5692461+08:00	0x09	0.0474	-0.1424	-0.4086	0.9003	311.45	342.83	358.22
2026-05-12T15:05:17.6578277+08:00	0x03	-0.0096	0.0020	0.1723	0.9850	19.85	0.03	358.87
2026-05-12T15:05:17.7500639+08:00	0x06	-0.7400	0.0475	0.6592	0.1246	174.44	264.09	345.69
2026-05-12T15:05:17.8154198+08:00	0x07	-0.1910	0.7005	0.1846	0.6623	358.46	93.63	329.23
2026-05-12T15:05:18.0138280+08:00	0x02	-0.0482	-0.0004	-0.9948	0.0902	190.34	5.49	359.46
2026-05-12T15:05:18.0861394+08:00	0x09	0.0474	-0.1424	-0.4086	0.9003	311.45	342.83	358.22
2026-05-12T15:05:18.1970279+08:00	0x01	-0.0146	0.0193	-0.1174	0.9928	346.48	2.40	358.60
2026-05-12T15:05:18.2207216+08:00	0x03	-0.0096	0.0020	0.1723	0.9850	19.85	0.03	358.88
2026-05-12T15:05:18.2716270+08:00	0x08	-0.0054	-0.0051	0.2256	0.9742	26.08	359.29	359.53
2026-05-12T15:05:18.4357998+08:00	0x06	-0.7425	0.0387	0.6582	0.1184	174.20	263.78	346.89
2026-05-12T15:05:18.6097524+08:00	0x02	-0.0482	-0.0004	-0.9948	0.0902	190.34	5.49	359.46
2026-05-12T15:05:18.7308393+08:00	0x08	-0.0054	-0.0051	0.2256	0.9742	26.08	359.30	359.53
2026-05-12T15:05:18.7553115+08:00	0x03	-0.0096	0.0020	0.1723	0.9850	19.85	0.03	358.88
2026-05-12T15:05:18.7995576+08:00	0x07	-0.1885	0.7022	0.1769	0.6634	358.02	93.78	330.10
2026-05-12T15:05:19.0783659+08:00	0x05	0.0055	0.0123	0.4337	0.9010	51.41	1.54	359.96
2026-05-12T15:05:19.1374744+08:00	0x08	-0.0054	-0.0051	0.2256	0.9742	26.08	359.30	359.53
2026-05-12T15:05:19.1615391+08:00	0x09	0.0474	-0.1424	-0.4086	0.9003	311.45	342.83	358.22
2026-05-12T15:05:19.2140266+08:00	0x03	-0.0096	0.0020	0.1723	0.9850	19.85	0.03	358.88
2026-05-12T15:05:19.2624460+08:00	0x01	-0.0146	0.0193	-0.1174	0.9928	346.48	2.40	358.60
2026-05-12T15:05:19.3618008+08:00	0x06	-0.7471	0.0341	0.6528	0.1204	173.74	263.00	347.03
2026-05-12T15:05:19.5424321+08:00	0x05	0.0055	0.0122	0.4337	0.9010	51.41	1.54	359.96
2026-05-12T15:05:19.6520857+08:00	0x08	-0.0054	-0.0050	0.2256	0.9742	26.08	359.30	359.53
2026-05-12T15:05:19.7494411+08:00	0x09	0.0474	-0.1424	-0.4086	0.9003	311.45	342.83	358.22
2026-05-12T15:05:19.8256728+08:00	0x07	-0.1936	0.7038	0.1708	0.6618	356.93	94.34	330.22
2026-05-12T15:05:19.9342107+08:00	0x06	-0.7507	0.0255	0.6506	0.1121	173.69	262.47	348.38
2026-05-12T15:05:20.0138436+08:00	0x05	0.0055	0.0122	0.4337	0.9010	51.41	1.54	359.96
2026-05-12T15:05:20.1684702+08:00	0x02	-0.0482	-0.0003	-0.9948	0.0902	190.34	5.49	359.46
2026-05-12T15:05:20.3640727+08:00	0x09	0.0474	-0.1424	-0.4086	0.9003	311.45	342.82	358.22
2026-05-12T15:05:20.4234491+08:00	0x01	-0.0146	0.0193	-0.1174	0.9928	346.48	2.40	358.60
2026-05-12T15:05:20.5033399+08:00	0x06	-0.7479	0.0284	0.6527	0.1177	173.46	262.93	347.69
2026-05-12T15:05:20.7580529+08:00	0x08	-0.0054	-0.0051	0.2256	0.9742	26.08	359.29	359.53
2026-05-12T15:05:20.8819372+08:00	0x03	-0.0096	0.0020	0.1723	0.9850	19.85	0.03	358.88
2026-05-12T15:05:20.9887154+08:00	0x01	-0.0146	0.0193	-0.1174	0.9928	346.48	2.40	358.60
2026-05-12T15:05:21.2577614+08:00	0x02	-0.0482	-0.0003	-0.9948	0.0902	190.34	5.49	359.46
2026-05-12T15:05:21.3417808+08:00	0x08	-0.0054	-0.0051	0.2256	0.9742	26.08	359.29	359.53
2026-05-12T15:05:21.4081172+08:00	0x09	0.0474	-0.1424	-0.4086	0.9003	311.45	342.83	358.22
2026-05-12T15:05:21.4511784+08:00	0x03	-0.0096	0.0020	0.1723	0.9850	19.85	0.03	358.87
2026-05-12T15:05:21.5229768+08:00	0x01	-0.0146	0.0193	-0.1174	0.9928	346.48	2.40	358.60
2026-05-12T15:05:21.6033495+08:00	0x06	-0.7525	0.0183	0.6496	0.1071	173.48	262.21	349.34
2026-05-12T15:05:21.8132792+08:00	0x05	0.0055	0.0123	0.4337	0.9010	51.41	1.54	359.95
2026-05-12T15:05:21.8341083+08:00	0x02	-0.0482	-0.0003	-0.9948	0.0902	190.34	5.49	359.46
2026-05-12T15:05:21.9048008+08:00	0x09	0.0474	-0.1424	-0.4086	0.9003	311.45	342.83	358.22
2026-05-12T15:05:21.9567066+08:00	0x07	-0.1869	0.7061	0.1642	0.6630	356.98	94.38	331.34
2026-05-12T15:05:22.0215868+08:00	0x03	-0.0096	0.0020	0.1723	0.9850	19.85	0.03	358.88
2026-05-12T15:05:22.1194706+08:00	0x01	-0.0146	0.0193	-0.1174	0.9928	346.48	2.40	358.60
2026-05-12T15:05:22.1369315+08:00	0x06	-0.7517	0.0215	0.6506	0.1060	173.82	262.34	349.20
2026-05-12T15:05:22.2729083+08:00	0x05	0.0055	0.0123	0.4337	0.9010	51.41	1.54	359.95
2026-05-12T15:05:22.3766667+08:00	0x02	-0.0482	-0.0004	-0.9948	0.0902	190.34	5.49	359.46
2026-05-12T15:05:22.4403812+08:00	0x08	-0.0054	-0.0051	0.2256	0.9742	26.08	359.30	359.53
2026-05-12T15:05:22.4643528+08:00	0x09	0.0474	-0.1424	-0.4086	0.9003	311.45	342.82	358.22
2026-05-12T15:05:22.6153567+08:00	0x03	-0.0096	0.0019	0.1723	0.9850	19.85	0.03	358.88
2026-05-12T15:05:22.6867335+08:00	0x06	-0.7483	0.0089	0.6582	0.0820	174.52	263.04	352.27
2026-05-12T15:05:22.7355573+08:00	0x05	0.0055	0.0123	0.4337	0.9010	51.41	1.54	359.95
2026-05-12T15:05:22.8225176+08:00	0x01	-0.0146	0.0194	-0.1174	0.9928	346.48	2.40	358.60
2026-05-12T15:05:22.9154265+08:00	0x02	-0.0482	-0.0004	-0.9948	0.0902	190.34	5.49	359.46
2026-05-12T15:05:23.0065686+08:00	0x08	-0.0054	-0.0051	0.2256	0.9742	26.08	359.30	359.53
2026-05-12T15:05:23.0505387+08:00	0x07	-0.1558	0.7245	0.1734	0.6486	359.95	96.34	333.04
2026-05-12T15:05:23.1550332+08:00	0x03	-0.0096	0.0020	0.1723	0.9850	19.85	0.03	358.88
2026-05-12T15:05:23.2222461+08:00	0x06	-0.7182	-0.0186	0.6913	-0.0775	184.65	268.13	7.88
2026-05-12T15:05:23.4257203+08:00	0x02	-0.0482	-0.0004	-0.9948	0.0902	190.34	5.49	359.46
2026-05-12T15:05:23.5617419+08:00	0x07	-0.1158	0.7003	0.4559	0.5370	30.42	90.69	310.28
2026-05-12T15:05:23.5683989+08:00	0x09	0.0474	-0.1424	-0.4086	0.9003	311.45	342.82	358.22
2026-05-12T15:05:23.5843563+08:00	0x08	-0.0054	-0.0051	0.2256	0.9742	26.08	359.29	359.53
2026-05-12T15:05:23.7275287+08:00	0x03	-0.0096	0.0020	0.1723	0.9850	19.85	0.03	358.87
2026-05-12T15:05:23.8098360+08:00	0x06	-0.6563	0.1226	0.7028	-0.2456	210.79	276.29	8.63
2026-05-12T15:05:24.0146784+08:00	0x02	-0.0482	-0.0004	-0.9948	0.0902	190.34	5.49	359.46
2026-05-12T15:05:24.0922330+08:00	0x09	0.0474	-0.1424	-0.4086	0.9003	311.45	342.82	358.22
2026-05-12T15:05:24.2767121+08:00	0x03	-0.0096	0.0020	0.1723	0.9850	19.85	0.03	358.88
2026-05-12T15:05:24.3175135+08:00	0x01	-0.0146	0.0194	-0.1174	0.9928	346.48	2.40	358.60
2026-05-12T15:05:24.4353447+08:00	0x06	-0.6568	0.1084	0.7032	-0.2497	210.09	276.64	10.10
2026-05-12T15:05:24.6033381+08:00	0x02	-0.0482	-0.0004	-0.9948	0.0902	190.34	5.49	359.46
2026-05-12T15:05:24.6670734+08:00	0x08	-0.0054	-0.0051	0.2256	0.9742	26.08	359.30	359.53
2026-05-12T15:05:24.7706515+08:00	0x06	-0.6750	0.0672	0.7055	-0.2055	202.77	274.66	10.52
2026-05-12T15:05:24.9785573+08:00	0x05	0.0055	0.0123	0.4337	0.9010	51.41	1.54	359.96
2026-05-12T15:05:25.0492424+08:00	0x01	-0.0146	0.0193	-0.1174	0.9928	346.48	2.40	358.60
2026-05-12T15:05:25.1130040+08:00	0x02	-0.0482	-0.0004	-0.9948	0.0902	190.34	5.49	359.46
2026-05-12T15:05:25.2442310+08:00	0x07	-0.1200	0.7457	0.4065	0.5141	20.46	101.89	313.14
2026-05-12T15:05:25.3408742+08:00	0x06	-0.6834	0.0283	0.7073	-0.1788	197.33	273.77	11.79
2026-05-12T15:05:25.3717919+08:00	0x03	-0.0096	0.0020	0.1723	0.9850	19.85	0.03	358.88
2026-05-12T15:05:25.6785456+08:00	0x02	-0.0482	-0.0004	-0.9948	0.0902	190.34	5.49	359.46
2026-05-12T15:05:25.7618360+08:00	0x07	-0.1144	0.7339	0.4378	0.5066	25.02	99.14	310.66
2026-05-12T15:05:25.8088129+08:00	0x09	0.0474	-0.1424	-0.4086	0.9003	311.45	342.82	358.22
2026-05-12T15:05:25.8665304+08:00	0x06	-0.6818	0.0154	0.7023	-0.2044	198.58	274.15	14.90
2026-05-12T15:05:25.9177217+08:00	0x03	-0.0096	0.0020	0.1723	0.9850	19.85	0.03	358.88
2026-05-12T15:05:26.2161576+08:00	0x02	-0.0482	-0.0004	-0.9948	0.0902	190.34	5.49	359.46
2026-05-12T15:05:26.2759094+08:00	0x08	-0.0054	-0.0051	0.2256	0.9742	26.08	359.29	359.53
2026-05-12T15:05:26.3028352+08:00	0x07	-0.1121	0.7332	0.4421	0.5043	25.74	98.91	310.41
2026-05-12T15:05:26.4244392+08:00	0x03	-0.0096	0.0019	0.1723	0.9850	19.85	0.03	358.88
2026-05-12T15:05:26.4491868+08:00	0x06	-0.6851	0.0114	0.6968	-0.2120	198.87	273.64	15.94
2026-05-12T15:05:26.7699195+08:00	0x02	-0.0482	-0.0004	-0.9948	0.0902	190.34	5.49	359.46
2026-05-12T15:05:26.8505023+08:00	0x07	-0.1057	0.7339	0.4411	0.5056	26.30	98.72	311.04
2026-05-12T15:05:26.8935377+08:00	0x09	0.0474	-0.1424	-0.4086	0.9003	311.45	342.82	358.22
2026-05-12T15:05:27.0571907+08:00	0x03	-0.0096	0.0020	0.1723	0.9850	19.85	0.03	358.88
2026-05-12T15:05:27.0927337+08:00	0x06	-0.6834	0.0023	0.6969	-0.2177	198.71	273.96	17.12
2026-05-12T15:05:27.3914082+08:00	0x05	0.0055	0.0123	0.4337	0.9010	51.41	1.54	359.96
2026-05-12T15:05:27.4389170+08:00	0x09	0.0474	-0.1424	-0.4086	0.9003	311.45	342.82	358.22
2026-05-12T15:05:27.4893058+08:00	0x02	-0.0481	-0.0004	-0.9948	0.0902	190.34	5.49	359.46
2026-05-12T15:05:27.5353638+08:00	0x06	-0.6284	0.0253	0.7540	-0.1896	198.92	282.31	11.55
2026-05-12T15:05:27.5796773+08:00	0x08	-0.0054	-0.0051	0.2256	0.9742	26.08	359.29	359.53
2026-05-12T15:05:27.7341958+08:00	0x05	0.0055	0.0123	0.4337	0.9010	51.41	1.54	359.96
2026-05-12T15:05:27.8552064+08:00	0x02	-0.0482	-0.0003	-0.9948	0.0902	190.34	5.49	359.46
2026-05-12T15:05:27.9517107+08:00	0x09	0.0474	-0.1424	-0.4086	0.9003	311.45	342.82	358.22
2026-05-12T15:05:27.9997017+08:00	0x07	-0.2893	0.7497	0.2381	0.5454	346.39	113.21	317.73
2026-05-12T15:05:28.0467753+08:00	0x03	-0.0096	0.0020	0.1723	0.9850	19.85	0.03	358.88
2026-05-12T15:05:28.1298007+08:00	0x06	-0.6594	0.0296	0.7449	0.0967	173.89	277.50	350.12
2026-05-12T15:05:28.4147774+08:00	0x08	-0.0054	-0.0051	0.2256	0.9742	26.08	359.29	359.53
2026-05-12T15:05:28.4870174+08:00	0x09	0.0474	-0.1424	-0.4086	0.9003	311.45	342.82	358.22
2026-05-12T15:05:28.5180570+08:00	0x07	-0.2439	0.6833	0.2476	0.6421	358.85	93.98	319.34
2026-05-12T15:05:28.6540891+08:00	0x03	-0.0096	0.0020	0.1723	0.9850	19.85	0.03	358.88
2026-05-12T15:05:28.9350187+08:00	0x08	-0.0054	-0.0050	0.2256	0.9742	26.08	359.30	359.53
2026-05-12T15:05:28.9748364+08:00	0x09	0.0474	-0.1424	-0.4086	0.9003	311.45	342.82	358.22
2026-05-12T15:05:29.0316445+08:00	0x07	-0.2315	0.6848	0.2274	0.6525	358.52	93.27	322.16
2026-05-12T15:05:29.1767848+08:00	0x03	-0.0096	0.0020	0.1723	0.9850	19.85	0.03	358.88
2026-05-12T15:05:29.2864700+08:00	0x01	-0.0146	0.0193	-0.1174	0.9928	346.48	2.40	358.60
2026-05-12T15:05:29.5495463+08:00	0x08	-0.0054	-0.0050	0.2256	0.9742	26.08	359.30	359.53
2026-05-12T15:05:29.5631381+08:00	0x02	-0.0482	-0.0003	-0.9948	0.0902	190.34	5.49	359.46
2026-05-12T15:05:29.6353593+08:00	0x07	-0.3426	0.8204	0.1534	0.4314	329.11	133.94	326.82
2026-05-12T15:05:29.8225660+08:00	0x06	-0.6558	0.0463	0.7455	0.1094	173.98	277.97	347.72
2026-05-12T15:05:29.8586429+08:00	0x01	-0.0146	0.0193	-0.1174	0.9928	346.48	2.40	358.60
2026-05-12T15:05:29.8824432+08:00	0x03	-0.0096	0.0020	0.1723	0.9850	19.85	0.03	358.88
2026-05-12T15:05:30.0673709+08:00	0x08	-0.0054	-0.0050	0.2256	0.9742	26.08	359.30	359.53
2026-05-12T15:05:30.1152151+08:00	0x09	0.0474	-0.1424	-0.4086	0.9003	311.45	342.82	358.22
2026-05-12T15:05:30.1645714+08:00	0x07	-0.3396	0.8173	0.1559	0.4386	329.86	132.84	326.45
2026-05-12T15:05:30.2577697+08:00	0x03	-0.0096	0.0020	0.1723	0.9850	19.85	0.03	358.88
2026-05-12T15:05:30.3721015+08:00	0x02	-0.0482	-0.0003	-0.9948	0.0902	190.34	5.49	359.46
2026-05-12T15:05:30.3937462+08:00	0x01	-0.0146	0.0193	-0.1174	0.9928	346.48	2.40	358.60
2026-05-12T15:05:30.4236858+08:00	0x06	-0.6600	0.0705	0.7406	0.1045	176.35	277.04	345.98
2026-05-12T15:05:30.4427949+08:00	0x05	0.0055	0.0122	0.4337	0.9010	51.41	1.54	359.96
2026-05-12T15:05:30.5316054+08:00	0x02	-0.0482	-0.0003	-0.9948	0.0902	190.34	5.49	359.46
2026-05-12T15:05:30.6465682+08:00	0x09	0.0474	-0.1424	-0.4086	0.9003	311.45	342.82	358.22
2026-05-12T15:05:30.7795634+08:00	0x07	-0.6946	0.7177	0.0038	-0.0482	272.01	184.28	3.53
2026-05-12T15:05:30.8484177+08:00	0x01	-0.0146	0.0193	-0.1174	0.9928	346.48	2.40	358.60
2026-05-12T15:05:30.8631427+08:00	0x03	-0.0096	0.0020	0.1723	0.9850	19.85	0.03	358.88
2026-05-12T15:05:31.0257301+08:00	0x02	-0.0482	-0.0003	-0.9948	0.0902	190.34	5.49	359.46
2026-05-12T15:05:31.0968551+08:00	0x02	-0.0482	-0.0004	-0.9948	0.0902	190.34	5.49	359.46
2026-05-12T15:05:31.1664158+08:00	0x09	0.0474	-0.1424	-0.4086	0.9003	311.45	342.82	358.22
2026-05-12T15:05:31.1907227+08:00	0x08	-0.0054	-0.0051	0.2256	0.9742	26.08	359.29	359.53
2026-05-12T15:05:31.3027118+08:00	0x07	-0.8663	0.4980	0.0249	-0.0294	239.84	184.16	1.50
2026-05-12T15:05:31.3929863+08:00	0x01	-0.0146	0.0193	-0.1174	0.9928	346.48	2.40	358.60
2026-05-12T15:05:31.4237445+08:00	0x03	-0.0096	0.0020	0.1723	0.9850	19.85	0.03	358.88
2026-05-12T15:05:31.5137660+08:00	0x02	-0.0482	-0.0003	-0.9948	0.0902	190.34	5.49	359.46
2026-05-12T15:05:31.6794234+08:00	0x08	-0.0054	-0.0051	0.2256	0.9742	26.08	359.29	359.53
2026-05-12T15:05:31.8299319+08:00	0x07	-0.9493	0.3119	0.0362	-0.0172	216.40	184.55	0.58
2026-05-12T15:05:31.9345491+08:00	0x03	-0.0096	0.0020	0.1723	0.9850	19.85	0.03	358.88
2026-05-12T15:05:32.0301442+08:00	0x02	-0.0482	-0.0003	-0.9948	0.0902	190.34	5.49	359.46
2026-05-12T15:05:32.1700869+08:00	0x02	-0.0482	-0.0004	-0.9948	0.0902	190.34	5.50	359.46
2026-05-12T15:05:32.2567845+08:00	0x08	-0.0054	-0.0051	0.2256	0.9742	26.08	359.29	359.53
2026-05-12T15:05:32.4778842+08:00	0x03	-0.0096	0.0020	0.1723	0.9850	19.85	0.03	358.87
2026-05-12T15:05:32.5304203+08:00	0x07	-0.9912	0.1245	0.0435	-0.0096	194.34	185.08	0.47
2026-05-12T15:05:32.5855657+08:00	0x06	-0.6287	0.0313	0.7724	0.0843	174.72	282.12	351.12
2026-05-12T15:05:32.7075982+08:00	0x02	-0.0482	-0.0004	-0.9948	0.0902	190.34	5.50	359.46
2026-05-12T15:05:32.7850617+08:00	0x09	0.0474	-0.1424	-0.4086	0.9003	311.45	342.82	358.22
2026-05-12T15:05:32.9268344+08:00	0x05	0.0055	0.0123	0.4337	0.9010	51.41	1.54	359.95
2026-05-12T15:05:32.9766885+08:00	0x08	-0.0054	-0.0051	0.2256	0.9742	26.08	359.29	359.53
2026-05-12T15:05:33.0285538+08:00	0x03	-0.0096	0.0020	0.1723	0.9850	19.85	0.03	358.87
2026-05-12T15:05:33.0460909+08:00	0x01	-0.0146	0.0193	-0.1174	0.9928	346.48	2.40	358.60
2026-05-12T15:05:33.2018252+08:00	0x02	-0.0482	-0.0003	-0.9948	0.0902	190.34	5.49	359.46
2026-05-12T15:05:33.2886465+08:00	0x02	-0.0482	-0.0004	-0.9948	0.0902	190.34	5.50	359.46
2026-05-12T15:05:33.3455231+08:00	0x08	-0.0054	-0.0051	0.2256	0.9742	26.08	359.29	359.53
2026-05-12T15:05:33.3917130+08:00	0x09	0.0474	-0.1424	-0.4086	0.9003	311.45	342.82	358.22
2026-05-12T15:05:33.4889307+08:00	0x07	-0.9976	-0.0164	0.0676	0.0027	178.11	187.76	359.82
2026-05-12T15:05:33.6085295+08:00	0x01	-0.0146	0.0193	-0.1174	0.9928	346.48	2.40	358.60
2026-05-12T15:05:33.6884780+08:00	0x02	-0.0482	-0.0003	-0.9948	0.0902	190.34	5.49	359.46
2026-05-12T15:05:33.8503726+08:00	0x02	-0.0482	-0.0003	-0.9948	0.0902	190.34	5.50	359.46
2026-05-12T15:05:34.0485694+08:00	0x07	-0.9900	-0.1029	0.0965	-0.0080	168.32	190.93	2.04
2026-05-12T15:05:34.0948502+08:00	0x03	-0.0096	0.0020	0.1723	0.9850	19.85	0.03	358.88
2026-05-12T15:05:34.1409796+08:00	0x06	-0.7042	0.0446	0.6953	0.1366	172.44	270.25	345.26
2026-05-12T15:05:34.2056278+08:00	0x01	-0.0146	0.0194	-0.1174	0.9928	346.48	2.40	358.60
2026-05-12T15:05:34.4310695+08:00	0x09	0.0473	-0.1424	-0.4086	0.9003	311.45	342.83	358.21
2026-05-12T15:05:34.5579052+08:00	0x08	-0.0054	-0.0050	0.2256	0.9742	26.08	359.30	359.53
2026-05-12T15:05:34.5984810+08:00	0x03	-0.0096	0.0020	0.1723	0.9850	19.85	0.03	358.88
2026-05-12T15:05:34.7054862+08:00	0x01	-0.0146	0.0194	-0.1174	0.9928	346.48	2.40	358.60
2026-05-12T15:05:34.7901336+08:00	0x07	-0.8313	-0.0755	0.5496	-0.0355	174.99	246.58	8.16
2026-05-12T15:05:34.9502555+08:00	0x02	-0.0482	-0.0003	-0.9948	0.0902	190.34	5.49	359.46
2026-05-12T15:05:35.1131715+08:00	0x07	-0.7395	-0.0740	0.6661	-0.0630	178.51	263.88	11.06
2026-05-12T15:05:35.1324796+08:00	0x03	-0.0096	0.0020	0.1723	0.9850	19.85	0.03	358.88
2026-05-12T15:05:35.2276752+08:00	0x06	-0.6251	0.0563	0.7644	0.1473	170.74	282.73	344.32
2026-05-12T15:05:35.4224281+08:00	0x05	0.0055	0.0122	0.4337	0.9010	51.41	1.54	359.96
2026-05-12T15:05:35.5082437+08:00	0x09	0.0473	-0.1424	-0.4086	0.9003	311.45	342.83	358.21
2026-05-12T15:05:35.5682003+08:00	0x08	-0.0054	-0.0050	0.2256	0.9742	26.08	359.30	359.53
2026-05-12T15:05:35.6508991+08:00	0x03	-0.0096	0.0020	0.1723	0.9850	19.85	0.03	358.88
2026-05-12T15:05:35.7506327+08:00	0x06	-0.6179	0.0662	0.7757	0.1097	174.77	283.55	346.21
2026-05-12T15:05:35.8665478+08:00	0x07	-0.9971	-0.0502	0.0575	-0.0025	174.27	186.57	0.62
2026-05-12T15:05:35.9063153+08:00	0x05	0.0055	0.0122	0.4337	0.9010	51.41	1.54	359.96
2026-05-12T15:05:36.0447442+08:00	0x02	-0.0482	-0.0003	-0.9948	0.0902	190.34	5.49	359.46
2026-05-12T15:05:36.1147833+08:00	0x09	0.0474	-0.1424	-0.4086	0.9003	311.45	342.83	358.22
2026-05-12T15:05:36.2432890+08:00	0x03	-0.0096	0.0020	0.1723	0.9850	19.85	0.03	358.88
2026-05-12T15:05:36.3309106+08:00	0x07	-0.9971	-0.0502	0.0575	-0.0025	174.27	186.57	0.62
2026-05-12T15:05:36.4580358+08:00	0x07	-0.9892	-0.1335	0.0596	-0.0116	164.76	186.59	2.23
2026-05-12T15:05:36.5593913+08:00	0x02	-0.0482	-0.0003	-0.9948	0.0902	190.34	5.49	359.46
2026-05-12T15:05:36.5795943+08:00	0x08	-0.0054	-0.0050	0.2256	0.9742	26.08	359.30	359.53
2026-05-12T15:05:36.6576382+08:00	0x09	0.0473	-0.1424	-0.4086	0.9003	311.45	342.83	358.21
2026-05-12T15:05:36.8357517+08:00	0x03	-0.0096	0.0020	0.1723	0.9850	19.85	0.03	358.88
2026-05-12T15:05:36.8844925+08:00	0x07	-0.9971	-0.0502	0.0575	-0.0025	174.27	186.57	0.62
2026-05-12T15:05:37.0679458+08:00	0x07	-0.9892	-0.1335	0.0596	-0.0116	164.76	186.59	2.23
2026-05-12T15:05:37.1328664+08:00	0x02	-0.0482	-0.0004	-0.9948	0.0902	190.34	5.49	359.46
2026-05-12T15:05:37.2289083+08:00	0x09	0.0474	-0.1424	-0.4086	0.9003	311.45	342.82	358.22
2026-05-12T15:05:37.3804438+08:00	0x03	-0.0096	0.0020	0.1723	0.9850	19.85	0.03	358.88
2026-05-12T15:05:37.4518502+08:00	0x01	-0.0145	0.0194	-0.1174	0.9928	346.48	2.40	358.61
2026-05-12T15:05:37.5525561+08:00	0x07	-0.9892	-0.1335	0.0596	-0.0116	164.76	186.59	2.23
2026-05-12T15:05:37.5924797+08:00	0x06	-0.6149	0.0562	0.7752	0.1335	171.81	284.20	345.45
2026-05-12T15:05:37.6834207+08:00	0x08	-0.0054	-0.0050	0.2256	0.9742	26.08	359.30	359.53
2026-05-12T15:05:37.7080260+08:00	0x09	0.0474	-0.1424	-0.4086	0.9003	311.45	342.82	358.22
2026-05-12T15:05:37.7988000+08:00	0x07	-0.9628	-0.2594	0.0748	0.0051	149.96	188.43	1.66
2026-05-12T15:05:37.9360308+08:00	0x03	-0.0096	0.0020	0.1723	0.9850	19.85	0.03	358.88
2026-05-12T15:05:38.0315528+08:00	0x01	-0.0146	0.0194	-0.1174	0.9928	346.48	2.40	358.60
2026-05-12T15:05:38.0744758+08:00	0x07	-0.9892	-0.1335	0.0596	-0.0116	164.76	186.59	2.23
2026-05-12T15:05:38.1935248+08:00	0x08	-0.0054	-0.0050	0.2256	0.9742	26.08	359.30	359.53
2026-05-12T15:05:38.3498235+08:00	0x07	-0.9886	-0.1373	0.0600	-0.0111	164.31	186.65	2.21
2026-05-12T15:05:38.4114382+08:00	0x09	0.0474	-0.1424	-0.4086	0.9003	311.45	342.82	358.22
2026-05-12T15:05:38.5076783+08:00	0x06	-0.7326	0.0605	0.6674	0.1196	175.79	265.22	345.17
2026-05-12T15:05:38.5733321+08:00	0x01	-0.0146	0.0194	-0.1174	0.9928	346.48	2.40	358.60
2026-05-12T15:05:38.7807131+08:00	0x08	-0.0054	-0.0051	0.2256	0.9742	26.08	359.29	359.53
2026-05-12T15:05:38.8276541+08:00	0x09	0.0474	-0.1425	-0.4086	0.9003	311.45	342.82	358.22
2026-05-12T15:05:38.9350292+08:00	0x07	-0.7930	-0.0933	0.5965	-0.0812	176.99	253.54	13.89
2026-05-12T15:05:38.9841983+08:00	0x06	-0.7256	0.0344	0.6770	0.1181	173.53	266.74	347.41
2026-05-12T15:05:38.9981915+08:00	0x03	-0.0096	0.0020	0.1723	0.9850	19.85	0.03	358.88
2026-05-12T15:05:39.0447575+08:00	0x05	0.0055	0.0123	0.4337	0.9010	51.41	1.54	359.95
2026-05-12T15:05:39.3092926+08:00	0x02	-0.0482	-0.0004	-0.9948	0.0902	190.34	5.49	359.46
2026-05-12T15:05:39.3484025+08:00	0x08	-0.0054	-0.0051	0.2256	0.9742	26.08	359.29	359.53
2026-05-12T15:05:39.3946661+08:00	0x09	0.0474	-0.1425	-0.4086	0.9003	311.45	342.82	358.22
2026-05-12T15:05:39.4684045+08:00	0x07	-0.7054	-0.2004	0.6483	-0.2047	178.82	264.81	33.27
2026-05-12T15:05:39.5968775+08:00	0x06	-0.7254	0.0209	0.6788	0.1120	172.88	266.89	348.99
2026-05-12T15:05:39.7421764+08:00	0x03	-0.0096	0.0020	0.1723	0.9850	19.85	0.03	358.88
2026-05-12T15:05:39.8586646+08:00	0x08	-0.0054	-0.0051	0.2256	0.9742	26.08	359.29	359.53
2026-05-12T15:05:39.9662655+08:00	0x09	0.0474	-0.1425	-0.4086	0.9003	311.45	342.82	358.22
2026-05-12T15:05:40.0025915+08:00	0x07	-0.6820	-0.2506	0.6410	-0.2474	178.13	265.74	41.20
2026-05-12T15:05:40.0679478+08:00	0x03	-0.0096	0.0020	0.1723	0.9850	19.85	0.03	358.88
2026-05-12T15:05:40.1943010+08:00	0x06	-0.7277	0.0160	0.6771	0.1081	172.81	266.52	349.69
2026-05-12T15:05:40.2341978+08:00	0x01	-0.0146	0.0194	-0.1174	0.9928	346.48	2.40	358.60
2026-05-12T15:05:40.4390923+08:00	0x08	-0.0054	-0.0050	0.2256	0.9742	26.08	359.30	359.53
2026-05-12T15:05:40.4904319+08:00	0x09	0.0474	-0.1425	-0.4086	0.9003	311.45	342.82	358.22
2026-05-12T15:05:40.5905681+08:00	0x07	-0.6642	-0.2914	0.6281	-0.2817	177.17	265.55	47.75
2026-05-12T15:05:40.6426347+08:00	0x03	-0.0096	0.0020	0.1723	0.9850	19.85	0.03	358.88
2026-05-12T15:05:40.6909307+08:00	0x06	-0.7288	0.0109	0.6769	0.1026	172.84	266.37	350.55
2026-05-12T15:05:40.8053218+08:00	0x01	-0.0146	0.0194	-0.1174	0.9928	346.48	2.40	358.60
2026-05-12T15:05:40.9549118+08:00	0x08	-0.0054	-0.0051	0.2256	0.9742	26.08	359.29	359.53
2026-05-12T15:05:41.1446840+08:00	0x03	-0.0096	0.0020	0.1723	0.9850	19.85	0.03	358.88
2026-05-12T15:05:41.2357949+08:00	0x09	0.0474	-0.1424	-0.4086	0.9003	311.45	342.82	358.22
2026-05-12T15:05:41.3267325+08:00	0x05	0.0055	0.0123	0.4337	0.9010	51.41	1.54	359.96
2026-05-12T15:05:41.3508157+08:00	0x01	-0.0146	0.0194	-0.1174	0.9928	346.48	2.40	358.60
2026-05-12T15:05:41.5130766+08:00	0x08	-0.0054	-0.0051	0.2256	0.9742	26.08	359.29	359.53
2026-05-12T15:05:41.6065790+08:00	0x09	0.0474	-0.1424	-0.4086	0.9003	311.45	342.82	358.22
2026-05-12T15:05:41.6696193+08:00	0x07	-0.7785	-0.2421	0.5600	-0.1475	165.84	247.64	30.05
2026-05-12T15:05:41.6926386+08:00	0x03	-0.0096	0.0020	0.1723	0.9850	19.85	0.03	358.88
2026-05-12T15:05:41.8568994+08:00	0x06	-0.4811	0.0051	0.8531	0.2017	159.73	303.26	348.30
2026-05-12T15:05:41.8958945+08:00	0x01	-0.0146	0.0194	-0.1174	0.9928	346.48	2.40	358.60
2026-05-12T15:05:42.0702384+08:00	0x02	-0.0482	-0.0003	-0.9948	0.0902	190.34	5.50	359.46
2026-05-12T15:05:42.1458579+08:00	0x09	0.0474	-0.1424	-0.4086	0.9003	311.45	342.82	358.22
2026-05-12T15:05:42.2105255+08:00	0x07	-0.7751	-0.2447	0.5622	-0.1525	166.00	248.04	30.76
2026-05-12T15:05:42.2447719+08:00	0x03	-0.0096	0.0020	0.1723	0.9850	19.85	0.03	358.88
2026-05-12T15:05:42.3098725+08:00	0x08	-0.0054	-0.0050	0.2256	0.9742	26.08	359.30	359.53
2026-05-12T15:05:42.4719673+08:00	0x01	-0.0146	0.0194	-0.1174	0.9928	346.48	2.40	358.60
2026-05-12T15:05:42.6244559+08:00	0x08	-0.0054	-0.0050	0.2256	0.9742	26.08	359.30	359.53
2026-05-12T15:05:42.6816751+08:00	0x09	0.0474	-0.1424	-0.4086	0.9003	311.45	342.83	358.22
2026-05-12T15:05:42.7605722+08:00	0x03	-0.0096	0.0019	0.1723	0.9850	19.85	0.03	358.88
2026-05-12T15:05:42.9487565+08:00	0x06	-0.6049	0.0018	0.7356	0.3048	151.27	286.79	338.19
2026-05-12T15:05:43.0168829+08:00	0x01	-0.0146	0.0194	-0.1174	0.9928	346.48	2.40	358.60
2026-05-12T15:05:43.1360204+08:00	0x02	-0.0482	-0.0004	-0.9948	0.0902	190.34	5.49	359.46
2026-05-12T15:05:43.2113263+08:00	0x09	0.0474	-0.1424	-0.4086	0.9003	311.45	342.82	358.22
2026-05-12T15:05:43.3084545+08:00	0x03	-0.0096	0.0020	0.1723	0.9850	19.85	0.03	358.88
2026-05-12T15:05:43.4652495+08:00	0x06	-0.6074	0.0050	0.7329	0.3064	151.38	286.46	337.69
2026-05-12T15:05:43.5436325+08:00	0x01	-0.0146	0.0194	-0.1174	0.9928	346.48	2.40	358.60
2026-05-12T15:05:43.6385173+08:00	0x02	-0.0482	-0.0004	-0.9948	0.0902	190.34	5.49	359.46
2026-05-12T15:05:43.7586866+08:00	0x09	0.0474	-0.1424	-0.4086	0.9003	311.45	342.82	358.22
2026-05-12T15:05:43.8455615+08:00	0x03	-0.0096	0.0020	0.1723	0.9850	19.85	0.03	358.88
2026-05-12T15:05:44.0294091+08:00	0x06	-0.6079	0.0025	0.7311	0.3098	150.89	286.38	337.65
2026-05-12T15:05:44.0725339+08:00	0x05	0.0055	0.0123	0.4337	0.9010	51.41	1.54	359.95
2026-05-12T15:05:44.0964738+08:00	0x07	-0.7275	-0.0484	0.6708	0.1356	165.25	266.34	352.39
2026-05-12T15:05:44.1359735+08:00	0x01	-0.0146	0.0193	-0.1174	0.9928	346.48	2.40	358.60
2026-05-12T15:05:44.2012725+08:00	0x02	-0.0482	-0.0004	-0.9948	0.0902	190.34	5.49	359.46
2026-05-12T15:05:44.3380877+08:00	0x03	-0.0096	0.0019	0.1723	0.9850	19.85	0.03	358.88
2026-05-12T15:05:44.4570525+08:00	0x07	-0.5816	0.4133	0.3910	0.5814	303.97	125.36	271.81
2026-05-12T15:05:44.7239441+08:00	0x01	-0.0146	0.0193	-0.1174	0.9928	346.48	2.40	358.60
2026-05-12T15:05:44.8579902+08:00	0x08	-0.0054	-0.0050	0.2256	0.9742	26.08	359.30	359.53
2026-05-12T15:05:44.8736138+08:00	0x03	-0.0096	0.0020	0.1723	0.9850	19.85	0.03	358.88
2026-05-12T15:05:44.9975601+08:00	0x07	-0.5010	0.5065	0.2817	0.6427	336.81	92.34	291.66
2026-05-12T15:05:45.1192035+08:00	0x06	-0.6151	0.0043	0.7216	0.3176	150.42	285.37	336.61
2026-05-12T15:05:45.1998174+08:00	0x01	-0.0146	0.0194	-0.1174	0.9928	346.48	2.40	358.60
2026-05-12T15:05:45.3156032+08:00	0x02	-0.0482	-0.0004	-0.9948	0.0902	190.34	5.49	359.46
2026-05-12T15:05:45.4235200+08:00	0x09	0.0474	-0.1425	-0.4086	0.9003	311.45	342.82	358.22
2026-05-12T15:05:45.4711106+08:00	0x03	-0.0096	0.0020	0.1723	0.9850	19.85	0.03	358.88
2026-05-12T15:05:45.5325620+08:00	0x07	-0.4465	0.5527	0.2160	0.6697	338.09	91.02	303.20
2026-05-12T15:05:45.6458339+08:00	0x06	-0.6075	0.0247	0.7189	0.3370	149.50	286.93	333.58
2026-05-12T15:05:45.8289627+08:00	0x02	-0.0482	-0.0004	-0.9948	0.0902	190.34	5.49	359.46
2026-05-12T15:05:45.9606107+08:00	0x08	-0.0054	-0.0051	0.2256	0.9742	26.08	359.29	359.53
2026-05-12T15:05:46.0680322+08:00	0x07	-0.3792	0.5980	0.1521	0.6895	339.89	90.23	315.18
2026-05-12T15:05:46.1275885+08:00	0x09	0.0474	-0.1425	-0.4086	0.9003	311.45	342.82	358.22
2026-05-12T15:05:46.3068305+08:00	0x05	0.0054	0.0123	0.4337	0.9010	51.41	1.54	359.95
2026-05-12T15:05:46.3817030+08:00	0x02	-0.0482	-0.0004	-0.9948	0.0902	190.34	5.49	359.46
2026-05-12T15:05:46.4277736+08:00	0x01	-0.0145	0.0194	-0.1174	0.9928	346.48	2.40	358.61
2026-05-12T15:05:46.5640801+08:00	0x09	0.0474	-0.1425	-0.4086	0.9003	311.45	342.82	358.22
2026-05-12T15:05:46.6060438+08:00	0x07	-0.3790	0.6857	0.0700	0.6174	328.34	106.02	325.67
2026-05-12T15:05:46.6613687+08:00	0x03	-0.0096	0.0020	0.1723	0.9850	19.85	0.03	358.88
2026-05-12T15:05:46.6859575+08:00	0x06	-0.3590	0.0302	0.8748	0.3241	145.32	320.59	343.41
2026-05-12T15:05:46.7907656+08:00	0x05	0.0055	0.0123	0.4337	0.9010	51.41	1.54	359.95
2026-05-12T15:05:46.9560948+08:00	0x02	-0.0482	-0.0004	-0.9948	0.0902	190.34	5.49	359.46
2026-05-12T15:05:47.0040810+08:00	0x01	-0.0146	0.0194	-0.1174	0.9928	346.48	2.40	358.60
2026-05-12T15:05:47.0588988+08:00	0x03	-0.0096	0.0020	0.1723	0.9850	19.85	0.03	358.88
2026-05-12T15:05:47.2077074+08:00	0x06	-0.4949	0.0472	0.8378	0.2257	159.65	302.04	342.40
2026-05-12T15:05:47.3044670+08:00	0x07	-0.6967	0.5114	0.3757	0.3347	241.26	200.14	301.73
2026-05-12T15:05:47.4767580+08:00	0x02	-0.0482	-0.0004	-0.9948	0.0902	190.34	5.49	359.46
2026-05-12T15:05:47.5167215+08:00	0x01	-0.0146	0.0194	-0.1174	0.9928	346.48	2.40	358.60
2026-05-12T15:05:47.5496336+08:00	0x08	-0.0054	-0.0051	0.2256	0.9742	26.08	359.29	359.53
2026-05-12T15:05:47.5972906+08:00	0x03	-0.0096	0.0020	0.1723	0.9850	19.85	0.03	358.88
2026-05-12T15:05:47.6209360+08:00	0x09	0.0474	-0.1425	-0.4086	0.9003	311.45	342.82	358.22
2026-05-12T15:05:47.6987179+08:00	0x07	-0.7025	0.2622	0.6218	0.2261	186.54	260.64	319.93
2026-05-12T15:05:48.0644728+08:00	0x02	-0.0482	-0.0004	-0.9948	0.0902	190.34	5.49	359.46
2026-05-12T15:05:48.0963873+08:00	0x01	-0.0146	0.0194	-0.1174	0.9928	346.48	2.40	358.60
2026-05-12T15:05:48.1507990+08:00	0x03	-0.0096	0.0019	0.1723	0.9850	19.85	0.03	358.88
2026-05-12T15:05:48.1792288+08:00	0x09	0.0474	-0.1425	-0.4086	0.9003	311.45	342.82	358.22
2026-05-12T15:05:48.2961028+08:00	0x06	-0.3056	0.0250	0.9247	0.2258	155.84	325.70	349.39
2026-05-12T15:05:48.5881366+08:00	0x02	-0.0482	-0.0004	-0.9948	0.0902	190.34	5.49	359.46
2026-05-12T15:05:48.6236469+08:00	0x03	-0.0096	0.0019	0.1723	0.9850	19.85	0.03	358.88
2026-05-12T15:05:48.7575276+08:00	0x09	0.0474	-0.1425	-0.4086	0.9003	311.45	342.82	358.22
2026-05-12T15:05:48.7924770+08:00	0x06	-0.2057	0.0531	0.9476	0.2386	153.95	338.16	348.54
2026-05-12T15:05:49.0293967+08:00	0x05	0.0055	0.0123	0.4337	0.9010	51.41	1.54	359.95
2026-05-12T15:05:49.1645267+08:00	0x01	-0.0145	0.0194	-0.1174	0.9928	346.48	2.40	358.61
2026-05-12T15:05:49.2123077+08:00	0x02	-0.0482	-0.0003	-0.9948	0.0902	190.34	5.49	359.46
2026-05-12T15:05:49.2654515+08:00	0x03	-0.0096	0.0019	0.1723	0.9850	19.85	0.03	358.88
2026-05-12T15:05:49.3074725+08:00	0x07	-0.7037	0.2704	0.6155	0.2299	187.43	259.57	318.97
2026-05-12T15:05:49.4082669+08:00	0x06	-0.2088	0.0522	0.9471	0.2383	154.01	337.79	348.55
2026-05-12T15:05:49.4810497+08:00	0x05	0.0054	0.0122	0.4337	0.9010	51.41	1.53	359.95
2026-05-12T15:05:49.5716239+08:00	0x02	-0.0481	-0.0004	-0.9948	0.0902	190.34	5.49	359.46
2026-05-12T15:05:49.7550774+08:00	0x01	-0.0145	0.0194	-0.1174	0.9928	346.48	2.40	358.61
2026-05-12T15:05:49.7720309+08:00	0x03	-0.0096	0.0019	0.1723	0.9850	19.85	0.03	358.88
2026-05-12T15:05:49.8272186+08:00	0x09	0.0474	-0.1425	-0.4086	0.9003	311.45	342.82	358.22
2026-05-12T15:05:49.8955344+08:00	0x07	-0.8201	-0.2032	0.5327	-0.0497	162.92	243.39	17.33
2026-05-12T15:05:50.1467895+08:00	0x02	-0.0481	-0.0004	-0.9948	0.0902	190.34	5.49	359.46
2026-05-12T15:05:50.2614296+08:00	0x08	-0.0054	-0.0051	0.2256	0.9742	26.08	359.29	359.53
2026-05-12T15:05:50.3462185+08:00	0x03	-0.0096	0.0019	0.1723	0.9850	19.85	0.03	358.88
2026-05-12T15:05:50.4031115+08:00	0x09	0.0474	-0.1424	-0.4086	0.9003	311.45	342.82	358.22
2026-05-12T15:05:50.4639921+08:00	0x07	-0.7854	-0.3453	0.4916	-0.1491	151.10	234.80	35.00
2026-05-12T15:05:50.7012578+08:00	0x02	-0.0482	-0.0003	-0.9948	0.0902	190.34	5.49	359.46
2026-05-12T15:05:50.7765744+08:00	0x08	-0.0054	-0.0051	0.2256	0.9742	26.08	359.29	359.53
2026-05-12T15:05:50.8958560+08:00	0x03	-0.0096	0.0019	0.1723	0.9850	19.85	0.03	358.88
2026-05-12T15:05:50.9444557+08:00	0x09	0.0474	-0.1424	-0.4086	0.9003	311.45	342.82	358.22
2026-05-12T15:05:51.0719129+08:00	0x06	-0.0920	0.0735	0.9555	0.2703	149.18	352.04	349.03
2026-05-12T15:05:51.2378919+08:00	0x02	-0.0482	-0.0003	-0.9948	0.0902	190.34	5.49	359.46
2026-05-12T15:05:51.3478445+08:00	0x08	-0.0054	-0.0051	0.2256	0.9742	26.08	359.29	359.53
2026-05-12T15:05:51.4494746+08:00	0x03	-0.0096	0.0019	0.1723	0.9850	19.85	0.03	358.88
2026-05-12T15:05:51.4954601+08:00	0x07	-0.7367	-0.4443	0.4604	-0.2190	138.35	225.22	47.03
2026-05-12T15:05:51.6294648+08:00	0x06	-0.0915	0.0756	0.9536	0.2766	148.42	352.23	348.76
2026-05-12T15:05:51.8170258+08:00	0x02	-0.0482	-0.0003	-0.9948	0.0902	190.34	5.49	359.46
2026-05-12T15:05:51.9547462+08:00	0x09	0.0474	-0.1424	-0.4086	0.9003	311.45	342.82	358.22
2026-05-12T15:05:52.0020836+08:00	0x08	-0.0054	-0.0051	0.2256	0.9742	26.08	359.29	359.53
2026-05-12T15:05:52.0252821+08:00	0x01	-0.0146	0.0194	-0.1174	0.9928	346.48	2.40	358.60
2026-05-12T15:05:52.0879337+08:00	0x07	-0.6548	-0.5562	0.4170	-0.2967	113.11	204.40	58.47
2026-05-12T15:05:52.1438545+08:00	0x06	-0.0916	0.0822	0.9538	0.2742	148.72	352.39	348.05
2026-05-12T15:05:52.2072387+08:00	0x05	0.0055	0.0122	0.4337	0.9010	51.41	1.54	359.96
2026-05-12T15:05:52.3419426+08:00	0x02	-0.0482	-0.0003	-0.9948	0.0902	190.34	5.49	359.46
2026-05-12T15:05:52.4500692+08:00	0x08	-0.0054	-0.0051	0.2256	0.9742	26.08	359.29	359.53
2026-05-12T15:05:52.4909633+08:00	0x09	0.0474	-0.1424	-0.4086	0.9003	311.45	342.82	358.22
2026-05-12T15:05:52.5175974+08:00	0x01	-0.0146	0.0194	-0.1174	0.9928	346.48	2.40	358.60
2026-05-12T15:05:52.5858860+08:00	0x03	-0.0096	0.0019	0.1723	0.9850	19.85	0.03	358.88
2026-05-12T15:05:52.7213341+08:00	0x06	-0.0890	0.0886	0.9539	0.2726	148.89	352.86	347.43
2026-05-12T15:05:52.8216061+08:00	0x07	-0.6237	-0.5906	0.3944	-0.3265	100.54	192.60	60.82
2026-05-12T15:05:52.9003224+08:00	0x02	-0.0482	-0.0003	-0.9948	0.0902	190.34	5.50	359.47
2026-05-12T15:05:53.0302611+08:00	0x08	-0.0054	-0.0051	0.2256	0.9742	26.08	359.29	359.53
2026-05-12T15:05:53.0711517+08:00	0x09	0.0474	-0.1424	-0.4086	0.9003	311.45	342.82	358.22
2026-05-12T15:05:53.1184405+08:00	0x03	-0.0096	0.0019	0.1723	0.9850	19.85	0.03	358.88
2026-05-12T15:05:53.1665320+08:00	0x07	-0.5935	-0.6201	0.3772	-0.3478	88.68	181.99	61.72
2026-05-12T15:05:53.3514471+08:00	0x06	-0.0884	0.0935	0.9532	0.2737	148.76	353.07	346.91
2026-05-12T15:05:53.4968645+08:00	0x02	-0.0482	-0.0003	-0.9948	0.0902	190.34	5.49	359.46
2026-05-12T15:05:53.5496989+08:00	0x08	-0.0054	-0.0051	0.2256	0.9742	26.08	359.29	359.53
2026-05-12T15:05:53.5743665+08:00	0x09	0.0474	-0.1424	-0.4086	0.9003	311.45	342.82	358.22
2026-05-12T15:05:53.6526118+08:00	0x03	-0.0096	0.0019	0.1723	0.9850	19.85	0.03	358.88
2026-05-12T15:05:53.8194928+08:00	0x06	-0.0873	0.0772	0.9550	0.2728	148.83	352.71	348.75
2026-05-12T15:05:53.9993505+08:00	0x02	-0.0482	-0.0003	-0.9948	0.0902	190.34	5.50	359.47
2026-05-12T15:05:54.1112023+08:00	0x09	0.0474	-0.1424	-0.4086	0.9003	311.45	342.83	358.22
2026-05-12T15:05:54.1765614+08:00	0x08	-0.0054	-0.0051	0.2256	0.9742	26.08	359.29	359.53
2026-05-12T15:05:54.2510493+08:00	0x07	-0.5738	-0.6343	0.3721	-0.3606	81.99	176.24	62.35
2026-05-12T15:05:54.2990124+08:00	0x01	-0.0145	0.0194	-0.1174	0.9928	346.48	2.40	358.61
2026-05-12T15:05:54.3364982+08:00	0x06	-0.0864	0.0681	0.9561	0.2717	148.94	352.52	349.79
2026-05-12T15:05:54.4760937+08:00	0x02	-0.0482	-0.0003	-0.9948	0.0902	190.34	5.49	359.46
2026-05-12T15:05:54.5889473+08:00	0x09	0.0474	-0.1424	-0.4086	0.9003	311.45	342.83	358.22
2026-05-12T15:05:54.6508933+08:00	0x08	-0.0054	-0.0051	0.2256	0.9742	26.08	359.29	359.53
2026-05-12T15:05:54.7263372+08:00	0x03	-0.0096	0.0019	0.1723	0.9850	19.85	0.03	358.88
2026-05-12T15:05:54.7737261+08:00	0x01	-0.0146	0.0194	-0.1174	0.9928	346.48	2.41	358.60
2026-05-12T15:05:54.9110983+08:00	0x06	-0.0950	0.0574	0.9683	0.2236	154.71	350.78	351.16
2026-05-12T15:05:54.9539996+08:00	0x05	0.0055	0.0123	0.4337	0.9010	51.41	1.54	359.96
2026-05-12T15:05:55.0909925+08:00	0x02	-0.0482	-0.0003	-0.9948	0.0902	190.34	5.49	359.46
2026-05-12T15:05:55.1144662+08:00	0x07	-0.5432	-0.6547	0.3754	-0.3680	73.59	170.60	63.04
2026-05-12T15:05:55.1746816+08:00	0x09	0.0474	-0.1424	-0.4086	0.9003	311.45	342.82	358.22
2026-05-12T15:05:55.2055440+08:00	0x08	-0.0054	-0.0051	0.2256	0.9742	26.08	359.29	359.53
2026-05-12T15:05:55.3314226+08:00	0x03	-0.0096	0.0019	0.1723	0.9850	19.85	0.03	358.88
2026-05-12T15:05:55.4834659+08:00	0x06	-0.0915	0.0576	0.9671	0.2301	153.91	351.24	351.17
2026-05-12T15:05:55.5709834+08:00	0x07	-0.5279	-0.6664	0.3707	-0.3739	68.53	166.52	62.73
2026-05-12T15:05:55.6627576+08:00	0x02	-0.0482	-0.0003	-0.9948	0.0902	190.34	5.49	359.46
2026-05-12T15:05:55.6901969+08:00	0x09	0.0474	-0.1424	-0.4086	0.9003	311.45	342.82	358.22
2026-05-12T15:05:55.7967606+08:00	0x08	-0.0054	-0.0051	0.2256	0.9742	26.08	359.29	359.53
2026-05-12T15:05:55.8619538+08:00	0x03	-0.0096	0.0019	0.1723	0.9850	19.85	0.03	358.88
2026-05-12T15:05:55.9980190+08:00	0x06	-0.2340	0.0555	0.9489	0.2043	158.33	334.52	348.41
2026-05-12T15:05:56.0768837+08:00	0x07	-0.5279	-0.6664	0.3707	-0.3739	68.53	166.52	62.73
2026-05-12T15:05:56.1318793+08:00	0x02	-0.0482	-0.0003	-0.9948	0.0902	190.34	5.50	359.46
2026-05-12T15:05:56.2686499+08:00	0x09	0.0473	-0.1424	-0.4086	0.9003	311.45	342.83	358.22
2026-05-12T15:05:56.3986224+08:00	0x03	-0.0096	0.0019	0.1723	0.9850	19.85	0.03	358.88
2026-05-12T15:05:56.4240205+08:00	0x01	-0.0146	0.0194	-0.1174	0.9928	346.48	2.41	358.61
2026-05-12T15:05:56.4728587+08:00	0x07	-0.5044	-0.6294	0.3686	-0.4621	53.29	145.12	68.46
2026-05-12T15:05:56.5755983+08:00	0x06	-0.2298	0.0555	0.9498	0.2051	158.18	335.03	348.48
2026-05-12T15:05:56.6954534+08:00	0x07	-0.5279	-0.6664	0.3707	-0.3739	68.53	166.52	62.73
2026-05-12T15:05:56.7434555+08:00	0x02	-0.0481	-0.0003	-0.9948	0.0902	190.34	5.48	359.47
2026-05-12T15:05:56.9109808+08:00	0x08	-0.0054	-0.0050	0.2256	0.9742	26.08	359.30	359.52
2026-05-12T15:05:56.9846292+08:00	0x07	-0.5254	-0.5077	0.4946	-0.4707	121.33	211.70	85.44
2026-05-12T15:05:57.1036338+08:00	0x06	-0.6479	0.1079	0.7372	0.1587	174.20	278.47	338.62
2026-05-12T15:05:57.2151926+08:00	0x02	-0.0481	-0.0003	-0.9948	0.0902	190.34	5.48	359.47
2026-05-12T15:05:57.3195014+08:00	0x09	0.0473	-0.1424	-0.4086	0.9003	311.45	342.83	358.21
2026-05-12T15:05:57.4786909+08:00	0x03	-0.0096	0.0019	0.1723	0.9850	19.85	0.03	358.88
2026-05-12T15:05:57.5145853+08:00	0x08	-0.0054	-0.0050	0.2256	0.9742	26.08	359.30	359.52
2026-05-12T15:05:57.6650137+08:00	0x05	0.0055	0.0123	0.4337	0.9010	51.41	1.54	359.95
2026-05-12T15:05:57.8066491+08:00	0x06	-0.7157	0.0607	0.6858	0.1170	175.64	268.11	345.48
2026-05-12T15:05:57.9088140+08:00	0x09	0.0474	-0.1424	-0.4086	0.9003	311.45	342.83	358.22
2026-05-12T15:05:57.9644443+08:00	0x03	-0.0096	0.0019	0.1723	0.9850	19.85	0.03	358.88
2026-05-12T15:05:58.0686340+08:00	0x08	-0.0054	-0.0050	0.2256	0.9742	26.08	359.30	359.52
2026-05-12T15:05:58.2856310+08:00	0x06	-0.6320	0.0805	0.7619	0.1172	175.42	281.28	344.29
2026-05-12T15:05:58.3173699+08:00	0x02	-0.0481	-0.0003	-0.9948	0.0902	190.34	5.49	359.47
2026-05-12T15:05:58.4453184+08:00	0x09	0.0474	-0.1424	-0.4086	0.9003	311.45	342.83	358.22
2026-05-12T15:05:58.5096531+08:00	0x03	-0.0096	0.0019	0.1723	0.9850	19.85	0.03	358.88
2026-05-12T15:05:58.5963601+08:00	0x07	-0.6568	-0.5400	0.4283	-0.3058	117.19	207.53	59.80
2026-05-12T15:05:58.8376833+08:00	0x02	-0.0481	-0.0003	-0.9948	0.0902	190.34	5.49	359.47
2026-05-12T15:05:59.0237428+08:00	0x09	0.0473	-0.1424	-0.4086	0.9003	311.45	342.83	358.22
2026-05-12T15:05:59.1585992+08:00	0x01	-0.0146	0.0194	-0.1174	0.9928	346.48	2.40	358.60
2026-05-12T15:05:59.1926565+08:00	0x08	-0.0054	-0.0050	0.2256	0.9742	26.08	359.30	359.53
2026-05-12T15:05:59.2323481+08:00	0x03	-0.0096	0.0019	0.1723	0.9850	19.85	0.03	358.88
2026-05-12T15:05:59.4227056+08:00	0x02	-0.0481	-0.0003	-0.9948	0.0902	190.34	5.49	359.47
2026-05-12T15:05:59.5830846+08:00	0x03	-0.0096	0.0019	0.1723	0.9850	19.85	0.03	358.88
2026-05-12T15:05:59.6807963+08:00	0x01	-0.0145	0.0194	-0.1174	0.9928	346.48	2.41	358.61
2026-05-12T15:05:59.9160967+08:00	0x05	0.0055	0.0123	0.4337	0.9010	51.41	1.54	359.96
2026-05-12T15:06:00.1084316+08:00	0x09	0.0473	-0.1424	-0.4086	0.9003	311.45	342.83	358.22
2026-05-12T15:06:00.1974084+08:00	0x07	-0.6534	-0.5394	0.4307	-0.3110	117.21	207.55	60.57
2026-05-12T15:06:00.3898847+08:00	0x05	0.0055	0.0123	0.4337	0.9010	51.41	1.54	359.96
2026-05-12T15:06:00.4966992+08:00	0x02	-0.0482	-0.0003	-0.9948	0.0902	190.34	5.49	359.46
2026-05-12T15:06:00.6324504+08:00	0x09	0.0473	-0.1424	-0.4086	0.9003	311.45	342.83	358.22
2026-05-12T15:06:00.7201628+08:00	0x08	-0.0054	-0.0050	0.2256	0.9742	26.08	359.30	359.53
2026-05-12T15:06:00.7694217+08:00	0x03	-0.0096	0.0019	0.1723	0.9850	19.85	0.03	358.88
2026-05-12T15:06:00.8088131+08:00	0x07	-0.9735	-0.1109	0.1993	0.0175	167.12	203.07	0.58
2026-05-12T15:06:01.0479403+08:00	0x06	-0.6338	0.0809	0.7601	0.1186	175.37	281.00	344.14
2026-05-12T15:06:01.1045188+08:00	0x02	-0.0482	-0.0003	-0.9948	0.0902	190.34	5.49	359.46
2026-05-12T15:06:01.1314473+08:00	0x03	-0.0096	0.0019	0.1723	0.9850	19.85	0.03	358.88
2026-05-12T15:06:01.1632692+08:00	0x09	0.0474	-0.1424	-0.4086	0.9003	311.45	342.83	358.22
2026-05-12T15:06:01.3070642+08:00	0x08	-0.0054	-0.0050	0.2256	0.9742	26.08	359.30	359.53
2026-05-12T15:06:01.3515357+08:00	0x07	-0.8332	-0.1003	0.5405	-0.0604	174.03	245.31	12.07
2026-05-12T15:06:01.5812582+08:00	0x02	-0.0482	-0.0003	-0.9948	0.0902	190.34	5.49	359.46
2026-05-12T15:06:01.6632145+08:00	0x03	-0.0096	0.0020	0.1723	0.9850	19.85	0.03	358.88
2026-05-12T15:06:01.7503385+08:00	0x09	0.0474	-0.1424	-0.4086	0.9003	311.45	342.83	358.22
2026-05-12T15:06:01.8228042+08:00	0x01	-0.0145	0.0194	-0.1174	0.9928	346.48	2.41	358.61
2026-05-12T15:06:01.8397572+08:00	0x08	-0.0054	-0.0051	0.2256	0.9742	26.08	359.29	359.53
2026-05-12T15:06:02.1330236+08:00	0x06	-0.6103	0.2510	0.6761	0.3279	168.26	281.06	312.30
2026-05-12T15:06:02.2146167+08:00	0x02	-0.0482	-0.0003	-0.9948	0.0902	190.34	5.50	359.46
2026-05-12T15:06:02.3220976+08:00	0x01	-0.0145	0.0194	-0.1174	0.9928	346.48	2.41	358.61
2026-05-12T15:06:02.3746946+08:00	0x09	0.0474	-0.1424	-0.4086	0.9003	311.45	342.83	358.22
2026-05-12T15:06:02.4621311+08:00	0x07	-0.7074	-0.1659	0.6558	-0.2050	182.27	266.29	30.51
2026-05-12T15:06:02.6270224+08:00	0x02	-0.0482	-0.0003	-0.9948	0.0902	190.34	5.50	359.46
2026-05-12T15:06:02.6620240+08:00	0x05	0.0055	0.0123	0.4337	0.9010	51.41	1.54	359.96
2026-05-12T15:06:02.7846803+08:00	0x09	0.0474	-0.1424	-0.4086	0.9003	311.45	342.83	358.22
2026-05-12T15:06:02.8382053+08:00	0x03	-0.0096	0.0020	0.1723	0.9850	19.85	0.03	358.88
2026-05-12T15:06:02.9205312+08:00	0x08	-0.0054	-0.0050	0.2256	0.9742	26.08	359.30	359.53
2026-05-12T15:06:03.1204741+08:00	0x05	0.0055	0.0123	0.4337	0.9010	51.41	1.54	359.96
2026-05-12T15:06:03.1912841+08:00	0x06	-0.6118	0.2516	0.6751	0.3265	168.61	280.67	312.33
2026-05-12T15:06:03.3193677+08:00	0x09	0.0474	-0.1424	-0.4086	0.9003	311.45	342.82	358.22
2026-05-12T15:06:03.4374455+08:00	0x01	-0.0145	0.0194	-0.1174	0.9928	346.48	2.41	358.61
2026-05-12T15:06:03.4936125+08:00	0x08	-0.0054	-0.0051	0.2256	0.9742	26.08	359.30	359.53
2026-05-12T15:06:03.5286146+08:00	0x07	-0.5640	-0.1085	0.7728	-0.2699	199.53	292.70	28.18
2026-05-12T15:06:03.8015064+08:00	0x06	-0.6684	0.3218	0.5826	0.3322	184.30	259.91	305.02
2026-05-12T15:06:03.8729752+08:00	0x02	-0.0482	-0.0003	-0.9948	0.0902	190.34	5.49	359.46
2026-05-12T15:06:04.0198187+08:00	0x08	-0.0054	-0.0051	0.2256	0.9742	26.08	359.29	359.53
2026-05-12T15:06:04.1980986+08:00	0x01	-0.0145	0.0194	-0.1174	0.9928	346.48	2.41	358.61
2026-05-12T15:06:04.2375188+08:00	0x07	-0.7146	-0.1444	0.6812	-0.0671	173.10	266.23	17.01
2026-05-12T15:06:04.3476172+08:00	0x02	-0.0482	-0.0003	-0.9948	0.0902	190.34	5.49	359.46
2026-05-12T15:06:04.3946529+08:00	0x03	-0.0096	0.0020	0.1723	0.9850	19.85	0.03	358.88
2026-05-12T15:06:04.4352674+08:00	0x09	0.0474	-0.1424	-0.4086	0.9003	311.45	342.83	358.22
2026-05-12T15:06:04.5838526+08:00	0x08	-0.0054	-0.0051	0.2256	0.9742	26.08	359.29	359.53
2026-05-12T15:06:04.9099938+08:00	0x03	-0.0096	0.0020	0.1723	0.9850	19.85	0.03	358.88
2026-05-12T15:06:04.9330064+08:00	0x02	-0.0481	-0.0003	-0.9948	0.0902	190.34	5.49	359.46
2026-05-12T15:06:04.9531937+08:00	0x05	0.0055	0.0123	0.4337	0.9010	51.41	1.54	359.96
2026-05-12T15:06:05.0190017+08:00	0x09	0.0474	-0.1424	-0.4086	0.9003	311.45	342.83	358.22
2026-05-12T15:06:05.1197868+08:00	0x07	-0.7227	-0.1445	0.6726	-0.0667	172.84	264.83	16.90
2026-05-12T15:06:05.3746996+08:00	0x05	0.0055	0.0123	0.4337	0.9010	51.41	1.54	359.96
2026-05-12T15:06:05.4173938+08:00	0x02	-0.0482	-0.0004	-0.9948	0.0902	190.34	5.49	359.46
2026-05-12T15:06:05.4461099+08:00	0x03	-0.0096	0.0020	0.1723	0.9850	19.85	0.03	358.88
2026-05-12T15:06:05.5678371+08:00	0x09	0.0474	-0.1424	-0.4086	0.9003	311.45	342.83	358.22
2026-05-12T15:06:05.6857036+08:00	0x08	-0.0054	-0.0051	0.2256	0.9742	26.08	359.29	359.53
2026-05-12T15:06:05.7006633+08:00	0x07	-0.7455	0.0580	0.6637	0.0211	183.37	263.17	353.78
2026-05-12T15:06:05.9090021+08:00	0x06	-0.5315	0.2313	0.7152	0.3906	151.98	299.52	311.75
2026-05-12T15:06:05.9335861+08:00	0x02	-0.0482	-0.0004	-0.9948	0.0902	190.34	5.49	359.46
2026-05-12T15:06:05.9974476+08:00	0x03	-0.0096	0.0020	0.1723	0.9850	19.85	0.03	358.88
2026-05-12T15:06:06.0959725+08:00	0x09	0.0474	-0.1424	-0.4086	0.9003	311.45	342.82	358.22
2026-05-12T15:06:06.2194976+08:00	0x07	-0.7752	0.0512	0.6274	0.0528	180.76	257.91	351.60
2026-05-12T15:06:06.2780014+08:00	0x05	0.0055	0.0122	0.4337	0.9010	51.41	1.54	359.96
2026-05-12T15:06:06.3953326+08:00	0x01	-0.0146	0.0194	-0.1174	0.9928	346.48	2.41	358.61
2026-05-12T15:06:06.4989295+08:00	0x02	-0.0481	-0.0003	-0.9948	0.0902	190.34	5.49	359.46
2026-05-12T15:06:06.6827410+08:00	0x09	0.0474	-0.1424	-0.4086	0.9003	311.45	342.82	358.22
2026-05-12T15:06:06.7544332+08:00	0x07	-0.7386	-0.0565	0.6704	-0.0425	178.47	264.35	7.97
2026-05-12T15:06:06.9726951+08:00	0x06	-0.7016	0.2554	0.5988	0.2898	180.93	260.57	314.56
2026-05-12T15:06:07.0584693+08:00	0x03	-0.0096	0.0020	0.1723	0.9850	19.85	0.03	358.88
2026-05-12T15:06:07.2262007+08:00	0x09	0.0474	-0.1425	-0.4086	0.9003	311.45	342.82	358.22
2026-05-12T15:06:07.2996139+08:00	0x07	-0.7123	-0.1457	0.6736	-0.1325	178.19	266.44	22.64
2026-05-12T15:06:07.5485688+08:00	0x06	-0.7061	0.2248	0.6164	0.2663	179.19	262.53	319.22
2026-05-12T15:06:07.5798753+08:00	0x02	-0.0481	-0.0003	-0.9948	0.0902	190.34	5.49	359.46
2026-05-12T15:06:07.6154767+08:00	0x03	-0.0096	0.0019	0.1723	0.9850	19.85	0.03	358.88
2026-05-12T15:06:07.7799962+08:00	0x01	-0.0145	0.0194	-0.1174	0.9928	346.48	2.41	358.61
2026-05-12T15:06:07.8235215+08:00	0x08	-0.0054	-0.0050	0.2256	0.9742	26.08	359.30	359.53
2026-05-12T15:06:07.8885246+08:00	0x07	-0.7052	-0.2806	0.5914	-0.2724	173.94	257.41	45.73
2026-05-12T15:06:08.0895872+08:00	0x06	-0.6081	0.1373	0.7391	0.2551	165.83	285.04	329.12
2026-05-12T15:06:08.1222467+08:00	0x02	-0.0481	-0.0003	-0.9948	0.0902	190.34	5.49	359.46
2026-05-12T15:06:08.2006926+08:00	0x03	-0.0096	0.0019	0.1723	0.9850	19.85	0.03	358.88
2026-05-12T15:06:08.2457247+08:00	0x05	0.0055	0.0123	0.4337	0.9010	51.41	1.54	359.96
2026-05-12T15:06:08.3104720+08:00	0x01	-0.0145	0.0194	-0.1174	0.9928	346.48	2.41	358.61
2026-05-12T15:06:08.4415360+08:00	0x07	-0.7059	-0.2767	0.5942	-0.2683	174.17	257.76	45.05
2026-05-12T15:06:08.4554743+08:00	0x08	-0.0054	-0.0050	0.2256	0.9742	26.08	359.30	359.53
2026-05-12T15:06:08.5454994+08:00	0x05	0.0055	0.0123	0.4337	0.9010	51.41	1.54	359.96
2026-05-12T15:06:08.6487055+08:00	0x06	-0.6113	0.1400	0.7358	0.2556	166.14	284.45	328.77
2026-05-12T15:06:08.6993405+08:00	0x02	-0.0481	-0.0004	-0.9948	0.0902	190.34	5.49	359.46
2026-05-12T15:06:08.7350139+08:00	0x03	-0.0096	0.0019	0.1723	0.9850	19.85	0.03	358.88
2026-05-12T15:06:08.8228507+08:00	0x09	0.0474	-0.1424	-0.4086	0.9003	311.45	342.83	358.22
2026-05-12T15:06:08.9086181+08:00	0x08	-0.0054	-0.0050	0.2256	0.9742	26.08	359.30	359.53
2026-05-12T15:06:08.9583844+08:00	0x07	-0.7645	-0.5642	0.2725	-0.1513	112.14	196.98	32.61
2026-05-12T15:06:09.2137013+08:00	0x06	-0.6313	0.0047	0.7751	-0.0263	182.68	281.71	1.49
2026-05-12T15:06:09.2567950+08:00	0x02	-0.0481	-0.0004	-0.9948	0.0902	190.34	5.49	359.46
2026-05-12T15:06:09.4229229+08:00	0x09	0.0474	-0.1424	-0.4086	0.9003	311.45	342.83	358.22
2026-05-12T15:06:09.4308925+08:00	0x01	-0.0145	0.0194	-0.1174	0.9928	346.48	2.41	358.61
2026-05-12T15:06:09.5798723+08:00	0x07	-0.7723	-0.0016	0.6190	-0.1426	190.28	258.58	12.84
2026-05-12T15:06:09.7434557+08:00	0x06	-0.7216	0.0879	0.6818	0.0820	180.89	266.65	346.22
2026-05-12T15:06:09.7953259+08:00	0x02	-0.0481	-0.0004	-0.9948	0.0902	190.34	5.49	359.46
2026-05-12T15:06:09.8204630+08:00	0x03	-0.0096	0.0019	0.1723	0.9850	19.85	0.03	358.88
2026-05-12T15:06:09.8960042+08:00	0x09	0.0474	-0.1424	-0.4086	0.9003	311.45	342.83	358.22
2026-05-12T15:06:09.9964514+08:00	0x08	-0.0054	-0.0051	0.2256	0.9742	26.08	359.29	359.53
2026-05-12T15:06:10.1394310+08:00	0x07	-0.7134	-0.1169	0.6624	-0.1963	185.94	267.12	25.78
2026-05-12T15:06:10.2013914+08:00	0x06	-0.7242	0.0876	0.6745	0.1133	178.45	266.16	343.60
2026-05-12T15:06:10.3286375+08:00	0x02	-0.0482	-0.0003	-0.9948	0.0902	190.34	5.49	359.46
2026-05-12T15:06:10.3784828+08:00	0x03	-0.0096	0.0019	0.1723	0.9850	19.85	0.03	358.88
2026-05-12T15:06:10.4272214+08:00	0x09	0.0474	-0.1424	-0.4086	0.9003	311.45	342.83	358.22
2026-05-12T15:06:10.5298837+08:00	0x01	-0.0145	0.0194	-0.1174	0.9928	346.48	2.40	358.61
2026-05-12T15:06:10.6346254+08:00	0x07	-0.7017	-0.1600	0.6490	-0.2466	186.59	267.53	33.63
2026-05-12T15:06:10.8087818+08:00	0x05	0.0054	0.0123	0.4337	0.9010	51.41	1.54	359.95
2026-05-12T15:06:10.9105583+08:00	0x02	-0.0482	-0.0004	-0.9948	0.0902	190.34	5.49	359.46
2026-05-12T15:06:11.0179030+08:00	0x09	0.0474	-0.1424	-0.4086	0.9003	311.45	342.83	358.22
2026-05-12T15:06:11.1666389+08:00	0x07	-0.6911	-0.2066	0.6244	-0.2997	186.89	266.87	42.24
2026-05-12T15:06:11.2823591+08:00	0x05	0.0055	0.0123	0.4337	0.9010	51.41	1.54	359.95
2026-05-12T15:06:11.3209315+08:00	0x06	-0.7239	0.0746	0.6813	0.0792	180.01	266.53	347.51
2026-05-12T15:06:11.4326506+08:00	0x03	-0.0096	0.0019	0.1723	0.9850	19.85	0.03	358.88
2026-05-12T15:06:11.5446834+08:00	0x01	-0.0145	0.0194	-0.1174	0.9928	346.48	2.41	358.61
2026-05-12T15:06:11.5823587+08:00	0x09	0.0474	-0.1424	-0.4086	0.9003	311.45	342.83	358.22
2026-05-12T15:06:11.8427586+08:00	0x07	-0.6838	-0.2372	0.6078	-0.3268	186.17	265.97	47.33
2026-05-12T15:06:12.0192724+08:00	0x02	-0.0482	-0.0004	-0.9948	0.0902	190.34	5.50	359.46
2026-05-12T15:06:12.0395464+08:00	0x03	-0.0096	0.0020	0.1723	0.9850	19.85	0.03	358.88
2026-05-12T15:06:12.0896931+08:00	0x09	0.0474	-0.1424	-0.4086	0.9003	311.45	342.83	358.22
2026-05-12T15:06:12.1852456+08:00	0x07	-0.6764	-0.2601	0.5969	-0.3443	185.37	265.41	50.92
2026-05-12T15:06:12.3911450+08:00	0x06	-0.7290	0.0740	0.6765	0.0743	180.43	265.68	347.97
2026-05-12T15:06:12.5101878+08:00	0x02	-0.0482	-0.0004	-0.9948	0.0902	190.34	5.50	359.46
2026-05-12T15:06:12.6245549+08:00	0x09	0.0474	-0.1424	-0.4086	0.9003	311.45	342.83	358.22
2026-05-12T15:06:12.6546823+08:00	0x08	-0.0054	-0.0051	0.2256	0.9742	26.08	359.30	359.53
2026-05-12T15:06:12.7192161+08:00	0x07	-0.6700	-0.2772	0.5887	-0.3573	184.76	265.01	53.63
2026-05-12T15:06:12.8225997+08:00	0x01	-0.0145	0.0194	-0.1174	0.9928	346.48	2.41	358.61
2026-05-12T15:06:12.9731627+08:00	0x06	-0.7280	0.0723	0.6780	0.0717	180.47	265.87	348.32
2026-05-12T15:06:13.0166681+08:00	0x02	-0.0482	-0.0003	-0.9948	0.0902	190.34	5.50	359.46
2026-05-12T15:06:13.0896000+08:00	0x03	-0.0096	0.0020	0.1723	0.9850	19.85	0.03	358.88
2026-05-12T15:06:13.1606905+08:00	0x09	0.0474	-0.1424	-0.4086	0.9003	311.45	342.82	358.22
2026-05-12T15:06:13.2554053+08:00	0x07	-0.6642	-0.2876	0.5842	-0.3672	184.76	265.17	55.47
2026-05-12T15:06:13.4870097+08:00	0x06	-0.7285	0.0723	0.6773	0.0731	180.37	265.79	348.20
2026-05-12T15:06:13.5125657+08:00	0x02	-0.0482	-0.0004	-0.9948	0.0902	190.34	5.50	359.46
2026-05-12T15:06:13.6439935+08:00	0x03	-0.0096	0.0019	0.1723	0.9850	19.85	0.03	358.88
2026-05-12T15:06:13.7634107+08:00	0x09	0.0474	-0.1424	-0.4086	0.9003	311.45	342.82	358.22
2026-05-12T15:06:13.7977909+08:00	0x07	-0.6613	-0.2968	0.5769	-0.3765	184.43	264.62	57.19
2026-05-12T15:06:13.9050010+08:00	0x06	-0.7283	0.0711	0.6785	0.0637	181.01	265.85	349.09
2026-05-12T15:06:14.0776733+08:00	0x02	-0.0482	-0.0004	-0.9948	0.0902	190.34	5.50	359.46
2026-05-12T15:06:14.1849805+08:00	0x03	-0.0096	0.0019	0.1723	0.9850	19.85	0.03	358.88
2026-05-12T15:06:14.2260115+08:00	0x09	0.0474	-0.1424	-0.4086	0.9003	311.45	342.82	358.22
2026-05-12T15:06:14.3302701+08:00	0x01	-0.0146	0.0194	-0.1174	0.9928	346.48	2.41	358.60
2026-05-12T15:06:14.4811889+08:00	0x06	-0.7247	0.0712	0.6844	0.0365	183.09	266.49	351.35
2026-05-12T15:06:14.6204439+08:00	0x02	-0.0482	-0.0004	-0.9948	0.0902	190.34	5.50	359.46
2026-05-12T15:06:14.7046136+08:00	0x03	-0.0096	0.0019	0.1723	0.9850	19.85	0.03	358.88
2026-05-12T15:06:14.7874134+08:00	0x09	0.0474	-0.1424	-0.4086	0.9003	311.45	342.82	358.22
2026-05-12T15:06:14.9264948+08:00	0x01	-0.0145	0.0194	-0.1174	0.9928	346.48	2.41	358.61
2026-05-12T15:06:14.9512428+08:00	0x08	-0.0054	-0.0051	0.2256	0.9742	26.08	359.29	359.53
2026-05-12T15:06:14.9926114+08:00	0x07	-0.6591	-0.4384	0.4790	-0.3794	146.80	229.72	66.94
2026-05-12T15:06:15.0452358+08:00	0x06	-0.6542	0.1287	0.7204	0.1909	173.20	277.08	334.20
2026-05-12T15:06:15.1847649+08:00	0x02	-0.0482	-0.0004	-0.9948	0.0902	190.34	5.50	359.46
2026-05-12T15:06:15.2633991+08:00	0x03	-0.0096	0.0019	0.1723	0.9850	19.85	0.02	358.88
2026-05-12T15:06:15.3004025+08:00	0x09	0.0474	-0.1424	-0.4086	0.9003	311.45	342.82	358.22
2026-05-12T15:06:15.3963941+08:00	0x01	-0.0145	0.0194	-0.1174	0.9928	346.48	2.41	358.61
2026-05-12T15:06:15.4598419+08:00	0x07	-0.6600	-0.4327	0.4966	-0.3613	149.77	234.37	65.05
2026-05-12T15:06:15.5858384+08:00	0x07	-0.6552	-0.4378	0.4976	-0.3626	148.96	234.13	65.62
2026-05-12T15:06:15.7708584+08:00	0x02	-0.0482	-0.0004	-0.9948	0.0902	190.34	5.50	359.46
2026-05-12T15:06:15.8276621+08:00	0x06	-0.6585	0.1030	0.7294	0.1538	174.56	276.84	339.35
2026-05-12T15:06:15.8905856+08:00	0x09	0.0474	-0.1424	-0.4086	0.9003	311.45	342.82	358.22
2026-05-12T15:06:15.9663981+08:00	0x01	-0.0145	0.0194	-0.1174	0.9928	346.48	2.41	358.61
2026-05-12T15:06:16.0348423+08:00	0x08	-0.0054	-0.0051	0.2256	0.9742	26.08	359.29	359.53
2026-05-12T15:06:16.1092419+08:00	0x07	-0.6553	-0.4376	0.4976	-0.3625	148.99	234.14	65.60
2026-05-12T15:06:16.2594654+08:00	0x02	-0.0482	-0.0004	-0.9948	0.0902	190.34	5.50	359.46
2026-05-12T15:06:16.3907798+08:00	0x09	0.0474	-0.1424	-0.4086	0.9003	311.45	342.82	358.22
2026-05-12T15:06:16.5026223+08:00	0x08	-0.0054	-0.0051	0.2256	0.9742	26.08	359.29	359.53
2026-05-12T15:06:16.6588172+08:00	0x06	-0.7041	0.0868	0.6917	0.1351	176.09	269.60	341.92
2026-05-12T15:06:16.8606096+08:00	0x02	-0.0482	-0.0004	-0.9948	0.0902	190.34	5.49	359.46
2026-05-12T15:06:16.8815532+08:00	0x03	-0.0096	0.0019	0.1723	0.9850	19.85	0.03	358.88
2026-05-12T15:06:16.9944829+08:00	0x09	0.0474	-0.1424	-0.4086	0.9003	311.45	342.83	358.22
2026-05-12T15:06:17.0993153+08:00	0x01	-0.0145	0.0194	-0.1174	0.9928	346.48	2.41	358.61
2026-05-12T15:06:17.1563990+08:00	0x05	0.0055	0.0123	0.4337	0.9010	51.41	1.54	359.96
2026-05-12T15:06:17.1906360+08:00	0x07	-0.5122	-0.5060	0.4864	-0.4951	86.67	175.82	87.89
2026-05-12T15:06:17.3919974+08:00	0x02	-0.0482	-0.0004	-0.9948	0.0902	190.34	5.49	359.46
2026-05-12T15:06:17.4975253+08:00	0x09	0.0474	-0.1424	-0.4086	0.9003	311.45	342.83	358.22
2026-05-12T15:06:17.5747396+08:00	0x01	-0.0145	0.0194	-0.1174	0.9928	346.48	2.41	358.61
2026-05-12T15:06:17.6059340+08:00	0x03	-0.0096	0.0019	0.1723	0.9850	19.85	0.03	358.88
2026-05-12T15:06:17.7575447+08:00	0x08	-0.0054	-0.0051	0.2256	0.9742	26.08	359.30	359.53
2026-05-12T15:06:17.9114063+08:00	0x06	-0.6702	0.0433	0.7309	0.1213	172.97	275.76	346.95
2026-05-12T15:06:17.9505508+08:00	0x02	-0.0482	-0.0004	-0.9948	0.0902	190.34	5.49	359.46
2026-05-12T15:06:18.0351549+08:00	0x09	0.0474	-0.1424	-0.4086	0.9003	311.45	342.83	358.22
2026-05-12T15:06:18.1613843+08:00	0x01	-0.0145	0.0194	-0.1174	0.9928	346.48	2.41	358.61
2026-05-12T15:06:18.3084262+08:00	0x07	-0.5112	-0.5020	0.4858	-0.5007	78.48	167.10	88.44
2026-05-12T15:06:18.3327927+08:00	0x06	-0.6004	0.0414	0.7872	0.1348	170.39	286.44	346.87
2026-05-12T15:06:18.3858351+08:00	0x08	-0.0054	-0.0051	0.2256	0.9742	26.08	359.30	359.53
2026-05-12T15:06:18.4733087+08:00	0x03	-0.0096	0.0019	0.1723	0.9850	19.85	0.02	358.88
2026-05-12T15:06:18.6015612+08:00	0x09	0.0474	-0.1424	-0.4086	0.9003	311.45	342.83	358.22
2026-05-12T15:06:18.7389985+08:00	0x01	-0.0145	0.0194	-0.1174	0.9928	346.48	2.41	358.61
2026-05-12T15:06:18.7938081+08:00	0x06	-0.6479	0.0728	0.7422	0.1553	171.76	279.07	341.98
2026-05-12T15:06:18.8582932+08:00	0x07	-0.2415	-0.5786	0.2053	-0.7515	357.91	74.49	36.91
2026-05-12T15:06:19.0518384+08:00	0x02	-0.0482	-0.0003	-0.9948	0.0902	190.34	5.49	359.46
2026-05-12T15:06:19.0736913+08:00	0x03	-0.0096	0.0019	0.1723	0.9850	19.85	0.02	358.88
2026-05-12T15:06:19.1165115+08:00	0x09	0.0474	-0.1424	-0.4086	0.9003	311.45	342.83	358.22
2026-05-12T15:06:19.2544795+08:00	0x01	-0.0145	0.0194	-0.1174	0.9928	346.48	2.41	358.61
2026-05-12T15:06:19.3204759+08:00	0x06	-0.5763	0.0848	0.7902	0.1903	167.46	290.09	339.30
2026-05-12T15:06:19.3937341+08:00	0x07	-0.2573	-0.7263	0.2036	-0.6040	9.25	103.63	37.34
2026-05-12T15:06:19.6008159+08:00	0x02	-0.0482	-0.0003	-0.9948	0.0902	190.34	5.49	359.46
2026-05-12T15:06:19.6328902+08:00	0x03	-0.0096	0.0019	0.1723	0.9850	19.85	0.02	358.88
2026-05-12T15:06:19.7004462+08:00	0x09	0.0474	-0.1424	-0.4086	0.9003	311.45	342.83	358.22
2026-05-12T15:06:19.8206834+08:00	0x08	-0.0054	-0.0051	0.2256	0.9742	26.08	359.29	359.53
2026-05-12T15:06:19.8364072+08:00	0x01	-0.0145	0.0194	-0.1174	0.9928	346.48	2.41	358.61
2026-05-12T15:06:19.8927545+08:00	0x05	0.0055	0.0122	0.4337	0.9010	51.41	1.54	359.96
2026-05-12T15:06:19.9895318+08:00	0x07	-0.1657	-0.5848	0.1298	-0.7834	359.40	73.35	24.30
2026-05-12T15:06:20.1187593+08:00	0x02	-0.0482	-0.0003	-0.9948	0.0902	190.34	5.49	359.46
2026-05-12T15:06:20.2928743+08:00	0x09	0.0474	-0.1424	-0.4086	0.9003	311.45	342.83	358.22
2026-05-12T15:06:20.3127569+08:00	0x01	-0.0145	0.0194	-0.1174	0.9928	346.48	2.41	358.61
2026-05-12T15:06:20.3441949+08:00	0x08	-0.0054	-0.0051	0.2256	0.9742	26.08	359.29	359.53
2026-05-12T15:06:20.4188117+08:00	0x06	-0.6114	0.2142	0.7074	0.2827	169.55	282.18	319.55
2026-05-12T15:06:20.5633639+08:00	0x07	-0.3835	-0.6402	0.2275	-0.6255	18.92	100.31	50.46
2026-05-12T15:06:20.6856477+08:00	0x02	-0.0482	-0.0003	-0.9948	0.0902	190.34	5.49	359.46
2026-05-12T15:06:20.7662722+08:00	0x09	0.0474	-0.1424	-0.4086	0.9003	311.45	342.83	358.22
2026-05-12T15:06:20.8112636+08:00	0x01	-0.0145	0.0194	-0.1174	0.9928	346.48	2.41	358.61
2026-05-12T15:06:20.9336092+08:00	0x08	-0.0054	-0.0051	0.2256	0.9742	26.08	359.30	359.53
2026-05-12T15:06:20.9940049+08:00	0x06	-0.5311	0.2318	0.7239	0.3743	154.22	298.88	312.84
2026-05-12T15:06:21.1031435+08:00	0x07	-0.3895	-0.6467	0.2261	-0.6155	20.78	102.72	50.54
2026-05-12T15:06:21.2282548+08:00	0x03	-0.0096	0.0019	0.1723	0.9850	19.85	0.02	358.88
2026-05-12T15:06:21.3147509+08:00	0x09	0.0474	-0.1424	-0.4086	0.9003	311.45	342.83	358.22
2026-05-12T15:06:21.4509024+08:00	0x08	-0.0054	-0.0051	0.2256	0.9742	26.08	359.30	359.53
2026-05-12T15:06:21.4997488+08:00	0x06	-0.5219	0.3265	0.6699	0.4150	154.04	299.49	299.47
2026-05-12T15:06:21.6507126+08:00	0x07	-0.6508	-0.7523	0.0299	-0.0980	81.18	173.67	9.94
2026-05-12T15:06:21.7588352+08:00	0x03	-0.0096	0.0019	0.1723	0.9850	19.85	0.02	358.88
2026-05-12T15:06:21.8042226+08:00	0x02	-0.0482	-0.0003	-0.9948	0.0902	190.34	5.49	359.46
2026-05-12T15:06:21.9133824+08:00	0x09	0.0474	-0.1424	-0.4086	0.9003	311.45	342.83	358.22
2026-05-12T15:06:22.0201765+08:00	0x08	-0.0054	-0.0051	0.2256	0.9742	26.08	359.29	359.53
2026-05-12T15:06:22.0761574+08:00	0x06	-0.7036	0.2059	0.6339	0.2465	178.35	264.59	322.56
2026-05-12T15:06:22.1698060+08:00	0x07	-0.2455	-0.6643	0.1683	-0.6857	6.61	90.21	34.07
2026-05-12T15:06:22.2657614+08:00	0x02	-0.0482	-0.0003	-0.9948	0.0902	190.34	5.49	359.46
2026-05-12T15:06:22.3163375+08:00	0x03	-0.0096	0.0019	0.1723	0.9850	19.85	0.03	358.88
2026-05-12T15:06:22.4384456+08:00	0x09	0.0474	-0.1424	-0.4086	0.9003	311.45	342.83	358.22
2026-05-12T15:06:22.5221268+08:00	0x01	-0.0145	0.0194	-0.1174	0.9928	346.48	2.41	358.61
2026-05-12T15:06:22.5843178+08:00	0x08	-0.0054	-0.0051	0.2256	0.9742	26.08	359.30	359.53
2026-05-12T15:06:22.7144178+08:00	0x07	-0.3036	-0.6388	0.2547	-0.6595	4.33	90.04	46.54
2026-05-12T15:06:22.8431891+08:00	0x03	-0.0096	0.0019	0.1723	0.9850	19.85	0.03	358.88
2026-05-12T15:06:22.9533645+08:00	0x01	-0.0145	0.0194	-0.1174	0.9928	346.48	2.41	358.61
2026-05-12T15:06:23.0155813+08:00	0x09	0.0474	-0.1424	-0.4086	0.9003	311.45	342.83	358.22
2026-05-12T15:06:23.1695462+08:00	0x06	-0.7070	0.1238	0.6599	0.2221	172.28	268.02	331.47
2026-05-12T15:06:23.3076478+08:00	0x07	-0.3182	-0.6548	0.2879	-0.6221	5.30	95.44	50.62
2026-05-12T15:06:23.3723737+08:00	0x03	-0.0096	0.0019	0.1723	0.9850	19.85	0.03	358.88
2026-05-12T15:06:23.5637073+08:00	0x01	-0.0145	0.0194	-0.1174	0.9928	346.48	2.40	358.61
2026-05-12T15:06:23.7466441+08:00	0x06	-0.6640	0.1255	0.7036	0.2200	170.69	275.64	332.05
2026-05-12T15:06:23.8413150+08:00	0x07	-0.4332	-0.7241	0.3057	-0.4412	39.24	138.57	55.57
2026-05-12T15:06:23.9137136+08:00	0x03	-0.0096	0.0019	0.1723	0.9850	19.85	0.03	358.88
2026-05-12T15:06:24.0490581+08:00	0x01	-0.0145	0.0194	-0.1174	0.9928	346.48	2.41	358.61
2026-05-12T15:06:24.1366047+08:00	0x09	0.0474	-0.1424	-0.4086	0.9003	311.45	342.82	358.22
2026-05-12T15:06:24.2639401+08:00	0x08	-0.0054	-0.0050	0.2256	0.9742	26.08	359.30	359.53
2026-05-12T15:06:24.2804923+08:00	0x06	-0.7031	0.0799	0.6982	0.1085	177.67	269.92	344.68
2026-05-12T15:06:24.3769100+08:00	0x07	-0.5079	-0.4899	0.4218	-0.5693	7.70	88.18	82.56
2026-05-12T15:06:24.4581194+08:00	0x03	-0.0096	0.0019	0.1723	0.9850	19.85	0.03	358.88
2026-05-12T15:06:24.5658667+08:00	0x01	-0.0145	0.0194	-0.1174	0.9928	346.48	2.41	358.61
2026-05-12T15:06:24.6237002+08:00	0x09	0.0474	-0.1424	-0.4086	0.9003	311.45	342.82	358.22
2026-05-12T15:06:24.7286550+08:00	0x06	-0.6984	0.0870	0.6974	0.1349	175.98	270.56	341.95
2026-05-12T15:06:24.8796916+08:00	0x08	-0.0054	-0.0050	0.2256	0.9742	26.08	359.30	359.53
2026-05-12T15:06:24.9442951+08:00	0x03	-0.0096	0.0019	0.1723	0.9850	19.85	0.03	358.88
2026-05-12T15:06:25.0531551+08:00	0x07	-0.5340	-0.4625	0.4684	-0.5305	198.30	280.64	89.44
2026-05-12T15:06:25.1414096+08:00	0x01	-0.0145	0.0194	-0.1174	0.9928	346.48	2.41	358.61
2026-05-12T15:06:25.2141993+08:00	0x09	0.0474	-0.1424	-0.4086	0.9003	311.45	342.82	358.22
2026-05-12T15:06:25.3387410+08:00	0x08	-0.0054	-0.0051	0.2256	0.9742	26.08	359.30	359.53
2026-05-12T15:06:25.3828880+08:00	0x06	-0.6966	0.0834	0.7003	0.1319	175.87	270.94	342.51
2026-05-12T15:06:25.5013903+08:00	0x03	-0.0096	0.0019	0.1723	0.9850	19.85	0.02	358.88
2026-05-12T15:06:25.5257965+08:00	0x07	-0.5510	-0.4441	0.4905	-0.5085	186.12	268.95	84.90
