timestamp	device	q0	q1	q2	q3	yaw	pitch	roll
2026-05-08T14:36:45.2033626+08:00	0x07	-0.4097	-0.5505	0.4531	-0.5690	345.73	77.16	74.82
2026-05-08T14:36:45.4283091+08:00	0x09	0.0523	-0.0675	-0.6404	0.7633	280.04	350.20	359.62
2026-05-08T14:36:45.5209090+08:00	0x04	-0.0145	-0.0192	-0.2015	0.9792	336.78	358.18	357.93
2026-05-08T14:36:45.6212036+08:00	0x06	0.7065	-0.0520	-0.6992	-0.0967	176.38	269.79	347.92
2026-05-08T14:36:45.6994152+08:00	0x03	0.0101	-0.0466	0.2655	0.9629	30.72	355.16	2.53
2026-05-08T14:36:45.7533452+08:00	0x07	-0.3471	-0.6050	0.3566	-0.6216	357.36	86.94	59.65
2026-05-08T14:36:45.9634550+08:00	0x09	0.0523	-0.0675	-0.6404	0.7633	280.04	350.20	359.62
2026-05-08T14:36:46.0961630+08:00	0x04	-0.0145	-0.0192	-0.2015	0.9792	336.78	358.18	357.93
2026-05-08T14:36:46.1429564+08:00	0x06	0.7078	-0.0895	-0.6907	-0.1179	177.84	268.92	343.11
2026-05-08T14:36:46.2035030+08:00	0x08	-0.0043	-0.0156	0.0535	0.9984	6.14	358.19	359.61
2026-05-08T14:36:46.2819689+08:00	0x03	0.0101	-0.0466	0.2655	0.9629	30.72	355.16	2.53
2026-05-08T14:36:46.3204207+08:00	0x07	-0.3523	-0.5993	0.3608	-0.6217	356.93	86.10	60.52
2026-05-08T14:36:46.3752232+08:00	0x02	0.0167	-0.0045	-0.9730	0.2304	206.64	358.02	359.94
2026-05-08T14:36:46.5016209+08:00	0x09	0.0523	-0.0675	-0.6404	0.7633	280.04	350.20	359.62
2026-05-08T14:36:46.6142469+08:00	0x04	-0.0145	-0.0192	-0.2015	0.9792	336.78	358.18	357.93
2026-05-08T14:36:46.7077279+08:00	0x06	0.7069	-0.0942	-0.6909	-0.1187	178.15	268.96	342.67
2026-05-08T14:36:46.8396981+08:00	0x01	-0.0185	-0.0646	-0.2284	0.9713	333.76	353.26	356.25
2026-05-08T14:36:46.8786599+08:00	0x03	0.0101	-0.0466	0.2655	0.9629	30.72	355.16	2.53
2026-05-08T14:36:46.9165573+08:00	0x08	-0.0043	-0.0156	0.0535	0.9984	6.14	358.19	359.61
2026-05-08T14:36:47.0881109+08:00	0x04	-0.0145	-0.0192	-0.2015	0.9792	336.78	358.18	357.93
2026-05-08T14:36:47.1180000+08:00	0x09	0.0523	-0.0675	-0.6404	0.7633	280.04	350.20	359.62
2026-05-08T14:36:47.2887281+08:00	0x08	-0.0043	-0.0156	0.0535	0.9984	6.14	358.19	359.61
2026-05-08T14:36:47.3448770+08:00	0x03	0.0101	-0.0466	0.2655	0.9629	30.72	355.16	2.53
2026-05-08T14:36:47.4127492+08:00	0x07	-0.4154	-0.5594	0.4201	-0.5815	355.49	84.49	72.36
2026-05-08T14:36:47.4982816+08:00	0x05	0.0103	0.0093	0.4351	0.9003	51.59	1.48	0.60
2026-05-08T14:36:47.5760058+08:00	0x09	0.0523	-0.0675	-0.6404	0.7633	280.04	350.20	359.62
2026-05-08T14:36:47.7307403+08:00	0x04	-0.0145	-0.0192	-0.2015	0.9792	336.78	358.18	357.93
2026-05-08T14:36:47.8030480+08:00	0x06	0.7063	-0.0998	-0.6897	-0.1242	178.17	268.93	341.76
2026-05-08T14:36:47.8885922+08:00	0x01	-0.0185	-0.0646	-0.2284	0.9713	333.76	353.26	356.25
2026-05-08T14:36:47.9367199+08:00	0x03	0.0101	-0.0466	0.2655	0.9629	30.72	355.16	2.53
2026-05-08T14:36:47.9687339+08:00	0x07	-0.4213	-0.5543	0.4275	-0.5766	354.69	83.75	73.70
2026-05-08T14:36:48.1578175+08:00	0x09	0.0523	-0.0675	-0.6404	0.7633	280.04	350.21	359.62
2026-05-08T14:36:48.1911527+08:00	0x04	-0.0145	-0.0192	-0.2015	0.9792	336.78	358.18	357.93
2026-05-08T14:36:48.3837042+08:00	0x08	-0.0043	-0.0156	0.0535	0.9984	6.14	358.19	359.61
2026-05-08T14:36:48.4730397+08:00	0x03	0.0101	-0.0466	0.2655	0.9629	30.72	355.16	2.53
2026-05-08T14:36:48.5115302+08:00	0x07	-0.4247	-0.5511	0.4317	-0.5741	354.09	83.16	74.45
2026-05-08T14:36:48.7014691+08:00	0x04	-0.0145	-0.0192	-0.2015	0.9792	336.78	358.18	357.93
2026-05-08T14:36:48.9530214+08:00	0x08	-0.0043	-0.0156	0.0535	0.9984	6.14	358.19	359.61
2026-05-08T14:36:49.0159090+08:00	0x03	0.0101	-0.0466	0.2655	0.9629	30.72	355.16	2.53
2026-05-08T14:36:49.0431487+08:00	0x07	-0.4240	-0.5508	0.4319	-0.5747	353.72	82.79	74.40
2026-05-08T14:36:49.1341181+08:00	0x02	0.0167	-0.0045	-0.9730	0.2304	206.64	358.02	359.94
2026-05-08T14:36:49.2328289+08:00	0x09	0.0523	-0.0675	-0.6404	0.7633	280.04	350.21	359.62
2026-05-08T14:36:49.4697156+08:00	0x06	0.6972	-0.1009	-0.7015	-0.1077	179.37	270.45	343.04
2026-05-08T14:36:49.4934836+08:00	0x08	-0.0043	-0.0156	0.0535	0.9984	6.14	358.19	359.61
2026-05-08T14:36:49.5574754+08:00	0x03	0.0101	-0.0466	0.2655	0.9629	30.72	355.16	2.53
2026-05-08T14:36:49.5813762+08:00	0x07	-0.4251	-0.5887	0.3820	-0.5717	10.41	98.89	69.35
2026-05-08T14:36:49.6436329+08:00	0x02	0.0167	-0.0045	-0.9730	0.2304	206.64	358.02	359.94
2026-05-08T14:36:49.7734848+08:00	0x09	0.0523	-0.0675	-0.6404	0.7633	280.04	350.21	359.62
2026-05-08T14:36:50.0481653+08:00	0x08	-0.0043	-0.0156	0.0535	0.9984	6.14	358.19	359.61
2026-05-08T14:36:50.0948334+08:00	0x03	0.0101	-0.0466	0.2655	0.9629	30.72	355.16	2.53
2026-05-08T14:36:50.1559535+08:00	0x07	-0.2678	-0.2733	0.5485	-0.7435	290.85	9.05	44.27
2026-05-08T14:36:50.3762245+08:00	0x04	-0.0145	-0.0192	-0.2015	0.9792	336.78	358.18	357.93
2026-05-08T14:36:50.5351421+08:00	0x08	-0.0043	-0.0156	0.0535	0.9984	6.14	358.19	359.60
2026-05-08T14:36:50.5765866+08:00	0x06	0.6975	-0.1008	-0.7012	-0.1082	179.34	270.40	343.00
2026-05-08T14:36:50.6421193+08:00	0x03	0.0101	-0.0466	0.2655	0.9629	30.72	355.16	2.53
2026-05-08T14:36:50.6735748+08:00	0x01	-0.0184	-0.0646	-0.2284	0.9713	333.76	353.26	356.26
2026-05-08T14:36:50.6965139+08:00	0x02	0.0168	-0.0045	-0.9730	0.2304	206.64	358.01	359.94
2026-05-08T14:36:50.8919299+08:00	0x09	0.0523	-0.0675	-0.6404	0.7633	280.04	350.21	359.62
2026-05-08T14:36:51.1443998+08:00	0x08	-0.0043	-0.0156	0.0535	0.9984	6.14	358.19	359.60
2026-05-08T14:36:51.1735138+08:00	0x01	-0.0184	-0.0646	-0.2284	0.9713	333.76	353.26	356.26
2026-05-08T14:36:51.3612965+08:00	0x07	-0.2734	-0.2838	0.5449	-0.7402	291.52	10.05	45.56
2026-05-08T14:36:51.4280932+08:00	0x09	0.0523	-0.0675	-0.6404	0.7633	280.04	350.21	359.62
2026-05-08T14:36:51.4615536+08:00	0x02	0.0168	-0.0045	-0.9730	0.2304	206.64	358.01	359.95
2026-05-08T14:36:51.6272332+08:00	0x08	-0.0043	-0.0156	0.0535	0.9984	6.14	358.19	359.61
2026-05-08T14:36:51.6815754+08:00	0x06	0.2456	-0.1372	-0.9320	-0.2286	157.31	334.86	338.40
2026-05-08T14:36:51.7350295+08:00	0x03	0.0101	-0.0466	0.2655	0.9629	30.72	355.16	2.53
2026-05-08T14:36:51.7534903+08:00	0x01	-0.0184	-0.0646	-0.2284	0.9713	333.76	353.26	356.25
2026-05-08T14:36:51.7945695+08:00	0x02	0.0168	-0.0045	-0.9730	0.2304	206.64	358.01	359.94
2026-05-08T14:36:51.9683590+08:00	0x09	0.0523	-0.0675	-0.6404	0.7633	280.04	350.21	359.62
2026-05-08T14:36:52.0296814+08:00	0x04	-0.0145	-0.0192	-0.2015	0.9792	336.78	358.18	357.93
2026-05-08T14:36:52.2021387+08:00	0x06	0.2722	-0.1601	-0.9104	-0.2672	153.64	332.87	334.09
2026-05-08T14:36:52.2794586+08:00	0x01	-0.0184	-0.0646	-0.2284	0.9713	333.76	353.26	356.26
2026-05-08T14:36:52.3123687+08:00	0x03	0.0101	-0.0466	0.2655	0.9629	30.72	355.16	2.53
2026-05-08T14:36:52.3603759+08:00	0x02	0.0168	-0.0045	-0.9730	0.2304	206.64	358.01	359.94
2026-05-08T14:36:52.5040341+08:00	0x09	0.0523	-0.0675	-0.6404	0.7633	280.04	350.21	359.62
2026-05-08T14:36:52.5970561+08:00	0x04	-0.0145	-0.0192	-0.2015	0.9792	336.78	358.18	357.93
2026-05-08T14:36:52.7552224+08:00	0x06	0.2565	-0.1591	-0.9111	-0.2808	151.48	335.19	334.28
2026-05-08T14:36:52.8367225+08:00	0x03	0.0101	-0.0466	0.2655	0.9629	30.72	355.16	2.54
2026-05-08T14:36:52.8762549+08:00	0x02	0.0168	-0.0045	-0.9730	0.2304	206.64	358.01	359.94
2026-05-08T14:36:52.9944205+08:00	0x09	0.0523	-0.0675	-0.6404	0.7633	280.04	350.21	359.62
2026-05-08T14:36:53.1163739+08:00	0x04	-0.0144	-0.0192	-0.2015	0.9792	336.78	358.18	357.94
2026-05-08T14:36:53.2695933+08:00	0x06	0.2569	-0.1591	-0.9110	-0.2806	151.53	335.13	334.27
2026-05-08T14:36:53.3835924+08:00	0x08	-0.0043	-0.0156	0.0535	0.9984	6.14	358.19	359.61
2026-05-08T14:36:53.4288315+08:00	0x03	0.0101	-0.0466	0.2655	0.9629	30.72	355.16	2.54
2026-05-08T14:36:53.4600670+08:00	0x07	-0.2650	-0.2031	0.5687	-0.7518	285.89	0.30	39.01
2026-05-08T14:36:53.5919732+08:00	0x09	0.0523	-0.0675	-0.6404	0.7633	280.04	350.21	359.62
2026-05-08T14:36:53.7078788+08:00	0x04	-0.0144	-0.0192	-0.2015	0.9792	336.78	358.18	357.94
2026-05-08T14:36:53.7972950+08:00	0x02	0.0168	-0.0045	-0.9730	0.2304	206.64	358.01	359.94
2026-05-08T14:36:53.8447165+08:00	0x06	0.1941	-0.1316	-0.9341	-0.2693	151.14	341.85	339.49
2026-05-08T14:36:53.9807562+08:00	0x07	-0.1380	-0.1554	0.5642	-0.7991	290.75	5.79	23.33
2026-05-08T14:36:54.1173475+08:00	0x09	0.0523	-0.0675	-0.6404	0.7633	280.04	350.20	359.62
2026-05-08T14:36:54.2101443+08:00	0x04	-0.0144	-0.0192	-0.2015	0.9792	336.78	358.18	357.94
2026-05-08T14:36:54.2745116+08:00	0x02	0.0168	-0.0045	-0.9730	0.2304	206.64	358.01	359.94
2026-05-08T14:36:54.3984972+08:00	0x01	-0.0184	-0.0646	-0.2284	0.9713	333.76	353.26	356.26
2026-05-08T14:36:54.4525766+08:00	0x06	0.2100	-0.1458	-0.9254	-0.2799	150.30	340.54	337.21
2026-05-08T14:36:54.5065866+08:00	0x03	0.0101	-0.0466	0.2655	0.9629	30.72	355.16	2.53
2026-05-08T14:36:54.5461673+08:00	0x07	-0.1831	-0.1919	0.5692	-0.7782	289.26	5.99	30.23
2026-05-08T14:36:54.7026508+08:00	0x09	0.0523	-0.0675	-0.6404	0.7633	280.04	350.21	359.62
2026-05-08T14:36:54.7708342+08:00	0x02	0.0168	-0.0045	-0.9730	0.2304	206.64	358.01	359.94
2026-05-08T14:36:54.7968985+08:00	0x04	-0.0145	-0.0192	-0.2015	0.9792	336.78	358.18	357.93
2026-05-08T14:36:54.9205856+08:00	0x01	-0.0184	-0.0646	-0.2284	0.9713	333.76	353.26	356.26
2026-05-08T14:36:55.0008544+08:00	0x08	-0.0043	-0.0156	0.0535	0.9984	6.14	358.19	359.61
2026-05-08T14:36:55.0630955+08:00	0x07	-0.1773	-0.1977	0.5635	-0.7823	290.43	7.27	30.01
2026-05-08T14:36:55.2303618+08:00	0x09	0.0523	-0.0675	-0.6404	0.7633	280.04	350.21	359.62
2026-05-08T14:36:55.2914367+08:00	0x02	0.0168	-0.0045	-0.9730	0.2304	206.64	358.01	359.94
2026-05-08T14:36:55.3184553+08:00	0x04	-0.0145	-0.0191	-0.2015	0.9792	336.78	358.19	357.93
2026-05-08T14:36:55.4867192+08:00	0x01	-0.0184	-0.0646	-0.2284	0.9713	333.76	353.26	356.26
2026-05-08T14:36:55.5203651+08:00	0x06	0.4285	-0.1224	-0.8605	-0.2468	159.34	311.68	335.03
2026-05-08T14:36:55.6418588+08:00	0x03	0.0101	-0.0466	0.2655	0.9629	30.72	355.16	2.53
2026-05-08T14:36:55.6869884+08:00	0x05	0.0103	0.0093	0.4351	0.9003	51.59	1.48	0.60
2026-05-08T14:36:55.7855792+08:00	0x02	0.0168	-0.0045	-0.9730	0.2304	206.64	358.01	359.94
2026-05-08T14:36:55.8205763+08:00	0x07	-0.2581	-0.3991	0.4994	-0.7244	305.42	30.31	50.58
2026-05-08T14:36:55.8835054+08:00	0x04	-0.0144	-0.0191	-0.2015	0.9792	336.78	358.18	357.94
2026-05-08T14:36:55.9622971+08:00	0x09	0.0523	-0.0675	-0.6404	0.7633	280.04	350.21	359.62
2026-05-08T14:36:56.1482761+08:00	0x06	0.6072	-0.1462	-0.7570	-0.1920	172.70	284.29	332.97
2026-05-08T14:36:56.1884466+08:00	0x03	0.0101	-0.0466	0.2655	0.9629	30.72	355.16	2.53
2026-05-08T14:36:56.2545557+08:00	0x09	0.0523	-0.0675	-0.6404	0.7633	280.04	350.20	359.62
2026-05-08T14:36:56.3231732+08:00	0x08	-0.0042	-0.0156	0.0535	0.9984	6.14	358.19	359.61
2026-05-08T14:36:56.3664082+08:00	0x02	0.0167	-0.0045	-0.9730	0.2304	206.64	358.02	359.94
2026-05-08T14:36:56.5772617+08:00	0x01	-0.0185	-0.0646	-0.2284	0.9713	333.76	353.26	356.25
2026-05-08T14:36:56.6326124+08:00	0x06	0.6529	-0.1431	-0.7211	-0.1825	175.11	276.83	333.60
2026-05-08T14:36:56.7429015+08:00	0x03	0.0101	-0.0465	0.2655	0.9629	30.72	355.16	2.53
2026-05-08T14:36:56.8486645+08:00	0x09	0.0523	-0.0675	-0.6404	0.7633	280.04	350.20	359.62
2026-05-08T14:36:56.9815050+08:00	0x04	-0.0144	-0.0191	-0.2015	0.9792	336.78	358.18	357.94
2026-05-08T14:36:57.1487339+08:00	0x01	-0.0185	-0.0646	-0.2284	0.9713	333.76	353.26	356.25
2026-05-08T14:36:57.1991659+08:00	0x02	0.0168	-0.0045	-0.9730	0.2304	206.64	358.01	359.94
2026-05-08T14:36:57.2621118+08:00	0x07	-0.2559	-0.3933	0.5017	-0.7267	304.71	29.37	50.05
2026-05-08T14:36:57.4475362+08:00	0x09	0.0523	-0.0675	-0.6404	0.7633	280.04	350.20	359.62
2026-05-08T14:36:57.5643739+08:00	0x04	-0.0144	-0.0191	-0.2015	0.9792	336.78	358.18	357.94
2026-05-08T14:36:57.6674829+08:00	0x01	-0.0184	-0.0646	-0.2284	0.9713	333.76	353.26	356.26
2026-05-08T14:36:57.8351607+08:00	0x06	0.6516	-0.1432	-0.7222	-0.1828	175.04	277.05	333.58
2026-05-08T14:36:57.8749531+08:00	0x02	0.0167	-0.0045	-0.9730	0.2304	206.64	358.02	359.94
2026-05-08T14:36:58.0117104+08:00	0x09	0.0523	-0.0675	-0.6404	0.7633	280.04	350.21	359.62
2026-05-08T14:36:58.0603800+08:00	0x04	-0.0145	-0.0191	-0.2015	0.9792	336.78	358.19	357.93
2026-05-08T14:36:58.2429011+08:00	0x01	-0.0184	-0.0646	-0.2284	0.9713	333.76	353.26	356.26
2026-05-08T14:36:58.2844661+08:00	0x06	0.7901	-0.1347	-0.5898	-0.0987	185.83	252.55	341.64
2026-05-08T14:36:58.3094007+08:00	0x02	0.0168	-0.0045	-0.9730	0.2304	206.64	358.01	359.95
2026-05-08T14:36:58.3693608+08:00	0x05	0.0103	0.0093	0.4351	0.9003	51.59	1.47	0.60
2026-05-08T14:36:58.4051495+08:00	0x03	0.0101	-0.0466	0.2655	0.9629	30.72	355.16	2.53
2026-05-08T14:36:58.5078918+08:00	0x09	0.0523	-0.0675	-0.6404	0.7633	280.04	350.21	359.62
2026-05-08T14:36:58.6480556+08:00	0x04	-0.0144	-0.0191	-0.2015	0.9792	336.78	358.18	357.94
2026-05-08T14:36:58.7677795+08:00	0x01	-0.0184	-0.0646	-0.2284	0.9713	333.76	353.26	356.25
2026-05-08T14:36:58.8144851+08:00	0x02	0.0168	-0.0045	-0.9730	0.2304	206.64	358.01	359.95
2026-05-08T14:36:58.9398148+08:00	0x03	0.0101	-0.0466	0.2655	0.9629	30.72	355.16	2.53
2026-05-08T14:36:59.0734539+08:00	0x07	-0.5827	-0.3230	0.6604	-0.3464	188.37	281.62	56.13
2026-05-08T14:36:59.1564964+08:00	0x04	-0.0145	-0.0191	-0.2015	0.9792	336.78	358.19	357.93
2026-05-08T14:36:59.3362272+08:00	0x01	-0.0184	-0.0646	-0.2284	0.9713	333.76	353.26	356.26
2026-05-08T14:36:59.3833907+08:00	0x06	0.8307	-0.1063	-0.5418	-0.0717	185.83	245.53	346.45
2026-05-08T14:36:59.4714726+08:00	0x03	0.0101	-0.0466	0.2655	0.9629	30.72	355.16	2.53
2026-05-08T14:36:59.6322997+08:00	0x09	0.0523	-0.0675	-0.6404	0.7633	280.04	350.21	359.62
2026-05-08T14:36:59.7525558+08:00	0x04	-0.0145	-0.0191	-0.2015	0.9792	336.78	358.19	357.93
2026-05-08T14:36:59.9277889+08:00	0x01	-0.0184	-0.0646	-0.2284	0.9713	333.76	353.26	356.25
2026-05-08T14:36:59.9669275+08:00	0x02	0.0168	-0.0045	-0.9730	0.2304	206.64	358.01	359.95
2026-05-08T14:37:00.0798676+08:00	0x07	-0.7339	-0.5073	0.3977	-0.2142	124.43	211.76	45.88
2026-05-08T14:37:00.1645193+08:00	0x09	0.0523	-0.0675	-0.6404	0.7633	280.04	350.21	359.62
2026-05-08T14:37:00.3086240+08:00	0x04	-0.0145	-0.0191	-0.2015	0.9792	336.78	358.19	357.93
2026-05-08T14:37:00.4419845+08:00	0x01	-0.0184	-0.0646	-0.2284	0.9713	333.76	353.26	356.26
2026-05-08T14:37:00.4922026+08:00	0x06	0.8519	-0.1004	-0.5076	-0.0816	185.21	240.94	346.06
2026-05-08T14:37:00.5494551+08:00	0x03	0.0101	-0.0466	0.2655	0.9629	30.72	355.16	2.53
2026-05-08T14:37:00.6491763+08:00	0x05	0.0103	0.0093	0.4351	0.9003	51.59	1.47	0.60
2026-05-08T14:37:00.7575606+08:00	0x09	0.0523	-0.0675	-0.6404	0.7633	280.04	350.21	359.62
2026-05-08T14:37:01.0017879+08:00	0x01	-0.0184	-0.0646	-0.2284	0.9713	333.76	353.26	356.26
2026-05-08T14:37:01.0356217+08:00	0x07	-0.7994	-0.4115	0.4073	-0.1604	139.16	220.09	36.28
2026-05-08T14:37:01.1340107+08:00	0x03	0.0101	-0.0466	0.2655	0.9629	30.72	355.16	2.53
2026-05-08T14:37:01.3026560+08:00	0x09	0.0523	-0.0675	-0.6404	0.7633	280.04	350.20	359.62
2026-05-08T14:37:01.4316198+08:00	0x04	-0.0144	-0.0191	-0.2015	0.9792	336.78	358.18	357.94
2026-05-08T14:37:01.5538781+08:00	0x08	-0.0043	-0.0156	0.0535	0.9984	6.14	358.19	359.61
2026-05-08T14:37:01.5851132+08:00	0x02	0.0167	-0.0044	-0.9730	0.2304	206.64	358.02	359.95
2026-05-08T14:37:01.6040620+08:00	0x01	-0.0184	-0.0646	-0.2284	0.9713	333.76	353.26	356.26
2026-05-08T14:37:01.6748419+08:00	0x03	0.0101	-0.0466	0.2655	0.9629	30.72	355.16	2.53
2026-05-08T14:37:01.7313202+08:00	0x07	-0.8343	-0.3748	0.3793	-0.1399	142.63	218.12	31.18
2026-05-08T14:37:01.8353396+08:00	0x09	0.0523	-0.0675	-0.6404	0.7633	280.04	350.20	359.62
2026-05-08T14:37:02.0904482+08:00	0x01	-0.0185	-0.0647	-0.2284	0.9712	333.76	353.26	356.25
2026-05-08T14:37:02.1354319+08:00	0x07	-0.7568	-0.2254	0.6052	-0.1007	165.98	254.16	25.16
2026-05-08T14:37:02.2112782+08:00	0x03	0.0101	-0.0466	0.2655	0.9629	30.72	355.16	2.53
2026-05-08T14:37:02.3883528+08:00	0x04	-0.0145	-0.0191	-0.2015	0.9792	336.78	358.19	357.93
2026-05-08T14:37:02.6569034+08:00	0x07	-0.6720	-0.1589	0.7142	-0.1144	176.88	272.87	22.38
2026-05-08T14:37:02.7020793+08:00	0x01	-0.0185	-0.0647	-0.2284	0.9712	333.76	353.26	356.25
2026-05-08T14:37:02.7532449+08:00	0x08	-0.0043	-0.0156	0.0535	0.9984	6.14	358.19	359.61
2026-05-08T14:37:02.9073202+08:00	0x04	-0.0145	-0.0192	-0.2015	0.9792	336.78	358.18	357.93
2026-05-08T14:37:02.9555980+08:00	0x09	0.0523	-0.0675	-0.6404	0.7633	280.04	350.21	359.62
2026-05-08T14:37:03.1928097+08:00	0x07	-0.6883	-0.0596	0.7230	0.0015	175.15	272.61	4.82
2026-05-08T14:37:03.2127556+08:00	0x01	-0.0184	-0.0646	-0.2284	0.9713	333.76	353.26	356.26
2026-05-08T14:37:03.2901306+08:00	0x03	0.0101	-0.0465	0.2655	0.9629	30.72	355.16	2.53
2026-05-08T14:37:03.4997453+08:00	0x04	-0.0145	-0.0192	-0.2015	0.9792	336.78	358.18	357.93
2026-05-08T14:37:03.7353869+08:00	0x06	0.6504	-0.1441	-0.7113	-0.2242	171.28	277.44	330.23
2026-05-08T14:37:03.7630069+08:00	0x02	0.0168	-0.0045	-0.9730	0.2304	206.64	358.01	359.95
2026-05-08T14:37:03.8019070+08:00	0x07	-0.6789	0.0300	0.7279	0.0919	174.58	274.45	350.30
2026-05-08T14:37:03.8407778+08:00	0x08	-0.0042	-0.0156	0.0535	0.9984	6.14	358.19	359.61
2026-05-08T14:37:04.0512623+08:00	0x04	-0.0145	-0.0192	-0.2015	0.9792	336.78	358.18	357.93
2026-05-08T14:37:04.2308288+08:00	0x01	-0.0184	-0.0646	-0.2284	0.9713	333.76	353.26	356.26
2026-05-08T14:37:04.3026412+08:00	0x06	0.6145	-0.2670	-0.7419	-0.0270	198.60	276.50	334.57
2026-05-08T14:37:04.4173214+08:00	0x08	-0.0043	-0.0156	0.0535	0.9984	6.14	358.19	359.61
2026-05-08T14:37:04.4430580+08:00	0x03	0.0101	-0.0466	0.2655	0.9629	30.72	355.16	2.53
2026-05-08T14:37:04.5644946+08:00	0x09	0.0523	-0.0675	-0.6404	0.7633	280.04	350.21	359.62
2026-05-08T14:37:04.5969614+08:00	0x04	-0.0145	-0.0192	-0.2015	0.9792	336.78	358.18	357.93
2026-05-08T14:37:04.7659302+08:00	0x01	-0.0184	-0.0646	-0.2284	0.9713	333.76	353.27	356.26
2026-05-08T14:37:04.8385162+08:00	0x06	0.5368	-0.3215	-0.7782	0.0541	208.59	284.00	333.75
2026-05-08T14:37:04.9682802+08:00	0x03	0.0101	-0.0466	0.2655	0.9629	30.72	355.16	2.54
2026-05-08T14:37:05.1065213+08:00	0x09	0.0523	-0.0675	-0.6404	0.7633	280.04	350.21	359.62
2026-05-08T14:37:05.3173929+08:00	0x01	-0.0184	-0.0646	-0.2284	0.9713	333.76	353.27	356.26
2026-05-08T14:37:05.3448167+08:00	0x07	-0.6750	0.0731	0.7224	0.1315	174.54	274.68	343.56
2026-05-08T14:37:05.3953751+08:00	0x06	0.5393	-0.3199	-0.7773	0.0516	208.30	283.78	333.79
2026-05-08T14:37:05.4496566+08:00	0x02	0.0167	-0.0045	-0.9730	0.2304	206.64	358.02	359.94
2026-05-08T14:37:05.5260927+08:00	0x08	-0.0043	-0.0156	0.0535	0.9984	6.14	358.19	359.61
2026-05-08T14:37:05.5579713+08:00	0x03	0.0101	-0.0466	0.2655	0.9629	30.72	355.16	2.53
2026-05-08T14:37:05.6277454+08:00	0x09	0.0523	-0.0675	-0.6404	0.7633	280.04	350.21	359.62
2026-05-08T14:37:05.8673869+08:00	0x07	-0.3273	0.4976	0.8011	0.0589	204.93	301.95	303.30
2026-05-08T14:37:06.0114279+08:00	0x02	0.0167	-0.0045	-0.9730	0.2304	206.64	358.02	359.94
2026-05-08T14:37:06.1550769+08:00	0x03	0.0101	-0.0465	0.2655	0.9629	30.72	355.16	2.53
2026-05-08T14:37:06.1743177+08:00	0x09	0.0523	-0.0675	-0.6404	0.7633	280.04	350.21	359.62
2026-05-08T14:37:06.2365645+08:00	0x04	-0.0145	-0.0192	-0.2015	0.9792	336.78	358.18	357.93
2026-05-08T14:37:06.4183704+08:00	0x01	-0.0184	-0.0646	-0.2283	0.9713	333.76	353.26	356.26
2026-05-08T14:37:06.5129945+08:00	0x02	0.0168	-0.0045	-0.9730	0.2304	206.64	358.01	359.94
2026-05-08T14:37:06.6064446+08:00	0x08	-0.0043	-0.0156	0.0535	0.9984	6.14	358.19	359.61
2026-05-08T14:37:06.6769623+08:00	0x03	0.0101	-0.0465	0.2655	0.9629	30.72	355.16	2.53
2026-05-08T14:37:06.8078131+08:00	0x04	-0.0145	-0.0192	-0.2015	0.9792	336.78	358.18	357.93
2026-05-08T14:37:06.9778605+08:00	0x02	0.0168	-0.0045	-0.9730	0.2304	206.64	358.01	359.94
2026-05-08T14:37:07.0325518+08:00	0x01	-0.0184	-0.0646	-0.2284	0.9713	333.76	353.26	356.26
2026-05-08T14:37:07.1256016+08:00	0x06	0.5391	-0.3755	-0.7454	0.1126	219.58	278.75	334.00
2026-05-08T14:37:07.2427956+08:00	0x09	0.0523	-0.0675	-0.6404	0.7633	280.04	350.20	359.62
2026-05-08T14:37:07.3296375+08:00	0x04	-0.0145	-0.0192	-0.2015	0.9792	336.78	358.18	357.93
2026-05-08T14:37:07.5068225+08:00	0x01	-0.0184	-0.0646	-0.2284	0.9713	333.76	353.27	356.26
2026-05-08T14:37:07.5821819+08:00	0x06	0.5698	-0.2740	-0.7729	0.0538	205.10	282.42	338.76
2026-05-08T14:37:07.6930768+08:00	0x08	-0.0043	-0.0156	0.0535	0.9984	6.14	358.19	359.60
2026-05-08T14:37:07.8238245+08:00	0x03	0.0101	-0.0465	0.2655	0.9629	30.72	355.16	2.53
2026-05-08T14:37:07.9017259+08:00	0x04	-0.0145	-0.0192	-0.2015	0.9792	336.78	358.18	357.93
2026-05-08T14:37:07.9817317+08:00	0x09	0.0523	-0.0675	-0.6404	0.7633	280.04	350.20	359.62
2026-05-08T14:37:08.1284809+08:00	0x07	-0.3014	0.5693	0.7451	0.1731	196.28	304.02	287.70
2026-05-08T14:37:08.1592669+08:00	0x06	0.6821	-0.1448	-0.7031	-0.1392	180.11	271.71	336.83
2026-05-08T14:37:08.3534655+08:00	0x03	0.0101	-0.0466	0.2655	0.9629	30.72	355.16	2.53
2026-05-08T14:37:08.4266313+08:00	0x09	0.0523	-0.0675	-0.6404	0.7633	280.04	350.20	359.62
2026-05-08T14:37:08.4460036+08:00	0x04	-0.0145	-0.0192	-0.2015	0.9792	336.78	358.18	357.93
2026-05-08T14:37:08.6049168+08:00	0x01	-0.0183	-0.0645	-0.2283	0.9713	333.76	353.27	356.27
2026-05-08T14:37:08.6432529+08:00	0x07	-0.5136	0.4539	0.5983	0.4150	172.89	284.25	284.21
2026-05-08T14:37:08.7385003+08:00	0x08	-0.0043	-0.0156	0.0535	0.9984	6.14	358.19	359.60
2026-05-08T14:37:08.8793040+08:00	0x06	0.6828	-0.0684	-0.7198	-0.1048	176.60	273.44	346.02
2026-05-08T14:37:08.9446775+08:00	0x03	0.0101	-0.0465	0.2655	0.9629	30.72	355.16	2.53
2026-05-08T14:37:09.0194507+08:00	0x09	0.0523	-0.0675	-0.6404	0.7633	280.04	350.21	359.62
2026-05-08T14:37:09.1626518+08:00	0x07	-0.5435	0.4112	0.5770	0.4500	164.25	285.44	285.47
2026-05-08T14:37:09.2123990+08:00	0x02	0.0167	-0.0045	-0.9730	0.2304	206.64	358.02	359.94
2026-05-08T14:37:09.2645731+08:00	0x06	0.7070	-0.0169	-0.7029	-0.0766	175.15	269.99	352.41
2026-05-08T14:37:09.5167716+08:00	0x04	-0.0145	-0.0192	-0.2015	0.9792	336.78	358.18	357.93
2026-05-08T14:37:09.5450771+08:00	0x09	0.0523	-0.0675	-0.6404	0.7633	280.04	350.20	359.62
2026-05-08T14:37:09.6456594+08:00	0x01	-0.0184	-0.0645	-0.2283	0.9713	333.76	353.27	356.26
2026-05-08T14:37:09.7016602+08:00	0x07	-0.4654	0.4609	0.5158	0.5523	76.11	11.53	278.34
2026-05-08T14:37:09.7432317+08:00	0x05	0.0103	0.0093	0.4351	0.9003	51.59	1.47	0.59
2026-05-08T14:37:09.8273565+08:00	0x08	-0.0043	-0.0156	0.0535	0.9984	6.14	358.19	359.61
2026-05-08T14:37:10.0164614+08:00	0x03	0.0101	-0.0466	0.2655	0.9629	30.72	355.16	2.53
2026-05-08T14:37:10.0743746+08:00	0x09	0.0523	-0.0675	-0.6404	0.7633	280.04	350.20	359.62
2026-05-08T14:37:10.0893343+08:00	0x04	-0.0145	-0.0192	-0.2015	0.9792	336.78	358.18	357.93
2026-05-08T14:37:10.1730789+08:00	0x01	-0.0184	-0.0646	-0.2283	0.9713	333.76	353.26	356.26
2026-05-08T14:37:10.2514328+08:00	0x07	-0.3246	0.5926	0.3117	0.6680	3.05	81.62	306.57
2026-05-08T14:37:10.3829506+08:00	0x02	0.0167	-0.0044	-0.9730	0.2304	206.64	358.02	359.95
2026-05-08T14:37:10.4628365+08:00	0x08	-0.0043	-0.0156	0.0535	0.9984	6.14	358.19	359.61
2026-05-08T14:37:10.6095308+08:00	0x09	0.0523	-0.0675	-0.6404	0.7633	280.04	350.20	359.62
2026-05-08T14:37:10.7051894+08:00	0x03	0.0101	-0.0466	0.2655	0.9629	30.72	355.16	2.53
2026-05-08T14:37:10.7684791+08:00	0x07	-0.2017	0.6440	0.1743	0.7171	359.35	84.03	329.08
2026-05-08T14:37:10.8340263+08:00	0x02	0.0168	-0.0045	-0.9730	0.2304	206.64	358.01	359.95
2026-05-08T14:37:10.9604093+08:00	0x06	0.7104	0.0101	-0.7010	-0.0620	174.17	269.45	355.77
2026-05-08T14:37:11.0996669+08:00	0x03	0.0101	-0.0465	0.2655	0.9629	30.72	355.16	2.53
2026-05-08T14:37:11.1762126+08:00	0x04	-0.0145	-0.0192	-0.2015	0.9792	336.78	358.18	357.93
2026-05-08T14:37:11.2582877+08:00	0x01	-0.0184	-0.0646	-0.2284	0.9713	333.76	353.26	356.26
2026-05-08T14:37:11.4273370+08:00	0x02	0.0168	-0.0045	-0.9730	0.2304	206.64	358.01	359.95
2026-05-08T14:37:11.4472837+08:00	0x06	0.7105	0.0292	-0.7018	-0.0411	174.30	269.34	359.00
2026-05-08T14:37:11.4978672+08:00	0x08	-0.0043	-0.0156	0.0535	0.9984	6.14	358.19	359.61
2026-05-08T14:37:11.6380407+08:00	0x03	0.0101	-0.0465	0.2655	0.9629	30.72	355.16	2.53
2026-05-08T14:37:11.7445935+08:00	0x09	0.0523	-0.0675	-0.6404	0.7633	280.04	350.20	359.62
2026-05-08T14:37:11.7800743+08:00	0x04	-0.0144	-0.0192	-0.2015	0.9792	336.78	358.18	357.94
2026-05-08T14:37:11.8442990+08:00	0x07	-0.0975	0.6690	0.0601	0.7344	357.51	84.95	347.08
2026-05-08T14:37:12.0103695+08:00	0x06	0.7095	0.0353	-0.7029	-0.0369	174.15	269.47	359.84
2026-05-08T14:37:12.0631134+08:00	0x02	0.0167	-0.0045	-0.9730	0.2304	206.64	358.02	359.94
2026-05-08T14:37:12.2426635+08:00	0x09	0.0523	-0.0676	-0.6404	0.7633	280.04	350.20	359.62
2026-05-08T14:37:12.3100443+08:00	0x01	-0.0184	-0.0646	-0.2284	0.9713	333.76	353.26	356.26
2026-05-08T14:37:12.4036687+08:00	0x07	0.0378	0.6803	-0.0834	0.7272	355.94	85.84	9.70
2026-05-08T14:37:12.5299185+08:00	0x06	0.7083	0.0379	-0.7040	-0.0359	174.01	269.65	0.14
2026-05-08T14:37:12.5952263+08:00	0x08	-0.0043	-0.0156	0.0535	0.9984	6.14	358.19	359.61
2026-05-08T14:37:12.7308585+08:00	0x03	0.0101	-0.0465	0.2655	0.9629	30.72	355.16	2.53
2026-05-08T14:37:12.7646204+08:00	0x09	0.0523	-0.0675	-0.6404	0.7633	280.04	350.21	359.62
2026-05-08T14:37:12.9464071+08:00	0x07	0.0892	0.6741	-0.1403	0.7197	355.06	85.45	18.51
2026-05-08T14:37:13.1152530+08:00	0x06	0.7071	0.0393	-0.7052	-0.0345	174.02	269.82	0.38
2026-05-08T14:37:13.1425927+08:00	0x08	-0.0043	-0.0156	0.0535	0.9984	6.14	358.19	359.61
2026-05-08T14:37:13.2623161+08:00	0x03	0.0101	-0.0465	0.2655	0.9629	30.72	355.16	2.53
2026-05-08T14:37:13.3071963+08:00	0x09	0.0523	-0.0675	-0.6404	0.7633	280.04	350.21	359.62
2026-05-08T14:37:13.3905456+08:00	0x01	-0.0184	-0.0646	-0.2284	0.9713	333.76	353.26	356.26
2026-05-08T14:37:13.4592856+08:00	0x07	0.1221	0.6682	-0.1763	0.7124	354.47	85.14	24.18
2026-05-08T14:37:13.6085212+08:00	0x02	0.0167	-0.0045	-0.9730	0.2304	206.64	358.02	359.94
2026-05-08T14:37:13.6770436+08:00	0x08	-0.0042	-0.0156	0.0535	0.9984	6.14	358.19	359.61
2026-05-08T14:37:13.8570271+08:00	0x03	0.0101	-0.0465	0.2655	0.9629	30.72	355.16	2.53
2026-05-08T14:37:13.9405246+08:00	0x04	-0.0145	-0.0191	-0.2015	0.9792	336.78	358.19	357.93
2026-05-08T14:37:13.9932905+08:00	0x07	0.1487	0.6623	-0.2046	0.7053	354.01	84.87	28.74
