timestamp	device	q0	q1	q2	q3	yaw	pitch	roll
2026-05-28T20:03:28.7294411+08:00	0x01	-0.5228	0.2391	0.4189	0.7029	73.18	343.29	290.73
2026-05-28T20:03:28.7493923+08:00	0x02	-0.1781	0.0123	-0.1703	0.9691	339.16	5.16	340.06
2026-05-28T20:03:28.8376981+08:00	0x02	0.3652	0.3725	-0.8145	0.2539	193.41	318.31	52.39
2026-05-28T20:03:28.8376981+08:00	0x04	0.2821	0.0475	-0.1851	0.9402	337.41	358.96	33.23
2026-05-28T20:03:28.8496660+08:00	0x01	-0.0135	0.6642	-0.4497	0.5971	317.01	81.70	35.53
2026-05-28T20:03:28.8628233+08:00	0x03	0.4997	0.0382	-0.4392	0.7456	280.54	322.49	51.15
2026-05-28T20:03:28.8960892+08:00	0x01	0.0085	0.6651	-0.4722	0.5784	315.99	81.40	39.64
2026-05-28T20:03:28.9130427+08:00	0x03	0.4997	0.0382	-0.4392	0.7456	280.54	322.49	51.15
2026-05-28T20:03:28.9797640+08:00	0x03	0.5010	0.0391	-0.4371	0.7459	280.70	322.50	51.41
2026-05-28T20:03:28.9977141+08:00	0x02	0.3800	0.3761	-0.8169	0.2164	186.20	313.07	51.16
2026-05-28T20:03:29.0166988+08:00	0x01	0.0074	0.6630	-0.4730	0.5802	315.71	81.01	39.48
2026-05-28T20:03:29.0316267+08:00	0x03	0.5010	0.0391	-0.4371	0.7459	280.70	322.50	51.41
2026-05-28T20:03:29.0631297+08:00	0x04	0.4290	-0.0318	-0.2064	0.8788	324.49	339.70	47.81
2026-05-28T20:03:29.0641248+08:00	0x03	0.5126	0.0195	-0.4772	0.7135	271.65	315.76	48.60
2026-05-28T20:03:29.1008610+08:00	0x02	0.3777	0.3786	-0.8153	0.2221	187.06	313.72	51.73
2026-05-28T20:03:29.1228014+08:00	0x01	0.0058	0.6608	-0.4772	0.5794	314.97	80.54	39.60
2026-05-28T20:03:29.1337030+08:00	0x03	0.5079	0.0343	-0.4456	0.7364	277.96	320.14	51.13
2026-05-28T20:03:29.1636230+08:00	0x04	0.4991	-0.1117	-0.2203	0.8306	310.29	319.63	51.26
2026-05-28T20:03:29.1797399+08:00	0x03	0.5007	0.0363	-0.4424	0.7432	279.80	321.89	50.92
2026-05-28T20:03:29.2233354+08:00	0x02	0.3737	0.3858	-0.8125	0.2265	187.57	314.36	52.78
2026-05-28T20:03:29.2233354+08:00	0x03	0.5146	-0.0089	-0.5966	0.6158	252.01	306.95	38.55
2026-05-28T20:03:29.2637294+08:00	0x03	0.5145	-0.0075	-0.5923	0.6200	252.70	307.24	38.98
2026-05-28T20:03:29.2804679+08:00	0x04	0.4971	-0.1093	-0.2199	0.8322	310.75	320.26	51.20
2026-05-28T20:03:29.3137997+08:00	0x01	0.0017	0.6605	-0.4768	0.5800	314.71	80.54	39.18
2026-05-28T20:03:29.3137997+08:00	0x02	0.3602	0.3980	-0.8105	0.2343	189.21	316.83	54.49
2026-05-28T20:03:29.3137997+08:00	0x03	0.5300	-0.0444	-0.7431	0.4061	224.32	297.80	21.37
2026-05-28T20:03:29.3513358+08:00	0x04	0.2858	0.0448	-0.1926	0.9377	336.24	358.20	33.58
2026-05-28T20:03:29.3643000+08:00	0x04	0.2937	0.0365	-0.1981	0.9344	335.03	356.66	34.28
2026-05-28T20:03:29.3802146+08:00	0x03	0.5299	-0.0455	-0.7469	0.3991	223.58	297.68	20.80
2026-05-28T20:03:29.4138352+08:00	0x01	-0.0289	0.6652	-0.4498	0.5952	315.97	82.12	34.34
2026-05-28T20:03:29.4307890+08:00	0x03	0.5236	-0.0660	-0.8411	0.1184	195.56	296.29	0.74
2026-05-28T20:03:29.4827594+08:00	0x04	0.4397	-0.3478	-0.5324	0.6342	272.71	292.21	10.80
2026-05-28T20:03:29.4827594+08:00	0x03	0.4160	-0.1581	-0.8669	-0.2246	163.10	312.88	332.55
2026-05-28T20:03:29.5056975+08:00	0x03	0.5146	-0.0089	-0.5966	0.6158	252.01	306.95	38.55
2026-05-28T20:03:29.5164156+08:00	0x01	-0.0275	0.6741	-0.4194	0.6074	319.79	83.92	32.14
2026-05-28T20:03:29.5308114+08:00	0x02	0.3427	0.4290	-0.8002	0.2414	190.16	319.33	58.42
2026-05-28T20:03:29.5308114+08:00	0x03	0.5183	-0.0143	-0.6142	0.5949	248.63	305.28	36.81
2026-05-28T20:03:29.5808221+08:00	0x04	0.1606	-0.3734	-0.7745	0.4846	253.89	317.63	334.99
2026-05-28T20:03:29.5967778+08:00	0x03	0.2018	-0.3003	-0.8296	-0.4253	128.08	353.86	317.94
2026-05-28T20:03:29.6129027+08:00	0x02	0.3826	0.3986	-0.8041	0.2196	184.69	311.50	54.00
2026-05-28T20:03:29.6304908+08:00	0x01	0.0018	0.6634	-0.4411	0.6044	319.02	81.49	35.97
2026-05-28T20:03:29.6471332+08:00	0x03	0.1837	-0.3038	-0.8164	-0.4556	122.34	358.23	318.44
2026-05-28T20:03:29.6801077+08:00	0x02	0.4061	0.3654	-0.8092	0.2162	184.75	308.92	50.08
2026-05-28T20:03:29.6972449+08:00	0x04	0.0521	-0.3147	-0.9090	0.2684	218.37	341.68	327.04
2026-05-28T20:03:29.6972449+08:00	0x03	0.1254	-0.3092	-0.7967	-0.5039	112.53	8.19	321.75
2026-05-28T20:03:29.7168983+08:00	0x01	0.0083	0.6613	-0.4539	0.5971	317.90	80.90	37.61
2026-05-28T20:03:29.7479600+08:00	0x03	0.1235	-0.3094	-0.7960	-0.5054	112.24	8.48	321.87
2026-05-28T20:03:29.7798798+08:00	0x02	0.4063	0.3505	-0.8155	0.2169	185.97	309.72	48.41
2026-05-28T20:03:29.7798798+08:00	0x04	0.1545	-0.3304	-0.9273	-0.0843	175.96	342.54	320.30
2026-05-28T20:03:29.7968349+08:00	0x01	-0.0015	0.6533	-0.4451	0.6125	317.82	79.64	35.43
2026-05-28T20:03:29.7968349+08:00	0x03	0.1432	-0.3451	-0.7834	-0.4967	111.56	9.34	316.92
2026-05-28T20:03:29.8636497+08:00	0x03	0.2824	-0.3235	-0.7473	-0.5071	115.66	351.53	309.66
2026-05-28T20:03:29.8977178+08:00	0x02	0.4069	0.3339	-0.8213	0.2201	187.52	310.53	46.68
2026-05-28T20:03:29.9170789+08:00	0x04	0.2595	-0.2411	-0.8704	-0.3420	144.11	339.05	323.32
2026-05-28T20:03:29.9170789+08:00	0x03	0.2824	-0.3235	-0.7473	-0.5071	115.66	351.53	309.66
2026-05-28T20:03:29.9365217+08:00	0x04	0.3403	-0.2213	-0.8110	-0.4213	135.76	331.41	319.79
2026-05-28T20:03:29.9629917+08:00	0x03	0.3508	-0.3347	-0.7142	-0.5049	118.69	342.90	303.67
2026-05-28T20:03:29.9797761+08:00	0x01	-0.0076	0.6310	-0.4533	0.6296	315.42	75.75	34.23
2026-05-28T20:03:29.9797761+08:00	0x02	0.4003	0.3277	-0.8262	0.2233	188.84	312.06	46.08
2026-05-28T20:03:30.0133601+08:00	0x03	0.3953	-0.3373	-0.7010	-0.4883	125.25	333.95	300.79
2026-05-28T20:03:30.0468484+08:00	0x04	0.3608	-0.2685	-0.7684	-0.4554	131.07	332.51	312.17
2026-05-28T20:03:30.0802850+08:00	0x03	0.3953	-0.3373	-0.7010	-0.4883	125.25	333.95	300.79
2026-05-28T20:03:30.0802850+08:00	0x02	0.3956	0.3251	-0.8286	0.2262	189.73	313.08	45.86
2026-05-28T20:03:30.0972389+08:00	0x01	-0.0056	0.6226	-0.4598	0.6332	314.41	74.20	34.43
2026-05-28T20:03:30.1331449+08:00	0x03	0.4101	-0.3353	-0.7004	-0.4783	128.81	329.95	300.45
2026-05-28T20:03:30.1477827+08:00	0x04	0.3705	-0.2803	-0.7518	-0.4680	129.23	332.59	309.81
2026-05-28T20:03:30.1796967+08:00	0x03	0.4101	-0.3353	-0.7004	-0.4783	128.81	329.95	300.45
2026-05-28T20:03:30.1972190+08:00	0x02	0.3968	0.3237	-0.8272	0.2313	190.43	313.18	45.97
2026-05-28T20:03:30.1972190+08:00	0x01	-0.0107	0.6224	-0.4533	0.6380	314.85	74.36	33.41
2026-05-28T20:03:30.2302821+08:00	0x03	0.4107	-0.3368	-0.6976	-0.4809	128.23	330.25	300.13
2026-05-28T20:03:30.2468899+08:00	0x04	0.3638	-0.2902	-0.7321	-0.4975	123.05	336.72	308.11
2026-05-28T20:03:30.2979802+08:00	0x03	0.4107	-0.3368	-0.6976	-0.4809	128.23	330.25	300.13
2026-05-28T20:03:30.2979802+08:00	0x01	-0.0138	0.6252	-0.4503	0.6373	315.15	74.94	33.06
2026-05-28T20:03:30.3139391+08:00	0x02	0.3986	0.3253	-0.8233	0.2396	191.35	313.23	46.61
2026-05-28T20:03:30.3487564+08:00	0x03	0.4053	-0.3421	-0.6895	-0.4932	124.76	333.14	299.36
2026-05-28T20:03:30.3657091+08:00	0x04	0.3451	-0.3020	-0.7065	-0.5390	113.15	344.37	306.99
2026-05-28T20:03:30.3964588+08:00	0x03	0.4053	-0.3421	-0.6895	-0.4932	124.76	333.14	299.36
2026-05-28T20:03:30.3964588+08:00	0x01	-0.0116	0.6245	-0.4512	0.6374	315.14	74.76	33.28
2026-05-28T20:03:30.4134192+08:00	0x02	0.3977	0.3291	-0.8222	0.2399	191.24	313.28	47.06
2026-05-28T20:03:30.4500355+08:00	0x03	0.4063	-0.3533	-0.6740	-0.5057	121.18	335.63	297.47
2026-05-28T20:03:30.4692030+08:00	0x04	0.3288	-0.3166	-0.6701	-0.5854	101.21	353.16	305.98
2026-05-28T20:03:30.4975427+08:00	0x02	0.4020	0.3271	-0.8208	0.2399	191.04	312.61	46.88
2026-05-28T20:03:30.4975427+08:00	0x01	-0.0073	0.6260	-0.4482	0.6381	315.83	74.99	33.50
2026-05-28T20:03:30.5136893+08:00	0x03	0.4063	-0.3533	-0.6740	-0.5057	121.18	335.63	297.47
2026-05-28T20:03:30.5642676+08:00	0x03	0.4074	-0.3743	-0.6528	-0.5175	116.44	339.56	294.45
2026-05-28T20:03:30.5642676+08:00	0x04	0.2921	-0.3844	-0.5779	-0.6580	73.23	17.50	304.04
2026-05-28T20:03:30.6009717+08:00	0x02	0.4062	0.3290	-0.8160	0.2468	191.57	312.18	47.51
2026-05-28T20:03:30.6156481+08:00	0x01	0.0042	0.6261	-0.4549	0.6333	315.75	74.69	35.09
2026-05-28T20:03:30.6156481+08:00	0x03	0.3960	-0.4091	-0.6174	-0.5428	102.37	352.74	290.77
2026-05-28T20:03:30.6645456+08:00	0x01	0.0462	0.6063	-0.4754	0.6358	314.75	70.28	39.43
2026-05-28T20:03:30.6800532+08:00	0x02	0.4235	0.3163	-0.8126	0.2455	190.91	309.61	46.22
2026-05-28T20:03:30.6800532+08:00	0x04	0.2522	-0.4343	-0.5131	-0.6960	55.04	34.91	307.17
2026-05-28T20:03:30.6980033+08:00	0x03	0.3960	-0.4091	-0.6174	-0.5428	102.37	352.74	290.77
2026-05-28T20:03:30.7139633+08:00	0x03	0.3705	-0.4459	-0.5690	-0.5832	76.84	16.72	290.01
2026-05-28T20:03:30.7646303+08:00	0x02	0.4352	0.3208	-0.8036	0.2488	190.20	307.58	47.07
2026-05-28T20:03:30.7646303+08:00	0x01	0.0717	0.6004	-0.4775	0.6375	315.59	68.91	41.66
2026-05-28T20:03:30.7825839+08:00	0x03	0.3705	-0.4459	-0.5690	-0.5832	76.84	16.72	290.01
2026-05-28T20:03:30.8336842+08:00	0x03	0.3446	-0.4779	-0.5244	-0.6147	56.02	36.49	292.34
2026-05-28T20:03:30.8646201+08:00	0x04	0.2535	-0.4329	-0.5151	-0.6950	55.54	34.43	307.03
2026-05-28T20:03:30.8801019+08:00	0x02	0.4410	0.3322	-0.7925	0.2589	190.31	306.52	49.02
2026-05-28T20:03:30.8801019+08:00	0x03	0.3446	-0.4779	-0.5244	-0.6147	56.02	36.49	292.34
2026-05-28T20:03:30.9146594+08:00	0x04	0.1946	-0.4789	-0.3930	-0.7605	33.76	51.02	317.75
2026-05-28T20:03:30.9311856+08:00	0x03	0.3218	-0.4956	-0.4893	-0.6414	44.51	46.77	296.13
2026-05-28T20:03:30.9636515+08:00	0x04	0.2255	-0.4610	-0.4478	-0.7322	42.01	44.99	312.01
2026-05-28T20:03:30.9801153+08:00	0x01	0.0882	0.6112	-0.4875	0.6172	315.86	70.46	44.82
2026-05-28T20:03:30.9801153+08:00	0x02	0.4263	0.3614	-0.7815	0.2773	192.08	308.85	53.26
2026-05-28T20:03:30.9980667+08:00	0x03	0.3218	-0.4956	-0.4893	-0.6414	44.51	46.77	296.13
2026-05-28T20:03:31.0140245+08:00	0x04	0.1498	-0.4800	-0.3258	-0.8007	26.96	53.62	326.46
2026-05-28T20:03:31.0497249+08:00	0x03	0.3064	-0.5004	-0.4736	-0.6568	40.94	49.70	298.78
2026-05-28T20:03:31.0800968+08:00	0x02	0.4133	0.3703	-0.7841	0.2779	192.79	310.96	54.14
2026-05-28T20:03:31.0800968+08:00	0x01	0.0839	0.6092	-0.4951	0.6138	314.44	69.87	44.92
2026-05-28T20:03:31.0980462+08:00	0x03	0.3064	-0.5004	-0.4736	-0.6568	40.94	49.70	298.78
2026-05-28T20:03:31.1307310+08:00	0x04	0.1401	-0.4749	-0.3156	-0.8094	26.39	53.17	328.22
2026-05-28T20:03:31.1509643+08:00	0x03	0.2958	-0.4966	-0.4698	-0.6672	40.97	49.23	300.53
2026-05-28T20:03:31.1805637+08:00	0x02	0.4034	0.3705	-0.7908	0.2730	192.99	312.54	53.73
2026-05-28T20:03:31.1975176+08:00	0x01	0.0768	0.6067	-0.4979	0.6149	313.49	69.38	44.31
2026-05-28T20:03:31.1975176+08:00	0x03	0.2952	-0.4875	-0.4729	-0.6720	42.58	47.02	300.93
2026-05-28T20:03:31.2306930+08:00	0x04	0.1401	-0.4722	-0.3082	-0.8139	25.61	52.96	328.73
2026-05-28T20:03:31.2668361+08:00	0x03	0.2952	-0.4875	-0.4729	-0.6720	42.58	47.02	300.93
2026-05-28T20:03:31.2852657+08:00	0x01	0.0743	0.6025	-0.5011	0.6168	312.64	68.53	44.06
2026-05-28T20:03:31.2852657+08:00	0x02	0.3986	0.3677	-0.7943	0.2737	193.74	313.63	53.36
2026-05-28T20:03:31.3141515+08:00	0x03	0.2981	-0.4840	-0.4732	-0.6731	42.93	46.23	300.77
2026-05-28T20:03:31.3309167+08:00	0x04	0.1353	-0.4754	-0.2956	-0.8175	24.22	53.74	329.86
2026-05-28T20:03:31.3643497+08:00	0x03	0.2981	-0.4840	-0.4732	-0.6731	42.93	46.23	300.77
2026-05-28T20:03:31.3803477+08:00	0x02	0.3982	0.3649	-0.7939	0.2793	194.81	314.18	53.31
2026-05-28T20:03:31.3979160+08:00	0x01	0.0737	0.6003	-0.5011	0.6190	312.47	68.14	43.85
2026-05-28T20:03:31.4308315+08:00	0x03	0.3007	-0.4826	-0.4702	-0.6750	42.42	46.22	300.71
2026-05-28T20:03:31.4308315+08:00	0x04	0.1313	-0.4780	-0.2801	-0.8221	22.51	54.47	331.07
2026-05-28T20:03:31.4686395+08:00	0x03	0.3007	-0.4826	-0.4702	-0.6750	42.42	46.22	300.71
2026-05-28T20:03:31.5001400+08:00	0x02	0.3974	0.3695	-0.7903	0.2847	195.47	314.55	54.12
2026-05-28T20:03:31.5001400+08:00	0x01	0.0718	0.6030	-0.4971	0.6198	313.10	68.78	43.51
2026-05-28T20:03:31.5310569+08:00	0x03	0.3025	-0.4816	-0.4668	-0.6772	41.81	46.33	300.76
2026-05-28T20:03:31.5480119+08:00	0x04	0.1281	-0.4799	-0.2664	-0.8261	21.02	55.04	332.15
2026-05-28T20:03:31.5839932+08:00	0x03	0.3025	-0.4816	-0.4668	-0.6772	41.81	46.33	300.76
2026-05-28T20:03:31.5839932+08:00	0x02	0.3983	0.3705	-0.7895	0.2843	195.25	314.30	54.24
2026-05-28T20:03:31.5974366+08:00	0x01	0.0738	0.6033	-0.4980	0.6185	313.09	68.79	43.81
2026-05-28T20:03:31.6479875+08:00	0x02	0.3964	0.3726	-0.7903	0.2817	194.88	314.39	54.33
2026-05-28T20:03:31.6689353+08:00	0x01	0.0737	0.6068	-0.4996	0.6138	313.08	69.36	44.17
2026-05-28T20:03:31.6689353+08:00	0x04	0.1296	-0.4806	-0.2590	-0.8277	20.09	55.30	332.39
2026-05-28T20:03:31.7641712+08:00	0x01	0.0737	0.6108	-0.5045	0.6057	312.65	69.95	44.88
2026-05-28T20:03:31.8476903+08:00	0x01	0.0712	0.6164	-0.5153	0.5911	311.34	70.66	46.02
2026-05-28T20:03:31.8665588+08:00	0x03	0.3436	-0.4488	-0.5032	-0.6537	53.61	33.73	295.73
2026-05-28T20:03:31.8808872+08:00	0x04	0.1791	-0.4604	-0.2990	-0.8165	23.12	51.55	325.41
2026-05-28T20:03:31.9170152+08:00	0x03	0.3696	-0.4090	-0.5289	-0.6453	66.24	19.24	294.54
2026-05-28T20:03:31.9170152+08:00	0x04	0.2306	-0.4323	-0.3218	-0.8101	25.13	46.73	319.31
2026-05-28T20:03:31.9637983+08:00	0x01	0.0616	0.6172	-0.5315	0.5769	308.51	70.38	46.64
2026-05-28T20:03:31.9807774+08:00	0x03	0.3696	-0.4090	-0.5289	-0.6453	66.24	19.24	294.54
2026-05-28T20:03:32.0147600+08:00	0x04	0.2571	-0.4152	-0.3276	-0.8088	25.84	43.90	316.54
2026-05-28T20:03:32.0147600+08:00	0x03	0.4004	-0.3621	-0.5544	-0.6334	81.07	2.04	294.67
2026-05-28T20:03:32.0309573+08:00	0x03	0.3062	-0.4796	-0.4666	-0.6771	41.89	45.91	300.43
2026-05-28T20:03:32.0649601+08:00	0x01	0.0606	0.6084	-0.5502	0.5688	305.04	68.01	47.60
2026-05-28T20:03:32.0812467+08:00	0x03	0.4004	-0.3621	-0.5544	-0.6334	81.07	2.04	294.67
2026-05-28T20:03:32.0812467+08:00	0x02	0.3883	0.3841	-0.7923	0.2720	193.39	314.78	55.08
2026-05-28T20:03:32.1147821+08:00	0x03	0.3062	-0.4796	-0.4666	-0.6771	41.89	45.91	300.43
2026-05-28T20:03:32.1147821+08:00	0x04	0.2565	-0.4195	-0.3165	-0.8112	24.05	45.10	317.03
2026-05-28T20:03:32.1317378+08:00	0x03	0.4120	-0.3489	-0.5664	-0.6226	87.43	355.57	294.72
2026-05-28T20:03:32.1476946+08:00	0x03	0.3231	-0.4695	-0.4798	-0.6670	45.52	42.07	298.16
2026-05-28T20:03:32.1646493+08:00	0x02	0.3560	0.3929	-0.8110	0.2473	192.05	318.82	54.43
2026-05-28T20:03:32.1812256+08:00	0x01	0.0564	0.6076	-0.5575	0.5629	303.65	67.66	47.81
2026-05-28T20:03:32.1812256+08:00	0x03	0.4120	-0.3489	-0.5664	-0.6226	87.43	355.57	294.72
2026-05-28T20:03:32.2142092+08:00	0x04	0.2556	-0.4258	-0.3052	-0.8125	22.17	46.61	317.53
2026-05-28T20:03:32.2307431+08:00	0x03	0.4225	-0.3436	-0.5736	-0.6119	92.10	351.03	294.32
2026-05-28T20:03:32.2677770+08:00	0x03	0.3231	-0.4695	-0.4798	-0.6670	45.52	42.07	298.16
2026-05-28T20:03:32.2677770+08:00	0x01	0.0593	0.6063	-0.5626	0.5589	302.88	67.13	48.46
2026-05-28T20:03:32.2867198+08:00	0x02	0.3558	0.3898	-0.8143	0.2417	191.35	318.57	53.78
2026-05-28T20:03:32.2867198+08:00	0x03	0.4225	-0.3436	-0.5736	-0.6119	92.10	351.03	294.32
2026-05-28T20:03:32.3307143+08:00	0x04	0.2479	-0.4308	-0.2889	-0.8182	20.05	48.00	319.11
2026-05-28T20:03:32.3307143+08:00	0x03	0.4275	-0.3393	-0.5763	-0.6082	94.15	348.81	294.33
2026-05-28T20:03:32.3486666+08:00	0x02	0.3632	0.3951	-0.8045	0.2544	192.35	317.87	55.14
2026-05-28T20:03:32.3848562+08:00	0x01	0.0592	0.6076	-0.5616	0.5586	303.12	67.41	48.46
2026-05-28T20:03:32.3848562+08:00	0x02	0.3567	0.3876	-0.8151	0.2411	191.30	318.44	53.50
2026-05-28T20:03:32.3848562+08:00	0x03	0.4275	-0.3393	-0.5763	-0.6082	94.15	348.81	294.33
2026-05-28T20:03:32.4058814+08:00	0x02	0.3736	0.3984	-0.7949	0.2644	192.74	316.47	56.19
2026-05-28T20:03:32.4309636+08:00	0x04	0.2382	-0.4347	-0.2749	-0.8239	18.48	49.00	320.85
2026-05-28T20:03:32.4805024+08:00	0x01	0.0576	0.6100	-0.5583	0.5594	303.73	68.04	48.20
2026-05-28T20:03:32.4977178+08:00	0x02	0.3573	0.3875	-0.8145	0.2426	191.49	318.45	53.57
2026-05-28T20:03:32.4977178+08:00	0x03	0.4257	-0.3368	-0.5807	-0.6067	95.06	348.19	294.81
2026-05-28T20:03:32.5392380+08:00	0x01	0.0549	0.6129	-0.5536	0.5611	304.52	68.84	47.75
2026-05-28T20:03:32.5392380+08:00	0x04	0.2250	-0.4398	-0.2593	-0.8299	16.92	50.14	323.02
2026-05-28T20:03:32.5517423+08:00	0x02	0.3575	0.3892	-0.8130	0.2445	191.66	318.47	53.86
2026-05-28T20:03:32.5517423+08:00	0x03	0.4257	-0.3368	-0.5807	-0.6067	95.06	348.19	294.81
2026-05-28T20:03:32.5974163+08:00	0x03	0.4247	-0.3387	-0.5824	-0.6048	95.36	348.28	294.75
2026-05-28T20:03:32.6370318+08:00	0x02	0.3575	0.3910	-0.8117	0.2460	191.80	318.50	54.15
2026-05-28T20:03:32.6370318+08:00	0x01	0.0530	0.6156	-0.5502	0.5617	305.12	69.52	47.47
2026-05-28T20:03:32.6470040+08:00	0x04	0.2102	-0.4480	-0.2454	-0.8336	15.59	51.60	325.22
2026-05-28T20:03:32.6649569+08:00	0x03	0.4247	-0.3387	-0.5824	-0.6048	95.36	348.28	294.75
2026-05-28T20:03:32.7182305+08:00	0x03	0.4178	-0.3445	-0.5877	-0.6012	95.43	349.49	294.87
2026-05-28T20:03:32.7361777+08:00	0x02	0.3578	0.3917	-0.8128	0.2409	190.91	318.05	54.00
2026-05-28T20:03:32.7361777+08:00	0x01	0.0529	0.6179	-0.5493	0.5601	305.41	69.99	47.57
2026-05-28T20:03:32.7501434+08:00	0x04	0.1804	-0.4472	-0.2414	-0.8422	16.68	51.23	328.69
2026-05-28T20:03:32.7644901+08:00	0x03	0.4178	-0.3445	-0.5877	-0.6012	95.43	349.49	294.87
2026-05-28T20:03:32.8149865+08:00	0x03	0.3783	-0.3491	-0.6100	-0.6024	93.69	355.03	298.15
2026-05-28T20:03:32.8356919+08:00	0x04	0.3024	-0.3705	-0.3300	-0.8139	27.59	36.64	312.54
2026-05-28T20:03:32.8540113+08:00	0x02	0.3550	0.3924	-0.8172	0.2281	189.11	317.63	53.46
2026-05-28T20:03:32.8540113+08:00	0x01	0.0487	0.6218	-0.5445	0.5608	306.17	71.00	47.04
2026-05-28T20:03:32.8639848+08:00	0x03	0.3783	-0.3491	-0.6100	-0.6024	93.69	355.03	298.15
2026-05-28T20:03:32.9009508+08:00	0x04	0.2912	-0.3301	-0.3313	-0.8346	30.56	30.31	315.19
2026-05-28T20:03:32.9310501+08:00	0x03	0.3480	-0.3162	-0.6327	-0.6153	94.38	354.76	304.07
2026-05-28T20:03:32.9481467+08:00	0x01	0.0480	0.6221	-0.5518	0.5533	305.04	70.80	47.71
2026-05-28T20:03:32.9481467+08:00	0x02	0.3528	0.3852	-0.8267	0.2091	186.85	317.10	51.67
2026-05-28T20:03:32.9806514+08:00	0x03	0.3480	-0.3162	-0.6327	-0.6153	94.38	354.76	304.07
2026-05-28T20:03:33.0024538+08:00	0x04	0.3806	-0.2058	-0.3864	-0.8146	48.95	3.77	308.83
2026-05-28T20:03:33.0312190+08:00	0x03	0.2665	-0.3015	-0.6516	-0.6431	89.25	3.43	312.64
2026-05-28T20:03:33.0471765+08:00	0x02	0.3446	0.3782	-0.8415	0.1736	182.76	316.72	49.12
2026-05-28T20:03:33.0471765+08:00	0x01	0.0400	0.6237	-0.5500	0.5541	305.01	71.31	46.91
2026-05-28T20:03:33.0872076+08:00	0x03	0.2391	-0.2542	-0.6805	-0.6443	93.07	0.17	319.15
2026-05-28T20:03:33.0971795+08:00	0x04	0.3780	-0.2096	-0.3849	-0.8155	48.31	4.65	308.93
2026-05-28T20:03:33.1477233+08:00	0x03	0.2391	-0.2542	-0.6805	-0.6443	93.07	0.17	319.15
2026-05-28T20:03:33.1477233+08:00	0x02	0.3373	0.3703	-0.8537	0.1427	179.49	316.66	46.76
2026-05-28T20:03:33.1649007+08:00	0x01	0.0316	0.6251	-0.5478	0.5552	304.98	71.82	46.05
2026-05-28T20:03:33.1979863+08:00	0x03	0.2233	-0.2125	-0.6889	-0.6560	93.47	357.96	324.14
2026-05-28T20:03:33.2149398+08:00	0x04	0.5454	-0.1034	-0.3930	-0.7331	78.27	324.17	298.25
2026-05-28T20:03:33.2480017+08:00	0x03	0.2233	-0.2125	-0.6889	-0.6560	93.47	357.96	324.14
2026-05-28T20:03:33.2649565+08:00	0x02	0.3357	0.3660	-0.8579	0.1319	178.41	316.59	45.77
2026-05-28T20:03:33.2649565+08:00	0x01	0.0219	0.6357	-0.5439	0.5473	305.67	74.15	45.68
2026-05-28T20:03:33.2972210+08:00	0x03	0.2257	-0.2005	-0.6823	-0.6659	92.30	357.13	324.96
2026-05-28T20:03:33.3143862+08:00	0x04	0.1519	-0.3513	-0.1661	-0.9088	12.25	39.75	336.87
2026-05-28T20:03:33.3476744+08:00	0x03	0.2257	-0.2005	-0.6823	-0.6659	92.30	357.13	324.96
2026-05-28T20:03:33.3650845+08:00	0x02	0.3434	0.3548	-0.8608	0.1236	177.53	315.51	44.09
2026-05-28T20:03:33.3650845+08:00	0x01	0.0303	0.6335	-0.5564	0.5368	304.13	73.16	47.52
2026-05-28T20:03:33.4145884+08:00	0x03	0.2022	-0.2349	-0.6568	-0.6874	86.08	4.06	324.08
2026-05-28T20:03:33.4145884+08:00	0x04	0.2438	-0.3538	-0.1643	-0.8879	8.21	40.99	326.69
2026-05-28T20:03:33.4305471+08:00	0x01	0.0302	0.6383	-0.5648	0.5221	303.16	73.84	48.82
2026-05-28T20:03:33.4681642+08:00	0x03	0.2022	-0.2349	-0.6568	-0.6874	86.08	4.06	324.08
2026-05-28T20:03:33.4681642+08:00	0x02	0.3464	0.3469	-0.8640	0.1146	176.70	315.02	42.75
2026-05-28T20:03:33.5175597+08:00	0x03	0.1807	-0.2639	-0.6408	-0.6980	81.91	9.76	323.81
2026-05-28T20:03:33.5175597+08:00	0x01	0.0337	0.6385	-0.5786	0.5063	301.14	73.29	50.63
2026-05-28T20:03:33.5315243+08:00	0x04	0.1462	-0.3481	-0.0862	-0.9220	3.47	40.78	340.76
2026-05-28T20:03:33.5315243+08:00	0x02	0.3428	0.3400	-0.8701	0.0992	175.38	315.26	41.27
2026-05-28T20:03:33.5649557+08:00	0x03	0.1807	-0.2639	-0.6408	-0.6980	81.91	9.76	323.81
2026-05-28T20:03:33.6247927+08:00	0x04	0.0825	-0.2897	-0.0387	-0.9528	1.51	33.68	349.66
2026-05-28T20:03:33.6247927+08:00	0x01	0.0343	0.6435	-0.5836	0.4940	300.71	74.13	51.73
2026-05-28T20:03:33.6478280+08:00	0x02	0.3397	0.3411	-0.8730	0.0785	172.85	314.84	40.46
2026-05-28T20:03:33.7312112+08:00	0x04	0.0293	-0.2070	-0.0469	-0.9768	4.58	23.76	355.60
2026-05-28T20:03:33.7521638+08:00	0x01	0.0443	0.6515	-0.5813	0.4855	302.29	75.78	53.17
2026-05-28T20:03:33.7987854+08:00	0x03	-0.0385	-0.2848	-0.7101	-0.6428	90.70	26.75	339.22
2026-05-28T20:03:33.8356973+08:00	0x04	0.0009	-0.1105	-0.0748	-0.9911	8.52	12.65	358.95
2026-05-28T20:03:33.8356973+08:00	0x01	0.0540	0.6584	-0.5820	0.4743	303.38	77.23	54.84
2026-05-28T20:03:33.8356973+08:00	0x03	-0.0385	-0.2848	-0.7101	-0.6428	90.70	26.75	339.22
2026-05-28T20:03:33.8529656+08:00	0x02	0.3602	0.3493	-0.8631	0.0574	168.50	310.49	40.11
2026-05-28T20:03:33.8847070+08:00	0x04	0.0018	-0.1134	-0.0740	-0.9908	8.41	12.98	358.84
2026-05-28T20:03:33.8986654+08:00	0x03	-0.0903	-0.3025	-0.7645	-0.5620	101.46	30.84	338.83
2026-05-28T20:03:33.9476885+08:00	0x01	0.0554	0.6588	-0.5771	0.4794	304.31	77.52	54.44
2026-05-28T20:03:33.9486850+08:00	0x03	-0.0903	-0.3025	-0.7645	-0.5620	101.46	30.84	338.83
2026-05-28T20:03:33.9486850+08:00	0x02	0.3642	0.3391	-0.8665	0.0389	166.82	309.84	38.02
2026-05-28T20:03:33.9801701+08:00	0x04	-0.0485	-0.0258	-0.0854	-0.9948	9.97	3.44	5.28
2026-05-28T20:03:33.9985054+08:00	0x03	0.1296	-0.2717	-0.6465	-0.7010	81.12	14.61	327.78
2026-05-28T20:03:34.0154046+08:00	0x03	-0.1208	-0.3409	-0.8087	-0.4640	112.04	34.72	333.95
2026-05-28T20:03:34.0480985+08:00	0x01	0.0493	0.6643	-0.5509	0.5029	308.48	79.60	51.40
2026-05-28T20:03:34.0480985+08:00	0x02	0.3775	0.3217	-0.8682	0.0173	164.96	308.25	34.86
2026-05-28T20:03:34.0645237+08:00	0x03	-0.1208	-0.3409	-0.8087	-0.4640	112.04	34.72	333.95
2026-05-28T20:03:34.0998907+08:00	0x04	-0.1200	0.0235	-0.0853	-0.9888	9.67	358.46	13.96
2026-05-28T20:03:34.0998907+08:00	0x03	0.0341	-0.2894	-0.6616	-0.6909	82.22	23.14	334.53
2026-05-28T20:03:34.0998907+08:00	0x03	0.0341	-0.2894	-0.6616	-0.6909	82.22	23.14	334.53
2026-05-28T20:03:34.1148488+08:00	0x03	-0.1273	-0.3812	-0.8378	-0.3695	121.35	36.18	326.99
2026-05-28T20:03:34.1517508+08:00	0x01	0.0320	0.6784	-0.5079	0.5299	314.25	83.56	46.30
2026-05-28T20:03:34.1517508+08:00	0x02	0.3881	0.3336	-0.8590	0.0120	162.95	305.86	35.62
2026-05-28T20:03:34.1677081+08:00	0x03	-0.1273	-0.3812	-0.8378	-0.3695	121.35	36.18	326.99
2026-05-28T20:03:34.2003442+08:00	0x02	0.3494	0.3453	-0.8688	0.0625	170.01	312.53	40.07
2026-05-28T20:03:34.2003442+08:00	0x04	-0.2105	0.0248	-0.0880	-0.9733	10.18	359.29	24.46
2026-05-28T20:03:34.2152430+08:00	0x03	-0.1057	-0.4080	-0.8566	-0.2975	129.42	33.33	320.50
2026-05-28T20:03:34.2517113+08:00	0x01	0.0137	0.6806	-0.4722	0.5600	317.34	84.43	41.15
2026-05-28T20:03:34.2517113+08:00	0x02	0.3939	0.3396	-0.8539	0.0197	163.07	304.84	36.55
2026-05-28T20:03:34.2677289+08:00	0x03	-0.0675	-0.4292	-0.8688	-0.2376	137.77	27.30	314.46
2026-05-28T20:03:34.2978859+08:00	0x04	-0.2430	0.0006	-0.0732	-0.9673	9.21	2.23	28.05
2026-05-28T20:03:34.3177850+08:00	0x01	-0.0129	0.6797	-0.4365	0.5894	319.30	84.67	35.32
2026-05-28T20:03:34.3177850+08:00	0x03	-0.0675	-0.4292	-0.8688	-0.2376	137.77	27.30	314.46
2026-05-28T20:03:34.3648414+08:00	0x02	0.3985	0.3392	-0.8512	0.0389	165.09	304.74	37.48
2026-05-28T20:03:34.3848963+08:00	0x03	-0.0268	-0.4487	-0.8716	-0.1958	144.94	20.47	309.50
2026-05-28T20:03:34.4042371+08:00	0x04	-0.2652	-0.0316	-0.0428	-0.9627	6.61	5.57	30.53
2026-05-28T20:03:34.4042371+08:00	0x01	-0.0440	0.6817	-0.4029	0.6091	320.64	85.60	29.71
2026-05-28T20:03:34.4158705+08:00	0x02	0.3924	0.3549	-0.8460	0.0653	167.20	305.47	40.68
2026-05-28T20:03:34.4308912+08:00	0x03	-0.0268	-0.4487	-0.8716	-0.1958	144.94	20.47	309.50
2026-05-28T20:03:34.4838303+08:00	0x03	0.0127	-0.4655	-0.8694	-0.1655	151.67	13.12	305.56
2026-05-28T20:03:34.5147983+08:00	0x01	-0.0590	0.6785	-0.3944	0.6169	320.27	85.33	27.54
2026-05-28T20:03:34.5147983+08:00	0x02	0.3863	0.3719	-0.8386	0.0957	169.81	306.38	44.24
2026-05-28T20:03:34.5308329+08:00	0x04	-0.2872	-0.0599	-0.0059	-0.9560	3.13	8.11	33.26
2026-05-28T20:03:34.5513196+08:00	0x03	0.0127	-0.4655	-0.8694	-0.1655	151.67	13.12	305.56
2026-05-28T20:03:34.6003982+08:00	0x03	0.0432	-0.4706	-0.8693	-0.1449	157.70	6.31	303.83
2026-05-28T20:03:34.6151419+08:00	0x01	-0.0605	0.6755	-0.4018	0.6153	319.30	84.80	27.93
2026-05-28T20:03:34.6151419+08:00	0x04	-0.2831	-0.0703	0.0240	-0.9562	359.59	8.29	33.01
2026-05-28T20:03:34.6311354+08:00	0x02	0.3806	0.3761	-0.8373	0.1125	171.94	307.71	45.68
2026-05-28T20:03:34.6479529+08:00	0x03	0.0432	-0.4706	-0.8693	-0.1449	157.70	6.31	303.83
2026-05-28T20:03:34.7038180+08:00	0x03	0.0584	-0.4734	-0.8699	-0.1260	162.51	1.86	303.05
2026-05-28T20:03:34.7147871+08:00	0x04	-0.2841	-0.0683	0.0635	-0.9542	354.34	6.49	33.43
2026-05-28T20:03:34.7147871+08:00	0x01	-0.0596	0.6715	-0.4109	0.6137	318.27	84.05	28.60
2026-05-28T20:03:34.7354353+08:00	0x02	0.3762	0.3725	-0.8409	0.1123	172.53	308.67	45.32
2026-05-28T20:03:34.7709965+08:00	0x03	0.0584	-0.4734	-0.8699	-0.1260	162.51	1.86	303.05
2026-05-28T20:03:34.8182737+08:00	0x03	0.0620	-0.4750	-0.8701	-0.1163	164.62	0.28	302.76
2026-05-28T20:03:34.8182737+08:00	0x01	-0.0603	0.6711	-0.4122	0.6133	318.07	83.98	28.64
2026-05-28T20:03:34.8312861+08:00	0x02	0.3754	0.3722	-0.8420	0.1076	172.00	308.62	45.04
2026-05-28T20:03:34.8312861+08:00	0x04	-0.2854	-0.0585	0.1021	-0.9512	348.86	3.65	33.70
2026-05-28T20:03:34.8649640+08:00	0x03	0.0592	-0.4767	-0.8694	-0.1161	164.33	0.83	302.59
2026-05-28T20:03:34.8818064+08:00	0x04	-0.2885	-0.0464	0.1401	-0.9460	343.30	0.48	33.98
2026-05-28T20:03:34.9170097+08:00	0x03	0.0592	-0.4767	-0.8694	-0.1161	164.33	0.83	302.59
2026-05-28T20:03:34.9318479+08:00	0x01	-0.0568	0.6742	-0.4129	0.6097	318.37	84.45	29.18
2026-05-28T20:03:34.9318479+08:00	0x02	0.3796	0.3728	-0.8402	0.1046	171.30	307.78	44.90
2026-05-28T20:03:34.9677606+08:00	0x03	0.0570	-0.4776	-0.8686	-0.1188	163.59	1.53	302.51
2026-05-28T20:03:34.9818523+08:00	0x04	-0.2868	-0.0367	0.1705	-0.9420	338.89	358.03	33.56
2026-05-28T20:03:35.0317157+08:00	0x03	0.0570	-0.4776	-0.8686	-0.1188	163.59	1.53	302.51
2026-05-28T20:03:35.0317157+08:00	0x01	-0.0518	0.6778	-0.4138	0.6055	318.78	84.99	29.88
2026-05-28T20:03:35.0516698+08:00	0x02	0.3846	0.3730	-0.8385	0.0992	170.26	306.72	44.58
2026-05-28T20:03:35.0746107+08:00	0x03	0.0583	-0.4724	-0.8713	-0.1193	163.77	1.17	303.16
2026-05-28T20:03:35.0838016+08:00	0x04	-0.2850	-0.0284	0.1977	-0.9375	334.98	355.93	33.07
2026-05-28T20:03:35.1347177+08:00	0x01	-0.0444	0.6798	-0.4192	0.6001	318.84	85.20	31.11
2026-05-28T20:03:35.1347177+08:00	0x03	0.0583	-0.4724	-0.8713	-0.1193	163.77	1.17	303.16
2026-05-28T20:03:35.1526681+08:00	0x02	0.3871	0.3693	-0.8396	0.0936	169.72	306.35	43.84
2026-05-28T20:03:35.1817546+08:00	0x04	-0.2830	-0.0210	0.2199	-0.9333	331.79	354.19	32.52
2026-05-28T20:03:35.2012553+08:00	0x01	-0.0322	0.6718	-0.4383	0.5963	317.31	83.44	33.40
2026-05-28T20:03:35.2527929+08:00	0x02	0.3871	0.3514	-0.8485	0.0821	169.83	307.11	41.29
2026-05-28T20:03:35.2527929+08:00	0x03	0.0600	-0.4704	-0.8726	-0.1171	164.41	0.57	303.39
2026-05-28T20:03:35.2837250+08:00	0x04	-0.2875	-0.0208	0.2395	-0.9271	329.02	353.21	32.89
2026-05-28T20:03:35.2999445+08:00	0x03	0.0654	-0.4691	-0.8736	-0.1121	165.87	359.06	303.46
2026-05-28T20:03:35.2999445+08:00	0x01	-0.0070	0.6316	-0.5118	0.5823	308.20	74.79	39.67
2026-05-28T20:03:35.3487554+08:00	0x02	0.3709	0.3018	-0.8773	0.0418	169.53	310.94	34.09
2026-05-28T20:03:35.3487554+08:00	0x03	0.0654	-0.4691	-0.8736	-0.1121	165.87	359.06	303.46
2026-05-28T20:03:35.4018685+08:00	0x01	-0.0103	0.6071	-0.5862	0.5364	295.98	68.39	44.48
2026-05-28T20:03:35.4018685+08:00	0x02	0.3324	0.2398	-0.9116	-0.0301	166.36	316.94	24.66
2026-05-28T20:03:35.4018685+08:00	0x03	0.0826	-0.4799	-0.8670	-0.1054	168.68	355.43	301.83
2026-05-28T20:03:35.4146386+08:00	0x04	-0.3034	-0.0363	0.2538	-0.9177	327.14	353.87	35.12
2026-05-28T20:03:35.4537498+08:00	0x03	0.1152	-0.4874	-0.8600	-0.0979	173.67	348.35	300.59
2026-05-28T20:03:35.4989075+08:00	0x01	-0.0263	0.5669	-0.6597	0.4927	280.67	59.04	46.22
2026-05-28T20:03:35.5156359+08:00	0x03	0.1152	-0.4874	-0.8600	-0.0979	173.67	348.35	300.59
2026-05-28T20:03:35.5156359+08:00	0x02	0.2796	0.1551	-0.9383	-0.1315	160.02	324.60	12.56
2026-05-28T20:03:35.5317106+08:00	0x03	0.1152	-0.4874	-0.8600	-0.0979	173.67	348.35	300.59
2026-05-28T20:03:35.5687237+08:00	0x03	0.1538	-0.4902	-0.8533	-0.0894	179.79	339.69	300.23
2026-05-28T20:03:35.6143418+08:00	0x01	-0.0459	0.5287	-0.7148	0.4555	267.87	51.41	45.56
2026-05-28T20:03:35.6143418+08:00	0x02	0.2813	0.1577	-0.9378	-0.1285	160.23	324.35	12.91
2026-05-28T20:03:35.6143418+08:00	0x03	0.1538	-0.4902	-0.8533	-0.0894	179.79	339.69	300.23
2026-05-28T20:03:35.6856402+08:00	0x03	0.1898	-0.4859	-0.8491	-0.0824	184.95	332.00	301.07
2026-05-28T20:03:35.7075801+08:00	0x01	-0.0619	0.4883	-0.7545	0.4342	258.46	45.10	43.08
2026-05-28T20:03:35.7075801+08:00	0x02	0.2186	0.0867	-0.9462	-0.2223	152.64	333.05	3.83
2026-05-28T20:03:35.7330279+08:00	0x03	0.1898	-0.4859	-0.8491	-0.0824	184.95	332.00	301.07
2026-05-28T20:03:35.7649786+08:00	0x04	-0.3229	-0.1397	0.2927	-0.8891	325.25	4.51	40.99
2026-05-28T20:03:35.7844461+08:00	0x03	0.2212	-0.4841	-0.8430	-0.0780	189.04	325.54	301.71
2026-05-28T20:03:35.8153507+08:00	0x01	-0.0721	0.4630	-0.7763	0.4216	253.34	41.84	41.16
2026-05-28T20:03:35.8153507+08:00	0x02	0.1608	0.0373	-0.9427	-0.2899	146.04	341.04	358.69
2026-05-28T20:03:35.8320613+08:00	0x03	0.2212	-0.4841	-0.8430	-0.0780	189.04	325.54	301.71
2026-05-28T20:03:35.8689654+08:00	0x04	-0.3584	-0.1519	0.3156	-0.8654	321.20	3.02	45.74
2026-05-28T20:03:35.8915295+08:00	0x03	0.2491	-0.4781	-0.8388	-0.0760	191.76	320.50	302.87
2026-05-28T20:03:35.9152096+08:00	0x01	-0.0533	0.4791	-0.7738	0.4109	253.53	41.67	44.24
2026-05-28T20:03:35.9152096+08:00	0x02	0.1586	0.0138	-0.9296	-0.3325	141.36	342.24	355.42
2026-05-28T20:03:35.9486080+08:00	0x03	0.2491	-0.4781	-0.8388	-0.0760	191.76	320.50	302.87
2026-05-28T20:03:35.9682888+08:00	0x04	-0.3544	-0.1705	0.3239	-0.8605	321.00	5.29	46.09
2026-05-28T20:03:35.9977532+08:00	0x03	0.2720	-0.4955	-0.8208	-0.0826	195.13	314.72	300.87
2026-05-28T20:03:35.9977532+08:00	0x04	-0.3180	-0.0932	0.2703	-0.9039	326.62	359.75	38.71
2026-05-28T20:03:36.0151874+08:00	0x01	-0.0414	0.4841	-0.7673	0.4186	255.15	41.60	45.09
2026-05-28T20:03:36.0354584+08:00	0x02	0.1813	-0.0132	-0.9256	-0.3319	141.96	340.71	351.68
2026-05-28T20:03:36.0529405+08:00	0x03	0.2878	-0.4826	-0.8240	-0.0731	196.73	312.39	303.14
2026-05-28T20:03:36.0812010+08:00	0x04	-0.3561	-0.1649	0.3370	-0.8558	318.50	3.49	46.11
2026-05-28T20:03:36.0812010+08:00	0x01	-0.0490	0.4779	-0.7671	0.4252	255.43	41.81	43.75
2026-05-28T20:03:36.0995798+08:00	0x03	0.2878	-0.4826	-0.8240	-0.0731	196.73	312.39	303.14
2026-05-28T20:03:36.1317284+08:00	0x02	0.1770	-0.0168	-0.9313	-0.3178	143.69	341.19	351.74
2026-05-28T20:03:36.1486838+08:00	0x04	-0.3220	-0.1179	0.2804	-0.8966	326.10	2.30	40.05
2026-05-28T20:03:36.1696372+08:00	0x03	0.2889	-0.4787	-0.8259	-0.0721	196.52	312.55	303.65
2026-05-28T20:03:36.1696372+08:00	0x01	-0.0631	0.4627	-0.7709	0.4332	254.86	41.46	41.20
2026-05-28T20:03:36.1875522+08:00	0x04	-0.3640	-0.1558	0.3603	-0.8446	313.82	0.07	46.65
2026-05-28T20:03:36.2148623+08:00	0x03	0.2889	-0.4787	-0.8259	-0.0721	196.52	312.55	303.65
2026-05-28T20:03:36.2318190+08:00	0x02	0.1631	-0.0233	-0.9405	-0.2972	146.15	342.79	351.91
2026-05-28T20:03:36.2647295+08:00	0x03	0.2888	-0.4817	-0.8238	-0.0767	196.16	312.55	303.07
2026-05-28T20:03:36.2812679+08:00	0x04	-0.3729	-0.1477	0.3835	-0.8319	309.02	356.60	47.19
2026-05-28T20:03:36.2812679+08:00	0x01	-0.0711	0.4539	-0.7718	0.4397	254.84	41.36	39.64
2026-05-28T20:03:36.2983455+08:00	0x02	0.1582	-0.0314	-0.9467	-0.2787	148.43	343.43	351.51
2026-05-28T20:03:36.3153392+08:00	0x03	0.2888	-0.4817	-0.8238	-0.0767	196.16	312.55	303.07
2026-05-28T20:03:36.3818681+08:00	0x03	0.2878	-0.4840	-0.8227	-0.0784	196.07	312.62	302.71
2026-05-28T20:03:36.3818681+08:00	0x01	-0.0708	0.4537	-0.7719	0.4396	254.81	41.31	39.66
2026-05-28T20:03:36.3988235+08:00	0x02	0.1576	-0.0305	-0.9510	-0.2644	150.12	343.35	351.88
2026-05-28T20:03:36.3988235+08:00	0x04	-0.3809	-0.1355	0.4000	-0.8225	305.10	353.07	47.31
2026-05-28T20:03:36.4357345+08:00	0x03	0.2878	-0.4840	-0.8227	-0.0784	196.07	312.62	302.71
2026-05-28T20:03:36.4818722+08:00	0x03	0.2870	-0.4845	-0.8227	-0.0775	196.20	312.64	302.68
2026-05-28T20:03:36.4818722+08:00	0x04	-0.3857	-0.1253	0.4118	-0.8161	302.27	350.42	47.11
2026-05-28T20:03:36.4988272+08:00	0x01	-0.0704	0.4534	-0.7718	0.4403	254.86	41.26	39.62
2026-05-28T20:03:36.4988272+08:00	0x02	0.1564	-0.0305	-0.9529	-0.2580	150.86	343.44	352.02
2026-05-28T20:03:36.4988272+08:00	0x04	-0.3857	-0.1253	0.4118	-0.8161	302.27	350.42	47.11
2026-05-28T20:03:36.5356207+08:00	0x03	0.2870	-0.4845	-0.8227	-0.0775	196.20	312.64	302.68
2026-05-28T20:03:36.5985124+08:00	0x03	0.2874	-0.4838	-0.8233	-0.0749	196.55	312.47	302.90
2026-05-28T20:03:36.5985124+08:00	0x01	-0.0710	0.4507	-0.7722	0.4421	254.82	41.05	39.30
2026-05-28T20:03:36.5985124+08:00	0x04	-0.3867	-0.1176	0.4221	-0.8115	300.12	348.61	46.62
2026-05-28T20:03:36.6145292+08:00	0x04	-0.3867	-0.1176	0.4221	-0.8115	300.12	348.61	46.62
2026-05-28T20:03:36.6155260+08:00	0x02	0.1552	-0.0322	-0.9543	-0.2535	151.41	343.58	351.95
2026-05-28T20:03:36.6985197+08:00	0x04	-0.3892	-0.1094	0.4315	-0.8065	297.99	346.67	46.23
2026-05-28T20:03:36.7154753+08:00	0x01	-0.0703	0.4505	-0.7715	0.4438	255.02	41.03	39.25
2026-05-28T20:03:36.7493916+08:00	0x04	-0.3920	-0.1018	0.4414	-0.8007	295.79	344.76	45.86
2026-05-28T20:03:36.7988883+08:00	0x01	-0.0679	0.4571	-0.7681	0.4433	255.72	41.65	39.94
2026-05-28T20:03:36.8158417+08:00	0x02	0.1649	-0.0324	-0.9566	-0.2381	153.30	342.36	351.93
2026-05-28T20:03:36.8729693+08:00	0x03	0.2881	-0.4838	-0.8237	-0.0672	197.82	311.77	303.31
2026-05-28T20:03:36.9158550+08:00	0x01	-0.0661	0.4542	-0.7693	0.4445	255.51	41.14	39.79
2026-05-28T20:03:36.9158550+08:00	0x03	0.2881	-0.4838	-0.8237	-0.0672	197.82	311.77	303.31
2026-05-28T20:03:36.9158550+08:00	0x02	0.1666	-0.0368	-0.9572	-0.2339	153.87	342.24	351.47
2026-05-28T20:03:36.9655084+08:00	0x04	-0.4048	-0.0830	0.4635	-0.7839	290.20	339.58	45.36
2026-05-28T20:03:36.9655084+08:00	0x03	0.2871	-0.4870	-0.8221	-0.0676	198.06	311.62	302.91
2026-05-28T20:03:37.0157039+08:00	0x03	0.2881	-0.4816	-0.8248	-0.0688	197.31	312.13	303.48
2026-05-28T20:03:37.0157039+08:00	0x01	-0.0666	0.4531	-0.7690	0.4460	255.60	41.10	39.60
2026-05-28T20:03:37.0157039+08:00	0x02	0.1629	-0.0330	-0.9588	-0.2305	154.18	342.54	352.05
2026-05-28T20:03:37.0317963+08:00	0x03	0.2871	-0.4870	-0.8221	-0.0676	198.06	311.62	302.91
2026-05-28T20:03:37.0656495+08:00	0x04	-0.4073	-0.0759	0.4732	-0.7775	288.11	337.84	44.84
2026-05-28T20:03:37.0656495+08:00	0x04	-0.3976	-0.0927	0.4528	-0.7926	293.02	342.27	45.58
2026-05-28T20:03:37.0832575+08:00	0x03	0.2865	-0.4896	-0.8207	-0.0674	198.37	311.40	302.61
2026-05-28T20:03:37.0832575+08:00	0x03	0.2874	-0.4838	-0.8233	-0.0749	196.55	312.47	302.90
2026-05-28T20:03:37.1151689+08:00	0x02	0.1689	-0.0361	-0.9598	-0.2214	155.34	341.86	351.72
2026-05-28T20:03:37.1151689+08:00	0x03	0.2879	-0.4819	-0.8245	-0.0715	196.89	312.35	303.30
2026-05-28T20:03:37.1317501+08:00	0x03	0.2865	-0.4896	-0.8207	-0.0674	198.37	311.40	302.61
2026-05-28T20:03:37.1327451+08:00	0x03	0.2881	-0.4816	-0.8248	-0.0688	197.31	312.13	303.48
2026-05-28T20:03:37.1696543+08:00	0x01	-0.0640	0.4538	-0.7618	0.4578	257.40	41.49	39.26
2026-05-28T20:03:37.1696543+08:00	0x04	-0.4082	-0.0714	0.4816	-0.7723	286.50	336.70	44.37
2026-05-28T20:03:37.1863805+08:00	0x03	0.2859	-0.4900	-0.8207	-0.0677	198.33	311.48	302.54
2026-05-28T20:03:37.2172758+08:00	0x02	0.1807	-0.0410	-0.9599	-0.2103	156.81	340.51	351.10
2026-05-28T20:03:37.2322333+08:00	0x03	0.2859	-0.4900	-0.8207	-0.0677	198.33	311.48	302.54
2026-05-28T20:03:37.2820507+08:00	0x01	-0.0646	0.4582	-0.7515	0.4703	259.80	42.72	38.90
2026-05-28T20:03:37.2820507+08:00	0x02	0.1918	-0.0358	-0.9612	-0.1951	158.59	339.00	351.74
2026-05-28T20:03:37.3020012+08:00	0x04	-0.4011	-0.0738	0.4888	-0.7712	286.10	337.37	43.69
2026-05-28T20:03:37.3482856+08:00	0x03	0.2905	-0.4762	-0.8272	-0.0672	197.11	312.20	304.21
2026-05-28T20:03:37.3827055+08:00	0x04	-0.4027	-0.0687	0.4920	-0.7688	285.28	336.43	43.38
2026-05-28T20:03:37.3827055+08:00	0x01	-0.0612	0.4561	-0.7340	0.4995	263.86	43.41	37.47
2026-05-28T20:03:37.3827055+08:00	0x02	0.2108	-0.0164	-0.9611	-0.1774	160.36	336.31	353.90
2026-05-28T20:03:37.4014807+08:00	0x03	0.2905	-0.4762	-0.8272	-0.0672	197.11	312.20	304.21
2026-05-28T20:03:37.4490640+08:00	0x03	0.2851	-0.4805	-0.8262	-0.0721	196.34	313.09	303.37
2026-05-28T20:03:37.4870537+08:00	0x01	-0.0833	0.5070	-0.6577	0.5509	278.51	54.76	35.11
2026-05-28T20:03:37.4870537+08:00	0x02	0.2533	0.0467	-0.9526	-0.1621	160.58	330.15	0.39
2026-05-28T20:03:37.5059970+08:00	0x04	-0.4620	-0.0189	0.4394	-0.7701	285.83	326.63	46.74
2026-05-28T20:03:37.5059970+08:00	0x03	0.2851	-0.4805	-0.8262	-0.0721	196.34	313.09	303.37
2026-05-28T20:03:37.5488278+08:00	0x03	0.2654	-0.4978	-0.8227	-0.0704	196.70	314.76	301.08
2026-05-28T20:03:37.5810557+08:00	0x01	-0.1122	0.4881	-0.5907	0.6327	287.91	56.40	25.76
2026-05-28T20:03:37.5810557+08:00	0x02	0.2658	0.0760	-0.9508	-0.1397	162.14	328.13	4.03
2026-05-28T20:03:37.5990095+08:00	0x04	-0.4547	0.0223	0.2497	-0.8546	315.92	335.63	50.00
2026-05-28T20:03:37.6153013+08:00	0x03	0.2654	-0.4978	-0.8227	-0.0704	196.70	314.76	301.08
2026-05-28T20:03:37.6657391+08:00	0x03	0.2534	-0.4671	-0.8471	0.0004	202.85	315.36	307.70
2026-05-28T20:03:37.6813883+08:00	0x01	-0.1761	0.4531	-0.4774	0.7319	299.32	57.62	10.07
2026-05-28T20:03:37.6983444+08:00	0x02	0.2042	0.1215	-0.9671	-0.0904	166.76	334.83	11.42
2026-05-28T20:03:37.7153004+08:00	0x04	-0.4552	0.0211	0.2556	-0.8526	314.99	335.33	49.95
2026-05-28T20:03:37.7153004+08:00	0x03	0.2534	-0.4671	-0.8471	0.0004	202.85	315.36	307.70
2026-05-28T20:03:37.7320369+08:00	0x04	-0.4199	0.0840	-0.0260	-0.9033	357.91	348.40	49.72
2026-05-28T20:03:37.7659451+08:00	0x03	0.2722	-0.4629	-0.8330	0.1334	221.51	306.26	315.69
2026-05-28T20:03:37.7856487+08:00	0x01	-0.1742	0.4544	-0.4810	0.7293	298.99	57.63	10.54
2026-05-28T20:03:37.8001218+08:00	0x02	0.0825	0.1807	-0.9796	0.0299	181.77	350.71	21.03
2026-05-28T20:03:37.8315739+08:00	0x03	0.2722	-0.4629	-0.8330	0.1334	221.51	306.26	315.69
2026-05-28T20:03:37.8732517+08:00	0x03	0.3583	-0.3911	-0.7784	0.3357	239.73	298.06	338.39
2026-05-28T20:03:37.8861288+08:00	0x01	-0.2501	0.4234	-0.2916	0.8204	315.60	58.44	350.59
2026-05-28T20:03:37.8980965+08:00	0x02	0.0862	0.1790	-0.9797	0.0263	181.27	350.18	20.81
2026-05-28T20:03:37.9351357+08:00	0x03	0.3560	-0.3936	-0.7807	0.3299	239.29	298.17	337.68
2026-05-28T20:03:37.9510890+08:00	0x01	-0.3749	0.3745	-0.0559	0.8462	332.22	57.02	323.66
2026-05-28T20:03:37.9815109+08:00	0x03	0.4624	-0.2893	-0.6741	0.4982	250.30	293.96	4.05
2026-05-28T20:03:37.9994628+08:00	0x02	-0.0330	0.1931	-0.9534	0.2296	208.78	9.33	20.67
2026-05-28T20:03:38.0487870+08:00	0x03	0.4652	-0.2858	-0.6702	0.5027	250.59	293.90	4.85
2026-05-28T20:03:38.0487870+08:00	0x01	-0.4425	0.2990	0.1129	0.8379	352.62	43.04	306.00
2026-05-28T20:03:38.0897762+08:00	0x03	0.5259	-0.1779	-0.5730	0.6029	256.56	295.15	25.48
2026-05-28T20:03:38.1151341+08:00	0x02	-0.1141	0.1507	-0.8706	0.4543	236.72	19.87	9.14
2026-05-28T20:03:38.1492533+08:00	0x03	0.5275	-0.1744	-0.5697	0.6056	256.76	295.23	26.11
2026-05-28T20:03:38.1652098+08:00	0x04	-0.3971	0.0987	-0.3388	-0.8472	47.45	8.71	47.71
2026-05-28T20:03:38.1652098+08:00	0x01	-0.4895	0.2499	0.2255	0.8044	15.73	24.62	295.81
2026-05-28T20:03:38.1652098+08:00	0x04	-0.2717	-0.1278	-0.5756	-0.7606	78.65	31.75	15.44
2026-05-28T20:03:38.1871562+08:00	0x02	-0.1733	0.1196	-0.7375	0.6417	261.49	24.18	357.36
2026-05-28T20:03:38.2051070+08:00	0x03	0.5321	-0.1052	-0.5174	0.6620	262.74	300.83	36.55
2026-05-28T20:03:38.2051070+08:00	0x04	-0.3583	-0.0604	-0.6210	-0.6945	91.77	35.70	25.00
2026-05-28T20:03:38.2659403+08:00	0x01	-0.5372	0.2110	0.2975	0.7605	42.59	0.21	289.50
2026-05-28T20:03:38.2659403+08:00	0x03	0.5321	-0.1030	-0.5157	0.6636	262.96	301.04	36.87
2026-05-28T20:03:38.2659403+08:00	0x02	-0.2024	0.1008	-0.6107	0.7589	280.09	24.02	349.39
2026-05-28T20:03:38.2659403+08:00	0x04	-0.3802	0.0243	-0.5589	-0.7366	83.89	28.74	35.95
2026-05-28T20:03:38.3159616+08:00	0x03	0.5334	-0.0772	-0.5008	0.6773	264.69	303.26	40.19
2026-05-28T20:03:38.3671760+08:00	0x04	-0.2279	-0.1341	-0.5591	-0.7858	73.93	28.43	12.02
2026-05-28T20:03:38.3671760+08:00	0x03	0.4971	-0.0424	-0.5023	0.7063	270.09	311.93	41.27
2026-05-28T20:03:38.3671760+08:00	0x01	-0.5420	0.2040	0.3132	0.7527	49.17	354.38	289.32
2026-05-28T20:03:38.3819016+08:00	0x04	-0.1933	-0.1471	-0.5328	-0.8106	68.78	26.74	9.01
2026-05-28T20:03:38.3819016+08:00	0x02	-0.2097	0.1121	-0.5237	0.8181	291.91	24.43	346.95
2026-05-28T20:03:38.4159207+08:00	0x03	0.4971	-0.0424	-0.5023	0.7063	270.09	311.93	41.27
2026-05-28T20:03:38.4656457+08:00	0x04	-0.1769	-0.1446	-0.4996	-0.8356	63.68	25.04	8.69
2026-05-28T20:03:38.4656457+08:00	0x01	-0.5352	0.2143	0.3045	0.7582	43.88	359.83	289.59
2026-05-28T20:03:38.4871556+08:00	0x03	0.4794	-0.0376	-0.5134	0.7108	271.00	314.57	40.00
2026-05-28T20:03:38.4871556+08:00	0x02	-0.1961	0.1373	-0.4689	0.8502	299.59	25.24	348.19
2026-05-28T20:03:38.5321772+08:00	0x03	0.4619	-0.0223	-0.5201	0.7181	272.42	318.16	39.80
2026-05-28T20:03:38.5661749+08:00	0x04	-0.1697	-0.1366	-0.4715	-0.8546	59.70	23.50	9.27
2026-05-28T20:03:38.5832202+08:00	0x01	-0.5188	0.2400	0.3026	0.7627	37.35	8.55	290.52
2026-05-28T20:03:38.5832202+08:00	0x03	0.4619	-0.0223	-0.5201	0.7181	272.42	318.16	39.80
2026-05-28T20:03:38.5832202+08:00	0x02	-0.1796	0.1599	-0.4284	0.8710	305.27	26.06	349.88
2026-05-28T20:03:38.6757166+08:00	0x01	-0.4904	0.2495	0.2996	0.7794	33.23	13.54	293.94
2026-05-28T20:03:38.6870098+08:00	0x02	-0.1783	0.1846	-0.4033	0.8783	308.28	28.33	350.54
2026-05-28T20:03:38.6987593+08:00	0x04	-0.1783	-0.1328	-0.4382	-0.8709	55.73	23.27	11.20
2026-05-28T20:03:38.7324853+08:00	0x04	-0.1860	-0.1348	-0.4032	-0.8858	51.61	23.49	12.75
2026-05-28T20:03:38.7825069+08:00	0x01	-0.4896	0.2496	0.2995	0.7799	33.15	13.64	294.05
2026-05-28T20:03:38.7825069+08:00	0x02	-0.1975	0.1968	-0.3870	0.8789	309.38	30.57	348.76
2026-05-28T20:03:38.8361820+08:00	0x01	-0.4838	0.2539	0.2949	0.7839	31.19	15.63	294.74
2026-05-28T20:03:38.8361820+08:00	0x04	-0.1868	-0.1287	-0.3719	-0.9001	47.67	22.45	13.92
2026-05-28T20:03:38.8571206+08:00	0x03	0.4308	0.0168	-0.5293	0.7307	275.15	325.52	40.34
2026-05-28T20:03:38.8851388+08:00	0x02	-0.1990	0.1995	-0.3768	0.8824	310.55	30.83	348.42
2026-05-28T20:03:38.8996514+08:00	0x03	0.4308	0.0168	-0.5293	0.7307	275.15	325.52	40.34
2026-05-28T20:03:38.9327935+08:00	0x01	-0.4826	0.2594	0.2907	0.7844	29.40	17.54	294.78
2026-05-28T20:03:38.9327935+08:00	0x04	-0.1888	-0.1265	-0.3402	-0.9125	43.79	21.83	14.98
2026-05-28T20:03:38.9527429+08:00	0x03	0.4296	0.0193	-0.5268	0.7332	275.74	326.05	40.56
2026-05-28T20:03:38.9818522+08:00	0x02	-0.1987	0.1997	-0.3646	0.8876	312.05	30.69	348.04
2026-05-28T20:03:39.0167591+08:00	0x03	0.4296	0.0193	-0.5268	0.7332	275.74	326.05	40.56
2026-05-28T20:03:39.0167591+08:00	0x03	0.4502	-0.0074	-0.5289	0.7194	272.62	320.68	39.79
2026-05-28T20:03:39.0318870+08:00	0x03	0.4457	0.0002	-0.5320	0.7200	272.75	321.82	39.93
2026-05-28T20:03:39.0488410+08:00	0x04	-0.1838	-0.1194	-0.3105	-0.9250	39.89	20.34	15.42
2026-05-28T20:03:39.0488410+08:00	0x01	-0.4808	0.2644	0.2864	0.7854	27.64	19.38	294.94
2026-05-28T20:03:39.0667925+08:00	0x03	0.4256	0.0240	-0.5217	0.7390	277.09	327.31	40.85
2026-05-28T20:03:39.0988766+08:00	0x02	-0.2001	0.1993	-0.3527	0.8921	313.43	30.58	347.50
2026-05-28T20:03:39.0998733+08:00	0x03	0.4457	0.0002	-0.5320	0.7200	272.75	321.82	39.93
2026-05-28T20:03:39.1154766+08:00	0x03	0.4276	0.0260	-0.5186	0.7399	277.37	327.38	41.28
2026-05-28T20:03:39.1495539+08:00	0x01	-0.4784	0.2687	0.2835	0.7865	26.34	20.83	295.20
2026-05-28T20:03:39.1495539+08:00	0x02	-0.2037	0.1994	-0.3417	0.8955	314.59	30.66	346.79
2026-05-28T20:03:39.1495539+08:00	0x03	0.4502	-0.0074	-0.5289	0.7194	272.62	320.68	39.79
2026-05-28T20:03:39.1665076+08:00	0x03	0.4276	0.0260	-0.5186	0.7399	277.37	327.38	41.28
2026-05-28T20:03:39.2326324+08:00	0x03	0.4231	0.0310	-0.5148	0.7450	278.60	328.69	41.48
2026-05-28T20:03:39.2531856+08:00	0x01	-0.4774	0.2709	0.2811	0.7872	25.47	21.69	295.33
2026-05-28T20:03:39.2531856+08:00	0x04	-0.1811	-0.1097	-0.2547	-0.9436	32.89	18.20	16.61
2026-05-28T20:03:39.2711292+08:00	0x02	-0.2086	0.1996	-0.3316	0.8982	315.59	30.81	345.98
2026-05-28T20:03:39.2711292+08:00	0x03	0.4231	0.0310	-0.5148	0.7450	278.60	328.69	41.48
2026-05-28T20:03:39.3323427+08:00	0x03	0.4230	0.0334	-0.5119	0.7470	279.11	329.09	41.77
2026-05-28T20:03:39.3492685+08:00	0x01	-0.4773	0.2721	0.2792	0.7875	24.86	22.24	295.35
2026-05-28T20:03:39.3666586+08:00	0x02	-0.2121	0.1995	-0.3216	0.9010	316.63	30.84	345.29
2026-05-28T20:03:39.3666586+08:00	0x04	-0.1814	-0.1061	-0.2288	-0.9505	29.71	17.35	17.23
2026-05-28T20:03:39.3822720+08:00	0x03	0.4230	0.0334	-0.5119	0.7470	279.11	329.09	41.77
2026-05-28T20:03:39.4490016+08:00	0x03	0.4195	0.0377	-0.5078	0.7514	280.24	330.20	41.98
2026-05-28T20:03:39.4490016+08:00	0x01	-0.4762	0.2738	0.2770	0.7884	24.11	22.96	295.51
2026-05-28T20:03:39.4726207+08:00	0x02	-0.2138	0.1988	-0.3115	0.9043	317.78	30.71	344.76
2026-05-28T20:03:39.4726207+08:00	0x04	-0.1832	-0.1032	-0.2040	-0.9561	26.73	16.61	17.95
2026-05-28T20:03:39.4984806+08:00	0x03	0.4195	0.0377	-0.5078	0.7514	280.24	330.20	41.98
2026-05-28T20:03:39.5499412+08:00	0x03	0.4182	0.0403	-0.5039	0.7547	281.08	330.86	42.21
2026-05-28T20:03:39.5658981+08:00	0x01	-0.4755	0.2759	0.2744	0.7890	23.25	23.79	295.62
2026-05-28T20:03:39.5658981+08:00	0x02	-0.2151	0.1982	-0.3018	0.9074	318.89	30.57	344.29
2026-05-28T20:03:39.5658981+08:00	0x04	-0.1820	-0.0992	-0.1807	-0.9615	23.83	15.67	18.31
2026-05-28T20:03:39.5995714+08:00	0x03	0.4182	0.0403	-0.5039	0.7547	281.08	330.86	42.21
