timestamp	device	q0	q1	q2	q3	yaw	pitch	roll
2026-06-18T16:40:47.7071535+08:00	0x01	0.4293	0.2823	-0.4599	0.7242	296.19	1.70	61.82
2026-06-18T16:40:47.8903837+08:00	0x07	0.6130	-0.1535	-0.7532	-0.1826	174.41	283.07	332.93
2026-06-18T16:40:48.0844130+08:00	0x02	0.1738	-0.3584	0.3248	0.8578	30.70	323.67	32.08
2026-06-18T16:40:48.1563229+08:00	0x03	0.2456	0.3406	-0.2532	0.8716	339.96	35.94	36.91
2026-06-18T16:40:48.2154294+08:00	0x06	0.6678	-0.0540	-0.7424	0.0046	184.54	275.88	355.75
2026-06-18T16:40:48.2721641+08:00	0x01	0.3167	0.3475	-0.5719	0.6722	284.83	10.65	55.41
2026-06-18T16:40:48.4253933+08:00	0x09	-0.6156	-0.4316	0.5708	-0.3301	159.33	252.66	64.04
2026-06-18T16:40:48.4563089+08:00	0x07	0.6375	-0.1997	-0.7114	-0.2182	176.13	277.47	325.78
2026-06-18T16:40:48.5724775+08:00	0x02	0.1685	-0.2523	0.4565	0.8364	52.19	341.80	30.81
2026-06-18T16:40:48.6563064+08:00	0x04	0.4356	0.2569	-0.4220	0.7525	302.75	2.23	60.73
2026-06-18T16:40:48.7929624+08:00	0x01	0.2929	0.3530	-0.5981	0.6572	281.03	11.09	53.82
2026-06-18T16:40:48.9736520+08:00	0x07	0.6427	-0.2097	-0.7000	-0.2299	176.29	276.10	323.90
2026-06-18T16:40:49.0764591+08:00	0x07	0.6431	-0.2084	-0.7005	-0.2287	176.30	276.08	324.12
2026-06-18T16:40:49.1770982+08:00	0x09	-0.6152	-0.4305	0.5766	-0.3221	159.44	253.54	63.22
2026-06-18T16:40:49.2409941+08:00	0x03	0.2456	0.3406	-0.2532	0.8716	339.96	35.94	36.91
2026-06-18T16:40:49.3064545+08:00	0x06	0.6894	-0.0016	-0.7222	0.0552	184.72	272.84	4.23
2026-06-18T16:40:49.3772975+08:00	0x01	0.2832	0.3606	-0.5726	0.6796	287.75	15.97	52.93
2026-06-18T16:40:49.6154902+08:00	0x09	-0.6131	-0.4356	0.5737	-0.3245	158.46	252.69	63.85
2026-06-18T16:40:49.6284553+08:00	0x07	0.6437	-0.2045	-0.7019	-0.2262	176.19	276.16	324.66
2026-06-18T16:40:49.7753538+08:00	0x04	0.3779	0.3429	-0.2230	0.8306	349.75	39.93	51.33
2026-06-18T16:40:49.8904014+08:00	0x08	0.5444	0.5179	-0.4904	0.4415	119.39	210.68	81.36
2026-06-18T16:40:50.0185321+08:00	0x01	0.2776	0.3657	-0.5681	0.6830	289.29	17.66	52.63
2026-06-18T16:40:50.1087771+08:00	0x02	0.1630	-0.2597	0.4518	0.8378	51.30	340.48	30.51
2026-06-18T16:40:50.1595030+08:00	0x09	-0.6142	-0.4344	0.5744	-0.3226	158.53	252.77	63.55
2026-06-18T16:40:50.2069028+08:00	0x07	0.6446	-0.2037	-0.7015	-0.2255	176.22	276.05	324.79
2026-06-18T16:40:50.3071811+08:00	0x04	0.3557	0.3599	-0.1741	0.8448	356.81	44.78	46.57
2026-06-18T16:40:50.3897317+08:00	0x06	0.4433	-0.5508	-0.4742	-0.5247	3.38	89.90	279.06
2026-06-18T16:40:50.6568763+08:00	0x09	-0.6145	-0.4334	0.5754	-0.3216	158.73	253.01	63.39
2026-06-18T16:40:50.7236962+08:00	0x02	0.1627	-0.2619	0.4487	0.8388	50.80	340.09	30.53
2026-06-18T16:40:50.7426461+08:00	0x07	0.6449	-0.2013	-0.7025	-0.2236	176.19	276.09	325.16
2026-06-18T16:40:50.8239400+08:00	0x04	0.3437	0.3700	-0.1480	0.8503	0.21	47.11	43.95
2026-06-18T16:40:50.9241670+08:00	0x01	0.2750	0.3704	-0.5617	0.6868	290.99	19.19	52.54
2026-06-18T16:40:50.9855316+08:00	0x08	0.5458	0.5159	-0.4923	0.4399	121.83	213.12	81.20
2026-06-18T16:40:51.1401978+08:00	0x09	-0.6146	-0.4331	0.5757	-0.3213	158.78	253.07	63.34
2026-06-18T16:40:51.3065844+08:00	0x02	0.1603	-0.2603	0.4439	0.8423	50.15	339.99	30.08
2026-06-18T16:40:51.3574685+08:00	0x03	0.2456	0.3406	-0.2532	0.8716	339.96	35.94	36.91
2026-06-18T16:40:51.5416996+08:00	0x08	0.5451	0.5159	-0.4926	0.4405	121.76	213.09	81.31
2026-06-18T16:40:51.5742610+08:00	0x01	0.2697	0.3720	-0.5599	0.6895	291.72	20.06	52.04
2026-06-18T16:40:51.8146820+08:00	0x02	0.1563	-0.2627	0.4423	0.8432	49.86	339.46	29.73
2026-06-18T16:40:51.8746373+08:00	0x07	0.6442	-0.1996	-0.7040	-0.2226	176.08	276.30	325.40
2026-06-18T16:40:51.9183562+08:00	0x03	0.2456	0.3406	-0.2532	0.8716	339.96	35.94	36.91
2026-06-18T16:40:52.0237618+08:00	0x01	0.2726	0.3691	-0.5584	0.6911	291.76	19.56	52.09
2026-06-18T16:40:52.0737147+08:00	0x08	0.5455	0.5138	-0.4951	0.4396	124.28	215.65	81.28
2026-06-18T16:40:52.1777120+08:00	0x06	0.2947	-0.6395	-0.3321	-0.6276	3.77	89.21	307.37
2026-06-18T16:40:52.3077695+08:00	0x02	0.1536	-0.2635	0.4413	0.8439	49.69	339.20	29.46
2026-06-18T16:40:52.4087655+08:00	0x07	0.6437	-0.1983	-0.7051	-0.2218	176.00	276.45	325.58
2026-06-18T16:40:52.4446681+08:00	0x03	0.2456	0.3406	-0.2532	0.8716	339.96	35.94	36.91
2026-06-18T16:40:52.5401709+08:00	0x01	0.2730	0.3699	-0.5582	0.6907	291.81	19.65	52.19
2026-06-18T16:40:52.6460123+08:00	0x08	0.5461	0.5126	-0.4965	0.4388	125.79	217.18	81.20
2026-06-18T16:40:52.7625870+08:00	0x06	0.2685	-0.6504	-0.3065	-0.6411	3.74	89.16	312.02
2026-06-18T16:40:52.9266586+08:00	0x02	0.1536	-0.2659	0.4405	0.8436	49.52	338.90	29.57
2026-06-18T16:40:52.9564592+08:00	0x07	0.6437	-0.1988	-0.7048	-0.2222	176.01	276.43	325.50
2026-06-18T16:40:53.1205067+08:00	0x01	0.2729	0.3710	-0.5567	0.6914	292.18	19.97	52.22
2026-06-18T16:40:53.1444392+08:00	0x04	0.3163	0.3979	-0.0825	0.8572	7.99	52.51	37.44
2026-06-18T16:40:53.2124129+08:00	0x08	0.5465	0.5119	-0.4972	0.4383	126.56	217.96	81.14
2026-06-18T16:40:53.2573574+08:00	0x06	0.2693	-0.6501	-0.3073	-0.6407	3.74	89.16	311.88
2026-06-18T16:40:53.3463411+08:00	0x09	-0.6133	-0.4308	0.5781	-0.3228	159.75	254.04	63.37
2026-06-18T16:40:53.4735275+08:00	0x07	0.6434	-0.1995	-0.7047	-0.2229	176.00	276.46	325.40
2026-06-18T16:40:53.5434450+08:00	0x03	0.2456	0.3406	-0.2532	0.8716	339.96	35.94	36.91
2026-06-18T16:40:53.7041922+08:00	0x01	0.2739	0.3726	-0.5547	0.6917	292.62	20.30	52.40
2026-06-18T16:40:53.7411218+08:00	0x08	0.5464	0.5114	-0.4979	0.4382	127.13	218.55	81.16
2026-06-18T16:40:53.8240663+08:00	0x09	-0.6132	-0.4304	0.5785	-0.3227	159.85	254.15	63.34
2026-06-18T16:40:54.0577358+08:00	0x02	0.1548	-0.2692	0.4414	0.8419	49.56	338.59	29.89
2026-06-18T16:40:54.0962222+08:00	0x07	0.6435	-0.1979	-0.7054	-0.2215	175.98	276.50	325.65
2026-06-18T16:40:54.2033374+08:00	0x01	0.2724	0.3744	-0.5525	0.6931	293.23	20.89	52.30
2026-06-18T16:40:54.2951645+08:00	0x08	0.5462	0.5113	-0.4981	0.4384	127.28	218.70	81.20
2026-06-18T16:40:54.3742733+08:00	0x06	0.2534	-0.6562	-0.2916	-0.6482	3.71	89.15	314.67
2026-06-18T16:40:54.5617924+08:00	0x07	0.6439	-0.1966	-0.7058	-0.2204	175.99	276.48	325.85
2026-06-18T16:40:54.6816145+08:00	0x04	0.3350	0.3892	0.0873	0.8536	28.32	56.83	30.26
2026-06-18T16:40:54.8309139+08:00	0x08	0.5382	0.5125	-0.4982	0.4466	125.39	216.88	82.49
2026-06-18T16:40:54.9250735+08:00	0x06	0.2314	-0.6636	-0.2697	-0.6583	3.68	89.07	318.50
2026-06-18T16:40:54.9742032+08:00	0x09	-0.6088	-0.4263	0.5831	-0.3279	162.03	256.31	63.70
2026-06-18T16:40:55.0914737+08:00	0x07	0.6371	-0.1875	-0.7157	-0.2163	175.17	278.08	327.04
2026-06-18T16:40:55.2618741+08:00	0x04	0.3346	0.3896	0.0822	0.8541	27.75	56.75	30.50
2026-06-18T16:40:55.3903501+08:00	0x08	0.5335	0.5109	-0.5033	0.4483	128.95	220.81	83.06
2026-06-18T16:40:55.4746745+08:00	0x09	-0.6060	-0.4230	0.5883	-0.3284	163.51	258.04	63.59
2026-06-18T16:40:55.6412464+08:00	0x07	0.6358	-0.1828	-0.7182	-0.2157	174.74	278.50	327.53
2026-06-18T16:40:55.6743024+08:00	0x03	0.2456	0.3406	-0.2532	0.8716	339.96	35.94	36.91
2026-06-18T16:40:55.7597960+08:00	0x04	0.3476	0.3196	0.5008	0.7254	74.85	55.69	10.61
2026-06-18T16:40:55.8775673+08:00	0x01	0.2724	0.3743	-0.5525	0.6931	293.21	20.87	52.31
2026-06-18T16:40:55.9741736+08:00	0x08	0.5366	0.5089	-0.5059	0.4440	132.17	224.13	82.49
2026-06-18T16:40:56.0244918+08:00	0x06	0.2251	-0.6557	-0.2717	-0.6675	5.14	87.06	318.95
2026-06-18T16:40:56.0912558+08:00	0x09	-0.6080	-0.4219	0.5891	-0.3244	163.20	257.83	63.07
2026-06-18T16:40:56.1942431+08:00	0x07	0.6372	-0.1824	-0.7167	-0.2170	174.65	278.29	327.46
2026-06-18T16:40:56.3412952+08:00	0x01	0.1661	0.4030	-0.8977	0.0637	178.32	338.29	48.14
2026-06-18T16:40:56.4581596+08:00	0x04	0.4024	0.1207	0.1109	0.9007	24.51	25.37	44.27
2026-06-18T16:40:56.4947795+08:00	0x08	0.5368	0.5124	-0.5025	0.4437	127.95	219.92	82.41
2026-06-18T16:40:56.5916545+08:00	0x06	0.2098	-0.6559	-0.2562	-0.6784	5.30	86.23	321.64
2026-06-18T16:40:56.6275528+08:00	0x09	-0.6086	-0.4256	0.5873	-0.3218	161.98	256.84	63.08
2026-06-18T16:40:56.7143348+08:00	0x02	0.1548	-0.2691	0.4414	0.8419	49.56	338.60	29.88
2026-06-18T16:40:56.9348096+08:00	0x04	0.4143	0.0158	-0.0788	0.9066	348.61	356.81	48.91
2026-06-18T16:40:57.0767401+08:00	0x08	0.5356	0.5152	-0.5016	0.4428	125.55	217.76	82.39
2026-06-18T16:40:57.1446054+08:00	0x09	-0.6103	-0.4273	0.5864	-0.3180	161.04	256.07	62.77
2026-06-18T16:40:57.3284286+08:00	0x07	0.6408	-0.1783	-0.7147	-0.2162	174.54	277.81	327.86
2026-06-18T16:40:57.4414286+08:00	0x04	0.4136	-0.0292	-0.1902	0.8899	328.22	342.30	46.47
2026-06-18T16:40:57.5437274+08:00	0x01	0.1543	0.4019	-0.9010	0.0539	177.70	339.54	47.80
2026-06-18T16:40:57.6254438+08:00	0x09	-0.6075	-0.4245	0.5904	-0.3196	162.37	257.55	62.83
2026-06-18T16:40:57.8261432+08:00	0x07	0.6394	-0.1743	-0.7173	-0.2151	174.23	278.20	328.32
2026-06-18T16:40:57.8427839+08:00	0x03	0.2456	0.3406	-0.2532	0.8716	339.96	35.94	36.91
2026-06-18T16:40:58.0084559+08:00	0x04	0.4137	-0.0279	-0.1869	0.8906	328.80	342.70	46.59
2026-06-18T16:40:58.1590539+08:00	0x08	0.5356	0.5149	-0.5024	0.4422	126.28	218.54	82.36
2026-06-18T16:40:58.1916860+08:00	0x09	-0.6093	-0.4247	0.5895	-0.3176	161.88	257.04	62.59
2026-06-18T16:40:58.4254981+08:00	0x03	0.2456	0.3406	-0.2532	0.8716	339.96	35.94	36.91
2026-06-18T16:40:58.4434527+08:00	0x07	0.6422	-0.1744	-0.7154	-0.2130	174.56	277.71	328.46
2026-06-18T16:40:58.6424531+08:00	0x08	0.5370	0.5151	-0.5013	0.4417	125.70	217.87	82.19
2026-06-18T16:40:58.6955872+08:00	0x09	-0.6116	-0.4243	0.5887	-0.3151	161.46	256.55	62.26
2026-06-18T16:40:58.7917184+08:00	0x06	0.1977	-0.6628	-0.2364	-0.6824	4.27	86.95	324.32
2026-06-18T16:40:58.9089315+08:00	0x02	0.0309	0.0338	-0.1708	0.9842	340.43	3.22	4.15
2026-06-18T16:40:59.1083433+08:00	0x04	0.4069	-0.0743	-0.2812	0.8659	313.01	331.47	41.52
2026-06-18T16:40:59.1417700+08:00	0x03	0.2456	0.3406	-0.2532	0.8716	339.96	35.94	36.91
2026-06-18T16:40:59.1753761+08:00	0x07	0.6428	-0.1752	-0.7148	-0.2126	174.70	277.58	328.42
2026-06-18T16:40:59.2291461+08:00	0x09	-0.6108	-0.4240	0.5896	-0.3155	161.71	256.86	62.30
2026-06-18T16:40:59.3853005+08:00	0x06	0.1969	-0.6622	-0.2360	-0.6834	4.35	86.80	324.43
2026-06-18T16:40:59.4285059+08:00	0x02	0.0286	0.0483	-0.1156	0.9917	346.88	5.13	3.89
2026-06-18T16:40:59.4980230+08:00	0x07	0.6417	-0.1734	-0.7162	-0.2125	174.50	277.83	328.59
2026-06-18T16:40:59.5421088+08:00	0x03	0.2456	0.3406	-0.2532	0.8716	339.96	35.94	36.91
2026-06-18T16:40:59.6248306+08:00	0x04	0.3885	-0.1294	-0.3865	0.8264	298.37	322.28	32.83
2026-06-18T16:40:59.6748575+08:00	0x03	0.2456	0.3406	-0.2532	0.8716	339.96	35.94	36.91
2026-06-18T16:40:59.7586060+08:00	0x08	0.5352	0.5145	-0.5032	0.4423	126.93	219.24	82.42
2026-06-18T16:40:59.8109202+08:00	0x09	-0.6108	-0.4223	0.5913	-0.3145	162.08	257.29	62.09
2026-06-18T16:40:59.9457075+08:00	0x06	0.1953	-0.6619	-0.2343	-0.6848	4.39	86.65	324.72
2026-06-18T16:40:59.9931705+08:00	0x02	0.0236	0.0520	-0.1070	0.9926	347.86	5.64	3.32
2026-06-18T16:41:00.0977515+08:00	0x07	0.6421	-0.1719	-0.7166	-0.2113	174.50	277.82	328.82
2026-06-18T16:41:00.2267004+08:00	0x08	0.5356	0.5146	-0.5027	0.4423	126.65	218.91	82.38
2026-06-18T16:41:00.3084815+08:00	0x09	-0.6108	-0.4224	0.5912	-0.3146	162.07	257.28	62.10
2026-06-18T16:41:00.4624769+08:00	0x06	0.1923	-0.6644	-0.2310	-0.6843	4.22	86.99	325.24
2026-06-18T16:41:00.5921292+08:00	0x02	0.0182	0.0594	-0.1082	0.9922	347.71	6.55	2.81
2026-06-18T16:41:00.6769009+08:00	0x04	0.3809	-0.1454	-0.4169	0.8124	294.69	320.32	29.85
2026-06-18T16:41:00.8090434+08:00	0x08	0.5388	0.5160	-0.4993	0.4406	124.35	216.41	81.93
2026-06-18T16:41:00.9250562+08:00	0x06	0.1941	-0.6684	-0.2305	-0.6800	3.78	87.83	325.10
2026-06-18T16:41:00.9589777+08:00	0x01	0.1372	0.4007	-0.9040	0.0578	179.53	342.54	47.76
2026-06-18T16:41:01.0921994+08:00	0x02	0.1031	0.3411	-0.0937	0.9297	353.83	39.49	14.81
2026-06-18T16:41:01.1624825+08:00	0x07	0.6451	-0.1756	-0.7130	-0.2115	174.96	277.15	328.45
2026-06-18T16:41:01.2038283+08:00	0x04	0.2389	-0.4368	-0.3419	0.7970	310.87	300.40	4.72
2026-06-18T16:41:01.3278288+08:00	0x08	0.5392	0.5175	-0.4971	0.4408	122.29	214.28	81.84
2026-06-18T16:41:01.5461898+08:00	0x06	0.1945	-0.6702	-0.2299	-0.6784	3.58	88.18	325.11
2026-06-18T16:41:01.6792343+08:00	0x02	0.0088	0.5129	0.0849	0.8542	8.89	61.64	355.86
2026-06-18T16:41:01.7595253+08:00	0x04	0.0562	-0.5756	-0.3564	0.7338	321.52	290.52	340.86
2026-06-18T16:41:01.8757265+08:00	0x01	-0.1958	0.4094	-0.8054	0.3813	244.22	46.86	30.68
2026-06-18T16:41:01.9092699+08:00	0x09	-0.6147	-0.4244	0.5881	-0.3101	160.66	255.85	61.70
2026-06-18T16:41:02.0216373+08:00	0x06	0.1999	-0.6677	-0.2348	-0.6775	3.62	88.00	324.23
2026-06-18T16:41:02.1934511+08:00	0x02	0.0212	0.5136	0.2788	0.8112	29.34	60.84	345.40
2026-06-18T16:41:02.2424544+08:00	0x07	0.6460	-0.1736	-0.7127	-0.2113	174.83	277.08	328.65
2026-06-18T16:41:02.3124386+08:00	0x03	0.2456	0.3406	-0.2532	0.8716	339.96	35.94	36.91
2026-06-18T16:41:02.4636176+08:00	0x09	-0.6152	-0.4234	0.5880	-0.3108	160.88	255.93	61.68
2026-06-18T16:41:02.5156984+08:00	0x06	0.1975	-0.6664	-0.2347	-0.6796	3.93	87.61	324.47
2026-06-18T16:41:02.7603544+08:00	0x02	0.0401	0.5128	0.2559	0.8185	27.98	61.30	348.65
2026-06-18T16:41:02.7922683+08:00	0x07	0.6446	-0.1756	-0.7136	-0.2107	175.00	277.24	328.51
2026-06-18T16:41:02.8597825+08:00	0x04	0.1170	-0.5995	-0.3274	0.7209	321.08	285.10	347.06
2026-06-18T16:41:02.9915719+08:00	0x09	-0.6229	-0.4212	0.5826	-0.3085	160.03	254.32	61.06
2026-06-18T16:41:03.0969539+08:00	0x06	0.1936	-0.6637	-0.2351	-0.6832	4.51	86.91	324.79
2026-06-18T16:41:03.1603059+08:00	0x08	0.5336	0.5038	-0.5099	0.4488	138.18	229.97	83.11
2026-06-18T16:41:03.3262333+08:00	0x07	0.6438	-0.1770	-0.7140	-0.2108	175.07	277.32	328.39
2026-06-18T16:41:03.3431867+08:00	0x02	0.0656	0.5069	0.2137	0.8325	25.14	61.29	353.84
2026-06-18T16:41:03.4938343+08:00	0x04	0.2213	-0.5527	-0.1324	0.7925	332.34	287.30	11.79
2026-06-18T16:41:03.5759446+08:00	0x08	0.5364	0.5099	-0.5029	0.4465	129.68	221.39	82.69
2026-06-18T16:41:03.6754954+08:00	0x06	0.1945	-0.6658	-0.2353	-0.6808	4.31	87.34	324.68
2026-06-18T16:41:03.8761333+08:00	0x02	0.0661	0.5063	0.2070	0.8345	24.49	61.26	354.30
2026-06-18T16:41:03.9467933+08:00	0x04	0.2396	-0.5407	-0.1091	0.7990	333.29	288.16	15.36
2026-06-18T16:41:04.0438112+08:00	0x01	-0.2207	0.3858	-0.6055	0.6602	279.90	52.09	10.13
2026-06-18T16:41:04.1102183+08:00	0x08	0.5351	0.5146	-0.5004	0.4454	125.02	217.01	82.63
2026-06-18T16:41:04.1602468+08:00	0x09	-0.6194	-0.4213	0.5842	-0.3124	160.78	255.14	61.55
2026-06-18T16:41:04.3430167+08:00	0x07	0.6441	-0.1778	-0.7136	-0.2105	175.19	277.23	328.34
2026-06-18T16:41:04.4433585+08:00	0x03	0.2456	0.3406	-0.2532	0.8716	339.96	35.94	36.91
2026-06-18T16:41:04.5116166+08:00	0x04	0.2582	-0.5091	-0.0742	0.8177	335.81	291.80	20.28
2026-06-18T16:41:04.6772716+08:00	0x08	0.5275	0.5189	-0.4987	0.4514	118.97	211.19	83.62
2026-06-18T16:41:04.7609090+08:00	0x06	0.2005	-0.6582	-0.2449	-0.6831	5.05	86.20	323.39
2026-06-18T16:41:04.9317338+08:00	0x07	0.6400	-0.1713	-0.7194	-0.2086	174.59	278.19	329.11
2026-06-18T16:41:04.9557414+08:00	0x02	-0.1014	0.1379	0.1771	0.9692	18.98	13.81	345.80
2026-06-18T16:41:05.0763324+08:00	0x03	0.2456	0.3406	-0.2532	0.8716	339.96	35.94	36.91
2026-06-18T16:41:05.2486551+08:00	0x09	-0.6176	-0.4158	0.5899	-0.3124	162.46	256.94	61.23
2026-06-18T16:41:05.3444065+08:00	0x06	0.1975	-0.6555	-0.2438	-0.6869	5.42	85.54	323.77
2026-06-18T16:41:05.4761854+08:00	0x07	0.6383	-0.1687	-0.7217	-0.2081	174.34	278.57	329.39
2026-06-18T16:41:05.5435373+08:00	0x03	0.2456	0.3406	-0.2532	0.8716	339.96	35.94	36.91
2026-06-18T16:41:05.5934456+08:00	0x02	-0.0965	0.1497	0.1785	0.9677	19.03	15.24	346.10
2026-06-18T16:41:05.6097804+08:00	0x04	0.2576	-0.5101	-0.0753	0.8172	335.73	291.68	20.14
2026-06-18T16:41:05.7284521+08:00	0x01	0.1797	0.3067	-0.6234	0.6965	281.79	15.21	39.24
2026-06-18T16:41:05.7778155+08:00	0x09	-0.6178	-0.4170	0.5897	-0.3110	162.07	256.68	61.17
2026-06-18T16:41:05.8604390+08:00	0x06	0.1942	-0.6615	-0.2367	-0.6846	4.73	86.53	324.61
2026-06-18T16:41:05.9272178+08:00	0x02	-0.0553	-0.1432	0.2579	0.9539	30.54	342.43	358.19
2026-06-18T16:41:06.0090788+08:00	0x07	0.6414	-0.1692	-0.7190	-0.2075	174.58	278.01	329.38
2026-06-18T16:41:06.0776151+08:00	0x03	0.2456	0.3406	-0.2532	0.8716	339.96	35.94	36.91
2026-06-18T16:41:06.1473470+08:00	0x04	0.3989	0.0792	-0.5311	0.7433	279.20	335.43	42.62
2026-06-18T16:41:06.2278949+08:00	0x01	0.2404	0.2994	-0.6087	0.6943	281.56	9.90	44.29
2026-06-18T16:41:06.3263695+08:00	0x08	0.5365	0.5170	-0.4977	0.4440	122.22	214.19	82.33
2026-06-18T16:41:06.4264543+08:00	0x06	0.1914	-0.6676	-0.2313	-0.6813	4.16	87.53	325.28
2026-06-18T16:41:06.5099689+08:00	0x02	-0.0274	-0.2923	0.3607	0.8853	41.56	327.01	9.35
2026-06-18T16:41:06.6437439+08:00	0x03	0.2456	0.3406	-0.2532	0.8716	339.96	35.94	36.91
2026-06-18T16:41:06.7145568+08:00	0x01	0.2905	0.3437	-0.5879	0.6722	283.32	11.44	52.63
2026-06-18T16:41:06.7605850+08:00	0x07	0.6474	-0.1751	-0.7122	-0.2073	175.40	276.74	328.82
2026-06-18T16:41:06.8608617+08:00	0x08	0.5390	0.5165	-0.4979	0.4413	123.21	215.17	81.94
2026-06-18T16:41:06.9442968+08:00	0x06	0.1923	-0.6706	-0.2285	-0.6791	3.65	88.15	325.42
2026-06-18T16:41:07.0820662+08:00	0x02	0.0433	-0.2804	0.3868	0.8774	43.19	331.34	17.03
2026-06-18T16:41:07.1474177+08:00	0x07	0.6463	-0.1770	-0.7113	-0.2124	175.05	276.89	328.25
2026-06-18T16:41:07.2104679+08:00	0x03	0.2456	0.3406	-0.2532	0.8716	339.96	35.94	36.91
2026-06-18T16:41:07.2310977+08:00	0x04	0.3369	0.2069	-0.5084	0.7650	291.85	357.83	46.53
2026-06-18T16:41:07.3438388+08:00	0x01	0.3660	0.3804	-0.5752	0.6249	279.07	6.99	63.51
2026-06-18T16:41:07.3960952+08:00	0x09	-0.6197	-0.4215	0.5887	-0.3029	160.23	255.42	60.65
2026-06-18T16:41:07.5274327+08:00	0x06	0.1980	-0.6650	-0.2225	-0.6849	2.88	87.42	325.45
2026-06-18T16:41:07.5938003+08:00	0x02	0.1739	-0.3334	0.3793	0.8454	38.87	328.95	33.16
2026-06-18T16:41:07.6644111+08:00	0x07	0.6414	-0.1730	-0.7086	-0.2377	172.09	278.07	326.62
2026-06-18T16:41:07.7271798+08:00	0x03	0.2456	0.3406	-0.2532	0.8716	339.96	35.94	36.91
2026-06-18T16:41:07.7935962+08:00	0x01	0.3638	0.3793	-0.5757	0.6264	279.24	7.18	63.19
2026-06-18T16:41:07.9777072+08:00	0x09	-0.6499	-0.4127	0.5920	-0.2384	155.03	252.05	52.99
2026-06-18T16:41:08.0106176+08:00	0x08	0.4877	0.4585	-0.6168	0.4141	195.06	295.08	75.82
2026-06-18T16:41:08.0275726+08:00	0x06	0.2034	-0.6589	-0.2041	-0.6948	1.08	86.64	326.52
2026-06-18T16:41:08.1821888+08:00	0x02	0.2414	-0.4020	0.2733	0.8399	19.85	315.87	38.70
2026-06-18T16:41:08.3014330+08:00	0x03	0.2456	0.3406	-0.2532	0.8716	339.96	35.94	36.91
2026-06-18T16:41:08.3464991+08:00	0x04	0.3575	0.4229	-0.3131	0.7716	341.75	47.95	54.74
2026-06-18T16:41:08.5521811+08:00	0x09	-0.6875	-0.3958	0.5849	-0.1692	151.19	248.90	44.08
2026-06-18T16:41:08.6713365+08:00	0x08	0.5414	0.3885	-0.6752	0.3163	180.75	282.99	60.12
2026-06-18T16:41:08.7321720+08:00	0x02	0.1338	-0.4947	0.0037	0.8587	352.55	299.22	13.50
2026-06-18T16:41:08.7711457+08:00	0x07	0.6464	-0.1636	-0.6890	-0.2839	167.10	277.90	323.67
2026-06-18T16:41:08.8101132+08:00	0x03	0.2456	0.3406	-0.2532	0.8716	339.96	35.94	36.91
2026-06-18T16:41:08.8808835+08:00	0x01	0.5133	0.3724	-0.6315	0.4462	209.18	301.77	68.18
2026-06-18T16:41:09.0048459+08:00	0x09	-0.6898	-0.3855	0.5906	-0.1637	152.47	250.14	42.94
2026-06-18T16:41:09.0983419+08:00	0x06	0.2027	-0.6558	-0.1867	-0.7028	359.77	86.10	328.00
2026-06-18T16:41:09.2796053+08:00	0x02	0.1388	-0.5154	0.0565	0.8438	357.14	296.74	17.00
2026-06-18T16:41:09.3308653+08:00	0x07	0.6442	-0.1631	-0.6892	-0.2889	166.45	278.37	323.34
2026-06-18T16:41:09.3954878+08:00	0x03	0.2456	0.3406	-0.2532	0.8716	339.96	35.94	36.91
2026-06-18T16:41:09.5188185+08:00	0x09	-0.6958	-0.3773	0.5917	-0.1527	152.75	250.34	41.23
2026-06-18T16:41:09.6311975+08:00	0x06	0.2053	-0.6542	-0.1872	-0.7034	359.65	85.95	327.74
2026-06-18T16:41:09.7276500+08:00	0x02	0.1670	-0.5102	0.0717	0.8406	356.94	296.93	20.73
2026-06-18T16:41:09.8127403+08:00	0x07	0.6446	-0.1628	-0.6878	-0.2912	166.21	278.33	323.17
2026-06-18T16:41:09.9135656+08:00	0x03	0.2456	0.3406	-0.2532	0.8716	339.96	35.94	36.91
2026-06-18T16:41:09.9831820+08:00	0x01	0.5486	0.3508	-0.6503	0.3913	195.48	289.09	62.32
2026-06-18T16:41:10.0643285+08:00	0x09	-0.7006	-0.3683	0.5946	-0.1411	153.17	250.86	39.47
2026-06-18T16:41:10.2108280+08:00	0x08	0.5400	0.3907	-0.6737	0.3193	180.97	283.14	60.60
2026-06-18T16:41:10.3780228+08:00	0x02	0.1683	-0.5088	0.0731	0.8411	357.04	297.11	20.95
2026-06-18T16:41:10.4444410+08:00	0x04	0.1802	0.6562	0.0576	0.7304	19.05	85.69	10.82
2026-06-18T16:41:10.5454514+08:00	0x01	0.5446	0.3552	-0.6499	0.3936	195.91	289.85	62.91
2026-06-18T16:41:10.6474223+08:00	0x08	0.6313	0.2102	-0.7413	0.0884	171.47	277.27	25.04
2026-06-18T16:41:10.6613777+08:00	0x09	-0.7022	-0.3660	0.5956	-0.1352	153.10	251.00	38.74
2026-06-18T16:41:10.8944795+08:00	0x07	0.6474	-0.1618	-0.6824	-0.2984	165.60	277.90	322.61
2026-06-18T16:41:10.9787667+08:00	0x04	0.1536	0.6581	0.0795	0.7328	18.72	84.99	6.92
2026-06-18T16:41:11.1273105+08:00	0x01	0.5566	0.3418	-0.6558	0.3785	193.58	287.28	60.43
2026-06-18T16:41:11.1647509+08:00	0x08	0.6430	0.1728	-0.7450	0.0413	170.27	276.85	18.09
2026-06-18T16:41:11.2699489+08:00	0x06	0.2002	-0.6576	-0.1738	-0.7051	358.79	86.34	329.27
2026-06-18T16:41:11.4454529+08:00	0x02	0.1668	-0.5144	0.0665	0.8386	356.33	296.29	20.37
2026-06-18T16:41:11.4953631+08:00	0x07	0.6482	-0.1623	-0.6822	-0.2967	165.85	277.73	322.69
2026-06-18T16:41:11.5786138+08:00	0x03	0.2456	0.3406	-0.2532	0.8716	339.96	35.94	36.91
2026-06-18T16:41:11.7282472+08:00	0x09	-0.7091	-0.3522	0.5986	-0.1221	153.93	251.61	36.49
2026-06-18T16:41:11.7491958+08:00	0x08	0.6514	0.1450	-0.7447	0.0090	169.61	276.45	13.16
2026-06-18T16:41:12.0297107+08:00	0x07	0.6477	-0.1620	-0.6825	-0.2972	165.75	277.83	322.69
2026-06-18T16:41:12.0616294+08:00	0x04	0.1543	0.6583	0.0762	0.7328	18.50	85.04	7.23
2026-06-18T16:41:12.2782218+08:00	0x09	-0.7086	-0.3505	0.6002	-0.1216	154.18	251.91	36.37
2026-06-18T16:41:12.3486200+08:00	0x01	0.5575	0.3353	-0.6588	0.3778	194.21	287.70	59.66
2026-06-18T16:41:12.3942092+08:00	0x06	0.2015	-0.6550	-0.1762	-0.7067	359.00	85.93	328.97
2026-06-18T16:41:12.5611830+08:00	0x02	0.1640	-0.5173	0.0680	0.8372	356.60	295.97	20.18
2026-06-18T16:41:12.6447394+08:00	0x04	0.1427	0.6640	0.0892	0.7286	18.71	85.53	5.14
2026-06-18T16:41:12.7285751+08:00	0x01	0.5657	0.3295	-0.6576	0.3728	193.11	286.00	58.78
2026-06-18T16:41:12.7963886+08:00	0x09	-0.7305	-0.3638	0.5646	-0.1236	150.92	245.69	36.26
2026-06-18T16:41:12.9286618+08:00	0x06	0.1860	-0.6629	-0.1765	-0.7034	0.11	86.58	330.28
2026-06-18T16:41:13.1114933+08:00	0x02	0.1687	-0.5221	0.0462	0.8347	353.98	294.92	19.26
2026-06-18T16:41:13.2109976+08:00	0x01	0.5782	0.3178	-0.6640	0.3518	190.27	283.38	55.99
2026-06-18T16:41:13.3285186+08:00	0x09	-0.6688	-0.3316	0.6352	-0.1981	164.70	260.94	43.34
2026-06-18T16:41:13.4283581+08:00	0x06	0.1842	-0.6669	-0.1990	-0.6940	2.05	87.14	328.60
2026-06-18T16:41:13.5832275+08:00	0x02	0.1866	-0.4937	0.0740	0.8461	356.33	298.73	22.88
2026-06-18T16:41:13.6791506+08:00	0x07	0.6314	-0.1848	-0.7053	-0.2641	170.03	279.62	323.54
2026-06-18T16:41:13.7806366+08:00	0x01	0.4954	0.3372	-0.7040	0.3811	202.78	302.60	58.47
2026-06-18T16:41:13.8617516+08:00	0x09	-0.6719	-0.3128	0.6403	-0.2020	167.40	262.36	42.22
2026-06-18T16:41:13.9285523+08:00	0x08	0.7062	0.2209	-0.6516	0.1670	173.64	263.60	31.58
2026-06-18T16:41:14.0294559+08:00	0x06	0.1784	-0.6622	-0.2134	-0.6958	4.11	85.99	327.93
2026-06-18T16:41:14.1157972+08:00	0x02	0.1460	-0.3589	0.1110	0.9152	6.02	318.26	20.30
2026-06-18T16:41:14.2162171+08:00	0x07	0.6240	-0.1928	-0.7104	-0.2622	170.50	280.59	323.05
2026-06-18T16:41:14.2952886+08:00	0x01	0.4463	0.3295	-0.7619	0.3342	201.04	309.90	53.18
2026-06-18T16:41:14.3291990+08:00	0x03	0.2456	0.3406	-0.2532	0.8716	339.96	35.94	36.91
2026-06-18T16:41:14.4558102+08:00	0x09	-0.6675	-0.2799	0.6608	-0.1989	171.75	266.46	39.44
2026-06-18T16:41:14.6284039+08:00	0x06	0.1433	-0.6686	-0.1924	-0.7038	5.12	85.82	332.67
2026-06-18T16:41:14.6784135+08:00	0x02	0.1081	-0.3709	0.1482	0.9104	11.50	317.48	17.87
2026-06-18T16:41:14.8140910+08:00	0x07	0.6041	-0.2086	-0.7162	-0.2803	168.81	283.75	320.40
2026-06-18T16:41:14.8634636+08:00	0x04	0.1441	0.6646	0.0852	0.7282	18.49	85.68	5.54
2026-06-18T16:41:14.9322164+08:00	0x09	-0.6611	-0.2657	0.6721	-0.2016	174.10	268.87	38.59
2026-06-18T16:41:14.9794990+08:00	0x03	0.2456	0.3406	-0.2532	0.8716	339.96	35.94	36.91
2026-06-18T16:41:15.0285010+08:00	0x08	0.6789	0.2637	-0.6483	0.2221	174.75	265.44	40.05
2026-06-18T16:41:15.1452823+08:00	0x06	0.1595	-0.6627	-0.2130	-0.7001	5.78	85.29	329.63
2026-06-18T16:41:15.2172684+08:00	0x02	0.1224	-0.3744	0.0747	0.9161	2.71	315.93	16.27
2026-06-18T16:41:15.3113348+08:00	0x04	0.1269	0.6655	0.0114	0.7354	10.86	85.23	9.87
2026-06-18T16:41:15.4073310+08:00	0x07	0.6102	-0.2037	-0.7157	-0.2720	169.63	282.73	321.43
2026-06-18T16:41:15.4639248+08:00	0x09	-0.6791	-0.2702	0.6550	-0.1920	171.59	265.03	37.93
2026-06-18T16:41:15.5951627+08:00	0x08	0.6621	0.3311	-0.6126	0.2770	171.04	261.32	50.58
2026-06-18T16:41:15.7642614+08:00	0x02	0.1219	-0.3743	0.0770	0.9160	2.97	315.97	16.32
2026-06-18T16:41:15.9115858+08:00	0x04	0.2252	0.7031	0.1351	0.6608	29.87	95.20	6.18
2026-06-18T16:41:15.9991331+08:00	0x03	0.2456	0.3406	-0.2532	0.8716	339.96	35.94	36.91
2026-06-18T16:41:16.1145280+08:00	0x08	0.6372	0.3888	-0.5795	0.3271	166.48	256.72	60.17
2026-06-18T16:41:16.2665896+08:00	0x06	0.2090	-0.6567	-0.2498	-0.6802	4.73	86.37	322.24
2026-06-18T16:41:16.3121627+08:00	0x02	0.4796	-0.1362	-0.3376	0.7984	294.98	312.89	42.37
2026-06-18T16:41:16.3824441+08:00	0x04	0.2306	0.8129	0.4934	0.2062	54.89	127.25	315.01
2026-06-18T16:41:16.4197474+08:00	0x07	0.6272	-0.2020	-0.7083	-0.2533	172.39	279.51	322.85
2026-06-18T16:41:16.5287379+08:00	0x01	0.4712	0.3864	-0.6658	0.4306	212.33	311.13	66.97
2026-06-18T16:41:16.5957133+08:00	0x09	-0.7089	-0.2546	0.6378	-0.1609	169.23	260.70	33.57
2026-06-18T16:41:16.6963564+08:00	0x08	0.6139	0.4308	-0.5523	0.3639	160.76	251.08	67.33
2026-06-18T16:41:16.7997520+08:00	0x06	0.2050	-0.6603	-0.2445	-0.6799	4.44	86.84	323.02
2026-06-18T16:41:16.8961831+08:00	0x04	0.0711	0.8410	0.5360	0.0209	18.86	165.32	296.04
2026-06-18T16:41:16.9674552+08:00	0x07	0.6271	-0.2046	-0.7071	-0.2549	172.48	279.42	322.48
2026-06-18T16:41:17.0630868+08:00	0x01	0.4777	0.3644	-0.6997	0.3865	203.86	305.70	61.55
2026-06-18T16:41:17.1292581+08:00	0x09	-0.7141	-0.2454	0.6379	-0.1512	169.30	260.48	31.94
2026-06-18T16:41:17.2989531+08:00	0x06	0.1996	-0.6640	-0.2376	-0.6803	4.13	87.28	324.05
2026-06-18T16:41:17.3290328+08:00	0x02	0.5536	-0.0187	-0.3233	0.7672	289.00	314.98	56.86
2026-06-18T16:41:17.4632284+08:00	0x04	-0.0630	0.8549	0.5081	-0.0841	337.90	203.87	300.89
2026-06-18T16:41:17.5348834+08:00	0x07	0.6285	-0.2070	-0.7046	-0.2563	172.65	279.06	322.13
2026-06-18T16:41:17.6293112+08:00	0x01	0.4816	0.3805	-0.6456	0.4544	216.52	311.77	68.27
2026-06-18T16:41:17.6663879+08:00	0x09	-0.7165	-0.2402	0.6387	-0.1449	169.31	260.46	30.96
2026-06-18T16:41:17.7793355+08:00	0x08	0.5841	0.4725	-0.5247	0.4004	150.49	241.22	74.47
2026-06-18T16:41:17.8792580+08:00	0x06	0.1993	-0.6640	-0.2370	-0.6806	4.10	87.26	324.12
2026-06-18T16:41:17.9963010+08:00	0x04	-0.1709	0.8508	0.4706	-0.1599	318.50	220.55	311.75
2026-06-18T16:41:18.0845913+08:00	0x07	0.6283	-0.2071	-0.7046	-0.2565	172.63	279.09	322.10
2026-06-18T16:41:18.1459392+08:00	0x01	0.4868	0.3821	-0.6410	0.4541	215.40	310.19	68.74
2026-06-18T16:41:18.2004110+08:00	0x09	-0.7173	-0.2348	0.6407	-0.1406	169.56	260.72	30.17
2026-06-18T16:41:18.2456486+08:00	0x08	0.5736	0.4835	-0.5173	0.4118	146.33	237.22	76.58
2026-06-18T16:41:18.4425469+08:00	0x02	0.5089	0.0315	-0.2803	0.8133	307.48	334.01	57.71
2026-06-18T16:41:18.4644984+08:00	0x06	0.1982	-0.6624	-0.2368	-0.6826	4.30	86.89	324.25
2026-06-18T16:41:18.5634422+08:00	0x04	-0.2504	0.8323	0.4515	-0.2017	307.93	227.73	319.42
2026-06-18T16:41:18.6470374+08:00	0x07	0.6268	-0.2052	-0.7067	-0.2560	172.42	279.44	322.34
2026-06-18T16:41:18.7162842+08:00	0x01	0.4876	0.3809	-0.6413	0.4538	215.24	309.96	68.60
2026-06-18T16:41:18.7639064+08:00	0x09	-0.7164	-0.2315	0.6433	-0.1389	169.84	261.14	29.80
2026-06-18T16:41:18.8153909+08:00	0x03	0.2456	0.3406	-0.2532	0.8716	339.96	35.94	36.91
2026-06-18T16:41:18.9632814+08:00	0x02	0.5314	0.0378	-0.2495	0.8086	310.53	334.74	61.44
2026-06-18T16:41:19.0314209+08:00	0x04	-0.3204	0.8112	0.4282	-0.2367	300.65	231.63	327.11
2026-06-18T16:41:19.1668725+08:00	0x07	0.6259	-0.2022	-0.7090	-0.2543	172.24	279.73	322.76
2026-06-18T16:41:19.2390591+08:00	0x01	0.4971	0.3695	-0.6534	0.4353	210.06	305.35	66.29
2026-06-18T16:41:19.3296985+08:00	0x09	-0.7167	-0.2301	0.6435	-0.1390	169.99	261.18	29.70
2026-06-18T16:41:19.3632509+08:00	0x08	0.5547	0.4977	-0.5100	0.4296	139.94	231.29	79.80
2026-06-18T16:41:19.5122415+08:00	0x02	0.5325	0.0391	-0.2447	0.8093	311.45	335.34	61.77
2026-06-18T16:41:19.5624316+08:00	0x04	-0.3659	0.7953	0.4094	-0.2569	296.62	233.05	332.40
2026-06-18T16:41:19.6987248+08:00	0x07	0.6266	-0.2009	-0.7091	-0.2533	172.26	279.67	322.96
2026-06-18T16:41:19.8175207+08:00	0x01	0.5026	0.3613	-0.6639	0.4195	206.60	302.66	64.36
2026-06-18T16:41:19.9126245+08:00	0x08	0.5526	0.5024	-0.5056	0.4319	135.83	227.18	80.21
2026-06-18T16:41:20.0318353+08:00	0x06	0.1934	-0.6602	-0.2333	-0.6872	4.57	86.26	324.98
2026-06-18T16:41:20.1209489+08:00	0x04	-0.3875	0.7939	0.3902	-0.2593	295.79	231.85	335.25
2026-06-18T16:41:20.2132697+08:00	0x02	0.6413	-0.0157	-0.2562	0.7231	276.75	296.74	66.84
2026-06-18T16:41:20.2467448+08:00	0x07	0.6276	-0.2006	-0.7086	-0.2526	172.37	279.49	323.04
2026-06-18T16:41:20.3995916+08:00	0x01	0.5046	0.3597	-0.6638	0.4188	206.29	302.17	64.18
2026-06-18T16:41:20.4464649+08:00	0x08	0.5499	0.5066	-0.5017	0.4350	131.90	223.24	80.67
2026-06-18T16:41:20.5001967+08:00	0x03	0.2456	0.3406	-0.2532	0.8716	339.96	35.94	36.91
2026-06-18T16:41:20.5486828+08:00	0x06	0.1929	-0.6618	-0.2318	-0.6864	4.40	86.53	325.13
2026-06-18T16:41:20.6155017+08:00	0x02	0.6179	-0.0185	-0.2730	0.7371	281.60	302.88	64.27
2026-06-18T16:41:20.7202798+08:00	0x07	0.6282	-0.2017	-0.7076	-0.2530	172.46	279.34	322.89
2026-06-18T16:41:20.8999748+08:00	0x09	-0.7210	-0.2251	0.6419	-0.1323	169.85	260.75	28.66
2026-06-18T16:41:20.9139354+08:00	0x01	0.5057	0.3628	-0.6578	0.4243	206.91	302.23	65.00
2026-06-18T16:41:20.9992589+08:00	0x08	0.5482	0.5110	-0.4963	0.4383	126.81	218.00	81.01
2026-06-18T16:41:21.1126990+08:00	0x06	0.1932	-0.6634	-0.2312	-0.6849	4.22	86.84	325.14
2026-06-18T16:41:21.1999148+08:00	0x02	0.6261	-0.0199	-0.2688	0.7317	279.70	300.47	64.89
2026-06-18T16:41:21.2299156+08:00	0x03	0.2456	0.3406	-0.2532	0.8716	339.96	35.94	36.91
2026-06-18T16:41:21.2798710+08:00	0x07	0.6296	-0.2035	-0.7057	-0.2535	172.67	279.00	322.68
2026-06-18T16:41:21.3815206+08:00	0x01	0.5032	0.3623	-0.6604	0.4236	207.25	302.88	64.79
2026-06-18T16:41:21.4715906+08:00	0x09	-0.7233	-0.2245	0.6399	-0.1301	169.63	260.36	28.40
2026-06-18T16:41:21.5803506+08:00	0x06	0.1937	-0.6644	-0.2311	-0.6838	4.10	87.06	325.11
2026-06-18T16:41:21.6798196+08:00	0x03	0.2456	0.3406	-0.2532	0.8716	339.96	35.94	36.91
2026-06-18T16:41:21.7318841+08:00	0x04	-0.4046	0.7664	0.4012	-0.2967	292.23	237.21	337.98
2026-06-18T16:41:21.8303772+08:00	0x07	0.6295	-0.2055	-0.7051	-0.2536	172.84	278.92	322.48
2026-06-18T16:41:21.8974010+08:00	0x01	0.5049	0.3643	-0.6566	0.4258	207.21	302.50	65.28
2026-06-18T16:41:21.9642673+08:00	0x09	-0.7236	-0.2251	0.6392	-0.1308	169.61	260.27	28.50
2026-06-18T16:41:22.0967688+08:00	0x06	0.1942	-0.6642	-0.2329	-0.6833	4.22	87.04	324.92
2026-06-18T16:41:22.1474434+08:00	0x08	0.5449	0.5163	-0.4900	0.4432	119.97	211.01	81.48
2026-06-18T16:41:22.2489918+08:00	0x03	0.2456	0.3406	-0.2532	0.8716	339.96	35.94	36.91
2026-06-18T16:41:22.2989501+08:00	0x02	0.6270	-0.0411	-0.2570	0.7342	280.76	298.79	64.11
2026-06-18T16:41:22.3474076+08:00	0x04	-0.4654	0.7237	0.3994	-0.3165	284.98	239.92	343.53
2026-06-18T16:41:22.4635450+08:00	0x01	0.5173	0.3465	-0.6383	0.4526	212.05	302.93	65.60
2026-06-18T16:41:22.5368629+08:00	0x07	0.6283	-0.2063	-0.7062	-0.2531	172.88	279.10	322.45
2026-06-18T16:41:22.5657857+08:00	0x09	-0.7197	-0.2212	0.6444	-0.1335	170.42	261.24	28.50
2026-06-18T16:41:22.6722836+08:00	0x06	0.1880	-0.6648	-0.2304	-0.6853	4.57	86.84	325.67
2026-06-18T16:41:22.7575010+08:00	0x03	0.2456	0.3406	-0.2532	0.8716	339.96	35.94	36.91
2026-06-18T16:41:22.9109357+08:00	0x04	-0.4647	0.7240	0.3994	-0.3168	285.05	239.94	343.51
2026-06-18T16:41:23.0200857+08:00	0x07	0.6250	-0.2072	-0.7083	-0.2544	172.64	279.67	322.29
2026-06-18T16:41:23.0802265+08:00	0x09	-0.7179	-0.2206	0.6462	-0.1358	170.74	261.61	28.69
2026-06-18T16:41:23.1906761+08:00	0x06	0.1845	-0.6635	-0.2296	-0.6877	4.91	86.44	326.04
2026-06-18T16:41:23.2504822+08:00	0x03	0.2456	0.3406	-0.2532	0.8716	339.96	35.94	36.91
2026-06-18T16:41:23.3632904+08:00	0x02	0.6270	-0.0405	-0.2574	0.7342	280.73	298.84	64.13
2026-06-18T16:41:23.4302884+08:00	0x04	-0.5529	0.4791	0.6812	0.0262	222.49	264.46	317.02
2026-06-18T16:41:23.5136353+08:00	0x07	0.6216	-0.2123	-0.7082	-0.2588	172.46	280.09	321.50
2026-06-18T16:41:23.5674994+08:00	0x01	0.5209	0.3559	-0.7155	0.3002	185.93	291.00	55.28
2026-06-18T16:41:23.7640118+08:00	0x06	0.1778	-0.6653	-0.2261	-0.6889	5.12	86.48	326.92
2026-06-18T16:41:23.8305957+08:00	0x02	0.3629	-0.3495	0.2337	0.8316	12.15	320.10	50.08
2026-06-18T16:41:23.9813846+08:00	0x04	-0.4205	0.5254	0.6221	0.4002	156.29	312.57	278.01
2026-06-18T16:41:24.0524036+08:00	0x07	0.6206	-0.2110	-0.7095	-0.2588	172.28	280.33	321.64
2026-06-18T16:41:24.1511248+08:00	0x09	-0.7148	-0.2091	0.6541	-0.1321	171.82	262.92	27.54
2026-06-18T16:41:24.2375395+08:00	0x06	0.1844	-0.6630	-0.2325	-0.6873	5.20	86.34	325.83
2026-06-18T16:41:24.3998433+08:00	0x08	0.5553	0.4965	-0.5071	0.4335	139.54	230.39	80.08
2026-06-18T16:41:24.5139483+08:00	0x04	-0.3049	0.6083	0.5172	0.5191	30.75	76.84	288.95
2026-06-18T16:41:24.5806566+08:00	0x07	0.6224	-0.2104	-0.7082	-0.2583	172.40	280.02	321.72
2026-06-18T16:41:24.6659510+08:00	0x01	0.5709	0.3617	-0.6032	0.4236	194.49	282.75	66.93
2026-06-18T16:41:24.6976333+08:00	0x09	-0.7159	-0.2162	0.6503	-0.1335	171.13	262.27	28.19
2026-06-18T16:41:24.8636236+08:00	0x06	0.1975	-0.6590	-0.2431	-0.6838	5.13	86.20	323.81
2026-06-18T16:41:24.8979165+08:00	0x03	0.2456	0.3406	-0.2532	0.8716	339.96	35.94	36.91
2026-06-18T16:41:25.0348928+08:00	0x02	0.3600	-0.3683	0.2682	0.8141	16.03	319.10	51.61
2026-06-18T16:41:25.1674924+08:00	0x07	0.6229	-0.2060	-0.7096	-0.2568	172.17	280.13	322.24
2026-06-18T16:41:25.2341301+08:00	0x09	-0.7181	-0.2104	0.6515	-0.1248	170.99	262.27	26.96
2026-06-18T16:41:25.4151951+08:00	0x03	0.2456	0.3406	-0.2532	0.8716	339.96	35.94	36.91
2026-06-18T16:41:25.5477389+08:00	0x02	0.2557	-0.4573	0.1123	0.8443	357.00	302.25	32.30
2026-06-18T16:41:25.5975766+08:00	0x04	-0.2299	0.6570	0.4384	0.5686	21.07	86.74	303.12
2026-06-18T16:41:25.6143823+08:00	0x06	0.1853	-0.6621	-0.2194	-0.6922	4.00	86.26	326.84
2026-06-18T16:41:25.6978156+08:00	0x01	0.5577	0.3329	-0.6610	0.3759	194.22	287.80	59.24
2026-06-18T16:41:25.7473378+08:00	0x07	0.6272	-0.2241	-0.6858	-0.2934	170.54	278.79	317.52
2026-06-18T16:41:25.8315764+08:00	0x09	-0.7332	-0.1972	0.6464	-0.0754	168.11	260.54	21.44
2026-06-18T16:41:25.9562979+08:00	0x06	0.1723	-0.6563	-0.1781	-0.7127	1.80	84.82	331.36
2026-06-18T16:41:26.0201672+08:00	0x03	0.2456	0.3406	-0.2532	0.8716	339.96	35.94	36.91
2026-06-18T16:41:26.1303799+08:00	0x02	0.2042	-0.5077	0.0958	0.8315	356.94	296.48	25.91
2026-06-18T16:41:26.2481162+08:00	0x07	0.6278	-0.2186	-0.6650	-0.3403	165.18	279.60	314.11
2026-06-18T16:41:26.4154061+08:00	0x09	-0.6073	-0.1531	0.7728	-0.1028	178.34	283.36	21.19
2026-06-18T16:41:26.5336233+08:00	0x06	0.1890	-0.6427	-0.1840	-0.7193	1.45	83.17	329.44
2026-06-18T16:41:26.6169348+08:00	0x02	0.1930	-0.4535	0.0548	0.8684	355.04	303.86	22.64
2026-06-18T16:41:26.6811582+08:00	0x04	-0.0881	0.6903	0.3194	0.6432	20.34	87.83	326.33
2026-06-18T16:41:26.7837752+08:00	0x07	0.6522	-0.1969	-0.6632	-0.3097	168.10	275.51	318.30
2026-06-18T16:41:26.8158258+08:00	0x01	0.5510	0.2926	-0.7270	0.2868	188.11	289.29	47.86
2026-06-18T16:41:26.9312886+08:00	0x09	-0.6114	-0.1545	0.7694	-0.1020	178.04	282.68	21.26
2026-06-18T16:41:27.1179209+08:00	0x03	0.2456	0.3406	-0.2532	0.8716	339.96	35.94	36.91
2026-06-18T16:41:27.2338331+08:00	0x02	0.1592	-0.4577	0.0425	0.8737	355.67	304.00	18.48
2026-06-18T16:41:27.2817270+08:00	0x07	0.6615	-0.1969	-0.6580	-0.3012	169.61	273.60	318.88
2026-06-18T16:41:27.4182537+08:00	0x01	0.5567	0.2822	-0.7198	0.3037	190.62	289.31	48.12
2026-06-18T16:41:27.4422373+08:00	0x09	-0.4205	-0.0595	0.9033	-0.0613	183.52	310.35	9.16
2026-06-18T16:41:27.6433711+08:00	0x03	0.2456	0.3406	-0.2532	0.8716	339.96	35.94	36.91
2026-06-18T16:41:27.6989638+08:00	0x02	0.1629	-0.4591	0.0539	0.8716	356.62	303.86	19.48
2026-06-18T16:41:27.7825390+08:00	0x06	0.1775	-0.6358	-0.1723	-0.7311	1.71	81.58	331.41
2026-06-18T16:41:27.8312799+08:00	0x07	0.6625	-0.1986	-0.6590	-0.2955	170.41	273.27	319.21
2026-06-18T16:41:27.8819348+08:00	0x01	0.5608	0.2832	-0.7189	0.2976	189.44	288.28	47.81
2026-06-18T16:41:27.9656188+08:00	0x09	-0.4221	-0.0555	0.9033	-0.0519	182.72	310.10	8.29
2026-06-18T16:41:28.0813334+08:00	0x06	0.1682	-0.6374	-0.1621	-0.7343	1.52	81.55	333.02
2026-06-18T16:41:28.1821720+08:00	0x03	0.2456	0.3406	-0.2532	0.8716	339.96	35.94	36.91
2026-06-18T16:41:28.2488391+08:00	0x08	0.5550	0.4971	-0.5066	0.4338	139.04	229.90	80.13
2026-06-18T16:41:28.3484083+08:00	0x04	0.0699	0.6044	0.2684	0.7469	29.84	74.56	347.29
2026-06-18T16:41:28.4144844+08:00	0x01	0.5661	0.2697	-0.7247	0.2856	188.93	287.77	45.58
2026-06-18T16:41:28.4990028+08:00	0x09	-0.4350	-0.0455	0.8985	-0.0389	181.75	308.44	6.64
2026-06-18T16:41:28.6998059+08:00	0x06	0.1733	-0.6356	-0.1661	-0.7338	1.52	81.42	332.26
2026-06-18T16:41:28.7822373+08:00	0x02	0.1556	-0.4558	0.0464	0.8752	356.34	304.39	18.34
2026-06-18T16:41:28.9490568+08:00	0x04	0.1863	0.5636	0.0638	0.8022	18.71	72.35	13.12
2026-06-18T16:41:28.9848140+08:00	0x09	-0.4385	-0.0460	0.8968	-0.0372	181.52	307.97	6.61
2026-06-18T16:41:29.1852182+08:00	0x06	0.1781	-0.6357	-0.1716	-0.7312	1.60	81.60	331.41
2026-06-18T16:41:29.2822194+08:00	0x08	0.4534	0.1405	-0.8770	-0.0751	164.73	303.94	10.27
2026-06-18T16:41:29.4325009+08:00	0x02	0.1615	-0.4453	0.0443	0.8796	356.00	305.63	18.88
2026-06-18T16:41:29.4664111+08:00	0x07	0.6685	-0.1943	-0.6586	-0.2858	171.29	272.29	320.36
2026-06-18T16:41:29.5146728+08:00	0x09	-0.4461	-0.0406	0.8936	-0.0287	180.87	306.99	5.63
2026-06-18T16:41:29.6153066+08:00	0x04	0.2114	0.5566	0.0292	0.8029	17.25	72.20	17.88
2026-06-18T16:41:29.7485508+08:00	0x06	0.1679	-0.6373	-0.1610	-0.7346	1.45	81.54	333.13
2026-06-18T16:41:29.7994174+08:00	0x08	0.4721	0.0323	-0.8479	-0.2391	153.74	304.09	350.16
2026-06-18T16:41:29.8652482+08:00	0x02	0.1527	-0.4442	0.0422	0.8818	356.31	305.94	17.87
2026-06-18T16:41:30.0503664+08:00	0x07	0.6669	-0.1970	-0.6589	-0.2867	171.37	272.45	320.06
2026-06-18T16:41:30.0825422+08:00	0x09	-0.4429	-0.0345	0.8958	-0.0144	179.72	307.38	4.28
2026-06-18T16:41:30.4114505+08:00	0x08	0.4685	0.0006	-0.8310	-0.2999	148.68	305.76	343.74
2026-06-18T16:41:30.4483881+08:00	0x02	0.1384	-0.4409	0.0364	0.8861	356.57	306.61	16.10
2026-06-18T16:41:30.5153018+08:00	0x06	0.1685	-0.6361	-0.1622	-0.7353	1.55	81.35	332.99
2026-06-18T16:41:30.5612136+08:00	0x04	0.2277	0.5488	0.0027	0.8043	15.84	71.61	21.30
2026-06-18T16:41:30.5841461+08:00	0x07	0.6671	-0.1905	-0.6612	-0.2854	170.84	272.77	320.75
2026-06-18T16:41:30.8357057+08:00	0x06	0.1744	-0.6348	-0.1652	-0.7344	1.37	81.33	332.24
2026-06-18T16:41:30.8987135+08:00	0x08	0.4668	-0.0260	-0.8136	-0.3457	144.69	307.20	338.59
2026-06-18T16:41:30.9982203+08:00	0x04	0.2513	0.5341	-0.0232	0.8068	14.83	70.38	25.49
2026-06-18T16:41:31.0812471+08:00	0x07	0.6699	-0.1854	-0.6612	-0.2822	170.82	272.47	321.44
2026-06-18T16:41:31.1193473+08:00	0x09	-0.4828	-0.0435	0.8746	-0.0085	178.44	302.14	4.83
2026-06-18T16:41:31.4686270+08:00	0x03	0.2456	0.3406	-0.2532	0.8716	339.96	35.94	36.91
2026-06-18T16:41:31.5347924+08:00	0x02	0.1482	-0.4422	0.0695	0.8819	359.49	306.66	18.84
2026-06-18T16:41:31.5998986+08:00	0x08	0.4751	-0.0429	-0.8014	-0.3607	143.87	306.71	335.70
2026-06-18T16:41:31.6677223+08:00	0x07	0.6691	-0.1707	-0.6703	-0.2717	170.29	273.30	323.67
2026-06-18T16:41:31.6826768+08:00	0x09	-0.4816	-0.0432	0.8753	-0.0087	178.48	302.29	4.82
2026-06-18T16:41:31.9199881+08:00	0x06	0.1868	-0.6571	-0.1796	-0.7078	0.58	85.59	329.97
2026-06-18T16:41:32.0438775+08:00	0x08	0.5983	-0.0957	-0.7465	-0.2749	160.39	287.55	331.84
2026-06-18T16:41:32.1491895+08:00	0x07	0.6564	-0.1633	-0.6925	-0.2509	170.79	275.87	326.26
2026-06-18T16:41:32.1992406+08:00	0x02	0.1485	-0.4354	0.0927	0.8831	2.10	307.89	20.06
2026-06-18T16:41:32.3199562+08:00	0x01	0.5155	0.3336	-0.7187	0.3263	192.50	295.18	54.68
2026-06-18T16:41:32.5019504+08:00	0x06	0.1965	-0.6602	-0.2091	-0.6941	2.12	86.51	326.71
2026-06-18T16:41:32.5667774+08:00	0x08	0.7300	0.0470	-0.6814	0.0238	177.92	265.96	5.68
2026-06-18T16:41:32.6346939+08:00	0x02	0.2107	-0.4419	0.1364	0.8612	3.20	306.49	28.91
2026-06-18T16:41:32.7049950+08:00	0x07	0.6389	-0.1605	-0.7120	-0.2432	170.34	279.03	327.36
2026-06-18T16:41:32.8322076+08:00	0x01	0.5205	0.3732	-0.6554	0.4003	198.76	295.10	64.95
2026-06-18T16:41:32.8834979+08:00	0x09	-0.7321	0.0709	0.6662	0.1230	176.42	265.10	344.06
2026-06-18T16:41:33.0317461+08:00	0x06	0.2031	-0.6548	-0.2220	-0.6933	2.92	85.81	325.08
2026-06-18T16:41:33.1326260+08:00	0x03	0.2456	0.3406	-0.2532	0.8716	339.96	35.94	36.91
2026-06-18T16:41:33.1725208+08:00	0x08	0.6989	0.2092	-0.6592	0.1822	176.47	265.64	32.04
2026-06-18T16:41:33.1994469+08:00	0x04	0.2619	0.5810	0.0143	0.7705	20.72	78.25	22.77
2026-06-18T16:41:33.2824280+08:00	0x09	-0.7404	0.0772	0.6571	0.1186	177.51	263.54	343.92
2026-06-18T16:41:33.4180326+08:00	0x01	0.5247	0.3741	-0.6419	0.4155	200.60	295.04	66.40
2026-06-18T16:41:33.6019534+08:00	0x06	0.2027	-0.6544	-0.2227	-0.6936	3.05	85.71	325.06
2026-06-18T16:41:33.6513339+08:00	0x08	0.7004	0.2044	-0.6604	0.1776	176.52	265.66	31.25
2026-06-18T16:41:33.7764546+08:00	0x04	0.2738	0.5768	0.0061	0.7696	20.94	78.29	24.48
2026-06-18T16:41:33.8560764+08:00	0x09	-0.7410	0.0873	0.6539	0.1251	177.94	263.17	342.57
2026-06-18T16:41:34.1174446+08:00	0x06	0.2018	-0.6532	-0.2231	-0.6949	3.24	85.44	325.12
2026-06-18T16:41:34.2296779+08:00	0x08	0.6682	0.2964	-0.6291	0.2643	174.69	264.26	46.56
2026-06-18T16:41:34.2832434+08:00	0x04	0.2718	0.5745	-0.0007	0.7720	20.06	77.78	24.87
2026-06-18T16:41:34.3195080+08:00	0x07	0.6384	-0.1536	-0.7163	-0.2364	170.38	279.30	328.55
2026-06-18T16:41:34.3994160+08:00	0x09	-0.7516	0.1190	0.6288	0.1598	178.63	260.11	337.05
2026-06-18T16:41:34.6992575+08:00	0x03	0.2456	0.3406	-0.2532	0.8716	339.96	35.94	36.91
2026-06-18T16:41:34.8172850+08:00	0x08	0.6195	0.3709	-0.6075	0.3310	173.53	265.19	59.40
2026-06-18T16:41:34.8499452+08:00	0x02	0.2167	-0.4745	0.1376	0.8420	1.72	301.66	29.70
2026-06-18T16:41:34.9156913+08:00	0x04	0.2790	0.5451	-0.0408	0.7895	15.91	73.38	29.02
2026-06-18T16:41:34.9501502+08:00	0x09	-0.7513	0.1181	0.6296	0.1588	178.60	260.21	337.21
2026-06-18T16:41:35.1661600+08:00	0x06	0.1369	-0.6502	-0.1479	-0.7326	2.41	82.69	336.87
2026-06-18T16:41:35.2132390+08:00	0x03	0.2456	0.3406	-0.2532	0.8716	339.96	35.94	36.91
2026-06-18T16:41:35.2867404+08:00	0x02	0.2006	-0.5000	0.1441	0.8301	2.52	298.52	28.50
2026-06-18T16:41:35.3832888+08:00	0x07	0.5980	-0.1578	-0.7255	-0.3020	162.00	286.93	323.83
2026-06-18T16:41:35.4680755+08:00	0x09	-0.9024	0.2163	0.2628	0.2643	198.15	206.50	323.79
2026-06-18T16:41:35.5863219+08:00	0x01	0.5424	0.3188	-0.6247	0.4626	212.20	298.58	64.17
2026-06-18T16:41:35.6766618+08:00	0x06	0.1375	-0.6359	-0.1647	-0.7413	4.36	80.30	335.58
2026-06-18T16:41:35.7834097+08:00	0x03	0.2456	0.3406	-0.2532	0.8716	339.96	35.94	36.91
2026-06-18T16:41:35.9187564+08:00	0x08	0.5846	0.4260	-0.5965	0.3478	168.12	263.40	66.18
2026-06-18T16:41:35.9357087+08:00	0x02	0.2006	-0.4875	0.1525	0.8360	3.89	300.51	28.95
2026-06-18T16:41:35.9686608+08:00	0x04	0.3159	0.5275	-0.0319	0.7880	19.52	73.26	32.11
2026-06-18T16:41:36.0164066+08:00	0x09	-0.8370	0.2530	0.4079	0.2628	195.91	226.10	319.73
2026-06-18T16:41:36.0794711+08:00	0x01	0.5311	0.3297	-0.6253	0.4672	214.06	301.52	65.30
2026-06-18T16:41:36.2510858+08:00	0x06	0.1333	-0.6308	-0.1635	-0.7467	4.77	79.37	336.09
2026-06-18T16:41:36.3257500+08:00	0x03	0.2456	0.3406	-0.2532	0.8716	339.96	35.94	36.91
2026-06-18T16:41:36.3696684+08:00	0x02	0.2016	-0.4915	0.1472	0.8344	3.11	299.80	28.75
2026-06-18T16:41:36.5164033+08:00	0x07	0.5948	-0.1455	-0.7335	-0.2948	161.69	287.62	325.65
2026-06-18T16:41:36.5560662+08:00	0x04	0.3226	0.5213	-0.0390	0.7891	19.21	72.71	33.35
2026-06-18T16:41:36.6831932+08:00	0x01	0.5298	0.3358	-0.6183	0.4735	215.16	302.28	66.50
2026-06-18T16:41:36.7195927+08:00	0x08	0.7112	0.4450	-0.4729	0.2694	140.51	226.72	53.52
2026-06-18T16:41:36.7684624+08:00	0x06	0.1380	-0.6299	-0.1685	-0.7455	4.89	79.32	335.29
2026-06-18T16:41:36.8689320+08:00	0x03	0.2456	0.3406	-0.2532	0.8716	339.96	35.94	36.91
2026-06-18T16:41:37.0380618+08:00	0x07	0.5986	-0.1492	-0.7287	-0.2973	161.89	286.94	325.01
2026-06-18T16:41:37.2498115+08:00	0x01	0.5318	0.3375	-0.6192	0.4689	213.71	301.13	66.45
2026-06-18T16:41:37.3426233+08:00	0x06	0.1417	-0.6299	-0.1698	-0.7446	4.71	79.41	334.85
2026-06-18T16:41:37.4666566+08:00	0x02	0.2051	-0.4934	0.1476	0.8323	2.84	299.42	29.15
2026-06-18T16:41:37.5684455+08:00	0x08	0.6944	0.4825	-0.4465	0.2925	131.61	218.15	56.84
2026-06-18T16:41:37.5834045+08:00	0x07	0.6006	-0.1497	-0.7261	-0.2993	161.82	286.63	324.76
2026-06-18T16:41:37.6502501+08:00	0x09	-0.8280	0.2866	0.3925	0.2797	200.58	222.44	316.52
2026-06-18T16:41:37.7497155+08:00	0x01	0.5335	0.3401	-0.6152	0.4704	213.51	300.67	66.98
2026-06-18T16:41:37.9170623+08:00	0x06	0.1446	-0.6300	-0.1709	-0.7436	4.58	79.51	334.51
2026-06-18T16:41:38.0496731+08:00	0x02	0.2040	-0.4951	0.1422	0.8325	2.28	299.10	28.71
2026-06-18T16:41:38.0854738+08:00	0x08	0.6637	0.5239	-0.4328	0.3127	121.03	209.87	60.28
2026-06-18T16:41:38.1333960+08:00	0x07	0.6015	-0.1502	-0.7252	-0.2996	161.87	286.47	324.67
2026-06-18T16:41:38.1515093+08:00	0x09	-0.8261	0.2941	0.3879	0.2839	201.76	221.38	315.80
2026-06-18T16:41:38.1864237+08:00	0x04	0.3325	0.5112	-0.0686	0.7896	16.75	71.40	36.52
2026-06-18T16:41:38.2024161+08:00	0x02	0.2034	-0.4956	0.1416	0.8325	2.23	299.04	28.62
2026-06-18T16:41:38.3541381+08:00	0x01	0.5322	0.3389	-0.6160	0.4716	214.08	301.23	66.86
2026-06-18T16:41:38.4332956+08:00	0x03	0.2456	0.3406	-0.2532	0.8716	339.96	35.94	36.91
2026-06-18T16:41:38.6667792+08:00	0x08	0.6559	0.5334	-0.4292	0.3180	118.20	207.53	61.04
2026-06-18T16:41:38.7055040+08:00	0x02	0.2026	-0.4944	0.1390	0.8338	2.05	299.19	28.38
2026-06-18T16:41:38.7263417+08:00	0x04	0.3346	0.5092	-0.0723	0.7896	16.49	71.19	37.02
2026-06-18T16:41:38.8174057+08:00	0x01	0.5314	0.3403	-0.6159	0.4717	214.17	301.42	67.00
2026-06-18T16:41:39.0043094+08:00	0x06	0.1486	-0.6316	-0.1705	-0.7416	4.15	79.89	334.17
2026-06-18T16:41:39.1209127+08:00	0x01	0.5340	0.3407	-0.6172	0.4667	212.56	300.06	66.78
2026-06-18T16:41:39.2012838+08:00	0x07	0.6054	-0.1517	-0.7199	-0.3036	161.77	285.83	324.12
2026-06-18T16:41:39.2358602+08:00	0x02	0.2038	-0.4962	0.1324	0.8335	1.20	298.77	28.11
2026-06-18T16:41:39.5543239+08:00	0x06	0.1483	-0.6351	-0.1663	-0.7396	3.65	80.48	334.49
2026-06-18T16:41:39.7174234+08:00	0x01	0.5407	0.3357	-0.6188	0.4606	210.59	297.84	65.99
2026-06-18T16:41:39.7640590+08:00	0x08	0.6572	0.5312	-0.4368	0.3085	119.79	209.92	60.40
2026-06-18T16:41:39.7890224+08:00	0x04	0.3336	0.5089	-0.0775	0.7898	15.84	70.97	37.28
2026-06-18T16:41:39.8672715+08:00	0x09	-0.8213	0.3125	0.3701	0.3013	204.99	217.61	313.43
2026-06-18T16:41:40.0137752+08:00	0x06	0.1518	-0.6351	-0.1689	-0.7383	3.61	80.57	333.98
2026-06-18T16:41:40.1501999+08:00	0x03	0.2456	0.3406	-0.2532	0.8716	339.96	35.94	36.91
2026-06-18T16:41:40.2182721+08:00	0x01	0.5410	0.3344	-0.6201	0.4594	210.40	297.72	65.75
2026-06-18T16:41:40.2697038+08:00	0x08	0.6558	0.5320	-0.4375	0.3091	119.62	209.89	60.56
2026-06-18T16:41:40.3171763+08:00	0x07	0.6071	-0.1516	-0.7179	-0.3050	161.70	285.55	323.98
2026-06-18T16:41:40.3496447+08:00	0x02	0.2013	-0.4979	0.1342	0.8328	1.50	298.62	27.97
2026-06-18T16:41:40.5715289+08:00	0x06	0.1560	-0.6318	-0.1736	-0.7391	3.82	80.14	333.26
2026-06-18T16:41:40.6176619+08:00	0x03	0.2456	0.3406	-0.2532	0.8716	339.96	35.94	36.91
2026-06-18T16:41:40.8014722+08:00	0x01	0.5320	0.3351	-0.6247	0.4629	212.61	300.55	65.69
2026-06-18T16:41:40.8532779+08:00	0x07	0.6077	-0.1526	-0.7158	-0.3083	161.47	285.48	323.61
2026-06-18T16:41:41.0840603+08:00	0x06	0.1567	-0.6402	-0.1617	-0.7344	2.34	81.62	334.07
2026-06-18T16:41:41.1437395+08:00	0x03	0.2456	0.3406	-0.2532	0.8716	339.96	35.94	36.91
2026-06-18T16:41:41.2572026+08:00	0x01	0.5375	0.3235	-0.6412	0.4419	208.69	297.82	62.87
2026-06-18T16:41:41.4013522+08:00	0x08	0.5860	0.4401	-0.6055	0.3104	161.58	260.36	63.73
2026-06-18T16:41:41.4502686+08:00	0x09	-0.8438	0.3475	0.2721	0.3053	216.31	200.35	315.22
2026-06-18T16:41:41.6681707+08:00	0x06	0.1769	-0.6510	-0.1829	-0.7152	2.06	84.08	330.58
2026-06-18T16:41:41.7175688+08:00	0x03	0.2456	0.3406	-0.2532	0.8716	339.96	35.94	36.91
2026-06-18T16:41:41.8861587+08:00	0x01	0.6307	0.2041	-0.6586	0.3560	197.68	280.01	45.89
2026-06-18T16:41:41.9523438+08:00	0x08	0.5317	0.4484	-0.6024	0.3916	179.00	276.40	73.07
2026-06-18T16:41:41.9679756+08:00	0x09	-0.7009	0.3270	0.5252	0.3548	189.11	248.71	302.76
2026-06-18T16:41:42.1842041+08:00	0x06	0.2226	-0.5835	-0.3067	-0.7183	14.24	72.59	317.34
2026-06-18T16:41:42.2353752+08:00	0x03	0.2456	0.3406	-0.2532	0.8716	339.96	35.94	36.91
2026-06-18T16:41:42.4532149+08:00	0x01	0.6757	0.1716	-0.6806	0.2252	185.09	271.90	32.54
2026-06-18T16:41:42.5688992+08:00	0x04	0.4023	0.5449	0.0632	0.7330	38.48	84.45	31.39
2026-06-18T16:41:42.7057298+08:00	0x02	0.0772	-0.5492	0.0095	0.8321	356.01	292.87	7.98
2026-06-18T16:41:42.8078129+08:00	0x03	0.2456	0.3406	-0.2532	0.8716	339.96	35.94	36.91
2026-06-18T16:41:42.9696022+08:00	0x01	0.6620	0.1855	-0.6791	0.2573	187.41	273.89	36.34
2026-06-18T16:41:43.0058841+08:00	0x07	0.6467	-0.1682	-0.7316	-0.1350	181.26	276.77	335.13
2026-06-18T16:41:43.0701333+08:00	0x04	0.3473	0.6054	0.1127	0.7073	38.33	88.42	20.78
2026-06-18T16:41:43.3452450+08:00	0x03	0.2456	0.3406	-0.2532	0.8716	339.96	35.94	36.91
2026-06-18T16:41:43.4517156+08:00	0x01	0.6583	0.1809	-0.6821	0.2620	188.51	274.83	36.28
2026-06-18T16:41:43.5690963+08:00	0x02	0.0662	-0.5363	0.0556	0.8396	1.31	294.98	9.83
2026-06-18T16:41:43.6185140+08:00	0x09	-0.7061	0.3281	0.5182	0.3538	190.25	246.96	302.90
