timestamp	device	q0	q1	q2	q3	yaw	pitch	roll
2026-05-28T20:10:14.1810319+08:00	0x03	0.1689	0.4839	0.7298	0.4525	98.43	55.26	326.40
2026-05-28T20:10:14.1810319+08:00	0x01	-0.1468	0.5189	-0.6273	0.5619	281.21	61.40	29.08
2026-05-28T20:10:14.2137519+08:00	0x02	0.1580	0.2401	-0.9193	0.2689	209.49	349.06	31.76
2026-05-28T20:10:14.2147486+08:00	0x04	-0.2640	0.1008	0.5794	-0.7645	281.39	331.30	16.67
2026-05-28T20:10:14.2476157+08:00	0x03	-0.2256	0.5638	0.5872	0.5352	60.84	52.23	295.37
2026-05-28T20:10:14.2476157+08:00	0x01	0.4016	0.4989	-0.5050	0.5786	312.32	43.69	75.62
2026-05-28T20:10:14.2810653+08:00	0x03	-0.2488	0.5612	0.5540	0.5623	52.64	55.30	295.63
2026-05-28T20:10:14.3831784+08:00	0x02	0.6730	0.1899	-0.7145	-0.0218	162.80	271.30	14.01
2026-05-28T20:10:14.3831784+08:00	0x04	-0.4396	-0.2896	0.4035	-0.7484	309.50	10.02	63.08
2026-05-28T20:10:14.3831784+08:00	0x01	0.4193	0.4994	-0.4970	0.5725	315.76	46.03	77.56
2026-05-28T20:10:14.3831784+08:00	0x03	-0.2668	0.5518	0.5202	0.5948	45.72	56.71	296.95
2026-05-28T20:10:14.3831784+08:00	0x03	-0.2668	0.5518	0.5202	0.5948	45.72	56.71	296.95
2026-05-28T20:10:14.4145990+08:00	0x02	0.6865	0.1896	-0.7017	-0.0208	162.66	269.15	13.74
2026-05-28T20:10:14.4155960+08:00	0x04	-0.4494	-0.3306	0.3996	-0.7274	314.25	17.89	66.63
2026-05-28T20:10:14.4485106+08:00	0x01	0.4168	0.5043	-0.4896	0.5764	320.25	50.29	76.98
2026-05-28T20:10:14.4485106+08:00	0x03	-0.2834	0.5405	0.4806	0.6298	38.37	58.02	298.79
2026-05-28T20:10:14.5504721+08:00	0x03	-0.2834	0.5405	0.4806	0.6298	38.37	58.02	298.79
2026-05-28T20:10:14.5504721+08:00	0x02	0.6863	0.1952	-0.7006	-0.0105	162.98	268.93	15.02
2026-05-28T20:10:14.5504721+08:00	0x04	-0.4487	-0.3626	0.4060	-0.7088	316.94	24.11	68.51
2026-05-28T20:10:14.5504721+08:00	0x01	0.4124	0.5093	-0.4754	0.5869	326.40	55.55	75.56
2026-05-28T20:10:14.5504721+08:00	0x03	-0.2804	0.5421	0.4364	0.6611	30.58	61.63	302.45
2026-05-28T20:10:14.5800453+08:00	0x02	0.6759	0.2171	-0.7041	0.0203	163.68	269.53	19.46
2026-05-28T20:10:14.5810436+08:00	0x04	-0.4414	-0.3973	0.4657	-0.6560	304.14	20.51	71.67
2026-05-28T20:10:14.6168490+08:00	0x03	-0.2804	0.5421	0.4364	0.6611	30.58	61.63	302.45
2026-05-28T20:10:14.6567778+08:00	0x01	0.4077	0.5100	-0.4731	0.5915	326.84	55.91	74.76
2026-05-28T20:10:14.6567778+08:00	0x03	-0.2792	0.5424	0.4105	0.6778	26.58	63.18	304.54
2026-05-28T20:10:14.6808430+08:00	0x02	0.6674	0.2190	-0.7103	0.0456	165.81	270.82	21.84
2026-05-28T20:10:14.6808430+08:00	0x04	-0.4235	-0.3941	0.5251	-0.6242	285.61	8.13	70.49
2026-05-28T20:10:14.7167389+08:00	0x03	-0.2792	0.5424	0.4105	0.6778	26.58	63.18	304.54
2026-05-28T20:10:14.7820816+08:00	0x01	0.4014	0.5107	-0.4778	0.5913	324.95	54.71	74.34
2026-05-28T20:10:14.7820816+08:00	0x03	-0.2742	0.5516	0.4132	0.6707	26.35	64.84	304.54
2026-05-28T20:10:14.7820816+08:00	0x02	0.6550	0.2294	-0.7148	0.0861	168.60	272.34	26.15
2026-05-28T20:10:14.7820816+08:00	0x04	-0.4022	-0.3962	0.5595	-0.6069	277.98	4.87	68.66
2026-05-28T20:10:14.8171920+08:00	0x03	-0.2742	0.5516	0.4132	0.6707	26.35	64.84	304.54
2026-05-28T20:10:14.8501529+08:00	0x01	0.3833	0.5166	-0.4685	0.6055	327.32	57.10	71.50
2026-05-28T20:10:14.8817409+08:00	0x03	-0.2593	0.5596	0.4079	0.6732	25.93	66.18	306.33
2026-05-28T20:10:14.8817409+08:00	0x02	0.6402	0.2430	-0.7182	0.1234	171.06	274.14	30.46
2026-05-28T20:10:14.8827372+08:00	0x04	-0.3859	-0.3989	0.5540	-0.6206	283.12	9.99	67.06
2026-05-28T20:10:14.9505569+08:00	0x03	-0.2414	0.5590	0.4010	0.6844	26.41	65.66	308.85
2026-05-28T20:10:14.9505569+08:00	0x01	0.3573	0.5181	-0.4576	0.6281	327.89	57.33	67.36
2026-05-28T20:10:14.9814034+08:00	0x02	0.6240	0.2408	-0.7272	0.1542	174.80	277.20	32.87
2026-05-28T20:10:14.9814034+08:00	0x03	-0.2414	0.5590	0.4010	0.6844	26.41	65.66	308.85
2026-05-28T20:10:15.0161152+08:00	0x03	-0.2414	0.5590	0.4010	0.6844	26.41	65.66	308.85
2026-05-28T20:10:15.0161152+08:00	0x04	-0.3681	-0.4003	0.5432	-0.6397	289.13	15.35	64.93
2026-05-28T20:10:15.0530342+08:00	0x03	-0.2266	0.5552	0.3990	0.6937	27.56	64.52	310.76
2026-05-28T20:10:15.0830424+08:00	0x01	0.3231	0.5194	-0.4475	0.6524	327.57	57.06	62.43
2026-05-28T20:10:15.1160190+08:00	0x03	-0.2266	0.5552	0.3990	0.6937	27.56	64.52	310.76
2026-05-28T20:10:15.1160190+08:00	0x03	-0.2266	0.5552	0.3990	0.6937	27.56	64.52	310.76
2026-05-28T20:10:15.1160190+08:00	0x04	-0.3508	-0.3951	0.5384	-0.6564	292.06	17.71	62.39
2026-05-28T20:10:15.1497493+08:00	0x03	-0.2063	0.5507	0.3942	0.7063	28.61	63.39	313.49
2026-05-28T20:10:15.1808911+08:00	0x01	0.2878	0.5208	-0.4414	0.6717	326.60	56.76	57.81
2026-05-28T20:10:15.2151192+08:00	0x04	-0.3297	-0.3909	0.5343	-0.6731	294.65	20.04	59.49
2026-05-28T20:10:15.2151192+08:00	0x03	-0.2063	0.5507	0.3942	0.7063	28.61	63.39	313.49
2026-05-28T20:10:15.2151192+08:00	0x01	0.2562	0.5237	-0.4369	0.6849	325.85	57.03	53.96
2026-05-28T20:10:15.2500251+08:00	0x03	-0.1898	0.5421	0.3918	0.7187	29.93	61.65	315.76
2026-05-28T20:10:15.3160741+08:00	0x03	-0.1898	0.5421	0.3918	0.7187	29.93	61.65	315.76
2026-05-28T20:10:15.3160741+08:00	0x04	-0.3107	-0.3875	0.5269	-0.6897	297.38	22.24	56.81
2026-05-28T20:10:15.3160741+08:00	0x01	0.2349	0.5254	-0.4347	0.6928	325.22	57.19	51.46
2026-05-28T20:10:15.3823181+08:00	0x03	-0.1748	0.5344	0.3901	0.7292	31.06	60.23	317.80
2026-05-28T20:10:15.4150829+08:00	0x03	-0.1748	0.5344	0.3901	0.7292	31.06	60.23	317.80
2026-05-28T20:10:15.4150829+08:00	0x02	0.5433	0.2643	-0.7587	0.2436	186.34	291.20	41.74
2026-05-28T20:10:15.4471883+08:00	0x04	-0.2975	-0.3842	0.5158	-0.7056	300.23	24.03	54.70
2026-05-28T20:10:15.4471883+08:00	0x01	0.2194	0.5274	-0.4334	0.6971	324.78	57.48	49.73
2026-05-28T20:10:15.4863576+08:00	0x03	-0.1614	0.5292	0.3884	0.7369	31.86	59.36	319.53
2026-05-28T20:10:15.4873537+08:00	0x02	0.5781	0.2445	-0.7477	0.2168	183.02	285.62	38.04
2026-05-28T20:10:15.5149101+08:00	0x04	-0.2864	-0.3813	0.5035	-0.7205	302.97	25.58	52.81
2026-05-28T20:10:15.5149101+08:00	0x03	-0.1483	0.5258	0.3855	0.7436	32.35	58.88	321.25
2026-05-28T20:10:15.5487778+08:00	0x01	0.2089	0.5274	-0.4339	0.7000	324.17	57.38	48.60
2026-05-28T20:10:15.5487778+08:00	0x02	0.5320	0.2727	-0.7617	0.2499	187.10	292.92	42.95
2026-05-28T20:10:15.5826870+08:00	0x04	-0.2760	-0.3791	0.4919	-0.7336	305.37	26.93	51.07
2026-05-28T20:10:15.5826870+08:00	0x02	0.5231	0.2754	-0.7644	0.2572	188.36	294.58	43.64
2026-05-28T20:10:15.6515025+08:00	0x03	-0.1375	0.5227	0.3828	0.7492	32.71	58.49	322.68
2026-05-28T20:10:15.6515025+08:00	0x01	0.1983	0.5264	-0.4332	0.7043	323.69	57.19	47.33
2026-05-28T20:10:15.6827681+08:00	0x03	-0.1375	0.5227	0.3828	0.7492	32.71	58.49	322.68
2026-05-28T20:10:15.6827681+08:00	0x04	-0.2673	-0.3772	0.4808	-0.7450	307.48	28.05	49.55
2026-05-28T20:10:15.6827681+08:00	0x02	0.5167	0.2734	-0.7673	0.2635	189.72	296.01	43.78
2026-05-28T20:10:15.7239455+08:00	0x02	0.5167	0.2734	-0.7673	0.2635	189.72	296.01	43.78
2026-05-28T20:10:15.7490647+08:00	0x03	-0.1277	0.5205	0.3798	0.7540	32.94	58.25	323.99
2026-05-28T20:10:15.7490647+08:00	0x01	0.1913	0.5243	-0.4332	0.7077	323.21	56.82	46.47
2026-05-28T20:10:15.7490647+08:00	0x02	0.5585	0.2533	-0.7546	0.2335	185.20	288.89	40.02
2026-05-28T20:10:15.7828375+08:00	0x04	-0.2577	-0.3803	0.4637	-0.7576	310.79	30.27	48.00
2026-05-28T20:10:15.7828375+08:00	0x02	0.5112	0.2744	-0.7681	0.2710	190.93	297.17	44.31
2026-05-28T20:10:15.8481302+08:00	0x03	-0.1247	0.5188	0.3793	0.7559	33.10	58.02	324.40
2026-05-28T20:10:15.8481302+08:00	0x01	0.1860	0.5245	-0.4329	0.7091	323.01	56.86	45.89
2026-05-28T20:10:15.8481302+08:00	0x03	-0.1247	0.5188	0.3793	0.7559	33.10	58.02	324.40
2026-05-28T20:10:15.8810881+08:00	0x02	0.5093	0.2749	-0.7667	0.2779	191.88	297.72	44.80
2026-05-28T20:10:15.8810881+08:00	0x04	-0.2479	-0.3869	0.4432	-0.7697	314.64	33.05	46.43
2026-05-28T20:10:15.9142740+08:00	0x03	-0.1247	0.5188	0.3793	0.7559	33.10	58.02	324.40
2026-05-28T20:10:15.9478703+08:00	0x01	0.1835	0.5258	-0.4322	0.7093	323.07	57.11	45.63
2026-05-28T20:10:15.9478703+08:00	0x03	-0.1254	0.5189	0.3806	0.7551	33.22	58.00	324.24
2026-05-28T20:10:15.9808416+08:00	0x04	-0.2368	-0.3935	0.4215	-0.7819	318.40	35.72	44.59
2026-05-28T20:10:16.0143921+08:00	0x02	0.5092	0.2745	-0.7657	0.2812	192.33	297.87	44.97
2026-05-28T20:10:16.0143921+08:00	0x03	-0.1254	0.5189	0.3806	0.7551	33.22	58.00	324.24
2026-05-28T20:10:16.0478468+08:00	0x01	0.1819	0.5257	-0.4316	0.7101	323.07	57.12	45.41
2026-05-28T20:10:16.0478468+08:00	0x03	-0.1281	0.5181	0.3835	0.7537	33.50	57.78	323.81
2026-05-28T20:10:16.0811551+08:00	0x02	0.5075	0.2759	-0.7660	0.2821	192.46	298.15	45.15
2026-05-28T20:10:16.1151664+08:00	0x04	-0.2277	-0.3977	0.4017	-0.7928	321.52	37.66	42.89
2026-05-28T20:10:16.1151664+08:00	0x01	0.1797	0.5262	-0.4309	0.7108	323.11	57.24	45.14
2026-05-28T20:10:16.1151664+08:00	0x03	-0.1283	0.5176	0.3855	0.7530	33.76	57.64	323.68
2026-05-28T20:10:16.1828405+08:00	0x03	-0.1283	0.5176	0.3855	0.7530	33.76	57.64	323.68
2026-05-28T20:10:16.1828405+08:00	0x02	0.5067	0.2767	-0.7659	0.2829	192.55	298.28	45.28
2026-05-28T20:10:16.2167664+08:00	0x04	-0.2190	-0.4015	0.3839	-0.8022	324.16	39.29	41.27
2026-05-28T20:10:16.2167664+08:00	0x01	0.1786	0.5271	-0.4300	0.7109	323.25	57.43	45.01
2026-05-28T20:10:16.2167664+08:00	0x03	-0.1289	0.5171	0.3874	0.7523	33.99	57.51	323.51
2026-05-28T20:10:16.2817536+08:00	0x03	-0.1289	0.5171	0.3874	0.7523	33.99	57.51	323.51
2026-05-28T20:10:16.3161803+08:00	0x04	-0.2108	-0.4050	0.3676	-0.8102	326.46	40.69	39.74
2026-05-28T20:10:16.3161803+08:00	0x02	0.5064	0.2781	-0.7654	0.2835	192.54	298.29	45.47
2026-05-28T20:10:16.3161803+08:00	0x01	0.1782	0.5278	-0.4298	0.7106	323.30	57.56	44.99
2026-05-28T20:10:16.3479934+08:00	0x03	-0.1295	0.5168	0.3884	0.7518	34.11	57.43	323.40
2026-05-28T20:10:16.4167474+08:00	0x03	-0.1295	0.5168	0.3884	0.7518	34.11	57.43	323.40
2026-05-28T20:10:16.4167474+08:00	0x02	0.5059	0.2791	-0.7650	0.2845	192.62	298.37	45.63
2026-05-28T20:10:16.4167474+08:00	0x04	-0.2031	-0.4084	0.3522	-0.8172	328.53	41.94	38.29
2026-05-28T20:10:16.4167474+08:00	0x01	0.1780	0.5278	-0.4302	0.7104	323.23	57.55	44.99
2026-05-28T20:10:16.4811173+08:00	0x03	-0.1300	0.5168	0.3891	0.7514	34.17	57.40	323.31
2026-05-28T20:10:16.4811173+08:00	0x02	0.5058	0.2783	-0.7655	0.2843	192.67	298.43	45.53
2026-05-28T20:10:16.4811173+08:00	0x03	-0.1300	0.5168	0.3891	0.7514	34.17	57.40	323.31
2026-05-28T20:10:16.5486771+08:00	0x04	-0.1954	-0.4114	0.3371	-0.8240	330.45	43.03	36.83
2026-05-28T20:10:16.5486771+08:00	0x01	0.1771	0.5276	-0.4301	0.7108	323.19	57.52	44.88
2026-05-28T20:10:16.5486771+08:00	0x03	-0.1305	0.5162	0.3901	0.7512	34.30	57.27	323.21
2026-05-28T20:10:16.5808932+08:00	0x04	-0.1881	-0.4136	0.3228	-0.8303	332.18	43.92	35.41
2026-05-28T20:10:16.5808932+08:00	0x02	0.5047	0.2789	-0.7658	0.2848	192.78	298.62	45.61
2026-05-28T20:10:16.6144297+08:00	0x03	-0.1305	0.5162	0.3901	0.7512	34.30	57.27	323.21
2026-05-28T20:10:16.6144297+08:00	0x01	0.1754	0.5280	-0.4296	0.7113	323.21	57.61	44.68
2026-05-28T20:10:16.6807434+08:00	0x04	-0.1807	-0.4161	0.3089	-0.8359	333.79	44.78	34.00
2026-05-28T20:10:16.6807434+08:00	0x03	-0.1307	0.5154	0.3911	0.7512	34.47	57.12	323.17
2026-05-28T20:10:16.6807434+08:00	0x02	0.5038	0.2795	-0.7656	0.2864	193.00	298.82	45.77
2026-05-28T20:10:16.7138935+08:00	0x03	-0.1312	0.5148	0.3920	0.7511	34.58	56.99	323.08
2026-05-28T20:10:16.7476177+08:00	0x01	0.1745	0.5283	-0.4289	0.7116	323.27	57.69	44.55
2026-05-28T20:10:16.7476177+08:00	0x03	-0.1312	0.5148	0.3920	0.7511	34.58	56.99	323.08
2026-05-28T20:10:16.7809717+08:00	0x04	-0.1744	-0.4183	0.2961	-0.8408	335.26	45.52	32.75
2026-05-28T20:10:16.7809717+08:00	0x02	0.5034	0.2802	-0.7651	0.2877	193.14	298.90	45.92
2026-05-28T20:10:16.8148431+08:00	0x03	-0.1314	0.5148	0.3927	0.7507	34.66	56.96	323.02
2026-05-28T20:10:16.8477515+08:00	0x01	0.1733	0.5291	-0.4278	0.7121	323.43	57.87	44.38
2026-05-28T20:10:16.8803097+08:00	0x03	-0.1314	0.5148	0.3927	0.7507	34.66	56.96	323.02
2026-05-28T20:10:16.8808195+08:00	0x02	0.5025	0.2819	-0.7646	0.2888	193.22	299.03	46.16
2026-05-28T20:10:16.8808195+08:00	0x04	-0.1673	-0.4204	0.2834	-0.8456	336.63	46.21	31.41
2026-05-28T20:10:16.9137301+08:00	0x03	-0.1323	0.5140	0.3938	0.7504	34.80	56.81	322.88
2026-05-28T20:10:16.9486412+08:00	0x01	0.1720	0.5295	-0.4268	0.7126	323.53	57.99	44.20
2026-05-28T20:10:16.9800575+08:00	0x02	0.5016	0.2824	-0.7649	0.2890	193.27	299.17	46.22
2026-05-28T20:10:16.9800575+08:00	0x04	-0.1600	-0.4222	0.2709	-0.8501	337.91	46.82	30.06
2026-05-28T20:10:16.9800575+08:00	0x01	0.1711	0.5295	-0.4267	0.7130	323.50	57.99	44.09
2026-05-28T20:10:17.0141400+08:00	0x03	-0.1323	0.5140	0.3938	0.7504	34.80	56.81	322.88
2026-05-28T20:10:17.0470513+08:00	0x03	-0.1333	0.5132	0.3953	0.7501	34.98	56.63	322.72
2026-05-28T20:10:17.0807551+08:00	0x04	-0.1541	-0.4234	0.2599	-0.8541	339.02	47.28	28.90
2026-05-28T20:10:17.0807551+08:00	0x03	-0.1333	0.5132	0.3953	0.7501	34.98	56.63	322.72
2026-05-28T20:10:17.0807551+08:00	0x02	0.5009	0.2829	-0.7653	0.2888	193.26	299.27	46.25
2026-05-28T20:10:17.1150268+08:00	0x01	0.1708	0.5295	-0.4263	0.7132	323.54	58.01	44.03
2026-05-28T20:10:17.1476853+08:00	0x03	-0.1341	0.5124	0.3968	0.7496	35.18	56.46	322.58
2026-05-28T20:10:17.1809904+08:00	0x02	0.5010	0.2837	-0.7648	0.2892	193.25	299.24	46.36
2026-05-28T20:10:17.1809904+08:00	0x04	-0.1486	-0.4247	0.2492	-0.8576	340.09	47.71	27.80
2026-05-28T20:10:17.2148969+08:00	0x03	-0.1341	0.5124	0.3968	0.7496	35.18	56.46	322.58
2026-05-28T20:10:17.2148969+08:00	0x01	0.1712	0.5298	-0.4257	0.7133	323.65	58.07	44.04
2026-05-28T20:10:17.2478122+08:00	0x03	-0.1347	0.5118	0.3979	0.7494	35.32	56.32	322.47
2026-05-28T20:10:17.2807258+08:00	0x02	0.5010	0.2847	-0.7640	0.2903	193.31	299.23	46.54
2026-05-28T20:10:17.3148588+08:00	0x04	-0.1434	-0.4257	0.2393	-0.8608	341.05	48.08	26.78
2026-05-28T20:10:17.3148588+08:00	0x03	-0.1351	0.5113	0.3989	0.7491	35.45	56.21	322.39
2026-05-28T20:10:17.3148588+08:00	0x01	0.1709	0.5300	-0.4251	0.7136	323.75	58.14	43.99
2026-05-28T20:10:17.3483247+08:00	0x03	-0.1351	0.5113	0.3989	0.7491	35.45	56.21	322.39
2026-05-28T20:10:17.3811130+08:00	0x02	0.5009	0.2849	-0.7638	0.2909	193.38	299.27	46.60
2026-05-28T20:10:17.4144949+08:00	0x04	-0.1384	-0.4267	0.2299	-0.8637	341.95	48.42	25.81
2026-05-28T20:10:17.4144949+08:00	0x01	0.1701	0.5305	-0.4245	0.7138	323.81	58.24	43.88
2026-05-28T20:10:17.4144949+08:00	0x03	-0.1351	0.5110	0.3993	0.7491	35.52	56.15	322.37
2026-05-28T20:10:17.4810787+08:00	0x02	0.5004	0.2854	-0.7639	0.2908	193.36	299.33	46.65
2026-05-28T20:10:17.4820512+08:00	0x03	-0.1351	0.5110	0.3993	0.7491	35.52	56.15	322.37
2026-05-28T20:10:17.4820512+08:00	0x04	-0.1344	-0.4277	0.2218	-0.8659	342.72	48.71	24.99
2026-05-28T20:10:17.5147345+08:00	0x01	0.1694	0.5308	-0.4243	0.7138	323.83	58.31	43.81
2026-05-28T20:10:17.5147345+08:00	0x03	-0.1353	0.5110	0.3999	0.7487	35.59	56.13	322.31
2026-05-28T20:10:17.5486362+08:00	0x02	0.5000	0.2860	-0.7638	0.2912	193.41	299.40	46.73
2026-05-28T20:10:17.5486362+08:00	0x04	-0.1308	-0.4283	0.2141	-0.8681	343.45	48.94	24.24
2026-05-28T20:10:17.5813773+08:00	0x03	-0.1353	0.5110	0.3999	0.7487	35.59	56.13	322.31
2026-05-28T20:10:17.6150934+08:00	0x01	0.1690	0.5307	-0.4241	0.7141	323.84	58.30	43.75
2026-05-28T20:10:17.6150934+08:00	0x03	-0.1354	0.5110	0.4006	0.7484	35.69	56.09	322.27
2026-05-28T20:10:17.7167032+08:00	0x02	0.4995	0.2861	-0.7639	0.2917	193.50	299.50	46.76
2026-05-28T20:10:17.7167032+08:00	0x04	-0.1271	-0.4289	0.2068	-0.8701	344.13	49.16	23.49
2026-05-28T20:10:17.7167032+08:00	0x03	-0.1354	0.5110	0.4006	0.7484	35.69	56.09	322.27
2026-05-28T20:10:17.7167032+08:00	0x01	0.1686	0.5304	-0.4239	0.7146	323.82	58.25	43.67
2026-05-28T20:10:17.7477151+08:00	0x03	-0.1357	0.5107	0.4014	0.7481	35.78	56.02	322.19
2026-05-28T20:10:17.7477151+08:00	0x04	-0.1235	-0.4298	0.1996	-0.8719	344.79	49.41	22.76
2026-05-28T20:10:17.7812745+08:00	0x02	0.4989	0.2865	-0.7640	0.2921	193.56	299.60	46.82
2026-05-28T20:10:17.7812745+08:00	0x03	-0.1357	0.5107	0.4014	0.7481	35.78	56.02	322.19
2026-05-28T20:10:17.8146629+08:00	0x01	0.1685	0.5302	-0.4237	0.7148	323.83	58.23	43.65
2026-05-28T20:10:17.9157923+08:00	0x03	-0.1364	0.5105	0.4021	0.7477	35.85	55.96	322.09
2026-05-28T20:10:17.9157923+08:00	0x04	-0.1198	-0.4309	0.1929	-0.8734	345.40	49.66	22.05
2026-05-28T20:10:17.9157923+08:00	0x02	0.4995	0.2862	-0.7638	0.2919	193.51	299.50	46.78
2026-05-28T20:10:17.9157923+08:00	0x01	0.1688	0.5302	-0.4235	0.7148	323.87	58.24	43.67
2026-05-28T20:10:17.9157923+08:00	0x03	-0.1371	0.5105	0.4025	0.7474	35.87	55.95	321.99
2026-05-28T20:10:17.9485052+08:00	0x03	-0.1371	0.5105	0.4025	0.7474	35.87	55.95	321.99
2026-05-28T20:10:17.9815685+08:00	0x02	0.5000	0.2858	-0.7635	0.2921	193.53	299.43	46.77
2026-05-28T20:10:17.9815685+08:00	0x04	-0.1166	-0.4319	0.1871	-0.8746	345.92	49.89	21.44
2026-05-28T20:10:17.9815685+08:00	0x01	0.1694	0.5297	-0.4235	0.7151	323.87	58.15	43.71
2026-05-28T20:10:18.0144721+08:00	0x03	-0.1379	0.5104	0.4024	0.7474	35.83	55.93	321.92
2026-05-28T20:10:18.1194713+08:00	0x03	-0.1379	0.5104	0.4024	0.7474	35.83	55.93	321.92
2026-05-28T20:10:18.1194713+08:00	0x02	0.5005	0.2851	-0.7635	0.2921	193.55	299.37	46.70
2026-05-28T20:10:18.1194713+08:00	0x04	-0.1131	-0.4337	0.1814	-0.8753	346.42	50.21	20.82
2026-05-28T20:10:18.1194713+08:00	0x01	0.1701	0.5297	-0.4234	0.7150	323.92	58.16	43.77
2026-05-28T20:10:18.1194713+08:00	0x03	-0.1395	0.5104	0.4017	0.7474	35.67	55.93	321.78
2026-05-28T20:10:18.1809897+08:00	0x03	-0.1395	0.5104	0.4017	0.7474	35.67	55.93	321.78
2026-05-28T20:10:18.1809897+08:00	0x02	0.5020	0.2844	-0.7631	0.2911	193.35	299.09	46.59
2026-05-28T20:10:18.1809897+08:00	0x04	-0.1102	-0.4372	0.1759	-0.8751	346.97	50.76	20.29
2026-05-28T20:10:18.1809897+08:00	0x01	0.1725	0.5298	-0.4239	0.7141	323.98	58.16	44.07
2026-05-28T20:10:18.2141982+08:00	0x03	-0.1429	0.5117	0.4005	0.7466	35.28	56.16	321.45
2026-05-28T20:10:18.3491645+08:00	0x03	-0.1429	0.5117	0.4005	0.7466	35.28	56.16	321.45
2026-05-28T20:10:18.3491645+08:00	0x02	0.5051	0.2835	-0.7627	0.2878	192.77	298.45	46.31
2026-05-28T20:10:18.3491645+08:00	0x01	0.1759	0.5298	-0.4246	0.7129	324.05	58.12	44.47
2026-05-28T20:10:18.3491645+08:00	0x04	-0.1080	-0.4428	0.1699	-0.8737	347.65	51.58	19.83
2026-05-28T20:10:18.3491645+08:00	0x03	-0.1473	0.5142	0.3987	0.7449	34.71	56.60	320.99
2026-05-28T20:10:18.3491645+08:00	0x02	0.5076	0.2825	-0.7625	0.2848	192.28	297.93	46.05
2026-05-28T20:10:18.3817594+08:00	0x03	-0.1473	0.5142	0.3987	0.7449	34.71	56.60	320.99
2026-05-28T20:10:18.3817594+08:00	0x04	-0.1061	-0.4482	0.1641	-0.8723	348.31	52.38	19.40
2026-05-28T20:10:18.3817594+08:00	0x01	0.1776	0.5296	-0.4251	0.7122	324.05	58.08	44.69
2026-05-28T20:10:18.4481323+08:00	0x03	-0.1512	0.5171	0.3973	0.7429	34.20	57.09	320.54
2026-05-28T20:10:18.4481323+08:00	0x02	0.5086	0.2814	-0.7627	0.2835	192.12	297.75	45.86
2026-05-28T20:10:18.5477946+08:00	0x04	-0.1045	-0.4520	0.1587	-0.8715	348.89	52.96	19.00
2026-05-28T20:10:18.5477946+08:00	0x03	-0.1512	0.5171	0.3973	0.7429	34.20	57.09	320.54
2026-05-28T20:10:18.5477946+08:00	0x01	0.1780	0.5297	-0.4253	0.7119	324.05	58.09	44.75
2026-05-28T20:10:18.5487916+08:00	0x03	-0.1549	0.5193	0.3966	0.7410	33.81	57.46	320.10
2026-05-28T20:10:18.5487916+08:00	0x04	-0.1028	-0.4597	0.1524	-0.8688	349.65	54.07	18.58
2026-05-28T20:10:18.5487916+08:00	0x02	0.5099	0.2794	-0.7630	0.2824	192.04	297.56	45.60
2026-05-28T20:10:18.5813531+08:00	0x03	-0.1630	0.5236	0.3953	0.7369	33.00	58.20	319.14
2026-05-28T20:10:18.6140172+08:00	0x01	0.1801	0.5306	-0.4251	0.7109	324.23	58.24	45.01
2026-05-28T20:10:18.6476607+08:00	0x02	0.5138	0.2804	-0.7614	0.2785	191.19	296.68	45.50
2026-05-28T20:10:18.6476607+08:00	0x03	-0.1630	0.5236	0.3953	0.7369	33.00	58.20	319.14
2026-05-28T20:10:18.6476607+08:00	0x04	-0.1030	-0.4790	0.1400	-0.8604	351.39	56.83	18.14
2026-05-28T20:10:18.7817903+08:00	0x03	-0.1807	0.5368	0.3942	0.7237	31.12	60.54	316.78
2026-05-28T20:10:18.7817903+08:00	0x01	0.1904	0.5365	-0.4255	0.7035	325.11	59.32	46.42
2026-05-28T20:10:18.7817903+08:00	0x02	0.5320	0.2797	-0.7570	0.2564	187.25	292.74	44.13
2026-05-28T20:10:18.7817903+08:00	0x04	-0.0938	-0.5174	0.1083	-0.8437	354.89	62.33	15.68
2026-05-28T20:10:18.7817903+08:00	0x03	-0.1807	0.5368	0.3942	0.7237	31.12	60.54	316.78
2026-05-28T20:10:18.7817903+08:00	0x01	0.2222	0.5473	-0.4321	0.6815	326.77	61.38	50.88
2026-05-28T20:10:18.8147971+08:00	0x03	-0.2247	0.5569	0.4040	0.6900	28.22	64.60	310.52
2026-05-28T20:10:18.8477418+08:00	0x02	0.5822	0.2531	-0.7516	0.1795	178.23	283.90	36.11
2026-05-28T20:10:18.8808426+08:00	0x04	-0.0706	-0.5640	0.0328	-0.8221	1.49	69.02	8.80
2026-05-28T20:10:18.8808426+08:00	0x02	0.5822	0.2531	-0.7516	0.1795	178.23	283.90	36.11
2026-05-28T20:10:18.8808426+08:00	0x01	0.2789	0.5511	-0.4546	0.6418	327.37	62.42	59.20
2026-05-28T20:10:18.8808426+08:00	0x03	-0.2247	0.5569	0.4040	0.6900	28.22	64.60	310.52
2026-05-28T20:10:18.9858442+08:00	0x03	-0.2825	0.5719	0.4334	0.6366	26.21	68.92	301.20
2026-05-28T20:10:18.9858442+08:00	0x02	0.6320	0.2026	-0.7464	0.0485	168.63	277.34	21.33
2026-05-28T20:10:18.9858442+08:00	0x04	-0.0690	-0.5893	-0.0855	-0.8004	12.60	72.78	0.55
2026-05-28T20:10:18.9858442+08:00	0x01	0.3324	0.5405	-0.4980	0.5910	320.99	57.70	68.64
2026-05-28T20:10:18.9858442+08:00	0x03	-0.2825	0.5719	0.4334	0.6366	26.21	68.92	301.20
2026-05-28T20:10:19.0138017+08:00	0x03	-0.3114	0.5747	0.4674	0.5952	28.27	69.69	294.78
2026-05-28T20:10:19.0484335+08:00	0x02	0.6357	0.1764	-0.7453	-0.0970	158.13	277.53	8.02
2026-05-28T20:10:19.0808340+08:00	0x04	-0.0994	-0.5840	-0.1790	-0.7855	23.44	72.63	356.97
2026-05-28T20:10:19.0808340+08:00	0x01	0.3554	0.5393	-0.5388	0.5409	309.91	50.43	74.93
2026-05-28T20:10:19.0808340+08:00	0x03	-0.3114	0.5747	0.4674	0.5952	28.27	69.69	294.78
2026-05-28T20:10:19.1828873+08:00	0x02	0.6357	0.1772	-0.7455	-0.0926	158.44	277.48	8.42
2026-05-28T20:10:19.1828873+08:00	0x04	-0.1351	-0.5596	-0.2456	-0.7799	32.38	70.26	356.32
2026-05-28T20:10:19.1828873+08:00	0x01	0.3613	0.5396	-0.5831	0.4882	288.21	33.99	79.12
2026-05-28T20:10:19.1828873+08:00	0x03	-0.2800	0.5762	0.5263	0.5592	42.58	62.87	293.14
2026-05-28T20:10:19.2484061+08:00	0x03	-0.2800	0.5762	0.5263	0.5592	42.58	62.87	293.14
2026-05-28T20:10:19.2802327+08:00	0x02	0.6098	0.1912	-0.7404	-0.2082	147.20	280.56	1.67
2026-05-28T20:10:19.2813184+08:00	0x04	-0.1568	-0.5202	-0.2923	-0.7870	38.63	65.78	356.72
2026-05-28T20:10:19.2813184+08:00	0x01	0.3581	0.5441	-0.6260	0.4288	254.71	6.87	81.22
2026-05-28T20:10:19.2813184+08:00	0x03	-0.2583	0.5677	0.5758	0.5286	57.18	53.75	292.05
2026-05-28T20:10:19.3157130+08:00	0x02	0.5762	0.1942	-0.7371	-0.2949	138.74	285.12	356.93
2026-05-28T20:10:19.4163814+08:00	0x03	-0.2583	0.5677	0.5758	0.5286	57.18	53.75	292.05
2026-05-28T20:10:19.4163814+08:00	0x04	-0.1692	-0.4727	-0.3188	-0.8039	42.29	60.26	358.32
2026-05-28T20:10:19.4163814+08:00	0x01	0.3489	0.5500	-0.6640	0.3672	219.61	338.54	80.63
2026-05-28T20:10:19.4163814+08:00	0x03	-0.2287	0.5696	0.6169	0.4926	68.85	48.56	291.85
2026-05-28T20:10:19.4163814+08:00	0x02	0.5465	0.1833	-0.7361	-0.3547	133.31	289.74	353.23
2026-05-28T20:10:19.4473533+08:00	0x03	-0.2287	0.5696	0.6169	0.4926	68.85	48.56	291.85
2026-05-28T20:10:19.4811217+08:00	0x04	-0.1724	-0.4318	-0.3294	-0.8218	43.65	55.42	359.94
2026-05-28T20:10:19.4811217+08:00	0x01	0.3470	0.5431	-0.6990	0.3100	194.52	318.77	76.99
2026-05-28T20:10:19.5149426+08:00	0x03	-0.2138	0.5659	0.6585	0.4477	83.23	40.01	290.49
2026-05-28T20:10:19.5149426+08:00	0x02	0.5229	0.1535	-0.7385	-0.3971	130.48	294.42	349.13
2026-05-28T20:10:19.5482489+08:00	0x04	-0.1901	-0.4011	-0.3171	-0.8381	43.27	52.61	3.68
2026-05-28T20:10:19.6494514+08:00	0x03	-0.2138	0.5659	0.6585	0.4477	83.23	40.01	290.49
2026-05-28T20:10:19.6494514+08:00	0x01	0.3454	0.5416	-0.7171	0.2704	182.96	310.82	74.48
2026-05-28T20:10:19.6494514+08:00	0x03	-0.2078	0.5628	0.6871	0.4098	95.29	32.12	289.31
2026-05-28T20:10:19.6494514+08:00	0x04	-0.2208	-0.3828	-0.2886	-0.8493	41.86	51.92	8.87
2026-05-28T20:10:19.6494514+08:00	0x02	0.4978	0.1403	-0.7439	-0.4233	128.05	298.42	347.73
2026-05-28T20:10:19.6808062+08:00	0x03	-0.2078	0.5628	0.6871	0.4098	95.29	32.12	289.31
2026-05-28T20:10:19.7142272+08:00	0x01	0.3444	0.5399	-0.7222	0.2616	181.22	309.93	73.73
2026-05-28T20:10:19.7153405+08:00	0x03	-0.2020	0.5665	0.6941	0.3955	98.04	31.24	288.87
2026-05-28T20:10:19.7474314+08:00	0x02	0.4984	0.1398	-0.7451	-0.4205	128.40	298.34	347.82
2026-05-28T20:10:19.7474314+08:00	0x04	-0.2394	-0.3751	-0.2492	-0.8602	38.63	51.69	13.00
2026-05-28T20:10:19.7474314+08:00	0x01	0.3425	0.5443	-0.7143	0.2761	184.86	312.51	75.17
2026-05-28T20:10:19.8530028+08:00	0x03	-0.2042	0.5624	0.6967	0.3958	99.55	29.49	289.04
2026-05-28T20:10:19.8540092+08:00	0x03	-0.2042	0.5624	0.6967	0.3958	99.55	29.49	289.04
2026-05-28T20:10:19.8540092+08:00	0x02	0.5073	0.1385	-0.7470	-0.4068	130.13	297.18	348.13
2026-05-28T20:10:19.8540092+08:00	0x04	-0.2554	-0.3761	-0.1989	-0.8682	34.22	52.14	17.09
2026-05-28T20:10:19.8540092+08:00	0x01	0.3404	0.5569	-0.6961	0.2992	190.55	316.45	78.22
2026-05-28T20:10:19.9147512+08:00	0x03	-0.2084	0.5623	0.6882	0.4084	95.92	31.56	289.24
2026-05-28T20:10:19.9473290+08:00	0x02	0.5212	0.1346	-0.7516	-0.3813	133.33	295.39	348.75
2026-05-28T20:10:19.9483270+08:00	0x03	-0.2084	0.5623	0.6882	0.4084	95.92	31.56	289.24
2026-05-28T20:10:19.9483270+08:00	0x04	-0.2709	-0.3793	-0.1437	-0.8730	29.35	52.62	21.35
2026-05-28T20:10:19.9811925+08:00	0x01	0.3400	0.5661	-0.6786	0.3216	198.67	322.69	80.75
2026-05-28T20:10:20.0868512+08:00	0x03	-0.2149	0.5619	0.6779	0.4225	92.00	33.59	289.36
2026-05-28T20:10:20.0868512+08:00	0x02	0.5351	0.1315	-0.7543	-0.3569	136.30	293.55	349.42
2026-05-28T20:10:20.0868512+08:00	0x04	-0.2847	-0.3808	-0.0989	-0.8741	25.47	52.82	24.98
2026-05-28T20:10:20.0868512+08:00	0x01	0.3403	0.5711	-0.6596	0.3507	216.06	337.44	82.78
2026-05-28T20:10:20.1138130+08:00	0x03	-0.2237	0.5561	0.6672	0.4423	88.37	34.49	289.97
2026-05-28T20:10:20.1664605+08:00	0x02	0.5501	0.1232	-0.7548	-0.3352	139.26	291.75	349.46
2026-05-28T20:10:20.1664605+08:00	0x03	-0.2237	0.5561	0.6672	0.4423	88.37	34.49	289.97
2026-05-28T20:10:20.1664605+08:00	0x04	-0.2982	-0.3890	-0.0547	-0.8699	21.84	53.79	28.45
2026-05-28T20:10:20.1664605+08:00	0x01	0.3494	0.5607	-0.6467	0.3812	231.51	349.15	82.56
2026-05-28T20:10:20.2149299+08:00	0x02	0.5736	0.1196	-0.7499	-0.3070	142.65	288.55	350.05
2026-05-28T20:10:20.2149299+08:00	0x03	-0.2375	0.5483	0.6506	0.4687	83.36	35.64	290.59
2026-05-28T20:10:20.3155498+08:00	0x04	-0.3133	-0.4063	-0.0080	-0.8583	18.46	56.01	32.10
2026-05-28T20:10:20.3155498+08:00	0x03	-0.2375	0.5483	0.6506	0.4687	83.36	35.64	290.59
2026-05-28T20:10:20.3155498+08:00	0x01	0.3553	0.5573	-0.6146	0.4307	266.58	18.89	82.32
2026-05-28T20:10:20.3155498+08:00	0x02	0.6044	0.1101	-0.7420	-0.2683	147.43	284.39	350.74
2026-05-28T20:10:20.3155498+08:00	0x03	-0.2536	0.5418	0.6227	0.5045	74.81	39.06	291.48
2026-05-28T20:10:20.3478972+08:00	0x04	-0.3305	-0.4297	0.0536	-0.8386	14.06	58.98	36.89
2026-05-28T20:10:20.3811304+08:00	0x03	-0.2751	0.5338	0.5877	0.5422	65.34	42.50	292.22
2026-05-28T20:10:20.3811304+08:00	0x01	0.3666	0.5403	-0.5833	0.4832	286.88	32.67	79.91
2026-05-28T20:10:20.4148183+08:00	0x02	0.6364	0.0978	-0.7349	-0.2131	153.82	279.92	352.68
2026-05-28T20:10:20.4148183+08:00	0x03	-0.2751	0.5338	0.5877	0.5422	65.34	42.50	292.22
2026-05-28T20:10:20.4480815+08:00	0x04	-0.3401	-0.4536	0.1278	-0.8138	7.78	61.26	42.03
2026-05-28T20:10:20.5510190+08:00	0x03	-0.2874	0.5283	0.5484	0.5810	55.03	47.19	294.03
2026-05-28T20:10:20.5510190+08:00	0x01	0.3705	0.5238	-0.5505	0.5341	300.85	40.65	76.54
2026-05-28T20:10:20.5510190+08:00	0x02	0.6553	0.0982	-0.7355	-0.1414	160.31	277.01	357.66
2026-05-28T20:10:20.5510190+08:00	0x04	-0.3565	-0.4585	0.2011	-0.7889	0.83	60.70	48.31
2026-05-28T20:10:20.5510190+08:00	0x03	-0.2874	0.5283	0.5484	0.5810	55.03	47.19	294.03
2026-05-28T20:10:20.5809371+08:00	0x01	0.3584	0.5166	-0.5195	0.5786	311.37	47.12	72.09
2026-05-28T20:10:20.5809371+08:00	0x03	-0.2880	0.5237	0.5096	0.6190	46.28	51.17	297.10
2026-05-28T20:10:20.6143144+08:00	0x02	0.6564	0.1027	-0.7441	-0.0699	166.16	276.74	3.51
2026-05-28T20:10:20.6482206+08:00	0x04	-0.3692	-0.4471	0.2681	-0.7694	351.97	56.24	53.89
2026-05-28T20:10:20.6482206+08:00	0x01	0.3366	0.5130	-0.5009	0.6104	315.59	49.50	67.65
2026-05-28T20:10:20.6482206+08:00	0x03	-0.2880	0.5237	0.5096	0.6190	46.28	51.17	297.10
2026-05-28T20:10:20.6813201+08:00	0x03	-0.2708	0.5283	0.4784	0.6471	40.08	55.20	301.15
2026-05-28T20:10:20.7833199+08:00	0x02	0.6427	0.1238	-0.7559	-0.0115	169.67	278.36	9.93
2026-05-28T20:10:20.7833199+08:00	0x04	-0.3766	-0.4327	0.3130	-0.7569	344.14	50.82	57.25
2026-05-28T20:10:20.7833199+08:00	0x01	0.3155	0.5180	-0.4876	0.6280	318.73	52.38	64.34
2026-05-28T20:10:20.7833199+08:00	0x03	-0.2708	0.5283	0.4784	0.6471	40.08	55.20	301.15
2026-05-28T20:10:20.8146300+08:00	0x03	-0.2580	0.5342	0.4665	0.6561	37.95	57.23	303.18
2026-05-28T20:10:20.8146300+08:00	0x02	0.6323	0.1416	-0.7612	0.0263	171.75	279.53	14.41
2026-05-28T20:10:20.8485130+08:00	0x04	-0.3707	-0.4328	0.3209	-0.7564	342.41	49.95	57.00
2026-05-28T20:10:20.8485130+08:00	0x01	0.3088	0.5219	-0.4871	0.6285	319.11	53.33	63.71
2026-05-28T20:10:20.8485130+08:00	0x03	-0.2580	0.5342	0.4665	0.6561	37.95	57.23	303.18
2026-05-28T20:10:20.9827293+08:00	0x03	-0.2549	0.5383	0.4698	0.6516	38.23	57.84	303.07
2026-05-28T20:10:20.9827293+08:00	0x02	0.6354	0.1389	-0.7589	0.0321	172.41	279.16	14.57
2026-05-28T20:10:20.9827293+08:00	0x04	-0.3665	-0.4358	0.2999	-0.7654	345.79	51.84	55.33
2026-05-28T20:10:20.9827293+08:00	0x01	0.3168	0.5241	-0.4910	0.6195	318.94	53.56	65.13
2026-05-28T20:10:20.9827293+08:00	0x03	-0.2551	0.5437	0.4781	0.6408	39.11	58.41	302.12
2026-05-28T20:10:21.0147124+08:00	0x03	-0.2551	0.5437	0.4781	0.6408	39.11	58.41	302.12
2026-05-28T20:10:21.0482213+08:00	0x02	0.6424	0.1406	-0.7533	0.0131	170.49	277.98	13.22
2026-05-28T20:10:21.0482213+08:00	0x04	-0.3644	-0.4356	0.2648	-0.7793	350.89	53.86	53.00
2026-05-28T20:10:21.0482213+08:00	0x01	0.3429	0.5280	-0.5074	0.5883	316.77	52.83	69.94
2026-05-28T20:10:21.0806418+08:00	0x03	-0.2580	0.5493	0.4948	0.6220	41.37	58.38	300.17
2026-05-28T20:10:21.2167981+08:00	0x03	-0.2580	0.5493	0.4948	0.6220	41.37	58.38	300.17
2026-05-28T20:10:21.2167981+08:00	0x02	0.6491	0.1482	-0.7457	-0.0263	166.36	276.63	10.77
2026-05-28T20:10:21.2167981+08:00	0x04	-0.3625	-0.4312	0.2292	-0.7938	355.37	54.83	50.63
2026-05-28T20:10:21.2167981+08:00	0x01	0.3660	0.5363	-0.5285	0.5469	313.05	51.83	75.28
2026-05-28T20:10:21.2167981+08:00	0x03	-0.2611	0.5554	0.5214	0.5928	45.73	57.44	297.27
2026-05-28T20:10:21.2167981+08:00	0x02	0.6472	0.1541	-0.7404	-0.0962	159.90	276.63	5.95
2026-05-28T20:10:21.2475392+08:00	0x03	-0.2611	0.5554	0.5214	0.5928	45.73	57.44	297.27
2026-05-28T20:10:21.2475392+08:00	0x04	-0.3588	-0.4189	0.1927	-0.8116	358.96	54.14	48.06
2026-05-28T20:10:21.2475392+08:00	0x01	0.3893	0.5327	-0.5700	0.4898	288.19	31.06	81.30
2026-05-28T20:10:21.2816595+08:00	0x03	-0.2629	0.5574	0.5573	0.5564	53.67	53.70	293.96
2026-05-28T20:10:21.2816595+08:00	0x02	0.6267	0.1533	-0.7419	-0.1825	152.42	279.64	359.93
2026-05-28T20:10:21.4241534+08:00	0x03	-0.2629	0.5574	0.5573	0.5564	53.67	53.70	293.96
2026-05-28T20:10:21.4241534+08:00	0x04	-0.3611	-0.3937	0.1653	-0.8290	0.86	51.18	46.79
2026-05-28T20:10:21.4241534+08:00	0x01	0.3935	0.5329	-0.6099	0.4350	244.26	352.38	82.91
2026-05-28T20:10:21.4241534+08:00	0x03	-0.2565	0.5607	0.5897	0.5216	62.16	49.69	291.74
2026-05-28T20:10:21.4241534+08:00	0x03	-0.2565	0.5607	0.5897	0.5216	62.16	49.69	291.74
2026-05-28T20:10:21.4241534+08:00	0x02	0.5972	0.1582	-0.7444	-0.2535	145.42	283.73	356.15
2026-05-28T20:10:21.4251539+08:00	0x04	-0.3620	-0.3675	0.1534	-0.8429	0.62	47.38	46.29
2026-05-28T20:10:21.4480890+08:00	0x03	-0.2565	0.5607	0.5897	0.5216	62.16	49.69	291.74
2026-05-28T20:10:21.4816988+08:00	0x01	0.3888	0.5314	-0.6487	0.3816	209.64	323.36	80.47
2026-05-28T20:10:21.5144049+08:00	0x02	0.5736	0.1412	-0.7507	-0.2959	142.32	287.74	352.67
2026-05-28T20:10:21.5144049+08:00	0x03	-0.2482	0.5640	0.6171	0.4894	70.43	45.61	290.11
2026-05-28T20:10:21.5144049+08:00	0x04	-0.3412	-0.3561	0.1631	-0.8545	357.14	44.08	44.37
2026-05-28T20:10:21.5154032+08:00	0x01	0.3890	0.5224	-0.6900	0.3157	186.55	306.22	75.14
2026-05-28T20:10:21.5510791+08:00	0x03	-0.2511	0.5618	0.6504	0.4453	84.66	35.58	287.36
2026-05-28T20:10:21.6527747+08:00	0x02	0.5620	0.1204	-0.7597	-0.3041	142.76	290.10	350.86
2026-05-28T20:10:21.6527747+08:00	0x03	-0.2511	0.5618	0.6504	0.4453	84.66	35.58	287.36
2026-05-28T20:10:21.6527747+08:00	0x04	-0.3180	-0.3501	0.1850	-0.8614	352.50	41.30	42.65
2026-05-28T20:10:21.6527747+08:00	0x01	0.3927	0.5075	-0.7225	0.2573	175.64	299.94	69.30
2026-05-28T20:10:21.6527747+08:00	0x03	-0.2662	0.5486	0.6879	0.3937	109.45	14.37	285.35
2026-05-28T20:10:21.7166656+08:00	0x02	0.5528	0.0957	-0.7659	-0.3140	143.20	292.23	348.43
2026-05-28T20:10:21.7166656+08:00	0x03	-0.2662	0.5486	0.6879	0.3937	109.45	14.37	285.35
2026-05-28T20:10:21.7166656+08:00	0x03	-0.2662	0.5486	0.6879	0.3937	109.45	14.37	285.35
2026-05-28T20:10:21.7485776+08:00	0x04	-0.3286	-0.3366	0.2010	-0.8592	349.99	38.69	44.43
2026-05-28T20:10:21.7485776+08:00	0x01	0.3916	0.5037	-0.7307	0.2430	174.01	299.60	67.88
2026-05-28T20:10:21.7816705+08:00	0x03	-0.2648	0.5494	0.6951	0.3807	114.07	11.10	285.13
2026-05-28T20:10:21.8905753+08:00	0x02	0.5504	0.0888	-0.7692	-0.3125	143.76	292.76	348.03
2026-05-28T20:10:21.8905753+08:00	0x04	-0.3292	-0.3300	0.2126	-0.8588	347.95	37.05	44.89
2026-05-28T20:10:21.8915609+08:00	0x03	-0.2648	0.5494	0.6951	0.3807	114.07	11.10	285.13
2026-05-28T20:10:21.8915609+08:00	0x01	0.3924	0.5015	-0.7335	0.2375	173.30	299.25	67.25
2026-05-28T20:10:21.8915609+08:00	0x03	-0.2660	0.5450	0.7002	0.3767	117.21	8.18	285.50
2026-05-28T20:10:21.9144959+08:00	0x02	0.5529	0.0855	-0.7697	-0.3077	144.49	292.49	347.96
2026-05-28T20:10:21.9484098+08:00	0x04	-0.3358	-0.3265	0.2354	-0.8516	344.69	35.33	46.52
2026-05-28T20:10:21.9484098+08:00	0x03	-0.2660	0.5450	0.7002	0.3767	117.21	8.18	285.50
2026-05-28T20:10:21.9484098+08:00	0x01	0.3924	0.5058	-0.7262	0.2507	174.83	299.70	68.65
2026-05-28T20:10:21.9816606+08:00	0x03	-0.2646	0.5492	0.6956	0.3802	114.32	10.91	285.16
2026-05-28T20:10:22.0879455+08:00	0x02	0.5612	0.0867	-0.7675	-0.2974	145.57	291.25	348.42
2026-05-28T20:10:22.0879455+08:00	0x04	-0.3454	-0.3261	0.2550	-0.8422	342.07	34.21	48.42
2026-05-28T20:10:22.0884556+08:00	0x03	-0.2646	0.5492	0.6956	0.3802	114.32	10.91	285.16
2026-05-28T20:10:22.0885712+08:00	0x01	0.3914	0.5173	-0.7122	0.2681	175.90	299.48	71.23
2026-05-28T20:10:22.0885712+08:00	0x02	0.5712	0.0826	-0.7689	-0.2751	148.21	289.87	349.21
2026-05-28T20:10:22.0885712+08:00	0x03	-0.2672	0.5482	0.6888	0.3919	110.36	13.54	285.27
2026-05-28T20:10:22.1153942+08:00	0x04	-0.3482	-0.3309	0.2734	-0.8334	339.68	33.85	49.57
2026-05-28T20:10:22.1508634+08:00	0x01	0.3905	0.5255	-0.7029	0.2780	176.18	299.07	72.91
2026-05-28T20:10:22.1508634+08:00	0x03	-0.2736	0.5459	0.6834	0.4001	108.68	13.87	285.19
2026-05-28T20:10:22.1808113+08:00	0x02	0.5746	0.0833	-0.7724	-0.2576	149.95	289.30	350.37
2026-05-28T20:10:22.2165917+08:00	0x03	-0.2736	0.5459	0.6834	0.4001	108.68	13.87	285.19
2026-05-28T20:10:22.3165748+08:00	0x04	-0.3526	-0.3316	0.2962	-0.8234	336.21	32.40	50.99
2026-05-28T20:10:22.3165748+08:00	0x01	0.3883	0.5281	-0.6998	0.2839	177.37	299.98	73.66
2026-05-28T20:10:22.3165748+08:00	0x03	-0.2768	0.5469	0.6798	0.4027	107.56	14.48	284.88
2026-05-28T20:10:22.3165748+08:00	0x02	0.5740	0.0864	-0.7744	-0.2517	150.33	289.28	351.07
2026-05-28T20:10:22.3165748+08:00	0x03	-0.2768	0.5469	0.6798	0.4027	107.56	14.48	284.88
2026-05-28T20:10:22.3481121+08:00	0x04	-0.3569	-0.3262	0.3133	-0.8174	333.02	30.17	51.98
2026-05-28T20:10:22.3481121+08:00	0x01	0.3862	0.5307	-0.6972	0.2884	178.37	300.81	74.30
2026-05-28T20:10:22.3811821+08:00	0x03	-0.2782	0.5454	0.6802	0.4030	108.15	13.72	284.93
2026-05-28T20:10:22.3811917+08:00	0x02	0.5753	0.0877	-0.7739	-0.2499	150.44	289.05	351.27
2026-05-28T20:10:22.4151061+08:00	0x04	-0.3632	-0.3188	0.3252	-0.8129	330.47	27.89	52.91
2026-05-28T20:10:22.4151061+08:00	0x01	0.3866	0.5342	-0.6926	0.2923	178.17	300.25	75.02
2026-05-28T20:10:22.4151061+08:00	0x03	-0.2782	0.5454	0.6802	0.4030	108.15	13.72	284.93
2026-05-28T20:10:22.5506701+08:00	0x03	-0.2780	0.5450	0.6799	0.4043	107.77	13.99	285.02
2026-05-28T20:10:22.5506701+08:00	0x02	0.5786	0.0874	-0.7726	-0.2464	150.83	288.59	351.37
2026-05-28T20:10:22.5506701+08:00	0x04	-0.3696	-0.3129	0.3358	-0.8079	328.15	25.86	53.83
2026-05-28T20:10:22.5506701+08:00	0x01	0.3867	0.5371	-0.6890	0.2952	178.03	299.86	75.60
2026-05-28T20:10:22.5506701+08:00	0x03	-0.2780	0.5450	0.6799	0.4043	107.77	13.99	285.02
2026-05-28T20:10:22.5818585+08:00	0x03	-0.2785	0.5449	0.6789	0.4057	107.30	14.28	285.01
2026-05-28T20:10:22.6152908+08:00	0x02	0.5793	0.0877	-0.7722	-0.2459	150.86	288.48	351.41
2026-05-28T20:10:22.6152908+08:00	0x04	-0.3751	-0.3077	0.3474	-0.8025	325.60	23.77	54.67
2026-05-28T20:10:22.6152908+08:00	0x01	0.3858	0.5380	-0.6885	0.2963	178.35	300.19	75.77
2026-05-28T20:10:22.6489907+08:00	0x03	-0.2785	0.5449	0.6789	0.4057	107.30	14.28	285.01
2026-05-28T20:10:22.7489228+08:00	0x03	-0.2793	0.5449	0.6780	0.4068	106.95	14.47	284.98
2026-05-28T20:10:22.7499200+08:00	0x02	0.5774	0.0894	-0.7727	-0.2480	150.53	288.71	351.47
2026-05-28T20:10:22.7499200+08:00	0x04	-0.3792	-0.3027	0.3589	-0.7974	323.00	21.69	55.28
2026-05-28T20:10:22.7499200+08:00	0x01	0.3845	0.5374	-0.6898	0.2960	178.86	300.85	75.69
2026-05-28T20:10:22.7499200+08:00	0x03	-0.2794	0.5448	0.6776	0.4075	106.69	14.64	284.99
2026-05-28T20:10:22.8144866+08:00	0x03	-0.2794	0.5448	0.6776	0.4075	106.69	14.64	284.99
2026-05-28T20:10:22.8144866+08:00	0x02	0.5757	0.0912	-0.7729	-0.2508	150.12	288.91	351.50
2026-05-28T20:10:22.8144866+08:00	0x04	-0.3824	-0.2965	0.3705	-0.7928	320.20	19.35	55.70
2026-05-28T20:10:22.8144866+08:00	0x01	0.3831	0.5378	-0.6902	0.2960	179.17	301.29	75.74
2026-05-28T20:10:22.8474567+08:00	0x03	-0.2784	0.5447	0.6779	0.4077	106.58	14.82	285.09
2026-05-28T20:10:22.9845713+08:00	0x03	-0.2784	0.5447	0.6779	0.4077	106.58	14.82	285.09
2026-05-28T20:10:22.9845713+08:00	0x02	0.5748	0.0922	-0.7728	-0.2529	149.84	289.02	351.47
2026-05-28T20:10:22.9845713+08:00	0x04	-0.3858	-0.2895	0.3819	-0.7884	317.32	16.84	56.03
2026-05-28T20:10:22.9845713+08:00	0x01	0.3828	0.5376	-0.6908	0.2954	179.18	301.37	75.67
2026-05-28T20:10:22.9845713+08:00	0x03	-0.2770	0.5443	0.6789	0.4076	106.62	14.90	285.24
2026-05-28T20:10:23.0150960+08:00	0x02	0.5741	0.0925	-0.7726	-0.2548	149.62	289.11	351.40
2026-05-28T20:10:23.0150960+08:00	0x03	-0.2770	0.5443	0.6789	0.4076	106.62	14.90	285.24
2026-05-28T20:10:23.0150960+08:00	0x04	-0.3890	-0.2829	0.3930	-0.7837	314.45	14.38	56.32
2026-05-28T20:10:23.0482415+08:00	0x01	0.3818	0.5384	-0.6901	0.2968	179.65	301.82	75.87
2026-05-28T20:10:23.0809370+08:00	0x02	0.5738	0.0926	-0.7730	-0.2545	149.65	289.16	351.43
2026-05-28T20:10:23.0809370+08:00	0x03	-0.2751	0.5446	0.6789	0.4084	106.03	15.60	285.37
2026-05-28T20:10:23.1842334+08:00	0x04	-0.3923	-0.2778	0.4036	-0.7785	311.76	12.16	56.62
2026-05-28T20:10:23.1842334+08:00	0x03	-0.2751	0.5446	0.6789	0.4084	106.03	15.60	285.37
2026-05-28T20:10:23.1842334+08:00	0x01	0.3815	0.5385	-0.6902	0.2970	179.82	302.00	75.90
2026-05-28T20:10:23.1842334+08:00	0x02	0.5737	0.0927	-0.7734	-0.2534	149.75	289.16	351.53
2026-05-28T20:10:23.1842334+08:00	0x03	-0.2747	0.5448	0.6787	0.4087	105.79	15.83	285.40
2026-05-28T20:10:23.2556283+08:00	0x04	-0.3962	-0.2732	0.4127	-0.7733	309.30	10.08	56.97
2026-05-28T20:10:23.2556283+08:00	0x03	-0.2747	0.5448	0.6787	0.4087	105.79	15.83	285.40
2026-05-28T20:10:23.2556283+08:00	0x01	0.3814	0.5381	-0.6902	0.2975	180.05	302.19	75.89
2026-05-28T20:10:23.2818639+08:00	0x02	0.5733	0.0938	-0.7732	-0.2543	149.58	289.19	351.57
2026-05-28T20:10:23.2818639+08:00	0x03	-0.2749	0.5454	0.6780	0.4090	105.48	16.11	285.33
2026-05-28T20:10:23.2818639+08:00	0x01	0.3809	0.5390	-0.6891	0.2994	180.48	302.51	76.13
2026-05-28T20:10:23.3859341+08:00	0x04	-0.3994	-0.2690	0.4206	-0.7689	307.15	8.26	57.19
2026-05-28T20:10:23.3859341+08:00	0x03	-0.2754	0.5457	0.6780	0.4082	105.71	15.92	285.24
2026-05-28T20:10:23.3859341+08:00	0x02	0.5719	0.0956	-0.7721	-0.2601	148.89	289.34	351.38
2026-05-28T20:10:23.3859341+08:00	0x04	-0.4026	-0.2643	0.4273	-0.7652	305.16	6.43	57.34
2026-05-28T20:10:23.3869310+08:00	0x03	-0.2754	0.5457	0.6780	0.4082	105.71	15.92	285.24
2026-05-28T20:10:23.3869310+08:00	0x01	0.3805	0.5381	-0.6898	0.2998	180.97	303.00	76.04
2026-05-28T20:10:23.4487618+08:00	0x03	-0.2757	0.5457	0.6790	0.4064	106.47	15.30	285.17
2026-05-28T20:10:23.4812659+08:00	0x02	0.5674	0.0963	-0.7714	-0.2717	147.63	290.00	350.81
2026-05-28T20:10:23.4812659+08:00	0x04	-0.4062	-0.2557	0.4283	-0.7656	304.08	4.63	57.25
2026-05-28T20:10:23.5836265+08:00	0x03	-0.2757	0.5457	0.6790	0.4064	106.47	15.30	285.17
2026-05-28T20:10:23.5836265+08:00	0x01	0.3779	0.5322	-0.6971	0.2968	182.57	305.04	75.07
2026-05-28T20:10:23.5836265+08:00	0x03	-0.2713	0.5453	0.6822	0.4045	106.97	15.36	285.52
2026-05-28T20:10:23.5836265+08:00	0x02	0.5513	0.1027	-0.7737	-0.2947	144.74	292.10	350.44
2026-05-28T20:10:23.5836265+08:00	0x04	-0.4085	-0.2323	0.4253	-0.7735	303.03	1.22	56.05
2026-05-28T20:10:23.6156327+08:00	0x01	0.3718	0.5212	-0.7150	0.2808	182.66	307.01	72.59
2026-05-28T20:10:23.6156327+08:00	0x03	-0.2713	0.5453	0.6822	0.4045	106.97	15.36	285.52
2026-05-28T20:10:23.6478637+08:00	0x03	-0.2608	0.5467	0.6919	0.3928	109.91	14.45	285.96
2026-05-28T20:10:23.6807677+08:00	0x02	0.5277	0.1128	-0.7784	-0.3208	141.18	295.05	350.62
2026-05-28T20:10:23.7146803+08:00	0x04	-0.4069	-0.1997	0.4219	-0.7852	302.03	357.11	53.86
2026-05-28T20:10:23.7146803+08:00	0x01	0.3551	0.5319	-0.7211	0.2665	181.29	308.52	73.02
2026-05-28T20:10:23.7146803+08:00	0x03	-0.2608	0.5467	0.6919	0.3928	109.91	14.45	285.96
2026-05-28T20:10:23.8155314+08:00	0x03	-0.2438	0.5498	0.7051	0.3756	113.41	14.05	286.56
2026-05-28T20:10:23.8155314+08:00	0x02	0.5072	0.1201	-0.7856	-0.3333	139.24	297.50	351.40
2026-05-28T20:10:23.8155314+08:00	0x04	-0.3948	-0.1749	0.4235	-0.7964	301.57	354.91	50.98
2026-05-28T20:10:23.8165273+08:00	0x01	0.3437	0.5324	-0.7349	0.2414	177.96	308.40	71.54
2026-05-28T20:10:23.8165273+08:00	0x03	-0.2438	0.5498	0.7051	0.3756	113.41	14.05	286.56
2026-05-28T20:10:23.8811833+08:00	0x03	-0.2285	0.5497	0.7212	0.3542	119.11	11.63	287.30
2026-05-28T20:10:23.9139322+08:00	0x02	0.4915	0.1133	-0.7957	-0.3353	139.29	299.78	351.42
2026-05-28T20:10:23.9139322+08:00	0x04	-0.3815	-0.1562	0.4355	-0.8003	299.70	352.90	48.30
2026-05-28T20:10:23.9139322+08:00	0x01	0.3350	0.5322	-0.7458	0.2197	175.11	308.18	70.23
2026-05-28T20:10:23.9479193+08:00	0x03	-0.2285	0.5497	0.7212	0.3542	119.11	11.63	287.30
2026-05-28T20:10:23.9479193+08:00	0x02	0.4811	0.1125	-0.8034	-0.3323	139.57	301.12	352.01
2026-05-28T20:10:24.0507981+08:00	0x03	-0.2151	0.5510	0.7348	0.3320	124.50	9.40	287.72
2026-05-28T20:10:24.0507981+08:00	0x04	-0.3732	-0.1430	0.4488	-0.7993	297.55	351.11	46.46
2026-05-28T20:10:24.0507981+08:00	0x01	0.3279	0.5338	-0.7509	0.2090	173.96	308.60	69.84
2026-05-28T20:10:24.0507981+08:00	0x03	-0.2064	0.5513	0.7433	0.3179	127.82	8.08	288.06
2026-05-28T20:10:24.0507981+08:00	0x02	0.4746	0.1094	-0.8091	-0.3289	140.07	302.03	352.23
2026-05-28T20:10:24.0817206+08:00	0x03	-0.2064	0.5513	0.7433	0.3179	127.82	8.08	288.06
2026-05-28T20:10:24.1146250+08:00	0x04	-0.3660	-0.1372	0.4601	-0.7972	296.00	350.35	45.22
2026-05-28T20:10:24.1146250+08:00	0x01	0.3254	0.5305	-0.7582	0.1943	172.04	308.11	68.59
2026-05-28T20:10:24.1482129+08:00	0x03	-0.2049	0.5478	0.7509	0.3067	131.87	5.13	288.49
2026-05-28T20:10:24.1482129+08:00	0x02	0.4701	0.1055	-0.8130	-0.3271	140.44	302.74	352.19
2026-05-28T20:10:24.2508886+08:00	0x03	-0.2049	0.5478	0.7509	0.3067	131.87	5.13	288.49
2026-05-28T20:10:24.2508886+08:00	0x04	-0.3641	-0.1331	0.4691	-0.7935	294.47	349.44	44.64
2026-05-28T20:10:24.2508886+08:00	0x01	0.3250	0.5269	-0.7637	0.1829	170.52	307.56	67.48
2026-05-28T20:10:24.2508886+08:00	0x03	-0.2049	0.5467	0.7547	0.2992	134.45	3.21	288.59
2026-05-28T20:10:24.2508886+08:00	0x02	0.4668	0.1028	-0.8148	-0.3281	140.45	303.26	352.02
2026-05-28T20:10:24.2804618+08:00	0x01	0.3252	0.5240	-0.7675	0.1751	169.53	307.18	66.66
2026-05-28T20:10:24.3151721+08:00	0x03	-0.2049	0.5467	0.7547	0.2992	134.45	3.21	288.59
2026-05-28T20:10:24.3151721+08:00	0x04	-0.3628	-0.1296	0.4763	-0.7904	293.26	348.69	44.18
2026-05-28T20:10:24.3483825+08:00	0x03	-0.2048	0.5460	0.7572	0.2941	136.12	1.98	288.67
2026-05-28T20:10:24.4572922+08:00	0x02	0.4643	0.0983	-0.8163	-0.3293	140.53	303.74	351.64
2026-05-28T20:10:24.4572922+08:00	0x04	-0.3599	-0.1270	0.4825	-0.7884	292.35	348.28	43.63
2026-05-28T20:10:24.4572922+08:00	0x01	0.3262	0.5199	-0.7713	0.1684	168.85	306.93	65.76
2026-05-28T20:10:24.4572922+08:00	0x03	-0.2048	0.5460	0.7572	0.2941	136.12	1.98	288.67
2026-05-28T20:10:24.4572922+08:00	0x03	-0.2047	0.5440	0.7602	0.2902	137.64	0.80	288.92
2026-05-28T20:10:24.4812259+08:00	0x02	0.4619	0.0909	-0.8192	-0.3277	141.07	304.30	351.16
2026-05-28T20:10:24.4812259+08:00	0x04	-0.3519	-0.1272	0.4906	-0.7870	291.65	348.60	42.74
2026-05-28T20:10:24.4812259+08:00	0x01	0.3255	0.5157	-0.7766	0.1579	167.79	306.76	64.67
