timestamp	device	q0	q1	q2	q3	yaw	pitch	roll
2026-05-19T14:59:36.5085981+08:00	0x07	-0.5815	0.4160	0.5876	0.3789	186.00	266.52	291.64
2026-05-19T14:59:37.0253231+08:00	0x07	-0.6548	0.2903	0.6479	0.2594	183.62	267.87	314.29
2026-05-19T14:59:37.5602395+08:00	0x07	-0.6941	0.1907	0.6725	0.1723	182.18	267.61	330.28
2026-05-19T14:59:37.7943837+08:00	0x06	-0.5632	0.4635	0.5217	0.4424	198.69	250.14	280.88
2026-05-19T14:59:38.1081324+08:00	0x07	-0.6931	0.1859	0.6763	0.1665	182.13	268.05	331.17
2026-05-19T14:59:38.2585082+08:00	0x06	-0.5612	0.4664	0.5206	0.4432	199.82	249.17	280.54
2026-05-19T14:59:38.6409309+08:00	0x07	-0.6785	0.2388	0.6598	0.2174	182.69	267.48	322.40
2026-05-19T14:59:38.7130463+08:00	0x06	-0.5599	0.4669	0.5218	0.4430	199.44	249.74	280.47
2026-05-19T14:59:39.1912817+08:00	0x07	-0.6476	0.3150	0.6291	0.2927	183.61	266.63	309.16
2026-05-19T14:59:39.6240914+08:00	0x06	-0.5580	0.4661	0.5237	0.4441	197.81	251.49	280.35
2026-05-19T14:59:39.7089614+08:00	0x07	-0.5596	0.4572	0.5404	0.4310	192.30	258.10	282.44
2026-05-19T14:59:40.0743362+08:00	0x06	-0.5560	0.4669	0.5231	0.4464	197.49	251.79	280.00
2026-05-19T14:59:40.2575277+08:00	0x07	-0.5627	0.4533	0.5435	0.4272	191.54	258.85	283.23
2026-05-19T14:59:40.5281099+08:00	0x06	-0.5563	0.4668	0.5230	0.4462	197.61	251.65	280.02
2026-05-19T14:59:40.8599432+08:00	0x07	-0.4452	0.5720	0.4269	0.5407	348.72	102.02	284.12
2026-05-19T14:59:40.9876057+08:00	0x06	-0.5567	0.4670	0.5227	0.4459	197.93	251.33	280.07
2026-05-19T14:59:41.3291239+08:00	0x07	-0.2587	0.6788	0.2447	0.6422	357.16	94.26	318.36
2026-05-19T14:59:41.8751377+08:00	0x07	-0.0661	0.7253	0.0576	0.6829	359.00	93.54	349.99
2026-05-19T14:59:42.3435099+08:00	0x06	-0.5545	0.4653	0.5256	0.4470	195.39	254.00	280.00
2026-05-19T14:59:42.4081333+08:00	0x07	0.1368	0.7174	-0.1383	0.6689	0.70	94.14	22.43
2026-05-19T14:59:42.7926974+08:00	0x06	-0.5510	0.4419	0.5510	0.4445	179.22	270.63	282.38
2026-05-19T14:59:42.9420067+08:00	0x07	0.3740	0.6282	-0.3631	0.5776	6.30	98.65	62.66
2026-05-19T14:59:43.2640025+08:00	0x06	-0.4899	0.3773	0.6425	0.4526	145.27	309.24	291.83
2026-05-19T14:59:43.4975350+08:00	0x07	0.3630	0.6516	-0.3258	0.5810	10.22	102.22	57.81
2026-05-19T14:59:43.7050624+08:00	0x06	-0.3404	0.3011	0.6898	0.5636	107.76	347.49	306.96
2026-05-19T14:59:43.9591573+08:00	0x07	0.4050	0.6212	-0.3644	0.5633	12.83	103.85	65.37
2026-05-19T14:59:44.5100306+08:00	0x07	0.1988	0.3697	-0.3857	0.8216	322.02	35.04	37.72
2026-05-19T14:59:45.0426630+08:00	0x07	0.1187	0.2918	-0.3719	0.8732	320.16	27.73	25.11
2026-05-19T14:59:45.5297092+08:00	0x06	-0.3452	0.3036	0.6888	0.5606	108.39	346.83	306.37
2026-05-19T14:59:45.5794758+08:00	0x07	0.0882	0.2478	-0.3563	0.8966	320.82	23.88	19.55
2026-05-19T14:59:45.9807901+08:00	0x06	-0.0291	0.2641	0.1286	0.9554	13.43	30.06	352.90
2026-05-19T14:59:46.1399281+08:00	0x07	0.0894	0.2585	-0.3401	0.8997	323.07	25.44	19.67
2026-05-19T14:59:46.4262653+08:00	0x06	0.0259	0.2636	-0.0359	0.9636	356.80	30.49	3.95
2026-05-19T14:59:46.6593804+08:00	0x07	0.0976	0.2780	-0.3217	0.8998	325.86	27.90	20.76
2026-05-19T14:59:47.1930323+08:00	0x07	0.0982	0.2823	-0.3204	0.8989	326.13	28.43	20.94
2026-05-19T14:59:47.7271632+08:00	0x07	0.1000	0.2909	-0.3169	0.8972	326.77	29.50	21.34
2026-05-19T14:59:48.2269110+08:00	0x07	0.0998	0.3078	-0.3085	0.8945	328.16	31.75	21.62
2026-05-19T14:59:48.7117028+08:00	0x06	0.0509	0.2749	-0.1194	0.9527	348.33	31.23	9.36
2026-05-19T14:59:48.8176945+08:00	0x07	0.0931	0.3252	-0.2993	0.8922	329.49	34.22	21.14
2026-05-19T14:59:49.3432124+08:00	0x07	0.0982	0.3302	-0.2974	0.8904	329.97	34.78	21.80
2026-05-19T14:59:49.8765992+08:00	0x07	0.1032	0.3410	-0.2919	0.8876	331.01	36.15	22.48
2026-05-19T14:59:50.4270819+08:00	0x07	0.1015	0.3484	-0.2784	0.8893	332.76	37.40	21.99
2026-05-19T14:59:50.9765514+08:00	0x07	0.0982	0.3714	-0.2601	0.8859	335.35	40.73	21.54
2026-05-19T14:59:50.9775074+08:00	0x06	0.1200	0.2730	-0.3810	0.8752	318.55	25.17	24.71
2026-05-19T14:59:51.4387183+08:00	0x06	0.1623	0.2971	-0.4779	0.8105	305.87	22.96	33.16
2026-05-19T14:59:51.4939722+08:00	0x07	0.1037	0.3707	-0.2668	0.8835	334.74	40.45	22.40
2026-05-19T14:59:52.0430452+08:00	0x07	0.1048	0.3670	-0.2641	0.8858	335.01	40.00	22.30
2026-05-19T14:59:52.5781589+08:00	0x07	0.1132	0.3709	-0.2633	0.8834	335.49	40.42	23.29
2026-05-19T14:59:53.1113509+08:00	0x07	0.1191	0.3758	-0.2622	0.8808	335.94	41.03	24.01
2026-05-19T14:59:53.7127346+08:00	0x06	0.1755	0.2920	-0.5068	0.7919	301.25	20.34	35.02
2026-05-19T14:59:54.1622175+08:00	0x06	0.2095	0.2736	-0.5463	0.7634	293.67	13.91	38.23
2026-05-19T14:59:54.2420187+08:00	0x07	0.0992	0.3699	-0.2553	0.8878	335.91	40.62	21.40
2026-05-19T14:59:54.8324050+08:00	0x07	0.1052	0.3726	-0.2532	0.8865	336.43	40.94	22.04
2026-05-19T14:59:55.3789004+08:00	0x07	0.1087	0.3767	-0.2468	0.8862	337.41	41.56	22.25
2026-05-19T14:59:55.9121237+08:00	0x07	0.0996	0.3849	-0.2329	0.8875	338.88	42.96	20.86
2026-05-19T14:59:56.4284786+08:00	0x06	0.2050	0.2759	-0.5454	0.7645	294.01	14.55	37.90
