timestamp	device	q0	q1	q2	q3	yaw	pitch	roll
2026-05-12T17:41:40.0693235+08:00	0x01	-0.0136	0.0211	-0.1195	0.9925	346.24	2.58	358.74
2026-05-12T17:41:40.1789657+08:00	0x06	-0.7209	-0.0352	0.6904	0.0496	173.15	267.61	358.69
2026-05-12T17:41:40.3224375+08:00	0x09	0.0473	-0.1420	-0.4087	0.9003	311.44	342.87	358.23
2026-05-12T17:41:40.4134777+08:00	0x03	-0.0092	0.0019	0.1723	0.9850	19.85	0.03	358.93
2026-05-12T17:41:40.4825629+08:00	0x07	-0.5916	-0.3892	0.5525	-0.4396	184.67	269.47	71.85
2026-05-12T17:41:40.5972762+08:00	0x01	-0.0136	0.0211	-0.1195	0.9925	346.24	2.58	358.74
2026-05-12T17:41:40.6988048+08:00	0x06	-0.7290	-0.0278	0.6817	0.0556	173.31	266.30	357.52
2026-05-12T17:41:40.8122887+08:00	0x07	-0.6025	-0.3980	0.5450	-0.4261	177.27	262.30	71.31
2026-05-12T17:41:40.8726422+08:00	0x09	0.0473	-0.1421	-0.4087	0.9003	311.44	342.86	358.23
2026-05-12T17:41:40.9558595+08:00	0x03	-0.0092	0.0019	0.1723	0.9850	19.85	0.03	358.93
2026-05-12T17:41:41.0017369+08:00	0x08	-0.0049	-0.0051	0.2256	0.9742	26.08	359.30	359.58
2026-05-12T17:41:41.1753124+08:00	0x01	-0.0136	0.0210	-0.1195	0.9925	346.24	2.58	358.74
2026-05-12T17:41:41.2742711+08:00	0x06	-0.7301	-0.0248	0.6800	0.0630	172.99	266.14	356.65
2026-05-12T17:41:41.3425787+08:00	0x07	-0.6074	-0.3979	0.5475	-0.4159	175.27	260.74	70.21
2026-05-12T17:41:41.4106295+08:00	0x09	0.0473	-0.1421	-0.4087	0.9003	311.44	342.86	358.23
2026-05-12T17:41:41.5462617+08:00	0x02	-0.0494	-0.0010	-0.9947	0.0898	190.28	5.63	359.38
2026-05-12T17:41:41.6301997+08:00	0x01	-0.0136	0.0210	-0.1195	0.9925	346.24	2.58	358.74
2026-05-12T17:41:41.8005955+08:00	0x06	-0.7314	-0.0249	0.6786	0.0624	173.03	265.91	356.71
2026-05-12T17:41:41.9493918+08:00	0x07	-0.6104	-0.3936	0.5499	-0.4125	175.60	260.98	69.46
2026-05-12T17:41:42.0255193+08:00	0x03	-0.0092	0.0019	0.1723	0.9850	19.85	0.03	358.93
2026-05-12T17:41:42.1325979+08:00	0x08	-0.0050	-0.0051	0.2256	0.9742	26.08	359.30	359.58
2026-05-12T17:41:42.3594231+08:00	0x06	-0.7320	-0.0234	0.6779	0.0640	173.03	265.82	356.45
2026-05-12T17:41:42.4468809+08:00	0x07	-0.6122	-0.3907	0.5520	-0.4096	175.82	261.21	68.89
2026-05-12T17:41:42.5406092+08:00	0x09	0.0473	-0.1421	-0.4087	0.9003	311.44	342.86	358.23
2026-05-12T17:41:42.5785206+08:00	0x03	-0.0092	0.0019	0.1723	0.9850	19.85	0.03	358.93
2026-05-12T17:41:42.6774790+08:00	0x08	-0.0050	-0.0051	0.2256	0.9742	26.08	359.30	359.58
2026-05-12T17:41:42.7096056+08:00	0x02	-0.0494	-0.0010	-0.9947	0.0898	190.28	5.63	359.38
2026-05-12T17:41:42.8244260+08:00	0x01	-0.0136	0.0211	-0.1195	0.9925	346.24	2.58	358.74
2026-05-12T17:41:42.8594400+08:00	0x06	-0.7323	-0.0226	0.6775	0.0649	173.04	265.77	356.30
2026-05-12T17:41:43.0256315+08:00	0x07	-0.6143	-0.3872	0.5540	-0.4071	176.17	261.49	68.32
2026-05-12T17:41:43.0872584+08:00	0x09	0.0473	-0.1421	-0.4087	0.9003	311.44	342.87	358.23
2026-05-12T17:41:43.1612160+08:00	0x03	-0.0092	0.0019	0.1723	0.9850	19.85	0.03	358.93
2026-05-12T17:41:43.3044316+08:00	0x08	-0.0050	-0.0051	0.2256	0.9742	26.08	359.30	359.58
2026-05-12T17:41:43.3317337+08:00	0x02	-0.0494	-0.0010	-0.9947	0.0898	190.28	5.63	359.38
2026-05-12T17:41:43.4663994+08:00	0x06	-0.7315	-0.0213	0.6784	0.0653	173.11	265.92	356.17
2026-05-12T17:41:43.5406868+08:00	0x07	-0.6157	-0.3834	0.5562	-0.4057	176.84	262.06	67.83
2026-05-12T17:41:43.6408078+08:00	0x03	-0.0092	0.0019	0.1723	0.9850	19.85	0.03	358.93
2026-05-12T17:41:43.6894108+08:00	0x09	0.0473	-0.1421	-0.4087	0.9003	311.44	342.86	358.23
2026-05-12T17:41:43.8619403+08:00	0x08	-0.0050	-0.0051	0.2256	0.9742	26.08	359.30	359.58
2026-05-12T17:41:43.9005299+08:00	0x02	-0.0494	-0.0010	-0.9947	0.0898	190.28	5.63	359.38
2026-05-12T17:41:43.9464733+08:00	0x01	-0.0136	0.0210	-0.1195	0.9925	346.24	2.58	358.74
2026-05-12T17:41:44.0293897+08:00	0x07	-0.6163	-0.3807	0.5575	-0.4055	177.41	262.52	67.56
2026-05-12T17:41:44.2068327+08:00	0x03	-0.0092	0.0019	0.1723	0.9850	19.85	0.03	358.93
2026-05-12T17:41:44.2613535+08:00	0x05	0.0052	0.0131	0.4313	0.9021	51.10	1.61	359.89
2026-05-12T17:41:44.4063333+08:00	0x08	-0.0050	-0.0051	0.2256	0.9742	26.08	359.30	359.58
2026-05-12T17:41:44.5223894+08:00	0x01	-0.0136	0.0210	-0.1195	0.9925	346.24	2.58	358.74
2026-05-12T17:41:44.6292593+08:00	0x07	-0.6248	-0.4276	0.5033	-0.4166	158.19	241.78	71.98
2026-05-12T17:41:44.7422351+08:00	0x09	0.0473	-0.1421	-0.4087	0.9003	311.44	342.86	358.23
2026-05-12T17:41:44.9531555+08:00	0x08	-0.0050	-0.0051	0.2256	0.9742	26.08	359.30	359.58
2026-05-12T17:41:44.9906802+08:00	0x02	-0.0494	-0.0010	-0.9947	0.0898	190.28	5.63	359.38
2026-05-12T17:41:45.0577960+08:00	0x03	-0.0092	0.0019	0.1723	0.9850	19.85	0.03	358.93
2026-05-12T17:41:45.1725015+08:00	0x07	-0.5551	-0.3757	0.5480	-0.5004	211.20	293.57	75.31
2026-05-12T17:41:45.2780107+08:00	0x09	0.0473	-0.1421	-0.4087	0.9003	311.44	342.86	358.23
2026-05-12T17:41:45.4259675+08:00	0x08	-0.0050	-0.0051	0.2256	0.9742	26.08	359.30	359.58
2026-05-12T17:41:45.5552476+08:00	0x02	-0.0494	-0.0010	-0.9947	0.0898	190.28	5.63	359.38
2026-05-12T17:41:45.7476364+08:00	0x07	-0.4316	-0.1905	0.6771	-0.5648	244.26	326.35	48.20
2026-05-12T17:41:45.8687984+08:00	0x09	0.0473	-0.1421	-0.4087	0.9003	311.44	342.86	358.23
2026-05-12T17:41:45.9534231+08:00	0x08	-0.0050	-0.0051	0.2256	0.9742	26.08	359.30	359.58
2026-05-12T17:41:46.0514472+08:00	0x01	-0.0136	0.0210	-0.1195	0.9925	346.24	2.58	358.74
2026-05-12T17:41:46.0894680+08:00	0x02	-0.0494	-0.0010	-0.9947	0.0898	190.28	5.63	359.38
2026-05-12T17:41:46.1423186+08:00	0x06	-0.7315	-0.0213	0.6784	0.0653	173.10	265.92	356.18
2026-05-12T17:41:46.2112797+08:00	0x03	-0.0092	0.0019	0.1723	0.9850	19.85	0.03	358.93
2026-05-12T17:41:46.3818318+08:00	0x05	0.0052	0.0131	0.4313	0.9021	51.10	1.61	359.89
2026-05-12T17:41:46.4253968+08:00	0x09	0.0473	-0.1421	-0.4087	0.9003	311.44	342.86	358.23
2026-05-12T17:41:46.5142357+08:00	0x08	-0.0050	-0.0051	0.2256	0.9742	26.08	359.30	359.58
2026-05-12T17:41:46.5514842+08:00	0x02	-0.0494	-0.0010	-0.9947	0.0898	190.28	5.63	359.38
2026-05-12T17:41:46.7204212+08:00	0x06	-0.4179	0.0321	0.8991	0.1265	168.27	311.11	350.59
2026-05-12T17:41:46.8368278+08:00	0x01	-0.0136	0.0210	-0.1195	0.9925	346.24	2.58	358.74
2026-05-12T17:41:46.9358110+08:00	0x09	0.0473	-0.1421	-0.4087	0.9003	311.44	342.86	358.23
2026-05-12T17:41:47.0371553+08:00	0x08	-0.0050	-0.0051	0.2256	0.9742	26.08	359.30	359.58
2026-05-12T17:41:47.1091438+08:00	0x02	-0.0494	-0.0010	-0.9947	0.0898	190.28	5.63	359.38
2026-05-12T17:41:47.1470727+08:00	0x01	-0.0136	0.0210	-0.1195	0.9925	346.24	2.58	358.74
2026-05-12T17:41:47.2612447+08:00	0x03	-0.0092	0.0019	0.1723	0.9850	19.85	0.03	358.93
2026-05-12T17:41:47.3712922+08:00	0x07	-0.4358	-0.1963	0.6739	-0.5634	243.91	326.01	49.08
2026-05-12T17:41:47.4704927+08:00	0x09	0.0473	-0.1421	-0.4087	0.9003	311.44	342.86	358.23
2026-05-12T17:41:47.6234912+08:00	0x08	-0.0050	-0.0051	0.2256	0.9742	26.08	359.30	359.58
2026-05-12T17:41:47.7119249+08:00	0x01	-0.0137	0.0210	-0.1195	0.9925	346.24	2.58	358.73
2026-05-12T17:41:47.7837665+08:00	0x03	-0.0092	0.0019	0.1723	0.9850	19.85	0.03	358.93
2026-05-12T17:41:47.8481647+08:00	0x07	-0.3601	-0.0847	0.7845	-0.4976	235.74	326.50	29.42
2026-05-12T17:41:48.0296195+08:00	0x09	0.0473	-0.1421	-0.4087	0.9003	311.44	342.86	358.23
2026-05-12T17:41:48.0764829+08:00	0x08	-0.0049	-0.0051	0.2256	0.9742	26.08	359.30	359.58
2026-05-12T17:41:48.2037636+08:00	0x02	-0.0494	-0.0010	-0.9947	0.0898	190.28	5.63	359.38
2026-05-12T17:41:48.2477770+08:00	0x01	-0.0137	0.0211	-0.1195	0.9925	346.24	2.58	358.73
2026-05-12T17:41:48.2645297+08:00	0x06	-0.3715	0.0398	0.9152	0.1509	165.47	317.18	349.34
2026-05-12T17:41:48.3973670+08:00	0x07	-0.3530	-0.0538	0.8166	-0.4536	230.33	324.70	24.09
2026-05-12T17:41:48.4183115+08:00	0x03	-0.0092	0.0019	0.1723	0.9850	19.85	0.03	358.93
2026-05-12T17:41:48.6455665+08:00	0x05	0.0052	0.0131	0.4313	0.9021	51.10	1.61	359.90
2026-05-12T17:41:48.7183617+08:00	0x02	-0.0494	-0.0010	-0.9947	0.0898	190.28	5.63	359.38
2026-05-12T17:41:48.8194783+08:00	0x01	-0.0137	0.0211	-0.1195	0.9925	346.24	2.58	358.73
2026-05-12T17:41:48.9168786+08:00	0x03	-0.0092	0.0019	0.1723	0.9850	19.85	0.03	358.93
2026-05-12T17:41:48.9754778+08:00	0x09	0.0473	-0.1421	-0.4087	0.9003	311.44	342.87	358.23
2026-05-12T17:41:49.1078381+08:00	0x07	-0.3394	-0.0719	0.8177	-0.4593	231.06	327.21	25.43
2026-05-12T17:41:49.1744854+08:00	0x08	-0.0049	-0.0051	0.2256	0.9742	26.08	359.30	359.58
2026-05-12T17:41:49.2994373+08:00	0x02	-0.0494	-0.0010	-0.9947	0.0898	190.28	5.63	359.38
2026-05-12T17:41:49.3495020+08:00	0x01	-0.0136	0.0211	-0.1195	0.9925	346.24	2.58	358.74
2026-05-12T17:41:49.4632582+08:00	0x03	-0.0092	0.0019	0.1723	0.9850	19.85	0.03	358.93
2026-05-12T17:41:49.5286009+08:00	0x09	0.0473	-0.1421	-0.4087	0.9003	311.44	342.87	358.23
2026-05-12T17:41:49.8036576+08:00	0x08	-0.0049	-0.0051	0.2256	0.9742	26.08	359.30	359.58
2026-05-12T17:41:49.9107603+08:00	0x01	-0.0136	0.0210	-0.1195	0.9925	346.24	2.58	358.74
2026-05-12T17:41:50.0269698+08:00	0x06	-0.3198	-0.0754	0.9381	0.1097	165.24	321.82	4.09
2026-05-12T17:41:50.0668804+08:00	0x07	-0.2950	-0.3609	0.7447	-0.4776	240.38	350.49	55.02
2026-05-12T17:41:50.2732632+08:00	0x08	-0.0049	-0.0051	0.2256	0.9742	26.08	359.30	359.58
2026-05-12T17:41:50.4026422+08:00	0x02	-0.0494	-0.0010	-0.9947	0.0898	190.28	5.63	359.38
2026-05-12T17:41:50.5275772+08:00	0x03	-0.0092	0.0019	0.1723	0.9850	19.85	0.03	358.93
2026-05-12T17:41:50.6343265+08:00	0x07	-0.3442	-0.3923	0.7323	-0.4375	230.14	340.53	61.13
2026-05-12T17:41:50.6568296+08:00	0x09	0.0473	-0.1421	-0.4087	0.9003	311.44	342.86	358.23
2026-05-12T17:41:50.7649928+08:00	0x06	-0.3372	-0.0765	0.9331	0.0994	166.25	319.74	4.34
2026-05-12T17:41:50.8838577+08:00	0x02	-0.0494	-0.0010	-0.9947	0.0898	190.28	5.63	359.38
2026-05-12T17:41:51.0416347+08:00	0x01	-0.0136	0.0210	-0.1195	0.9925	346.24	2.58	358.74
2026-05-12T17:41:51.0723294+08:00	0x03	-0.0092	0.0019	0.1723	0.9850	19.85	0.04	358.93
2026-05-12T17:41:51.1828519+08:00	0x07	-0.3466	-0.3888	0.7307	-0.4413	230.63	340.35	60.94
2026-05-12T17:41:51.2254798+08:00	0x06	-0.3383	-0.0731	0.9335	0.0939	166.98	319.68	4.19
2026-05-12T17:41:51.2413267+08:00	0x09	0.0473	-0.1421	-0.4087	0.9003	311.44	342.86	358.23
2026-05-12T17:41:51.3949617+08:00	0x08	-0.0049	-0.0051	0.2256	0.9742	26.08	359.30	359.58
2026-05-12T17:41:51.4786477+08:00	0x01	-0.0136	0.0210	-0.1195	0.9925	346.24	2.58	358.74
2026-05-12T17:41:51.5864902+08:00	0x06	-0.3602	-0.0660	0.9179	0.1527	160.85	317.05	0.64
2026-05-12T17:41:51.6669323+08:00	0x02	-0.0494	-0.0010	-0.9947	0.0898	190.28	5.63	359.38
2026-05-12T17:41:51.7278414+08:00	0x09	0.0473	-0.1421	-0.4087	0.9003	311.44	342.86	358.23
2026-05-12T17:41:51.9277345+08:00	0x08	-0.0049	-0.0051	0.2256	0.9742	26.08	359.30	359.58
2026-05-12T17:41:51.9946035+08:00	0x01	-0.0136	0.0210	-0.1195	0.9925	346.24	2.58	358.74
2026-05-12T17:41:52.1749878+08:00	0x03	-0.0092	0.0019	0.1723	0.9850	19.85	0.03	358.93
2026-05-12T17:41:52.2649619+08:00	0x09	0.0473	-0.1421	-0.4087	0.9003	311.44	342.86	358.23
2026-05-12T17:41:52.3253710+08:00	0x07	-0.4563	-0.3465	0.7675	-0.2875	191.88	304.43	52.58
2026-05-12T17:41:52.4826553+08:00	0x08	-0.0049	-0.0051	0.2256	0.9742	26.08	359.30	359.58
2026-05-12T17:41:52.5354092+08:00	0x02	-0.0494	-0.0010	-0.9947	0.0898	190.28	5.63	359.38
2026-05-12T17:41:52.5674545+08:00	0x01	-0.0136	0.0210	-0.1195	0.9925	346.24	2.58	358.74
2026-05-12T17:41:52.7028263+08:00	0x06	-0.3986	-0.0318	0.8937	0.2032	157.00	313.15	353.96
2026-05-12T17:41:52.8406785+08:00	0x07	-0.4577	-0.3573	0.7389	-0.3419	199.23	307.01	57.24
2026-05-12T17:41:52.8679088+08:00	0x09	0.0473	-0.1421	-0.4087	0.9003	311.44	342.86	358.23
2026-05-12T17:41:52.9149065+08:00	0x08	-0.0049	-0.0051	0.2256	0.9742	26.08	359.30	359.58
2026-05-12T17:41:53.0466483+08:00	0x02	-0.0494	-0.0010	-0.9947	0.0898	190.28	5.63	359.38
2026-05-12T17:41:53.1405704+08:00	0x01	-0.0136	0.0210	-0.1195	0.9925	346.24	2.58	358.74
2026-05-12T17:41:53.2254738+08:00	0x03	-0.0092	0.0019	0.1723	0.9850	19.85	0.03	358.93
2026-05-12T17:41:53.3675241+08:00	0x07	-0.4577	-0.3570	0.7398	-0.3403	198.99	306.91	57.11
2026-05-12T17:41:53.4209081+08:00	0x09	0.0474	-0.1421	-0.4087	0.9003	311.44	342.86	358.23
2026-05-12T17:41:53.4932910+08:00	0x08	-0.0049	-0.0051	0.2256	0.9742	26.08	359.30	359.58
2026-05-12T17:41:53.6235224+08:00	0x02	-0.0494	-0.0010	-0.9947	0.0898	190.28	5.63	359.38
2026-05-12T17:41:53.6613340+08:00	0x05	0.0052	0.0131	0.4313	0.9021	51.10	1.61	359.89
2026-05-12T17:41:53.8080038+08:00	0x03	-0.0092	0.0019	0.1723	0.9850	19.85	0.03	358.93
2026-05-12T17:41:53.9835743+08:00	0x07	-0.6744	-0.2497	0.6245	-0.3048	183.64	267.16	46.30
2026-05-12T17:41:54.0379053+08:00	0x08	-0.0049	-0.0051	0.2256	0.9742	26.08	359.30	359.58
2026-05-12T17:41:54.0931872+08:00	0x09	0.0474	-0.1421	-0.4087	0.9003	311.44	342.86	358.23
2026-05-12T17:41:54.3501312+08:00	0x01	-0.0136	0.0210	-0.1195	0.9925	346.24	2.58	358.74
2026-05-12T17:41:54.3809326+08:00	0x03	-0.0092	0.0019	0.1723	0.9850	19.85	0.03	358.93
2026-05-12T17:41:54.5965978+08:00	0x08	-0.0049	-0.0051	0.2256	0.9742	26.08	359.30	359.58
2026-05-12T17:41:54.6409368+08:00	0x07	-0.7024	-0.1688	0.6580	-0.2125	182.86	267.06	31.38
2026-05-12T17:41:54.6952010+08:00	0x09	0.0474	-0.1421	-0.4087	0.9003	311.44	342.86	358.23
2026-05-12T17:41:54.8854515+08:00	0x06	-0.7367	0.0409	0.6652	0.1144	174.58	264.78	347.11
2026-05-12T17:41:54.9261639+08:00	0x03	-0.0092	0.0019	0.1723	0.9850	19.85	0.03	358.93
2026-05-12T17:41:54.9831296+08:00	0x07	-0.7017	-0.1713	0.6572	-0.2154	182.88	267.06	31.83
2026-05-12T17:41:55.0840019+08:00	0x09	0.0474	-0.1421	-0.4087	0.9003	311.44	342.86	358.23
2026-05-12T17:41:55.2538527+08:00	0x08	-0.0049	-0.0051	0.2256	0.9742	26.08	359.30	359.58
2026-05-12T17:41:55.3396280+08:00	0x06	-0.7443	0.0216	0.6602	0.0986	174.29	263.65	349.90
2026-05-12T17:41:55.4431284+08:00	0x03	-0.0092	0.0019	0.1723	0.9850	19.85	0.03	358.93
2026-05-12T17:41:55.5891430+08:00	0x07	-0.7262	-0.0503	0.6787	-0.0971	183.45	266.49	12.08
2026-05-12T17:41:55.6145655+08:00	0x09	0.0473	-0.1421	-0.4087	0.9003	311.44	342.86	358.23
2026-05-12T17:41:55.7916496+08:00	0x01	-0.0136	0.0210	-0.1195	0.9925	346.24	2.58	358.74
2026-05-12T17:41:55.8252473+08:00	0x02	-0.0494	-0.0010	-0.9947	0.0898	190.28	5.63	359.38
2026-05-12T17:41:55.9763553+08:00	0x06	-0.7422	-0.0041	0.6664	0.0708	174.21	264.13	354.28
2026-05-12T17:41:56.0207923+08:00	0x03	-0.0092	0.0019	0.1723	0.9850	19.85	0.03	358.93
2026-05-12T17:41:56.1174466+08:00	0x07	-0.7301	0.0385	0.6822	-0.0132	184.26	266.04	358.09
2026-05-12T17:41:56.1486254+08:00	0x09	0.0473	-0.1421	-0.4087	0.9003	311.44	342.86	358.23
2026-05-12T17:41:56.2699688+08:00	0x08	-0.0049	-0.0051	0.2256	0.9742	26.08	359.30	359.58
2026-05-12T17:41:56.2925321+08:00	0x02	-0.0494	-0.0010	-0.9947	0.0898	190.28	5.63	359.38
2026-05-12T17:41:56.4223373+08:00	0x01	-0.0136	0.0210	-0.1195	0.9925	346.24	2.58	358.74
2026-05-12T17:41:56.5646079+08:00	0x03	-0.0092	0.0019	0.1723	0.9850	19.85	0.03	358.93
2026-05-12T17:41:56.6482624+08:00	0x07	-0.7246	0.0934	0.6824	0.0263	185.79	266.08	350.47
2026-05-12T17:41:56.6946341+08:00	0x09	0.0473	-0.1421	-0.4087	0.9003	311.44	342.86	358.23
2026-05-12T17:41:56.7946568+08:00	0x08	-0.0049	-0.0051	0.2256	0.9742	26.08	359.30	359.58
2026-05-12T17:41:56.8285906+08:00	0x02	-0.0493	-0.0010	-0.9947	0.0898	190.28	5.62	359.38
2026-05-12T17:41:57.0079993+08:00	0x06	-0.7246	-0.0069	0.6852	0.0739	173.58	267.11	354.39
2026-05-12T17:41:57.1155160+08:00	0x03	-0.0092	0.0019	0.1723	0.9850	19.85	0.03	358.93
2026-05-12T17:41:57.2032946+08:00	0x01	-0.0136	0.0210	-0.1195	0.9925	346.24	2.58	358.74
2026-05-12T17:41:57.2659647+08:00	0x09	0.0473	-0.1421	-0.4087	0.9003	311.44	342.86	358.23
2026-05-12T17:41:57.3712512+08:00	0x08	-0.0049	-0.0051	0.2256	0.9742	26.08	359.30	359.58
2026-05-12T17:41:57.5324085+08:00	0x06	-0.6867	0.0161	0.7219	0.0840	174.25	273.27	352.03
2026-05-12T17:41:57.5864577+08:00	0x01	-0.0136	0.0211	-0.1195	0.9925	346.24	2.58	358.74
2026-05-12T17:41:57.6407336+08:00	0x03	-0.0092	0.0019	0.1723	0.9850	19.85	0.04	358.93
2026-05-12T17:41:57.7404053+08:00	0x07	-0.7371	0.1027	0.6664	0.0443	185.42	263.68	348.34
2026-05-12T17:41:57.8172018+08:00	0x09	0.0473	-0.1421	-0.4087	0.9003	311.44	342.86	358.23
2026-05-12T17:41:57.8676954+08:00	0x08	-0.0049	-0.0051	0.2256	0.9742	26.08	359.30	359.58
2026-05-12T17:41:58.0710299+08:00	0x01	-0.0136	0.0210	-0.1195	0.9925	346.24	2.58	358.74
2026-05-12T17:41:58.1040784+08:00	0x06	-0.4196	0.0307	0.9028	0.0895	172.12	310.66	352.50
2026-05-12T17:41:58.2060639+08:00	0x07	-0.4820	0.0883	0.8711	-0.0318	188.14	301.59	352.92
2026-05-12T17:41:58.3903491+08:00	0x09	0.0473	-0.1421	-0.4087	0.9003	311.44	342.86	358.23
2026-05-12T17:41:58.4210876+08:00	0x03	-0.0092	0.0019	0.1723	0.9850	19.85	0.04	358.93
2026-05-12T17:41:58.5424274+08:00	0x01	-0.0136	0.0210	-0.1195	0.9925	346.24	2.58	358.74
2026-05-12T17:41:58.7273050+08:00	0x06	-0.3397	0.0505	0.9307	0.1259	168.27	320.96	349.66
2026-05-12T17:41:58.7974117+08:00	0x07	-0.5587	-0.1271	0.7760	-0.2638	197.89	293.24	29.47
2026-05-12T17:41:58.9405969+08:00	0x09	0.0473	-0.1421	-0.4087	0.9003	311.44	342.86	358.23
2026-05-12T17:41:59.0154210+08:00	0x08	-0.0049	-0.0051	0.2256	0.9742	26.08	359.30	359.58
2026-05-12T17:41:59.1223691+08:00	0x01	-0.0136	0.0210	-0.1195	0.9925	346.24	2.58	358.74
2026-05-12T17:41:59.2811265+08:00	0x07	-0.5573	-0.1207	0.7802	-0.2571	197.64	293.42	28.35
2026-05-12T17:41:59.5556410+08:00	0x05	0.0052	0.0131	0.4313	0.9021	51.10	1.61	359.90
2026-05-12T17:41:59.5676144+08:00	0x02	-0.0494	-0.0010	-0.9947	0.0898	190.28	5.63	359.38
2026-05-12T17:41:59.6126626+08:00	0x09	0.0473	-0.1421	-0.4087	0.9003	311.44	342.86	358.23
2026-05-12T17:41:59.7651283+08:00	0x06	-0.3292	0.0642	0.9253	0.1771	162.92	322.89	346.39
2026-05-12T17:41:59.8505591+08:00	0x03	-0.0092	0.0019	0.1723	0.9850	19.85	0.03	358.93
2026-05-12T17:41:59.8716053+08:00	0x07	-0.6871	-0.3683	0.5442	-0.3100	162.56	247.48	55.78
2026-05-12T17:42:00.0112194+08:00	0x09	0.0473	-0.1421	-0.4087	0.9003	311.44	342.86	358.23
2026-05-12T17:42:00.1015785+08:00	0x08	-0.0049	-0.0051	0.2256	0.9742	26.08	359.30	359.58
2026-05-12T17:42:00.1613120+08:00	0x02	-0.0494	-0.0010	-0.9947	0.0898	190.28	5.63	359.38
2026-05-12T17:42:00.2136587+08:00	0x01	-0.0136	0.0210	-0.1195	0.9925	346.24	2.58	358.74
2026-05-12T17:42:00.3813612+08:00	0x03	-0.0092	0.0019	0.1723	0.9850	19.85	0.03	358.93
2026-05-12T17:42:00.4278273+08:00	0x07	-0.6322	-0.5357	0.4242	-0.3652	113.42	201.22	66.39
2026-05-12T17:42:00.5431954+08:00	0x09	0.0473	-0.1421	-0.4087	0.9003	311.44	342.86	358.23
2026-05-12T17:42:00.6352216+08:00	0x08	-0.0049	-0.0051	0.2256	0.9742	26.08	359.30	359.58
2026-05-12T17:42:00.7052691+08:00	0x02	-0.0494	-0.0010	-0.9947	0.0898	190.28	5.63	359.38
2026-05-12T17:42:00.7420402+08:00	0x06	-0.3214	0.0784	0.9210	0.2055	160.03	324.37	343.95
2026-05-12T17:42:00.9215861+08:00	0x03	-0.0091	0.0019	0.1723	0.9850	19.85	0.03	358.93
2026-05-12T17:42:01.0423834+08:00	0x07	-0.5668	-0.6147	0.3665	-0.4080	77.42	167.80	65.95
2026-05-12T17:42:01.1046491+08:00	0x09	0.0473	-0.1421	-0.4087	0.9003	311.44	342.86	358.23
2026-05-12T17:42:01.2065471+08:00	0x08	-0.0049	-0.0051	0.2256	0.9742	26.08	359.30	359.58
2026-05-12T17:42:01.2444464+08:00	0x02	-0.0494	-0.0010	-0.9947	0.0898	190.28	5.63	359.38
2026-05-12T17:42:01.3675789+08:00	0x06	-0.3159	0.0760	0.9217	0.2120	159.12	325.11	344.09
2026-05-12T17:42:01.5096210+08:00	0x03	-0.0092	0.0019	0.1723	0.9850	19.85	0.03	358.93
2026-05-12T17:42:01.5527975+08:00	0x07	-0.5126	-0.6912	0.3124	-0.4024	58.58	153.87	57.60
2026-05-12T17:42:01.6858919+08:00	0x09	0.0473	-0.1421	-0.4087	0.9003	311.44	342.86	358.23
2026-05-12T17:42:01.7727749+08:00	0x01	-0.0136	0.0210	-0.1195	0.9925	346.24	2.58	358.74
2026-05-12T17:42:01.8066341+08:00	0x02	-0.0494	-0.0010	-0.9947	0.0898	190.28	5.63	359.38
2026-05-12T17:42:01.9435147+08:00	0x06	-0.3115	0.0856	0.9210	0.2176	158.69	325.86	342.95
2026-05-12T17:42:02.0073751+08:00	0x03	-0.0092	0.0019	0.1723	0.9850	19.85	0.03	358.93
2026-05-12T17:42:02.0694120+08:00	0x07	-0.5478	-0.6996	0.3011	-0.3462	68.61	165.05	53.19
2026-05-12T17:42:02.2000119+08:00	0x09	0.0473	-0.1421	-0.4087	0.9003	311.44	342.87	358.23
2026-05-12T17:42:02.3005527+08:00	0x08	-0.0049	-0.0051	0.2256	0.9742	26.08	359.30	359.58
2026-05-12T17:42:02.5092405+08:00	0x01	-0.0137	0.0211	-0.1195	0.9925	346.24	2.58	358.73
2026-05-12T17:42:02.5222047+08:00	0x06	-0.3100	0.0830	0.9195	0.2271	157.48	326.15	342.94
2026-05-12T17:42:02.5544936+08:00	0x03	-0.0092	0.0019	0.1723	0.9850	19.85	0.03	358.93
2026-05-12T17:42:02.7732310+08:00	0x02	-0.0494	-0.0010	-0.9947	0.0898	190.28	5.63	359.38
2026-05-12T17:42:02.8252100+08:00	0x07	-0.5203	-0.3370	0.6049	-0.4998	222.90	308.34	68.09
2026-05-12T17:42:02.8646921+08:00	0x01	-0.0136	0.0211	-0.1195	0.9925	346.24	2.58	358.74
2026-05-12T17:42:03.0803836+08:00	0x03	-0.0092	0.0019	0.1723	0.9850	19.85	0.03	358.93
2026-05-12T17:42:03.1468687+08:00	0x07	-0.6838	-0.4518	0.4612	-0.3400	139.84	223.29	61.84
2026-05-12T17:42:03.2076092+08:00	0x06	-0.3361	0.0829	0.9078	0.2367	156.83	323.10	341.96
2026-05-12T17:42:03.3448859+08:00	0x09	0.0473	-0.1420	-0.4087	0.9003	311.44	342.87	358.23
2026-05-12T17:42:03.3966002+08:00	0x02	-0.0494	-0.0010	-0.9947	0.0898	190.28	5.63	359.38
2026-05-12T17:42:03.4275158+08:00	0x08	-0.0049	-0.0051	0.2256	0.9742	26.08	359.30	359.58
2026-05-12T17:42:03.6056646+08:00	0x06	-0.3276	0.0894	0.9073	0.2479	155.56	324.43	341.05
2026-05-12T17:42:03.7352623+08:00	0x07	-0.7720	-0.5217	0.2980	-0.2076	118.46	198.31	39.16
2026-05-12T17:42:03.8914114+08:00	0x02	-0.0494	-0.0010	-0.9947	0.0898	190.28	5.63	359.38
2026-05-12T17:42:03.9224721+08:00	0x09	0.0473	-0.1420	-0.4087	0.9003	311.44	342.87	358.23
2026-05-12T17:42:04.2116316+08:00	0x03	-0.0092	0.0019	0.1723	0.9850	19.85	0.03	358.93
2026-05-12T17:42:04.2632929+08:00	0x07	-0.8083	-0.4781	0.2982	-0.1709	125.83	202.64	34.15
2026-05-12T17:42:04.3552247+08:00	0x06	-0.3119	0.0962	0.9139	0.2415	156.21	326.36	340.95
2026-05-12T17:42:04.4582311+08:00	0x09	0.0473	-0.1420	-0.4087	0.9003	311.44	342.87	358.23
2026-05-12T17:42:04.5737431+08:00	0x08	-0.0049	-0.0051	0.2256	0.9742	26.08	359.30	359.58
2026-05-12T17:42:04.6936375+08:00	0x03	-0.0092	0.0019	0.1723	0.9850	19.85	0.03	358.93
2026-05-12T17:42:04.7261836+08:00	0x06	-0.3217	0.0750	0.9162	0.2269	157.47	324.61	343.54
2026-05-12T17:42:04.8235403+08:00	0x07	-0.8343	-0.4187	0.3255	-0.1509	135.17	209.30	31.62
2026-05-12T17:42:04.9621439+08:00	0x02	-0.0494	-0.0010	-0.9947	0.0898	190.28	5.63	359.38
2026-05-12T17:42:05.0474979+08:00	0x09	0.0473	-0.1421	-0.4087	0.9003	311.44	342.86	358.23
2026-05-12T17:42:05.0874505+08:00	0x08	-0.0050	-0.0051	0.2256	0.9742	26.08	359.30	359.58
2026-05-12T17:42:05.1722173+08:00	0x01	-0.0136	0.0210	-0.1195	0.9925	346.24	2.58	358.74
2026-05-12T17:42:05.2830013+08:00	0x06	-0.3431	0.0805	0.9044	0.2404	156.46	322.26	341.90
2026-05-12T17:42:05.3507773+08:00	0x03	-0.0092	0.0019	0.1723	0.9850	19.85	0.03	358.93
2026-05-12T17:42:05.4266517+08:00	0x02	-0.0494	-0.0010	-0.9947	0.0898	190.28	5.63	359.38
2026-05-12T17:42:05.5394438+08:00	0x09	0.0473	-0.1421	-0.4087	0.9003	311.44	342.86	358.23
2026-05-12T17:42:05.7276263+08:00	0x01	-0.0136	0.0210	-0.1195	0.9925	346.24	2.58	358.74
2026-05-12T17:42:05.7900516+08:00	0x06	-0.3406	0.0645	0.9086	0.2329	156.76	322.22	343.98
2026-05-12T17:42:05.8271888+08:00	0x07	-0.8336	-0.4205	0.3247	-0.1515	134.89	209.11	31.71
2026-05-12T17:42:05.9589368+08:00	0x02	-0.0494	-0.0010	-0.9947	0.0898	190.28	5.63	359.38
2026-05-12T17:42:06.0744768+08:00	0x09	0.0473	-0.1421	-0.4087	0.9003	311.44	342.87	358.23
2026-05-12T17:42:06.2054816+08:00	0x08	-0.0049	-0.0051	0.2256	0.9742	26.08	359.30	359.58
2026-05-12T17:42:06.3224867+08:00	0x03	-0.0092	0.0019	0.1723	0.9850	19.85	0.03	358.93
2026-05-12T17:42:06.3779013+08:00	0x07	-0.7011	-0.2954	0.5928	-0.2642	171.63	256.87	46.11
2026-05-12T17:42:06.5251510+08:00	0x02	-0.0494	-0.0010	-0.9947	0.0898	190.28	5.63	359.38
2026-05-12T17:42:06.6114327+08:00	0x09	0.0473	-0.1420	-0.4087	0.9003	311.44	342.87	358.23
2026-05-12T17:42:06.7194639+08:00	0x08	-0.0049	-0.0051	0.2256	0.9742	26.08	359.30	359.58
2026-05-12T17:42:06.8182870+08:00	0x01	-0.0136	0.0210	-0.1195	0.9925	346.24	2.58	358.74
2026-05-12T17:42:06.8972050+08:00	0x03	-0.0092	0.0019	0.1723	0.9850	19.85	0.04	358.93
2026-05-12T17:42:06.9217465+08:00	0x07	-0.8398	-0.4121	0.3319	-0.1214	135.88	211.37	28.52
2026-05-12T17:42:07.1034789+08:00	0x02	-0.0494	-0.0010	-0.9947	0.0898	190.28	5.63	359.38
2026-05-12T17:42:07.2421153+08:00	0x05	0.0052	0.0130	0.4313	0.9021	51.10	1.61	359.90
2026-05-12T17:42:07.3875754+08:00	0x03	-0.0092	0.0019	0.1723	0.9850	19.85	0.03	358.93
2026-05-12T17:42:07.4452491+08:00	0x01	-0.0136	0.0210	-0.1195	0.9925	346.24	2.58	358.74
2026-05-12T17:42:07.4705730+08:00	0x06	-0.3090	0.0621	0.9129	0.2592	153.12	326.42	344.12
2026-05-12T17:42:07.6130622+08:00	0x02	-0.0494	-0.0010	-0.9947	0.0898	190.28	5.63	359.38
2026-05-12T17:42:07.7331262+08:00	0x09	0.0473	-0.1421	-0.4087	0.9003	311.44	342.87	358.23
2026-05-12T17:42:07.9947153+08:00	0x01	-0.0136	0.0210	-0.1195	0.9925	346.24	2.58	358.74
2026-05-12T17:42:08.0822535+08:00	0x07	-0.8283	-0.3957	0.3787	-0.1183	139.35	217.92	29.71
2026-05-12T17:42:08.2266141+08:00	0x09	0.0473	-0.1421	-0.4087	0.9003	311.44	342.87	358.23
2026-05-12T17:42:08.3742409+08:00	0x02	-0.0494	-0.0010	-0.9947	0.0898	190.28	5.63	359.38
2026-05-12T17:42:08.4123410+08:00	0x08	-0.0050	-0.0051	0.2256	0.9742	26.08	359.30	359.58
2026-05-12T17:42:08.4961267+08:00	0x06	-0.3175	0.0443	0.9252	0.2030	159.17	324.36	347.83
2026-05-12T17:42:08.5236171+08:00	0x03	-0.0092	0.0019	0.1723	0.9850	19.85	0.03	358.93
2026-05-12T17:42:08.6131921+08:00	0x01	-0.0136	0.0210	-0.1195	0.9925	346.24	2.57	358.74
2026-05-12T17:42:08.7902453+08:00	0x02	-0.0494	-0.0010	-0.9947	0.0898	190.28	5.63	359.38
2026-05-12T17:42:08.8450377+08:00	0x08	-0.0050	-0.0052	0.2256	0.9742	26.08	359.29	359.57
2026-05-12T17:42:08.9587740+08:00	0x01	-0.0136	0.0210	-0.1195	0.9925	346.24	2.57	358.74
2026-05-12T17:42:09.0394827+08:00	0x06	-0.3152	0.0427	0.9288	0.1902	160.54	324.49	348.51
2026-05-12T17:42:09.1067289+08:00	0x03	-0.0092	0.0019	0.1723	0.9850	19.85	0.03	358.93
2026-05-12T17:42:09.2857997+08:00	0x02	-0.0494	-0.0010	-0.9947	0.0898	190.28	5.63	359.38
2026-05-12T17:42:09.3537785+08:00	0x09	0.0473	-0.1421	-0.4087	0.9003	311.44	342.87	358.23
2026-05-12T17:42:09.4820399+08:00	0x08	-0.0050	-0.0052	0.2256	0.9742	26.08	359.29	359.58
2026-05-12T17:42:09.4982514+08:00	0x01	-0.0136	0.0210	-0.1195	0.9925	346.24	2.58	358.74
2026-05-12T17:42:09.5977967+08:00	0x06	-0.3176	0.0439	0.9284	0.1878	160.89	324.19	348.41
2026-05-12T17:42:09.6582359+08:00	0x03	-0.0092	0.0019	0.1723	0.9850	19.85	0.03	358.93
2026-05-12T17:42:09.7625091+08:00	0x02	-0.0493	-0.0010	-0.9947	0.0898	190.28	5.62	359.37
2026-05-12T17:42:09.8952356+08:00	0x09	0.0473	-0.1421	-0.4087	0.9003	311.44	342.86	358.23
2026-05-12T17:42:10.0634696+08:00	0x01	-0.0136	0.0210	-0.1195	0.9925	346.24	2.58	358.74
2026-05-12T17:42:10.1987696+08:00	0x07	-0.8606	-0.3279	0.3806	-0.0836	147.00	220.76	23.17
2026-05-12T17:42:10.2549532+08:00	0x03	-0.0092	0.0019	0.1723	0.9850	19.85	0.03	358.93
2026-05-12T17:42:10.3968353+08:00	0x02	-0.0493	-0.0010	-0.9947	0.0898	190.28	5.62	359.38
2026-05-12T17:42:10.4559355+08:00	0x08	-0.0050	-0.0052	0.2256	0.9742	26.08	359.30	359.58
2026-05-12T17:42:10.6573736+08:00	0x01	-0.0136	0.0210	-0.1195	0.9925	346.24	2.58	358.74
2026-05-12T17:42:10.7092117+08:00	0x07	-0.8674	-0.3136	0.3782	-0.0792	148.52	220.85	22.00
2026-05-12T17:42:10.7787439+08:00	0x03	-0.0092	0.0019	0.1723	0.9850	19.85	0.03	358.93
2026-05-12T17:42:10.9553711+08:00	0x02	-0.0493	-0.0010	-0.9947	0.0898	190.28	5.61	359.38
2026-05-12T17:42:11.1161777+08:00	0x09	0.0473	-0.1421	-0.4087	0.9003	311.44	342.86	358.23
2026-05-12T17:42:11.2614610+08:00	0x03	-0.0092	0.0019	0.1723	0.9850	19.85	0.03	358.93
2026-05-12T17:42:11.4963201+08:00	0x09	0.0473	-0.1421	-0.4087	0.9003	311.44	342.86	358.23
2026-05-12T17:42:11.7145851+08:00	0x01	-0.0136	0.0210	-0.1195	0.9925	346.24	2.58	358.74
2026-05-12T17:42:11.7905074+08:00	0x03	-0.0092	0.0019	0.1723	0.9850	19.85	0.03	358.93
2026-05-12T17:42:11.9751726+08:00	0x07	-0.8691	-0.3092	0.3785	-0.0755	148.94	221.05	21.42
2026-05-12T17:42:12.0966000+08:00	0x09	0.0473	-0.1421	-0.4087	0.9003	311.44	342.86	358.23
2026-05-12T17:42:12.3120685+08:00	0x01	-0.0136	0.0210	-0.1195	0.9925	346.24	2.58	358.74
2026-05-12T17:42:12.3512911+08:00	0x06	-0.3262	0.0485	0.9291	0.1673	163.44	322.98	348.50
2026-05-12T17:42:12.5246812+08:00	0x02	-0.0493	-0.0010	-0.9947	0.0898	190.28	5.62	359.38
2026-05-12T17:42:12.6005581+08:00	0x08	-0.0050	-0.0051	0.2256	0.9742	26.08	359.30	359.58
2026-05-12T17:42:12.8256706+08:00	0x01	-0.0136	0.0210	-0.1195	0.9925	346.24	2.58	358.74
2026-05-12T17:42:12.9123555+08:00	0x07	-0.8736	-0.3012	0.3757	-0.0704	149.66	220.94	20.44
2026-05-12T17:42:12.9581714+08:00	0x06	-0.3273	0.0485	0.9286	0.1683	163.34	322.87	348.45
2026-05-12T17:42:13.1370211+08:00	0x02	-0.0493	-0.0010	-0.9947	0.0898	190.28	5.62	359.38
2026-05-12T17:42:13.1798130+08:00	0x05	0.0052	0.0131	0.4313	0.9021	51.10	1.61	359.89
2026-05-12T17:42:13.3844869+08:00	0x01	-0.0136	0.0210	-0.1195	0.9925	346.24	2.58	358.74
2026-05-12T17:42:13.4423207+08:00	0x06	-0.3275	0.0479	0.9284	0.1689	163.26	322.84	348.49
2026-05-12T17:42:13.4852116+08:00	0x07	-0.8749	-0.2978	0.3758	-0.0686	150.00	221.05	20.12
2026-05-12T17:42:13.5472511+08:00	0x03	-0.0092	0.0019	0.1723	0.9850	19.85	0.03	358.93
2026-05-12T17:42:13.6954238+08:00	0x08	-0.0050	-0.0051	0.2256	0.9742	26.08	359.30	359.57
2026-05-12T17:42:13.7245494+08:00	0x09	0.0473	-0.1421	-0.4087	0.9003	311.44	342.86	358.23
2026-05-12T17:42:13.7513599+08:00	0x02	-0.0493	-0.0010	-0.9947	0.0898	190.28	5.62	359.38
2026-05-12T17:42:13.9300955+08:00	0x01	-0.0136	0.0210	-0.1195	0.9925	346.24	2.58	358.74
2026-05-12T17:42:14.0163687+08:00	0x03	-0.0092	0.0019	0.1723	0.9850	19.85	0.03	358.93
2026-05-12T17:42:14.0553540+08:00	0x06	-0.3287	0.0491	0.9281	0.1679	163.42	322.69	348.38
2026-05-12T17:42:14.1910198+08:00	0x02	-0.0493	-0.0010	-0.9947	0.0898	190.28	5.62	359.38
2026-05-12T17:42:14.2842683+08:00	0x08	-0.0050	-0.0051	0.2256	0.9742	26.08	359.30	359.58
2026-05-12T17:42:14.3124358+08:00	0x09	0.0473	-0.1421	-0.4087	0.9003	311.44	342.86	358.23
2026-05-12T17:42:14.4045027+08:00	0x01	-0.0136	0.0210	-0.1195	0.9925	346.24	2.58	358.74
2026-05-12T17:42:14.5627331+08:00	0x03	-0.0092	0.0019	0.1723	0.9850	19.85	0.03	358.93
2026-05-12T17:42:14.7237554+08:00	0x02	-0.0493	-0.0010	-0.9947	0.0898	190.28	5.62	359.38
2026-05-12T17:42:14.8011381+08:00	0x09	0.0473	-0.1421	-0.4087	0.9003	311.44	342.86	358.23
2026-05-12T17:42:14.8217562+08:00	0x08	-0.0050	-0.0051	0.2256	0.9742	26.08	359.30	359.58
2026-05-12T17:42:14.9572853+08:00	0x01	-0.0136	0.0210	-0.1195	0.9925	346.24	2.58	358.74
2026-05-12T17:42:15.1192818+08:00	0x06	-0.3147	0.0452	0.9356	0.1538	164.71	324.23	349.55
2026-05-12T17:42:15.1624617+08:00	0x03	-0.0092	0.0019	0.1723	0.9850	19.85	0.03	358.93
2026-05-12T17:42:15.2948918+08:00	0x02	-0.0494	-0.0010	-0.9947	0.0898	190.28	5.63	359.38
2026-05-12T17:42:15.3743739+08:00	0x08	-0.0050	-0.0051	0.2256	0.9742	26.08	359.30	359.58
2026-05-12T17:42:15.4946799+08:00	0x01	-0.0136	0.0210	-0.1195	0.9925	346.24	2.58	358.74
2026-05-12T17:42:15.5295860+08:00	0x09	0.0473	-0.1421	-0.4087	0.9003	311.44	342.86	358.23
2026-05-12T17:42:15.5904388+08:00	0x06	-0.3277	0.0441	0.9262	0.1810	161.78	322.89	348.45
2026-05-12T17:42:15.6712707+08:00	0x03	-0.0092	0.0019	0.1723	0.9850	19.85	0.03	358.93
2026-05-12T17:42:15.7837776+08:00	0x07	-0.7271	-0.1426	0.6589	-0.1297	177.74	263.93	22.12
2026-05-12T17:42:15.9139932+08:00	0x08	-0.0050	-0.0051	0.2256	0.9742	26.08	359.30	359.58
2026-05-12T17:42:15.9824011+08:00	0x02	-0.0494	-0.0010	-0.9947	0.0898	190.28	5.63	359.38
2026-05-12T17:42:16.1043667+08:00	0x06	-0.5408	0.0617	0.8244	0.1553	168.66	295.04	344.35
2026-05-12T17:42:16.2266458+08:00	0x03	-0.0092	0.0019	0.1723	0.9850	19.85	0.03	358.93
2026-05-12T17:42:16.2686957+08:00	0x07	-0.7805	0.0281	0.6235	-0.0361	185.10	257.29	1.22
2026-05-12T17:42:16.3194319+08:00	0x05	0.0052	0.0131	0.4313	0.9021	51.10	1.61	359.90
2026-05-12T17:42:16.4568660+08:00	0x09	0.0473	-0.1421	-0.4087	0.9003	311.44	342.86	358.23
2026-05-12T17:42:16.6719330+08:00	0x06	-0.6097	0.0641	0.7814	0.1169	173.82	284.84	345.95
2026-05-12T17:42:16.7025016+08:00	0x03	-0.0091	0.0019	0.1723	0.9850	19.85	0.03	358.93
2026-05-12T17:42:16.7307790+08:00	0x07	-0.7598	-0.0218	0.6458	-0.0719	183.46	260.96	7.89
2026-05-12T17:42:16.8205252+08:00	0x01	-0.0136	0.0211	-0.1195	0.9925	346.24	2.58	358.74
2026-05-12T17:42:16.9453091+08:00	0x02	-0.0493	-0.0010	-0.9947	0.0898	190.28	5.62	359.37
2026-05-12T17:42:16.9857774+08:00	0x08	-0.0050	-0.0050	0.2256	0.9742	26.08	359.31	359.57
2026-05-12T17:42:17.1504798+08:00	0x01	-0.0136	0.0211	-0.1195	0.9925	346.24	2.58	358.74
2026-05-12T17:42:17.2082604+08:00	0x06	-0.6178	0.0568	0.7764	0.1113	173.95	283.67	346.96
2026-05-12T17:42:17.2523791+08:00	0x03	-0.0092	0.0019	0.1723	0.9850	19.85	0.03	358.93
2026-05-12T17:42:17.2897455+08:00	0x07	-0.7605	-0.0203	0.6451	-0.0708	183.50	260.85	7.69
2026-05-12T17:42:17.4606572+08:00	0x02	-0.0493	-0.0010	-0.9947	0.0898	190.28	5.62	359.38
2026-05-12T17:42:17.5217296+08:00	0x09	0.0473	-0.1421	-0.4087	0.9003	311.44	342.86	358.23
2026-05-12T17:42:17.5471727+08:00	0x08	-0.0050	-0.0050	0.2256	0.9742	26.08	359.31	359.57
2026-05-12T17:42:17.7402964+08:00	0x03	-0.0092	0.0019	0.1723	0.9850	19.85	0.03	358.93
2026-05-12T17:42:17.7772442+08:00	0x06	-0.6207	0.0450	0.7768	0.0967	174.48	283.28	349.05
2026-05-12T17:42:18.0098835+08:00	0x09	0.0473	-0.1421	-0.4087	0.9003	311.44	342.86	358.23
2026-05-12T17:42:18.0482577+08:00	0x08	-0.0050	-0.0050	0.2256	0.9742	26.08	359.31	359.57
2026-05-12T17:42:18.0824735+08:00	0x02	-0.0493	-0.0010	-0.9947	0.0898	190.28	5.62	359.38
2026-05-12T17:42:18.2548828+08:00	0x03	-0.0092	0.0019	0.1723	0.9850	19.85	0.03	358.93
2026-05-12T17:42:18.3482426+08:00	0x07	-0.7594	0.0969	0.6424	0.0351	185.95	259.93	349.75
2026-05-12T17:42:18.4116993+08:00	0x01	-0.0136	0.0211	-0.1195	0.9925	346.24	2.58	358.74
2026-05-12T17:42:18.5477027+08:00	0x02	-0.0493	-0.0010	-0.9947	0.0898	190.28	5.62	359.38
2026-05-12T17:42:18.7062859+08:00	0x01	-0.0136	0.0211	-0.1195	0.9925	346.24	2.58	358.74
2026-05-12T17:42:18.7883681+08:00	0x03	-0.0092	0.0019	0.1723	0.9850	19.85	0.03	358.93
2026-05-12T17:42:18.9271944+08:00	0x07	-0.7204	0.2606	0.6172	0.1796	190.88	257.68	324.52
2026-05-12T17:42:19.0150074+08:00	0x02	-0.0493	-0.0010	-0.9947	0.0898	190.28	5.62	359.38
2026-05-12T17:42:19.1182810+08:00	0x08	-0.0050	-0.0051	0.2256	0.9742	26.08	359.31	359.58
2026-05-12T17:42:19.1935518+08:00	0x09	0.0473	-0.1421	-0.4087	0.9003	311.44	342.86	358.23
2026-05-12T17:42:19.2703190+08:00	0x01	-0.0136	0.0210	-0.1195	0.9925	346.24	2.58	358.74
2026-05-12T17:42:19.3165759+08:00	0x03	-0.0092	0.0019	0.1723	0.9850	19.85	0.03	358.93
2026-05-12T17:42:19.4362453+08:00	0x06	-0.6272	0.0414	0.7728	0.0874	175.16	282.30	350.00
2026-05-12T17:42:19.5889019+08:00	0x02	-0.0494	-0.0010	-0.9947	0.0898	190.28	5.63	359.38
2026-05-12T17:42:19.6651874+08:00	0x09	0.0473	-0.1421	-0.4087	0.9003	311.44	342.86	358.23
2026-05-12T17:42:19.8667266+08:00	0x03	-0.0092	0.0019	0.1723	0.9850	19.85	0.03	358.93
2026-05-12T17:42:19.9255669+08:00	0x01	-0.0136	0.0210	-0.1195	0.9925	346.24	2.58	358.74
2026-05-12T17:42:19.9970582+08:00	0x07	-0.7005	0.3160	0.5983	0.2269	193.79	255.40	315.89
2026-05-12T17:42:20.1241250+08:00	0x02	-0.0494	-0.0010	-0.9947	0.0898	190.28	5.63	359.38
2026-05-12T17:42:20.2541331+08:00	0x09	0.0473	-0.1421	-0.4087	0.9003	311.44	342.86	358.23
2026-05-12T17:42:20.3559255+08:00	0x01	-0.0136	0.0210	-0.1195	0.9925	346.24	2.58	358.74
2026-05-12T17:42:20.5353131+08:00	0x07	-0.6731	0.3716	0.5770	0.2756	197.67	252.33	306.89
2026-05-12T17:42:20.5894295+08:00	0x03	-0.0092	0.0019	0.1723	0.9850	19.85	0.03	358.93
2026-05-12T17:42:20.6768967+08:00	0x02	-0.0494	-0.0010	-0.9947	0.0898	190.28	5.63	359.38
2026-05-12T17:42:20.7704691+08:00	0x08	-0.0049	-0.0051	0.2256	0.9742	26.08	359.30	359.58
2026-05-12T17:42:20.8157334+08:00	0x09	0.0473	-0.1421	-0.4087	0.9003	311.44	342.87	358.23
2026-05-12T17:42:20.8813276+08:00	0x01	-0.0136	0.0210	-0.1195	0.9925	346.24	2.58	358.74
2026-05-12T17:42:20.9482749+08:00	0x03	-0.0092	0.0019	0.1723	0.9850	19.85	0.03	358.93
2026-05-12T17:42:21.0961158+08:00	0x06	-0.6274	0.0342	0.7736	0.0818	175.14	282.29	351.05
2026-05-12T17:42:21.1981391+08:00	0x02	-0.0494	-0.0010	-0.9947	0.0898	190.28	5.63	359.38
2026-05-12T17:42:21.3126243+08:00	0x05	0.0052	0.0131	0.4313	0.9021	51.10	1.61	359.89
2026-05-12T17:42:21.3947168+08:00	0x08	-0.0049	-0.0051	0.2256	0.9742	26.08	359.30	359.58
2026-05-12T17:42:21.4608523+08:00	0x01	-0.0136	0.0211	-0.1195	0.9925	346.24	2.58	358.74
2026-05-12T17:42:21.5104710+08:00	0x03	-0.0092	0.0019	0.1723	0.9850	19.85	0.03	358.93
2026-05-12T17:42:21.6203052+08:00	0x07	-0.6624	0.3914	0.5672	0.2937	199.59	250.57	303.58
2026-05-12T17:42:21.7745312+08:00	0x02	-0.0494	-0.0010	-0.9947	0.0898	190.28	5.63	359.38
2026-05-12T17:42:21.8127345+08:00	0x06	-0.6265	0.0333	0.7743	0.0825	175.01	282.44	351.08
2026-05-12T17:42:21.8668890+08:00	0x08	-0.0049	-0.0051	0.2256	0.9742	26.08	359.30	359.58
2026-05-12T17:42:21.8924748+08:00	0x09	0.0473	-0.1421	-0.4087	0.9003	311.44	342.87	358.23
2026-05-12T17:42:22.0616634+08:00	0x01	-0.0136	0.0211	-0.1195	0.9925	346.24	2.58	358.74
2026-05-12T17:42:22.1487850+08:00	0x07	-0.6449	0.4182	0.5531	0.3214	202.52	247.78	298.70
2026-05-12T17:42:22.3458797+08:00	0x02	-0.0494	-0.0010	-0.9947	0.0898	190.28	5.63	359.38
2026-05-12T17:42:22.4097462+08:00	0x09	0.0473	-0.1421	-0.4087	0.9003	311.44	342.87	358.23
2026-05-12T17:42:22.4554550+08:00	0x08	-0.0049	-0.0051	0.2256	0.9742	26.08	359.30	359.58
2026-05-12T17:42:22.6393909+08:00	0x03	-0.0092	0.0019	0.1723	0.9850	19.85	0.03	358.93
2026-05-12T17:42:22.7255812+08:00	0x06	-0.6249	0.0365	0.7753	0.0837	175.11	282.66	350.72
2026-05-12T17:42:22.9433472+08:00	0x09	0.0473	-0.1421	-0.4087	0.9003	311.44	342.87	358.23
2026-05-12T17:42:23.0559256+08:00	0x08	-0.0049	-0.0051	0.2256	0.9742	26.08	359.30	359.58
2026-05-12T17:42:23.1475021+08:00	0x01	-0.0136	0.0210	-0.1195	0.9925	346.24	2.58	358.74
2026-05-12T17:42:23.1635556+08:00	0x03	-0.0092	0.0019	0.1723	0.9850	19.85	0.03	358.93
2026-05-12T17:42:23.2338882+08:00	0x07	-0.6432	0.4256	0.5523	0.3164	204.35	246.74	298.70
2026-05-12T17:42:23.5346240+08:00	0x09	0.0473	-0.1420	-0.4087	0.9003	311.44	342.87	358.23
2026-05-12T17:42:23.5636630+08:00	0x02	-0.0494	-0.0010	-0.9947	0.0898	190.28	5.63	359.38
2026-05-12T17:42:23.7238594+08:00	0x03	-0.0092	0.0019	0.1723	0.9850	19.85	0.03	358.93
2026-05-12T17:42:23.7893480+08:00	0x07	-0.6709	0.4445	0.5202	0.2857	214.12	236.36	302.23
2026-05-12T17:42:24.0111486+08:00	0x02	-0.0494	-0.0010	-0.9947	0.0898	190.28	5.63	359.37
2026-05-12T17:42:24.0404549+08:00	0x05	0.0052	0.0131	0.4313	0.9021	51.10	1.61	359.90
2026-05-12T17:42:24.1665667+08:00	0x08	-0.0049	-0.0051	0.2256	0.9742	26.08	359.30	359.58
2026-05-12T17:42:24.2333160+08:00	0x01	-0.0136	0.0210	-0.1195	0.9925	346.24	2.58	358.74
2026-05-12T17:42:24.3239623+08:00	0x07	-0.6570	0.4048	0.5616	0.2986	201.68	248.96	302.11
2026-05-12T17:42:24.4791083+08:00	0x05	0.0052	0.0131	0.4313	0.9021	51.10	1.61	359.90
2026-05-12T17:42:24.6296583+08:00	0x09	0.0473	-0.1421	-0.4087	0.9003	311.44	342.86	358.23
2026-05-12T17:42:24.6598980+08:00	0x02	-0.0494	-0.0010	-0.9947	0.0898	190.28	5.63	359.38
2026-05-12T17:42:24.7286857+08:00	0x08	-0.0049	-0.0051	0.2256	0.9742	26.08	359.30	359.58
2026-05-12T17:42:24.7829259+08:00	0x01	-0.0136	0.0210	-0.1195	0.9925	346.24	2.58	358.74
2026-05-12T17:42:24.8459231+08:00	0x03	-0.0092	0.0019	0.1723	0.9850	19.85	0.03	358.93
