timestamp	device	q0	q1	q2	q3	yaw	pitch	roll
2026-06-05T16:21:20.8254008+08:00	0x07	0.4496	-0.5084	-0.4453	-0.5841	17.55	67.84	282.06
2026-06-05T16:21:20.9668801+08:00	0x09	-0.0803	-0.7289	0.2151	-0.6450	349.83	94.76	24.65
2026-06-05T16:21:21.0507339+08:00	0x02	-0.8951	-0.0550	0.3717	-0.2400	185.20	226.40	28.08
2026-06-05T16:21:21.1207365+08:00	0x03	0.2479	-0.4368	-0.4240	-0.7537	39.23	42.13	311.93
2026-06-05T16:21:21.3638833+08:00	0x07	0.4507	-0.5089	-0.4436	-0.5840	16.55	68.70	282.05
2026-06-05T16:21:21.4204631+08:00	0x04	-0.0153	-0.4213	0.0798	-0.9033	352.43	49.65	5.45
2026-06-05T16:21:21.5468151+08:00	0x09	-0.0792	-0.7288	0.2167	-0.6447	349.60	94.72	24.70
2026-06-05T16:21:21.6513745+08:00	0x03	0.2487	-0.4380	-0.4236	-0.7529	39.07	42.33	311.79
2026-06-05T16:21:21.6733037+08:00	0x02	-0.0882	-0.5383	0.1640	-0.8219	349.37	64.68	18.76
2026-06-05T16:21:21.9063284+08:00	0x07	0.4521	-0.5075	-0.4457	-0.5826	17.34	67.97	281.73
2026-06-05T16:21:22.0046266+08:00	0x04	-0.0131	-0.4199	0.0718	-0.9047	353.15	49.50	4.81
2026-06-05T16:21:22.1048614+08:00	0x08	0.0785	0.6199	0.0716	0.7774	12.05	77.34	1.91
2026-06-05T16:21:22.1486550+08:00	0x02	-0.0526	-0.5420	0.1462	-0.8259	349.04	65.18	14.20
2026-06-05T16:21:22.4532187+08:00	0x07	0.4525	-0.5071	-0.4470	-0.5817	17.78	67.61	281.56
2026-06-05T16:21:22.5378752+08:00	0x01	-0.1828	-0.4942	0.4158	-0.7412	323.43	52.56	43.00
2026-06-05T16:21:22.6146271+08:00	0x09	-0.0770	-0.7294	0.2133	-0.6454	349.70	94.78	24.24
2026-06-05T16:21:22.6814058+08:00	0x06	0.6782	-0.0887	-0.7220	-0.1043	178.20	273.83	344.36
2026-06-05T16:21:22.9854095+08:00	0x07	0.4520	-0.5073	-0.4472	-0.5816	17.85	67.60	281.60
2026-06-05T16:21:23.0867749+08:00	0x04	-0.0154	-0.4208	0.0722	-0.9041	353.22	49.61	5.09
2026-06-05T16:21:23.1330736+08:00	0x01	-0.1823	-0.4965	0.4122	-0.7418	324.06	53.09	42.83
2026-06-05T16:21:23.1812418+08:00	0x09	-0.0774	-0.7292	0.2125	-0.6458	349.79	94.75	24.20
2026-06-05T16:21:23.2646382+08:00	0x06	0.6777	-0.0883	-0.7227	-0.1029	178.27	273.92	344.51
2026-06-05T16:21:23.3005403+08:00	0x03	0.2503	-0.4366	-0.4289	-0.7502	39.98	41.75	311.41
2026-06-05T16:21:23.5272950+08:00	0x07	0.4517	-0.5070	-0.4476	-0.5818	18.18	67.27	281.61
2026-06-05T16:21:23.5661863+08:00	0x04	-0.0149	-0.4200	0.0732	-0.9044	353.09	49.52	5.07
2026-06-05T16:21:23.7367469+08:00	0x09	-0.0784	-0.7290	0.2127	-0.6459	349.86	94.74	24.29
2026-06-05T16:21:23.8375268+08:00	0x06	0.6775	-0.0876	-0.7232	-0.1019	178.29	273.97	344.65
2026-06-05T16:21:24.1103422+08:00	0x07	0.4510	-0.5072	-0.4470	-0.5827	18.13	67.29	281.75
2026-06-05T16:21:24.1976921+08:00	0x01	-0.1810	-0.4967	0.4119	-0.7422	324.04	53.13	42.67
2026-06-05T16:21:24.2811098+08:00	0x09	-0.0787	-0.7284	0.2136	-0.6462	349.79	94.63	24.39
2026-06-05T16:21:24.3510429+08:00	0x06	0.6762	-0.0888	-0.7240	-0.1036	178.22	274.16	344.42
2026-06-05T16:21:24.4538986+08:00	0x03	0.2521	-0.4403	-0.4273	-0.7483	39.44	42.44	311.10
2026-06-05T16:21:24.6577502+08:00	0x07	0.4507	-0.5076	-0.4457	-0.5837	17.71	67.62	281.91
2026-06-05T16:21:24.7670228+08:00	0x04	-0.0178	-0.4238	0.0747	-0.9025	353.10	49.98	5.47
2026-06-05T16:21:24.8017458+08:00	0x01	-0.1850	-0.4980	0.4106	-0.7410	324.48	53.39	43.10
2026-06-05T16:21:24.9080464+08:00	0x02	-0.0506	-0.5433	0.1417	-0.8259	349.37	65.39	13.75
2026-06-05T16:21:24.9818439+08:00	0x03	0.2509	-0.4376	-0.4274	-0.7502	39.66	41.99	311.36
2026-06-05T16:21:25.2372049+08:00	0x07	0.4503	-0.5069	-0.4468	-0.5836	18.42	66.96	281.87
2026-06-05T16:21:25.2907660+08:00	0x01	-0.1871	-0.4971	0.4098	-0.7416	324.63	53.28	43.22
2026-06-05T16:21:25.3316533+08:00	0x09	-0.0787	-0.7284	0.2134	-0.6463	349.81	94.63	24.37
2026-06-05T16:21:25.3705546+08:00	0x08	0.0785	0.6199	0.0716	0.7774	12.05	77.34	1.91
2026-06-05T16:21:25.4418515+08:00	0x06	0.6759	-0.0886	-0.7243	-0.1030	178.25	274.20	344.48
2026-06-05T16:21:25.5378671+08:00	0x02	-0.0387	-0.5499	0.1250	-0.8249	350.38	66.40	11.61
2026-06-05T16:21:25.5378671+08:00	0x03	0.2520	-0.4354	-0.4296	-0.7499	40.14	41.47	311.23
2026-06-05T16:21:25.7146981+08:00	0x07	0.4508	-0.5069	-0.4470	-0.5832	18.34	67.05	281.80
2026-06-05T16:21:25.8653743+08:00	0x08	0.0785	0.6199	0.0716	0.7774	12.05	77.34	1.91
2026-06-05T16:21:25.8814030+08:00	0x01	-0.1865	-0.4971	0.4087	-0.7423	324.75	53.31	43.09
2026-06-05T16:21:26.0148554+08:00	0x03	0.2532	-0.4360	-0.4309	-0.7484	40.29	41.47	311.00
2026-06-05T16:21:26.0318087+08:00	0x06	0.6772	-0.0876	-0.7233	-0.1024	178.24	274.01	344.61
2026-06-05T16:21:26.2363057+08:00	0x04	-0.0144	-0.4225	0.0711	-0.9034	353.29	49.84	4.95
2026-06-05T16:21:26.3148778+08:00	0x07	0.4516	-0.5072	-0.4468	-0.5823	17.87	67.52	281.69
2026-06-05T16:21:26.3984045+08:00	0x01	-0.1873	-0.4988	0.4083	-0.7412	324.95	53.61	43.24
2026-06-05T16:21:26.4823423+08:00	0x09	-0.0781	-0.7295	0.2130	-0.6452	349.83	94.82	24.31
2026-06-05T16:21:26.5528444+08:00	0x03	0.2525	-0.4363	-0.4296	-0.7492	40.07	41.61	311.12
2026-06-05T16:21:26.7902253+08:00	0x07	0.4511	-0.5078	-0.4464	-0.5826	17.69	67.73	281.78
2026-06-05T16:21:26.9767944+08:00	0x01	-0.1872	-0.4993	0.4047	-0.7429	325.48	53.84	43.02
2026-06-05T16:21:27.1205109+08:00	0x02	-0.0399	-0.5498	0.1218	-0.8254	350.76	66.40	11.52
2026-06-05T16:21:27.1672549+08:00	0x06	0.6773	-0.0877	-0.7232	-0.1028	178.22	274.00	344.57
2026-06-05T16:21:27.3308960+08:00	0x04	-0.0161	-0.4261	0.0733	-0.9015	353.17	50.28	5.25
2026-06-05T16:21:27.5040484+08:00	0x09	-0.0788	-0.7287	0.2135	-0.6459	349.82	94.69	24.39
2026-06-05T16:21:27.5842992+08:00	0x03	0.2555	-0.4385	-0.4273	-0.7482	39.48	42.09	310.79
2026-06-05T16:21:27.6863432+08:00	0x06	0.6766	-0.0876	-0.7238	-0.1030	178.18	274.11	344.56
2026-06-05T16:21:27.8297563+08:00	0x04	-0.0150	-0.4266	0.0722	-0.9014	353.23	50.35	5.08
2026-06-05T16:21:27.9303509+08:00	0x07	0.4511	-0.5059	-0.4481	-0.5829	18.98	66.41	281.68
2026-06-05T16:21:28.0347888+08:00	0x09	-0.0786	-0.7285	0.2134	-0.6462	349.81	94.65	24.36
2026-06-05T16:21:28.0808415+08:00	0x01	-0.1891	-0.4976	0.4091	-0.7412	324.84	53.37	43.43
2026-06-05T16:21:28.2024125+08:00	0x03	0.2554	-0.4367	-0.4296	-0.7480	39.98	41.63	310.78
2026-06-05T16:21:28.4147941+08:00	0x04	-0.0126	-0.4238	0.0721	-0.9028	353.11	50.01	4.81
2026-06-05T16:21:28.5584159+08:00	0x09	-0.0786	-0.7278	0.2137	-0.6468	349.75	94.53	24.38
2026-06-05T16:21:28.6288726+08:00	0x01	-0.1892	-0.4960	0.4119	-0.7406	324.35	52.99	43.54
2026-06-05T16:21:28.6979069+08:00	0x02	-0.0299	-0.5538	0.1057	-0.8254	351.76	67.02	9.59
2026-06-05T16:21:28.7154932+08:00	0x03	0.2561	-0.4360	-0.4315	-0.7471	40.33	41.37	310.63
2026-06-05T16:21:28.7854673+08:00	0x06	0.6762	-0.0879	-0.7242	-0.1032	178.18	274.18	344.52
2026-06-05T16:21:28.9165655+08:00	0x04	-0.0136	-0.4259	0.0708	-0.9019	353.31	50.28	4.87
2026-06-05T16:21:28.9985373+08:00	0x07	0.4515	-0.5050	-0.4489	-0.5828	19.55	65.82	281.59
2026-06-05T16:21:29.0878888+08:00	0x08	0.0785	0.6199	0.0716	0.7774	12.05	77.34	1.91
2026-06-05T16:21:29.1504133+08:00	0x01	-0.1898	-0.4952	0.4119	-0.7410	324.34	52.86	43.57
2026-06-05T16:21:29.1865233+08:00	0x09	-0.0782	-0.7282	0.2138	-0.6465	349.71	94.58	24.36
2026-06-05T16:21:29.2648113+08:00	0x03	0.2569	-0.4359	-0.4296	-0.7480	40.00	41.47	310.65
2026-06-05T16:21:29.2997911+08:00	0x02	-0.0339	-0.5520	0.1084	-0.8260	351.73	66.77	10.12
2026-06-05T16:21:29.5017480+08:00	0x04	-0.0114	-0.4239	0.0713	-0.9028	353.13	50.02	4.65
2026-06-05T16:21:29.5858366+08:00	0x07	0.4522	-0.5041	-0.4498	-0.5823	20.03	65.33	281.44
2026-06-05T16:21:29.6666193+08:00	0x08	0.0785	0.6199	0.0716	0.7774	12.05	77.34	1.91
2026-06-05T16:21:29.7805618+08:00	0x03	0.2594	-0.4333	-0.4317	-0.7474	40.49	40.85	310.37
2026-06-05T16:21:29.8494428+08:00	0x02	-0.0361	-0.5500	0.1082	-0.8273	351.86	66.50	10.30
2026-06-05T16:21:30.0622724+08:00	0x04	-0.0104	-0.4267	0.0697	-0.9016	353.27	50.39	4.49
2026-06-05T16:21:30.0798553+08:00	0x07	0.4533	-0.5039	-0.4494	-0.5819	19.65	65.63	281.34
2026-06-05T16:21:30.2990695+08:00	0x08	0.0785	0.6199	0.0716	0.7774	12.05	77.34	1.91
2026-06-05T16:21:30.3191413+08:00	0x01	-0.1866	-0.4959	0.4100	-0.7424	324.50	53.06	43.14
2026-06-05T16:21:30.3869813+08:00	0x03	0.2617	-0.4381	-0.4315	-0.7439	40.06	41.64	309.88
2026-06-05T16:21:30.5831815+08:00	0x04	-0.0122	-0.4288	0.0721	-0.9004	353.11	50.64	4.81
2026-06-05T16:21:30.6360923+08:00	0x07	0.4545	-0.5034	-0.4498	-0.5812	19.69	65.56	281.17
2026-06-05T16:21:30.7456645+08:00	0x08	0.0785	0.6199	0.0716	0.7774	12.05	77.34	1.91
2026-06-05T16:21:30.7990918+08:00	0x09	-0.0771	-0.7290	0.2147	-0.6453	349.58	94.71	24.37
2026-06-05T16:21:30.8159454+08:00	0x01	-0.1882	-0.4978	0.4090	-0.7413	324.83	53.41	43.33
2026-06-05T16:21:30.9365461+08:00	0x06	0.6771	-0.0868	-0.7234	-0.1031	178.12	274.05	344.62
2026-06-05T16:21:31.1333023+08:00	0x02	-0.0345	-0.5499	0.1119	-0.8270	351.39	66.46	10.38
2026-06-05T16:21:31.1499643+08:00	0x07	0.4562	-0.5030	-0.4506	-0.5795	19.60	65.68	280.88
2026-06-05T16:21:31.2443807+08:00	0x09	-0.0767	-0.7305	0.2128	-0.6444	349.76	94.97	24.19
2026-06-05T16:21:31.2831678+08:00	0x08	0.0785	0.6199	0.0716	0.7774	12.05	77.34	1.91
2026-06-05T16:21:31.3885416+08:00	0x01	-0.1947	-0.4980	0.4135	-0.7369	324.48	53.23	44.34
2026-06-05T16:21:31.4493048+08:00	0x06	0.6762	-0.0732	-0.7288	-0.0788	179.07	274.39	347.68
2026-06-05T16:21:31.4822170+08:00	0x03	0.2608	-0.4429	-0.4241	-0.7457	38.52	42.97	310.13
2026-06-05T16:21:31.7017082+08:00	0x04	-0.0149	-0.4319	0.0631	-0.8996	354.21	51.06	4.66
2026-06-05T16:21:31.8468757+08:00	0x09	-0.0643	-0.7394	0.1478	-0.6537	354.09	96.13	17.62
2026-06-05T16:21:31.8665723+08:00	0x08	0.0785	0.6199	0.0716	0.7774	12.05	77.34	1.91
2026-06-05T16:21:31.9630288+08:00	0x01	-0.1945	-0.4946	0.3904	-0.7518	327.51	53.67	42.74
2026-06-05T16:21:32.0365375+08:00	0x02	-0.0546	-0.5599	0.1036	-0.8203	353.62	67.96	11.86
2026-06-05T16:21:32.0784200+08:00	0x03	0.2682	-0.4362	-0.4510	-0.7311	43.42	39.78	308.23
2026-06-05T16:21:32.1653002+08:00	0x04	0.0013	-0.4422	0.0464	-0.8957	355.17	52.45	2.22
2026-06-05T16:21:32.2333465+08:00	0x07	0.4032	-0.2662	-0.6513	-0.5851	107.59	338.15	305.06
2026-06-05T16:21:32.4285484+08:00	0x08	0.0785	0.6199	0.0716	0.7774	12.05	77.34	1.91
2026-06-05T16:21:32.5170830+08:00	0x06	0.6763	-0.0736	-0.7287	-0.0795	179.04	274.38	347.59
2026-06-05T16:21:32.5714406+08:00	0x09	-0.1005	-0.7334	0.1508	-0.6552	356.93	95.89	20.66
2026-06-05T16:21:32.5908955+08:00	0x03	0.2920	-0.4344	-0.4523	-0.7221	43.55	38.78	305.44
2026-06-05T16:21:32.6699109+08:00	0x04	0.0030	-0.4481	0.0443	-0.8929	355.31	53.21	1.96
2026-06-05T16:21:32.7683891+08:00	0x07	0.4054	-0.2738	-0.6462	-0.5858	107.02	338.71	304.03
2026-06-05T16:21:32.9372575+08:00	0x08	0.0785	0.6199	0.0716	0.7774	12.05	77.34	1.91
2026-06-05T16:21:33.0585887+08:00	0x01	-0.2229	-0.4746	0.4157	-0.7432	323.79	49.12	46.54
2026-06-05T16:21:33.1205982+08:00	0x03	0.2868	-0.4403	-0.4413	-0.7274	41.13	40.87	306.31
2026-06-05T16:21:33.2537808+08:00	0x04	-0.0078	-0.4500	0.0628	-0.8908	353.97	53.40	4.04
2026-06-05T16:21:33.3667753+08:00	0x07	0.3198	-0.0573	-0.8064	-0.4941	123.60	329.81	335.89
2026-06-05T16:21:33.4865356+08:00	0x09	-0.1283	-0.7420	0.1655	-0.6369	358.72	98.44	24.14
2026-06-05T16:21:33.5331374+08:00	0x08	0.0785	0.6199	0.0716	0.7774	12.05	77.34	1.91
2026-06-05T16:21:33.5779306+08:00	0x01	-0.2207	-0.4771	0.4045	-0.7484	325.53	50.12	45.75
2026-06-05T16:21:33.6688708+08:00	0x03	0.2940	-0.4386	-0.4516	-0.7192	43.06	39.54	305.01
2026-06-05T16:21:33.7704281+08:00	0x04	-0.0048	-0.4484	0.0464	-0.8926	355.49	53.24	2.88
2026-06-05T16:21:33.8866224+08:00	0x07	0.3400	-0.0405	-0.8483	-0.4040	135.53	324.60	339.91
2026-06-05T16:21:34.0647660+08:00	0x08	0.0785	0.6199	0.0716	0.7774	12.05	77.34	1.91
2026-06-05T16:21:34.1135932+08:00	0x02	-0.1145	-0.5657	0.1719	-0.7983	351.00	68.88	22.17
2026-06-05T16:21:34.1530977+08:00	0x01	-0.2266	-0.4807	0.3964	-0.7486	327.21	51.14	46.09
2026-06-05T16:21:34.2576061+08:00	0x03	0.2992	-0.4340	-0.4615	-0.7135	45.28	37.69	304.14
2026-06-05T16:21:34.3377592+08:00	0x04	-0.0101	-0.4464	0.0424	-0.8938	356.16	52.97	3.20
2026-06-05T16:21:34.4370427+08:00	0x07	0.3471	-0.0215	-0.8783	-0.3281	144.39	321.84	344.60
2026-06-05T16:21:34.5031684+08:00	0x08	0.0785	0.6199	0.0716	0.7774	12.05	77.34	1.91
2026-06-05T16:21:34.5664407+08:00	0x09	-0.1037	-0.7485	0.1418	-0.6394	358.41	98.71	20.18
2026-06-05T16:21:34.6304266+08:00	0x02	-0.1185	-0.5792	0.1981	-0.7818	349.07	70.68	24.50
2026-06-05T16:21:34.7163970+08:00	0x01	-0.2502	-0.4865	0.4118	-0.7288	326.34	51.41	49.94
2026-06-05T16:21:34.7623733+08:00	0x03	0.2986	-0.4310	-0.4668	-0.7122	46.57	36.66	304.14
2026-06-05T16:21:34.8003926+08:00	0x06	0.3191	-0.1912	-0.9271	-0.0457	182.31	321.56	337.44
2026-06-05T16:21:34.9212505+08:00	0x04	-0.0133	-0.4408	0.0273	-0.8971	357.86	52.28	2.75
2026-06-05T16:21:35.0345324+08:00	0x08	0.0785	0.6199	0.0716	0.7774	12.05	77.34	1.91
2026-06-05T16:21:35.1063351+08:00	0x09	-0.1132	-0.7400	0.1499	-0.6458	358.39	97.47	21.59
2026-06-05T16:21:35.2047585+08:00	0x02	-0.1284	-0.5937	0.1949	-0.7701	350.59	73.14	25.42
2026-06-05T16:21:35.2739265+08:00	0x03	0.2946	-0.4246	-0.4821	-0.7074	50.08	34.21	304.29
2026-06-05T16:21:35.4375256+08:00	0x04	-0.0259	-0.4422	0.0440	-0.8954	356.78	52.43	4.89
2026-06-05T16:21:35.5545026+08:00	0x07	0.3548	-0.0041	-0.8916	-0.2815	149.32	319.89	348.05
2026-06-05T16:21:35.6397249+08:00	0x09	-0.1306	-0.7367	0.1650	-0.6426	358.76	97.54	24.27
2026-06-05T16:21:35.7567541+08:00	0x06	0.3253	-0.1958	-0.9237	-0.0509	182.08	320.77	336.75
2026-06-05T16:21:35.8001939+08:00	0x02	-0.1571	-0.5772	0.2504	-0.7612	346.39	70.44	31.89
2026-06-05T16:21:36.0131980+08:00	0x04	-0.0365	-0.4391	0.0634	-0.8954	355.29	51.96	6.95
2026-06-05T16:21:36.0882952+08:00	0x07	0.3563	0.0277	-0.9096	-0.2119	155.97	318.45	354.22
2026-06-05T16:21:36.1679591+08:00	0x09	-0.1220	-0.7414	0.1578	-0.6407	358.68	98.07	22.98
2026-06-05T16:21:36.2789122+08:00	0x06	0.3274	-0.1962	-0.9226	-0.0551	181.68	320.57	336.54
2026-06-05T16:21:36.3532627+08:00	0x03	0.2836	-0.4383	-0.4648	-0.7151	45.64	38.60	305.60
2026-06-05T16:21:36.5166464+08:00	0x04	-0.0398	-0.4449	0.0684	-0.8921	354.99	52.68	7.57
2026-06-05T16:21:36.6426910+08:00	0x07	0.3620	0.0351	-0.9125	-0.1874	158.39	317.50	355.90
2026-06-05T16:21:36.7512533+08:00	0x09	-0.1312	-0.7428	0.1666	-0.6350	358.95	98.73	24.47
2026-06-05T16:21:36.8501167+08:00	0x03	0.2849	-0.4439	-0.4550	-0.7175	43.35	40.42	305.63
2026-06-05T16:21:36.9045525+08:00	0x01	-0.2622	-0.4865	0.4281	-0.7151	324.25	50.44	52.32
2026-06-05T16:21:36.9710445+08:00	0x02	-0.2239	-0.5530	0.3375	-0.7281	340.04	66.22	44.37
2026-06-05T16:21:37.1062962+08:00	0x04	-0.0380	-0.4505	0.0698	-0.8892	354.80	53.40	7.50
2026-06-05T16:21:37.1681779+08:00	0x07	0.3688	0.0334	-0.9116	-0.1783	159.47	316.68	355.95
2026-06-05T16:21:37.2502214+08:00	0x09	-0.1388	-0.7437	0.1744	-0.6303	359.14	99.24	25.74
2026-06-05T16:21:37.3897681+08:00	0x02	-0.2681	-0.5324	0.3922	-0.7006	334.30	61.63	52.50
2026-06-05T16:21:37.4050199+08:00	0x02	-0.2239	-0.5530	0.3375	-0.7281	340.04	66.22	44.37
2026-06-05T16:21:37.4508949+08:00	0x03	0.2896	-0.4454	-0.4546	-0.7149	43.10	40.62	305.01
2026-06-05T16:21:37.6176483+08:00	0x04	-0.0386	-0.4529	0.0687	-0.8881	354.96	53.71	7.52
2026-06-05T16:21:37.7047276+08:00	0x07	0.3685	0.0354	-0.9119	-0.1771	159.52	316.67	356.22
2026-06-05T16:21:37.7736096+08:00	0x09	-0.1204	-0.7479	0.1566	-0.6337	358.85	99.22	22.76
2026-06-05T16:21:37.9344376+08:00	0x06	0.3305	-0.2032	-0.9190	-0.0700	180.36	320.37	335.18
2026-06-05T16:21:38.0236327+08:00	0x03	0.2840	-0.4452	-0.4515	-0.7192	42.62	40.96	305.85
2026-06-05T16:21:38.1181007+08:00	0x02	-0.3154	-0.5124	0.4569	-0.6551	324.31	54.24	61.83
2026-06-05T16:21:38.2360248+08:00	0x08	0.0785	0.6199	0.0716	0.7774	12.05	77.34	1.91
2026-06-05T16:21:38.3007992+08:00	0x07	0.3702	0.0314	-0.9120	-0.1740	160.03	316.54	355.90
2026-06-05T16:21:38.3387079+08:00	0x09	-0.1326	-0.7478	0.1703	-0.6278	359.02	99.75	24.91
2026-06-05T16:21:38.4925304+08:00	0x02	-0.3128	-0.5138	0.4535	-0.6576	325.02	54.83	61.34
2026-06-05T16:21:38.5344168+08:00	0x06	0.4195	-0.1815	-0.8839	-0.0993	178.54	309.53	336.16
2026-06-05T16:21:38.5670516+08:00	0x03	0.2568	-0.4590	-0.4297	-0.7340	38.37	45.42	309.51
2026-06-05T16:21:38.6676206+08:00	0x04	-0.0756	-0.4585	0.1517	-0.8724	348.29	53.83	15.73
2026-06-05T16:21:38.7523814+08:00	0x08	0.0785	0.6199	0.0716	0.7774	12.05	77.34	1.91
2026-06-05T16:21:38.8337123+08:00	0x07	0.3701	0.0316	-0.9120	-0.1741	160.02	316.54	355.91
2026-06-05T16:21:38.9005830+08:00	0x09	-0.1532	-0.7121	0.2182	-0.6495	355.65	94.07	30.64
2026-06-05T16:21:39.1030175+08:00	0x06	0.6578	-0.0980	-0.7384	-0.1116	177.84	276.94	343.05
2026-06-05T16:21:39.1520670+08:00	0x03	0.2889	-0.4565	-0.3894	-0.7460	30.91	47.61	308.13
2026-06-05T16:21:39.2179114+08:00	0x02	-0.3978	-0.4695	0.5521	-0.5626	286.60	20.14	75.02
2026-06-05T16:21:39.3526561+08:00	0x08	0.0785	0.6199	0.0716	0.7774	12.05	77.34	1.91
2026-06-05T16:21:39.4350138+08:00	0x09	-0.1198	-0.7053	0.2434	-0.6549	350.04	91.57	30.02
2026-06-05T16:21:39.5188183+08:00	0x02	-0.4731	-0.3414	0.6561	-0.4786	224.65	317.34	64.28
2026-06-05T16:21:39.6158567+08:00	0x06	0.6615	-0.0905	-0.7336	-0.1263	176.06	276.52	342.55
2026-06-05T16:21:39.7032038+08:00	0x03	0.2978	-0.4329	-0.3969	-0.7526	33.78	42.84	307.64
2026-06-05T16:21:39.7507206+08:00	0x04	-0.0053	-0.4524	0.0965	-0.8866	350.38	53.60	5.55
2026-06-05T16:21:39.8024626+08:00	0x08	0.0785	0.6199	0.0716	0.7774	12.05	77.34	1.91
2026-06-05T16:21:39.9054134+08:00	0x07	0.7462	-0.1170	-0.6467	-0.1060	182.26	261.47	341.97
2026-06-05T16:21:40.0028599+08:00	0x09	-0.1003	-0.7092	0.2441	-0.6537	348.39	91.70	28.51
2026-06-05T16:21:40.0507829+08:00	0x02	-0.5222	-0.2888	0.6934	-0.4038	207.00	300.37	55.31
2026-06-05T16:21:40.1354937+08:00	0x01	-0.2987	-0.4459	0.4584	-0.7084	316.33	40.18	56.30
2026-06-05T16:21:40.1858664+08:00	0x06	0.6560	-0.0962	-0.7335	-0.1499	174.28	277.38	340.26
2026-06-05T16:21:40.2484010+08:00	0x03	0.2900	-0.4365	-0.3994	-0.7522	34.15	43.32	308.29
2026-06-05T16:21:40.4216947+08:00	0x08	0.0785	0.6199	0.0716	0.7774	12.05	77.34	1.91
2026-06-05T16:21:40.4606411+08:00	0x07	0.6589	0.1475	-0.7342	0.0708	174.54	275.32	18.05
2026-06-05T16:21:40.5094230+08:00	0x04	-0.0126	-0.4485	0.0767	-0.8904	352.77	53.14	5.23
2026-06-05T16:21:40.6274984+08:00	0x02	-0.5412	-0.2487	0.7249	-0.3462	200.08	295.39	47.33
2026-06-05T16:21:40.6683861+08:00	0x09	-0.0754	-0.7835	0.2199	-0.5763	351.37	105.36	25.56
2026-06-05T16:21:40.7554010+08:00	0x01	-0.2996	-0.4424	0.4865	-0.6912	310.43	36.73	57.64
2026-06-05T16:21:40.8012775+08:00	0x03	0.2808	-0.4389	-0.3774	-0.7656	30.73	45.19	310.43
2026-06-05T16:21:40.8387106+08:00	0x04	-0.0148	-0.4457	0.1111	-0.8881	349.30	52.63	7.20
2026-06-05T16:21:40.9118203+08:00	0x08	0.0785	0.6199	0.0716	0.7774	12.05	77.34	1.91
2026-06-05T16:21:41.0475312+08:00	0x07	0.6374	0.2272	-0.7236	0.1361	173.85	275.59	30.15
2026-06-05T16:21:41.1018377+08:00	0x09	-0.0890	-0.4459	0.2679	-0.8494	335.91	50.44	22.96
2026-06-05T16:21:41.2425514+08:00	0x02	-0.5522	-0.1887	0.7679	-0.2641	194.03	293.07	35.55
2026-06-05T16:21:41.3205373+08:00	0x03	0.2837	-0.4180	-0.3874	-0.7711	33.78	40.95	310.41
2026-06-05T16:21:41.4182663+08:00	0x04	0.0020	-0.4260	0.0821	-0.9010	351.37	50.32	3.81
2026-06-05T16:21:41.4829616+08:00	0x06	0.6373	-0.0458	-0.7622	-0.1038	174.15	280.80	348.34
2026-06-05T16:21:41.5814940+08:00	0x07	0.5966	0.3497	-0.6798	0.2443	172.38	273.90	50.08
2026-06-05T16:21:41.6284857+08:00	0x09	-0.0841	-0.4380	0.2975	-0.8441	332.09	48.87	23.74
2026-06-05T16:21:41.7064925+08:00	0x02	-0.5841	-0.1272	0.7807	-0.1822	188.58	288.24	24.30
2026-06-05T16:21:41.8013544+08:00	0x01	-0.3154	-0.4628	0.4532	-0.6935	319.22	43.70	58.97
2026-06-05T16:21:41.8555281+08:00	0x06	0.6429	-0.0466	-0.7577	-0.1019	174.46	279.93	348.37
2026-06-05T16:21:41.9066777+08:00	0x03	0.2782	-0.4113	-0.4159	-0.7618	39.05	37.95	309.99
2026-06-05T16:21:42.0542593+08:00	0x04	-0.0063	-0.4205	0.0638	-0.9050	353.66	49.64	3.73
2026-06-05T16:21:42.1390767+08:00	0x07	0.5711	0.4196	-0.6340	0.3095	169.23	269.45	62.33
2026-06-05T16:21:42.3367023+08:00	0x02	-0.5918	-0.1307	0.7776	-0.1671	186.60	286.83	23.65
2026-06-05T16:21:42.4384933+08:00	0x03	0.2714	-0.4262	-0.4098	-0.7595	37.13	40.96	310.40
2026-06-05T16:21:42.4927879+08:00	0x06	0.6357	-0.0638	-0.7596	-0.1215	173.86	280.93	345.44
2026-06-05T16:21:42.5704709+08:00	0x08	0.0785	0.6199	0.0716	0.7774	12.05	77.34	1.91
2026-06-05T16:21:42.6665604+08:00	0x07	0.5586	0.4446	-0.6152	0.3343	167.37	267.14	67.01
2026-06-05T16:21:42.8845651+08:00	0x01	-0.3079	-0.4574	0.4738	-0.6866	314.40	40.64	58.90
2026-06-05T16:21:42.9056835+08:00	0x02	-0.5974	-0.1127	0.7819	-0.1383	184.98	286.12	19.97
2026-06-05T16:21:42.9378033+08:00	0x06	0.6380	-0.0698	-0.7561	-0.1279	173.78	280.53	344.41
2026-06-05T16:21:43.1228754+08:00	0x04	-0.0183	-0.4408	0.0821	-0.8936	352.45	52.12	6.03
2026-06-05T16:21:43.1876312+08:00	0x07	0.5589	0.4454	-0.6167	0.3301	166.75	266.89	66.68
2026-06-05T16:21:43.2467160+08:00	0x09	-0.1427	-0.3676	0.3764	-0.8383	322.10	36.45	31.07
2026-06-05T16:21:43.4221276+08:00	0x02	-0.5932	-0.0855	0.7929	-0.1096	184.31	286.98	15.40
2026-06-05T16:21:43.4809877+08:00	0x06	0.6386	-0.0790	-0.7528	-0.1389	173.50	280.37	342.77
2026-06-05T16:21:43.5179862+08:00	0x03	0.2673	-0.4365	-0.3986	-0.7610	34.69	43.46	310.99
2026-06-05T16:21:43.6628669+08:00	0x08	0.0785	0.6199	0.0716	0.7774	12.05	77.34	1.91
2026-06-05T16:21:43.7227017+08:00	0x07	0.5468	0.4543	-0.6130	0.3448	168.04	268.29	69.07
2026-06-05T16:21:43.9737819+08:00	0x01	-0.3023	-0.4582	0.4852	-0.6807	312.10	39.74	58.88
2026-06-05T16:21:44.0014679+08:00	0x02	-0.5859	-0.0669	0.8035	-0.0821	183.13	288.12	11.75
2026-06-05T16:21:44.0754709+08:00	0x03	0.2605	-0.4470	-0.3850	-0.7643	32.05	46.09	312.07
2026-06-05T16:21:44.1866858+08:00	0x08	0.0785	0.6199	0.0716	0.7774	12.05	77.34	1.91
2026-06-05T16:21:44.2382717+08:00	0x04	-0.0360	-0.4466	0.0924	-0.8892	352.32	52.76	8.42
2026-06-05T16:21:44.3225399+08:00	0x09	-0.1668	-0.3567	0.4086	-0.8234	317.79	33.19	34.48
2026-06-05T16:21:44.4800035+08:00	0x02	-0.5818	-0.0841	0.8016	-0.1089	184.56	288.66	15.16
2026-06-05T16:21:44.5601481+08:00	0x01	-0.2816	-0.4689	0.4682	-0.6940	316.25	43.94	56.10
2026-06-05T16:21:44.7524187+08:00	0x08	0.0785	0.6199	0.0716	0.7774	12.05	77.34	1.91
2026-06-05T16:21:44.7992995+08:00	0x07	0.5390	0.4606	-0.6139	0.3469	168.09	269.08	69.98
2026-06-05T16:21:45.0864747+08:00	0x01	-0.2856	-0.4749	0.4706	-0.6866	316.41	44.81	57.05
2026-06-05T16:21:45.1054254+08:00	0x02	-0.5834	-0.0937	0.7997	-0.1067	183.65	288.28	15.92
2026-06-05T16:21:45.2697552+08:00	0x04	-0.0387	-0.4486	0.0550	-0.8912	356.34	53.22	6.79
2026-06-05T16:21:45.3411619+08:00	0x09	-0.1701	-0.3640	0.4056	-0.8210	318.52	34.17	35.07
2026-06-05T16:21:45.3958947+08:00	0x07	0.5312	0.4748	-0.6019	0.3607	166.37	267.09	72.70
2026-06-05T16:21:45.6855003+08:00	0x01	-0.2798	-0.4754	0.4626	-0.6940	317.84	45.70	55.92
2026-06-05T16:21:45.7044475+08:00	0x06	0.6375	-0.0888	-0.7499	-0.1529	172.94	280.46	340.84
2026-06-05T16:21:45.8386628+08:00	0x08	0.0785	0.6199	0.0716	0.7774	12.05	77.34	1.91
2026-06-05T16:21:45.9065510+08:00	0x07	0.5373	0.4646	-0.6095	0.3521	167.66	268.41	70.86
2026-06-05T16:21:46.1195411+08:00	0x01	-0.2741	-0.4761	0.4780	-0.6854	314.90	44.58	56.19
2026-06-05T16:21:46.2203017+08:00	0x06	0.6327	-0.0920	-0.7518	-0.1613	172.28	281.20	339.98
2026-06-05T16:21:46.3580018+08:00	0x04	-0.0499	-0.4615	0.0400	-0.8848	358.57	55.00	7.19
2026-06-05T16:21:46.4223551+08:00	0x07	0.6075	0.3952	-0.6371	0.2624	165.15	264.90	55.32
2026-06-05T16:21:46.6740059+08:00	0x06	0.6722	-0.0655	-0.7207	-0.1561	171.74	275.28	342.28
2026-06-05T16:21:46.8026825+08:00	0x03	0.2509	-0.4737	-0.4342	-0.7239	38.19	47.74	309.22
2026-06-05T16:21:46.9523190+08:00	0x08	0.0785	0.6199	0.0716	0.7774	12.05	77.34	1.91
2026-06-05T16:21:46.9857131+08:00	0x07	0.6301	0.3643	-0.6450	0.2328	165.77	264.71	49.76
2026-06-05T16:21:47.2553315+08:00	0x06	0.6734	-0.0501	-0.7255	-0.1333	172.52	275.23	345.40
2026-06-05T16:21:47.2698853+08:00	0x02	-0.5834	-0.0934	0.7997	-0.1067	183.68	288.29	15.90
2026-06-05T16:21:47.3028747+08:00	0x03	0.2824	-0.4553	-0.4239	-0.7302	36.96	44.97	307.02
2026-06-05T16:21:47.4548643+08:00	0x04	-0.0169	-0.4601	0.0434	-0.8866	356.47	54.73	4.00
2026-06-05T16:21:47.4862370+08:00	0x09	-0.1322	-0.4745	0.3729	-0.7863	326.13	51.52	34.18
2026-06-05T16:21:47.6365303+08:00	0x07	0.6529	0.3190	-0.6605	0.1888	167.02	265.68	41.92
2026-06-05T16:21:47.7396411+08:00	0x02	-0.4588	-0.3349	0.6653	-0.4845	227.77	321.13	62.90
2026-06-05T16:21:47.8362426+08:00	0x03	0.2779	-0.4542	-0.4287	-0.7299	37.99	44.45	307.34
2026-06-05T16:21:47.9885968+08:00	0x08	0.0785	0.6199	0.0716	0.7774	12.05	77.34	1.91
2026-06-05T16:21:48.0192709+08:00	0x09	-0.1408	-0.4707	0.3749	-0.7862	326.07	50.82	35.05
2026-06-05T16:21:48.0412157+08:00	0x04	-0.0226	-0.4559	0.0551	-0.8881	355.55	54.14	5.19
2026-06-05T16:21:48.0956576+08:00	0x07	0.6694	0.2713	-0.6762	0.1449	168.35	266.99	34.12
2026-06-05T16:21:48.2688801+08:00	0x02	-0.3900	-0.4029	0.5740	-0.5967	275.67	5.09	68.13
2026-06-05T16:21:48.3529136+08:00	0x06	0.6723	-0.0485	-0.7276	-0.1273	172.89	275.40	346.01
2026-06-05T16:21:48.5363028+08:00	0x04	-0.0266	-0.4579	0.0585	-0.8867	355.42	54.39	5.78
2026-06-05T16:21:48.6026782+08:00	0x09	-0.1394	-0.4633	0.3783	-0.7891	325.26	49.64	34.79
2026-06-05T16:21:48.6225715+08:00	0x07	0.6794	0.2417	-0.6832	0.1152	168.72	267.38	29.13
2026-06-05T16:21:48.8415940+08:00	0x02	-0.3348	-0.4492	0.4962	-0.6632	308.40	35.30	62.87
2026-06-05T16:21:48.9075057+08:00	0x03	0.2812	-0.4547	-0.4153	-0.7359	35.59	45.50	307.66
2026-06-05T16:21:49.1166022+08:00	0x04	-0.0177	-0.4664	0.0711	-0.8816	353.72	55.45	5.59
2026-06-05T16:21:49.1899232+08:00	0x09	-0.1399	-0.4626	0.3812	-0.7881	324.88	49.43	34.97
2026-06-05T16:21:49.2381379+08:00	0x07	0.6869	0.2259	-0.6841	0.0954	168.44	267.07	26.11
2026-06-05T16:21:49.4070790+08:00	0x02	-0.2948	-0.4720	0.4290	-0.7116	324.05	47.73	55.54
2026-06-05T16:21:49.5036161+08:00	0x01	-0.2314	-0.4673	0.4434	-0.7290	319.28	46.24	48.74
2026-06-05T16:21:49.7068830+08:00	0x08	0.0785	0.6199	0.0716	0.7774	12.05	77.34	1.91
2026-06-05T16:21:49.9250414+08:00	0x02	-0.2897	-0.4742	0.4150	-0.7204	326.47	49.18	54.20
2026-06-05T16:21:49.9826427+08:00	0x01	-0.2364	-0.4657	0.4360	-0.7329	320.50	46.36	48.81
2026-06-05T16:21:50.0024440+08:00	0x03	0.2889	-0.4460	-0.4122	-0.7401	35.55	44.11	307.32
2026-06-05T16:21:50.2033921+08:00	0x09	-0.1437	-0.4641	0.3842	-0.7851	324.70	49.51	35.61
2026-06-05T16:21:50.2505901+08:00	0x07	0.6910	0.2240	-0.6805	0.0965	168.56	266.48	26.00
2026-06-05T16:21:50.4984049+08:00	0x02	-0.2806	-0.4851	0.3877	-0.7319	331.42	52.94	51.89
2026-06-05T16:21:50.5373001+08:00	0x06	0.6643	-0.0307	-0.7385	-0.1113	172.76	276.76	348.86
2026-06-05T16:21:50.7899871+08:00	0x09	-0.1455	-0.4644	0.3848	-0.7843	324.69	49.52	35.85
2026-06-05T16:21:51.0205945+08:00	0x02	-0.3010	-0.4658	0.3718	-0.7445	333.27	50.67	52.60
2026-06-05T16:21:51.0584926+08:00	0x01	-0.2497	-0.4287	0.4376	-0.7499	318.06	39.89	48.56
2026-06-05T16:21:51.1038899+08:00	0x06	0.6722	-0.0316	-0.7308	-0.1144	172.68	275.53	348.46
2026-06-05T16:21:51.2867185+08:00	0x09	-0.1514	-0.4640	0.3870	-0.7823	324.60	49.30	36.59
2026-06-05T16:21:51.3714181+08:00	0x07	0.6916	0.2071	-0.6871	0.0817	169.05	267.34	23.43
2026-06-05T16:21:51.6081393+08:00	0x02	-0.3374	-0.4367	0.4048	-0.7291	326.38	42.92	57.73
2026-06-05T16:21:51.6300777+08:00	0x03	0.3462	-0.4278	-0.4160	-0.7239	36.46	40.05	301.00
2026-06-05T16:21:51.6569747+08:00	0x01	-0.2559	-0.4118	0.4345	-0.7590	317.60	37.25	48.27
2026-06-05T16:21:51.8207743+08:00	0x09	-0.1538	-0.4632	0.3867	-0.7825	324.70	49.16	36.79
2026-06-05T16:21:51.8699640+08:00	0x08	0.0785	0.6199	0.0716	0.7774	12.05	77.34	1.91
2026-06-05T16:21:51.8869230+08:00	0x07	0.6936	0.2043	-0.6864	0.0781	168.97	267.16	22.88
2026-06-05T16:21:52.1057686+08:00	0x02	-0.4844	-0.4185	0.5511	-0.5352	247.41	334.52	78.47
2026-06-05T16:21:52.2580351+08:00	0x01	-0.3889	-0.3686	0.4298	-0.7268	314.14	25.32	61.89
2026-06-05T16:21:52.4078459+08:00	0x09	-0.1587	-0.4622	0.3853	-0.7828	325.03	49.02	37.21
2026-06-05T16:21:52.4318596+08:00	0x07	0.6966	0.2040	-0.6831	0.0801	169.06	266.65	22.97
2026-06-05T16:21:52.5934717+08:00	0x02	-0.4805	-0.4195	0.5474	-0.5418	252.18	338.99	78.49
2026-06-05T16:21:52.6751554+08:00	0x03	0.5340	-0.3999	-0.5000	-0.5522	119.31	319.98	278.25
2026-06-05T16:21:52.7261990+08:00	0x01	-0.4331	-0.3555	0.4335	-0.7058	309.32	18.75	66.86
2026-06-05T16:21:52.7779895+08:00	0x06	0.6640	-0.0403	-0.7376	-0.1158	173.10	276.76	347.69
2026-06-05T16:21:52.9589099+08:00	0x08	0.0785	0.6199	0.0716	0.7774	12.05	77.34	1.91
2026-06-05T16:21:53.0113130+08:00	0x04	-0.0421	-0.6298	-0.2069	-0.7475	21.70	78.03	348.60
2026-06-05T16:21:53.2076901+08:00	0x02	-0.6323	-0.3061	0.6279	-0.3350	183.27	271.27	53.91
2026-06-05T16:21:53.2356611+08:00	0x03	0.5200	-0.3916	-0.5120	-0.5605	111.34	328.47	280.31
2026-06-05T16:21:53.2656462+08:00	0x01	-0.4363	-0.3680	0.4389	-0.6939	309.10	20.15	68.22
2026-06-05T16:21:53.4086445+08:00	0x06	0.6623	-0.0408	-0.7391	-0.1162	173.08	277.02	347.63
2026-06-05T16:21:53.5211797+08:00	0x09	-0.1611	-0.4647	0.3827	-0.7821	325.59	49.46	37.42
2026-06-05T16:21:53.5690531+08:00	0x07	0.6975	0.2075	-0.6806	0.0844	169.02	266.29	23.59
2026-06-05T16:21:53.7560435+08:00	0x03	0.4589	-0.4022	-0.4624	-0.6434	56.19	20.03	285.78
2026-06-05T16:21:53.7875119+08:00	0x02	-0.6730	-0.2190	0.6668	-0.2333	181.18	269.87	37.31
2026-06-05T16:21:53.8579879+08:00	0x06	0.6645	-0.0426	-0.7363	-0.1204	172.89	276.68	347.13
2026-06-05T16:21:54.0752234+08:00	0x09	-0.1630	-0.4640	0.3823	-0.7823	325.68	49.36	37.58
2026-06-05T16:21:54.1061988+08:00	0x07	0.6986	0.2007	-0.6825	0.0761	169.00	266.48	22.36
2026-06-05T16:21:54.2698501+08:00	0x03	0.3542	-0.3981	-0.4118	-0.7392	38.57	34.49	301.61
2026-06-05T16:21:54.3912140+08:00	0x01	-0.3859	-0.4365	0.4654	-0.6663	313.50	34.70	67.01
2026-06-05T16:21:54.4831340+08:00	0x06	0.6704	-0.0455	-0.7305	-0.1222	173.06	275.72	346.68
2026-06-05T16:21:54.5568927+08:00	0x09	-0.1728	-0.4625	0.3802	-0.7821	326.26	49.12	38.46
2026-06-05T16:21:54.6515541+08:00	0x07	0.6926	0.2010	-0.6877	0.0840	169.79	267.50	23.12
2026-06-05T16:21:54.8408361+08:00	0x03	0.4370	-0.4335	-0.4840	-0.6220	56.18	25.63	285.59
2026-06-05T16:21:54.9212336+08:00	0x01	-0.5152	-0.3993	0.5795	-0.4891	217.50	306.03	75.20
2026-06-05T16:21:55.0774642+08:00	0x06	0.6776	-0.0480	-0.7231	-0.1253	173.12	274.55	346.16
2026-06-05T16:21:55.1040271+08:00	0x09	-0.1746	-0.4640	0.3774	-0.7822	326.79	49.44	38.56
2026-06-05T16:21:55.2361377+08:00	0x07	0.6875	0.1993	-0.6936	0.0808	169.88	268.46	22.81
2026-06-05T16:21:55.2550843+08:00	0x04	-0.1767	-0.5943	0.1443	-0.7712	359.19	75.04	26.36
2026-06-05T16:21:55.3296035+08:00	0x02	-0.6277	-0.1690	0.7236	-0.2322	188.44	280.58	32.42
2026-06-05T16:21:55.4068564+08:00	0x01	-0.4722	-0.3959	0.5105	-0.5998	277.85	358.28	76.07
2026-06-05T16:21:55.6377605+08:00	0x06	0.6756	-0.0427	-0.7260	-0.1214	173.00	274.92	346.94
2026-06-05T16:21:55.7106802+08:00	0x07	0.6881	0.2036	-0.6917	0.0822	169.56	268.15	23.25
2026-06-05T16:21:55.8655513+08:00	0x02	-0.7019	-0.0547	0.7096	-0.0302	178.03	270.51	6.89
2026-06-05T16:21:55.9044151+08:00	0x04	-0.1523	-0.5978	0.1676	-0.7690	355.19	74.62	25.76
2026-06-05T16:21:55.9413177+08:00	0x03	0.4510	-0.4355	-0.4569	-0.6311	46.29	32.73	284.74
2026-06-05T16:21:55.9666997+08:00	0x01	-0.4714	-0.4099	0.5134	-0.5884	277.42	359.54	77.32
2026-06-05T16:21:56.1863784+08:00	0x06	0.6720	-0.0449	-0.7290	-0.1223	173.04	275.47	346.72
2026-06-05T16:21:56.3076864+08:00	0x07	0.6871	0.2023	-0.6930	0.0820	169.70	268.37	23.14
2026-06-05T16:21:56.4253739+08:00	0x04	-0.1523	-0.5978	0.1676	-0.7690	355.19	74.62	25.76
2026-06-05T16:21:56.4552928+08:00	0x03	0.4342	-0.4371	-0.4581	-0.6407	45.59	33.98	286.88
2026-06-05T16:21:56.5878541+08:00	0x01	-0.4683	-0.4249	0.5156	-0.5782	278.51	2.40	78.44
2026-06-05T16:21:56.7544378+08:00	0x06	0.6729	-0.0475	-0.7274	-0.1260	172.94	275.32	346.19
2026-06-05T16:21:56.8326586+08:00	0x04	-0.1305	-0.6000	0.1119	-0.7813	358.89	74.85	19.76
2026-06-05T16:21:56.8452265+08:00	0x07	0.6895	0.1956	-0.6934	0.0742	169.64	268.31	21.94
2026-06-05T16:21:57.0220466+08:00	0x03	0.4379	-0.4445	-0.4568	-0.6340	43.67	36.44	285.98
2026-06-05T16:21:57.0714245+08:00	0x01	-0.4721	-0.4118	0.5301	-0.5714	267.95	352.09	77.46
2026-06-05T16:21:57.1505027+08:00	0x02	-0.7025	-0.0641	0.7077	0.0395	171.61	270.27	2.02
2026-06-05T16:21:57.2159721+08:00	0x06	0.6746	-0.0458	-0.7262	-0.1245	172.97	275.05	346.43
2026-06-05T16:21:57.2777657+08:00	0x09	-0.1731	-0.4627	0.3733	-0.7852	327.21	49.41	38.13
2026-06-05T16:21:57.4424512+08:00	0x07	0.6901	0.1975	-0.6921	0.0755	169.54	268.11	22.19
2026-06-05T16:21:57.4564128+08:00	0x04	-0.1222	-0.6072	0.1043	-0.7781	359.16	75.79	18.48
2026-06-05T16:21:57.5211134+08:00	0x02	-0.7030	-0.0347	0.7051	0.0861	170.17	270.53	355.86
2026-06-05T16:21:57.5763242+08:00	0x01	-0.4823	-0.4129	0.5224	-0.5692	266.79	350.09	78.66
2026-06-05T16:21:57.6585048+08:00	0x08	0.0785	0.6199	0.0716	0.7774	12.05	77.34	1.91
2026-06-05T16:21:57.7121552+08:00	0x06	0.6736	-0.0454	-0.7272	-0.1242	172.94	275.22	346.50
2026-06-05T16:21:57.8590533+08:00	0x09	-0.1743	-0.4650	0.3731	-0.7837	327.39	49.75	38.33
2026-06-05T16:21:57.9218803+08:00	0x04	-0.1145	-0.6086	0.0913	-0.7799	359.82	75.90	16.84
2026-06-05T16:21:57.9711006+08:00	0x07	0.6904	0.1982	-0.6915	0.0762	169.52	268.02	22.30
2026-06-05T16:21:58.1228633+08:00	0x03	0.4430	-0.4469	-0.4529	-0.6316	41.76	38.12	285.34
2026-06-05T16:21:58.2881074+08:00	0x06	0.6738	-0.0459	-0.7268	-0.1248	172.93	275.18	346.41
2026-06-05T16:21:58.3422380+08:00	0x09	-0.1751	-0.4654	0.3727	-0.7835	327.50	49.83	38.41
2026-06-05T16:21:58.5233841+08:00	0x07	0.6904	0.1996	-0.6910	0.0774	169.48	267.95	22.51
2026-06-05T16:21:58.6287802+08:00	0x04	-0.1048	-0.6134	0.0790	-0.7788	0.33	76.49	15.08
2026-06-05T16:21:58.6549256+08:00	0x08	0.0025	0.0200	0.0023	0.9998	0.27	2.29	0.29
2026-06-05T16:21:58.6928314+08:00	0x03	0.4466	-0.4457	-0.4540	-0.6291	42.50	37.31	284.84
2026-06-05T16:21:58.7967601+08:00	0x01	-0.4814	-0.4157	0.5156	-0.5742	271.47	354.32	78.94
2026-06-05T16:21:58.8406755+08:00	0x06	0.6737	-0.0454	-0.7271	-0.1240	172.96	275.19	346.52
2026-06-05T16:21:58.9345564+08:00	0x09	-0.1738	-0.4661	0.3712	-0.7840	327.68	50.00	38.22
2026-06-05T16:21:59.0095339+08:00	0x04	-0.1101	-0.6161	0.0596	-0.7776	2.54	77.10	14.16
2026-06-05T16:21:59.1954376+08:00	0x02	-0.7098	-0.0306	0.6987	0.0844	170.68	269.45	355.59
2026-06-05T16:21:59.2435891+08:00	0x03	0.4491	-0.4502	-0.4521	-0.6256	40.63	39.40	284.34
2026-06-05T16:21:59.3923119+08:00	0x06	0.6734	-0.0461	-0.7273	-0.1239	173.02	275.24	346.47
2026-06-05T16:21:59.5221312+08:00	0x09	-0.1749	-0.4656	0.3704	-0.7845	327.81	49.95	38.27
2026-06-05T16:21:59.7066170+08:00	0x02	-0.7086	-0.0243	0.7000	0.0852	171.12	269.68	355.03
2026-06-05T16:21:59.7869429+08:00	0x03	0.4457	-0.4559	-0.4489	-0.6260	37.96	42.38	284.66
2026-06-05T16:21:59.8255944+08:00	0x01	-0.4731	-0.4138	0.5203	-0.5781	272.98	356.23	77.86
2026-06-05T16:21:59.9053478+08:00	0x06	0.6722	-0.0522	-0.7268	-0.1314	172.82	275.39	345.38
2026-06-05T16:22:00.0739736+08:00	0x09	-0.1773	-0.4632	0.3712	-0.7850	327.68	49.53	38.48
2026-06-05T16:22:00.0739736+08:00	0x07	0.6940	0.1833	-0.6937	0.0585	169.40	268.14	19.61
2026-06-05T16:22:00.1257163+08:00	0x04	-0.1185	-0.6143	0.0595	-0.7779	3.15	77.01	14.92
2026-06-05T16:22:00.2765030+08:00	0x02	-0.7016	-0.0278	0.7055	0.0963	169.88	270.80	354.50
2026-06-05T16:22:00.3264885+08:00	0x03	0.4338	-0.4666	-0.4447	-0.6296	34.22	46.97	286.02
2026-06-05T16:22:00.4244256+08:00	0x08	0.0000	0.0000	0.0000	1.0000	0.00	0.00	0.00
2026-06-05T16:22:00.5936527+08:00	0x09	-0.1771	-0.4643	0.3705	-0.7847	327.82	49.74	38.46
2026-06-05T16:22:00.6565903+08:00	0x07	0.6914	0.1922	-0.6931	0.0689	169.48	268.17	21.20
2026-06-05T16:22:00.7026263+08:00	0x04	-0.1065	-0.6149	0.0444	-0.7801	3.63	76.90	12.76
2026-06-05T16:22:00.8589251+08:00	0x03	0.4319	-0.4674	-0.4490	-0.6272	35.48	46.25	285.95
2026-06-05T16:22:00.9075203+08:00	0x01	-0.4664	-0.4227	0.5276	-0.5705	272.31	357.32	78.00
2026-06-05T16:22:01.0719292+08:00	0x06	0.6712	-0.0496	-0.7282	-0.1298	172.74	275.57	345.73
2026-06-05T16:22:01.1236658+08:00	0x09	-0.1783	-0.4633	0.3721	-0.7843	327.60	49.51	38.64
2026-06-05T16:22:01.1907849+08:00	0x07	0.6920	0.1926	-0.6924	0.0679	169.34	268.04	21.14
2026-06-05T16:22:01.2603447+08:00	0x04	-0.1071	-0.6104	0.0443	-0.7836	3.61	76.24	12.82
2026-06-05T16:22:01.4597403+08:00	0x03	0.4228	-0.4674	-0.4444	-0.6366	34.59	46.85	287.50
2026-06-05T16:22:01.4860409+08:00	0x01	-0.4712	-0.4220	0.5308	-0.5641	267.85	353.10	78.39
2026-06-05T16:22:01.5068161+08:00	0x02	-0.7035	-0.0168	0.7022	0.1084	169.78	270.56	352.59
2026-06-05T16:22:01.6560497+08:00	0x09	-0.1728	-0.4657	0.3707	-0.7848	327.69	49.97	38.05
2026-06-05T16:22:01.7435706+08:00	0x07	0.6899	0.2004	-0.6915	0.0754	169.27	268.01	22.41
2026-06-05T16:22:01.8890590+08:00	0x04	-0.0956	-0.6120	0.0403	-0.7840	3.14	76.27	11.49
2026-06-05T16:22:01.9420278+08:00	0x03	0.4259	-0.4629	-0.4461	-0.6366	35.99	45.10	287.19
2026-06-05T16:22:02.0536049+08:00	0x08	0.0000	0.0000	0.0000	1.0000	0.00	0.00	0.00
2026-06-05T16:22:02.2076576+08:00	0x09	-0.1652	-0.4688	0.3694	-0.7851	327.69	50.53	37.29
2026-06-05T16:22:02.3298141+08:00	0x07	0.6856	0.2137	-0.6902	0.0887	169.19	268.02	24.62
2026-06-05T16:22:02.3607301+08:00	0x04	-0.0833	-0.6123	0.0400	-0.7852	2.29	76.10	10.36
2026-06-05T16:22:02.4750008+08:00	0x02	-0.7065	-0.0435	0.7008	0.0883	169.30	269.88	356.34
2026-06-05T16:22:02.5534786+08:00	0x03	0.4322	-0.4515	-0.4562	-0.6334	41.77	39.09	286.36
2026-06-05T16:22:02.6109091+08:00	0x06	0.6721	-0.0337	-0.7309	-0.1137	172.90	275.53	348.34
2026-06-05T16:22:02.7239486+08:00	0x09	-0.1519	-0.4741	0.3668	-0.7859	327.73	51.49	35.91
2026-06-05T16:22:02.8886008+08:00	0x04	-0.0860	-0.6120	0.0421	-0.7850	2.28	76.10	10.76
2026-06-05T16:22:03.0805599+08:00	0x03	0.4337	-0.4512	-0.4558	-0.6329	41.71	39.05	286.20
2026-06-05T16:22:03.1399025+08:00	0x01	-0.4652	-0.4415	0.5074	-0.5755	286.78	11.50	79.58
2026-06-05T16:22:03.1721266+08:00	0x02	-0.7069	-0.0396	0.7011	0.0845	169.93	269.85	356.33
2026-06-05T16:22:03.2768728+08:00	0x09	-0.1684	-0.4713	0.3738	-0.7809	327.37	50.72	37.97
2026-06-05T16:22:03.4228407+08:00	0x07	0.6849	0.2224	-0.6872	0.0960	168.93	267.64	25.92
2026-06-05T16:22:03.5607775+08:00	0x02	-0.7108	-0.0477	0.6966	0.0850	169.25	269.14	356.89
2026-06-05T16:22:03.6787442+08:00	0x03	0.4307	-0.4456	-0.4646	-0.6325	45.93	35.20	286.48
2026-06-05T16:22:03.8773958+08:00	0x09	-0.1561	-0.5098	0.3539	-0.7684	331.23	57.34	36.93
2026-06-05T16:22:03.9389772+08:00	0x07	0.6990	0.2024	-0.6821	0.0721	168.50	266.35	22.14
2026-06-05T16:22:04.0689006+08:00	0x04	-0.0873	-0.5857	0.0803	-0.8018	358.43	72.10	13.54
2026-06-05T16:22:04.2066097+08:00	0x03	0.3886	-0.4703	-0.4471	-0.6541	36.36	46.32	291.72
2026-06-05T16:22:04.3359172+08:00	0x06	0.6560	-0.0378	-0.7463	-0.1066	173.59	278.00	348.68
2026-06-05T16:22:04.3985370+08:00	0x09	-0.1799	-0.4410	0.3658	-0.7995	327.44	46.40	37.62
2026-06-05T16:22:04.4746224+08:00	0x07	0.7016	0.2129	-0.6753	0.0795	167.95	265.29	23.52
2026-06-05T16:22:04.5390156+08:00	0x04	-0.0889	-0.5944	0.0697	-0.7962	359.69	73.45	12.97
2026-06-05T16:22:04.6545923+08:00	0x02	-0.7043	-0.0683	0.7032	0.0697	168.80	269.93	359.88
2026-06-05T16:22:04.6994094+08:00	0x03	0.4038	-0.4568	-0.4574	-0.6473	41.17	40.85	289.83
2026-06-05T16:22:04.7572515+08:00	0x01	-0.4457	-0.4792	0.4871	-0.5783	313.22	39.90	79.22
2026-06-05T16:22:04.9273185+08:00	0x09	-0.1703	-0.4599	0.3606	-0.7934	328.65	49.46	37.01
2026-06-05T16:22:05.0232705+08:00	0x07	0.6922	0.2213	-0.6809	0.0913	168.39	266.44	25.33
2026-06-05T16:22:05.1266962+08:00	0x04	-0.0772	-0.6078	0.0785	-0.7864	358.26	75.20	12.53
2026-06-05T16:22:05.1526248+08:00	0x02	-0.7087	-0.0516	0.7002	0.0693	170.20	269.43	358.51
2026-06-05T16:22:05.2567347+08:00	0x08	0.0000	0.0000	0.0000	1.0000	0.00	0.00	0.00
2026-06-05T16:22:05.3270999+08:00	0x06	0.6593	-0.0409	-0.7430	-0.1080	173.75	277.48	348.27
2026-06-05T16:22:05.4564509+08:00	0x01	-0.4529	-0.4681	0.4963	-0.5739	303.69	30.10	79.92
2026-06-05T16:22:05.5277064+08:00	0x09	-0.1802	-0.4207	0.3786	-0.8045	324.79	42.93	37.48
2026-06-05T16:22:05.5935128+08:00	0x07	0.6983	0.2056	-0.6818	0.0725	168.25	266.30	22.44
2026-06-05T16:22:05.6452983+08:00	0x04	-0.0921	-0.6001	0.0841	-0.7901	358.68	74.27	14.26
2026-06-05T16:22:05.6452983+08:00	0x02	-0.7089	-0.0451	0.6988	0.0840	169.54	269.47	356.79
2026-06-05T16:22:05.8570981+08:00	0x08	0.0000	0.0000	0.0000	1.0000	0.00	0.00	0.00
2026-06-05T16:22:05.9059590+08:00	0x01	-0.4521	-0.4661	0.5058	-0.5679	297.45	24.68	80.07
2026-06-05T16:22:06.1098904+08:00	0x09	-0.1330	-0.5153	0.3451	-0.7731	331.37	58.40	34.15
2026-06-05T16:22:06.1398078+08:00	0x07	0.6813	0.2211	-0.6914	0.0943	169.07	268.33	25.74
2026-06-05T16:22:06.2066288+08:00	0x02	-0.7066	-0.0418	0.7014	0.0838	169.81	269.88	356.57
2026-06-05T16:22:06.3565702+08:00	0x08	0.0000	0.0000	0.0000	1.0000	0.00	0.00	0.00
2026-06-05T16:22:06.3745215+08:00	0x03	0.4210	-0.4553	-0.4555	-0.6387	40.72	40.63	287.71
2026-06-05T16:22:06.4564560+08:00	0x06	0.6827	-0.0501	-0.7171	-0.1312	172.89	273.72	345.46
2026-06-05T16:22:06.6784640+08:00	0x07	0.6658	0.1939	-0.7163	0.0772	170.81	272.37	22.37
2026-06-05T16:22:06.7028775+08:00	0x09	-0.1509	-0.7053	0.3199	-0.6144	346.48	93.00	39.54
2026-06-05T16:22:06.7279123+08:00	0x02	-0.7081	-0.0348	0.7007	0.0801	170.68	269.71	356.29
2026-06-05T16:22:06.8607706+08:00	0x03	0.4293	-0.4564	-0.4496	-0.6365	38.48	42.25	286.86
2026-06-05T16:22:06.9267116+08:00	0x08	0.0000	0.0000	0.0000	1.0000	0.00	0.00	0.00
2026-06-05T16:22:06.9866750+08:00	0x06	0.6885	-0.0625	-0.7102	-0.1329	173.87	272.63	344.23
2026-06-05T16:22:07.1240363+08:00	0x01	-0.4675	-0.4311	0.5117	-0.5777	281.73	5.83	78.92
2026-06-05T16:22:07.1901747+08:00	0x09	-0.1531	-0.6941	0.3104	-0.6312	346.74	90.78	38.63
2026-06-05T16:22:07.2636084+08:00	0x07	0.6604	0.1769	-0.7239	0.0918	173.76	274.03	22.17
2026-06-05T16:22:07.3936226+08:00	0x03	0.5325	-0.4453	-0.5816	-0.4241	175.53	278.54	284.15
2026-06-05T16:22:07.5937071+08:00	0x06	0.6889	-0.0548	-0.7151	-0.1051	175.60	272.63	347.10
2026-06-05T16:22:07.6732012+08:00	0x01	-0.4548	-0.4087	0.4981	-0.6148	290.51	11.09	75.10
2026-06-05T16:22:07.7412911+08:00	0x09	-0.1310	-0.6940	0.2743	-0.6527	347.80	89.83	33.49
2026-06-05T16:22:07.8462680+08:00	0x07	0.6533	0.1732	-0.7286	0.1113	175.99	275.41	23.44
2026-06-05T16:22:07.9778367+08:00	0x03	0.5468	-0.4151	-0.5830	-0.4345	169.25	281.73	286.42
2026-06-05T16:22:08.0924636+08:00	0x06	0.6894	-0.0563	-0.7157	-0.0971	176.39	272.53	347.61
2026-06-05T16:22:08.1926988+08:00	0x01	-0.4565	-0.4175	0.5014	-0.6049	289.62	11.39	76.16
2026-06-05T16:22:08.2642314+08:00	0x09	-0.1259	-0.6992	0.2584	-0.6546	349.00	90.63	31.74
2026-06-05T16:22:08.3738670+08:00	0x04	-0.1816	-0.6296	0.0555	-0.7534	8.88	81.34	20.09
2026-06-05T16:22:08.4442475+08:00	0x07	0.6555	0.1639	-0.7287	0.1120	176.79	275.41	22.68
2026-06-05T16:22:08.5074165+08:00	0x03	0.5439	-0.4162	-0.5858	-0.4335	168.77	282.65	286.45
2026-06-05T16:22:08.6595806+08:00	0x06	0.6897	-0.0560	-0.7158	-0.0939	176.65	272.48	347.89
2026-06-05T16:22:08.7669900+08:00	0x01	-0.4525	-0.4236	0.5027	-0.6025	290.93	13.50	76.22
2026-06-05T16:22:08.8402121+08:00	0x09	-0.1150	-0.7042	0.2452	-0.6563	349.38	91.20	29.76
2026-06-05T16:22:08.8791105+08:00	0x04	-0.2597	-0.6077	0.1556	-0.7342	6.09	81.14	34.78
2026-06-05T16:22:08.9233136+08:00	0x02	-0.7010	-0.0417	0.7083	0.0719	170.77	270.78	357.61
2026-06-05T16:22:08.9442600+08:00	0x07	0.6564	0.1611	-0.7288	0.1097	176.80	275.35	22.27
2026-06-05T16:22:09.0616101+08:00	0x03	0.5384	-0.4139	-0.5859	-0.4423	164.75	286.36	286.02
2026-06-05T16:22:09.2275773+08:00	0x06	0.6889	-0.0543	-0.7170	-0.0914	176.71	272.63	348.24
2026-06-05T16:22:09.3737532+08:00	0x01	-0.4546	-0.4263	0.5036	-0.5983	290.29	13.19	76.75
2026-06-05T16:22:09.4735605+08:00	0x07	0.6555	0.1601	-0.7301	0.1080	176.77	275.53	22.05
2026-06-05T16:22:09.5100134+08:00	0x02	-0.7011	-0.0407	0.7085	0.0692	171.07	270.78	357.74
2026-06-05T16:22:09.5526649+08:00	0x03	0.5385	-0.4108	-0.5884	-0.4416	164.15	286.96	286.45
2026-06-05T16:22:09.7463633+08:00	0x06	0.6903	-0.0510	-0.7163	-0.0880	176.75	272.44	348.78
2026-06-05T16:22:09.9412589+08:00	0x04	-0.3404	-0.5635	0.2626	-0.7054	1.19	77.81	50.92
2026-06-05T16:22:10.0200537+08:00	0x07	0.6552	0.1588	-0.7307	0.1079	176.89	275.64	21.93
2026-06-05T16:22:10.0929806+08:00	0x03	0.5411	-0.4059	-0.5919	-0.4383	164.47	286.59	287.28
2026-06-05T16:22:10.3237026+08:00	0x06	0.6900	-0.0484	-0.7173	-0.0839	176.88	272.52	349.33
2026-06-05T16:22:10.4275963+08:00	0x01	-0.4479	-0.4386	0.4915	-0.6045	299.85	22.79	76.58
2026-06-05T16:22:10.4612129+08:00	0x04	-0.3574	-0.5526	0.2843	-0.6972	359.86	76.72	54.35
2026-06-05T16:22:10.5080063+08:00	0x09	-0.0983	-0.7107	0.2266	-0.6587	349.74	91.90	26.84
2026-06-05T16:22:10.5910908+08:00	0x02	-0.7010	-0.0653	0.7083	0.0523	170.47	270.50	1.09
2026-06-05T16:22:10.7571399+08:00	0x07	0.6557	0.1568	-0.7305	0.1089	177.13	275.63	21.83
2026-06-05T16:22:10.8742674+08:00	0x06	0.6908	-0.0457	-0.7172	-0.0796	177.03	272.41	349.89
2026-06-05T16:22:11.0418756+08:00	0x04	-0.3693	-0.5448	0.2987	-0.6911	358.91	75.90	56.71
2026-06-05T16:22:11.0921449+08:00	0x01	-0.4421	-0.4423	0.4828	-0.6130	305.44	27.92	75.73
2026-06-05T16:22:11.1413728+08:00	0x07	0.6553	0.1549	-0.7312	0.1096	177.36	275.76	21.73
2026-06-05T16:22:11.1580177+08:00	0x03	0.5554	-0.3892	-0.6052	-0.4168	168.33	282.96	290.92
2026-06-05T16:22:11.3128198+08:00	0x06	0.6908	-0.0464	-0.7171	-0.0800	177.06	272.40	349.80
2026-06-05T16:22:11.5242348+08:00	0x01	-0.4454	-0.4358	0.4904	-0.6094	300.30	22.87	75.96
2026-06-05T16:22:11.5749697+08:00	0x09	-0.0951	-0.7124	0.2207	-0.6593	350.03	92.11	26.10
2026-06-05T16:22:11.6781680+08:00	0x07	0.6548	0.1537	-0.7320	0.1090	177.43	275.88	21.57
2026-06-05T16:22:11.7789840+08:00	0x03	0.5657	-0.3754	-0.6151	-0.4008	170.23	281.17	293.75
2026-06-05T16:22:11.8765868+08:00	0x06	0.6905	-0.0448	-0.7177	-0.0778	177.10	272.46	350.11
2026-06-05T16:22:12.0914893+08:00	0x01	-0.4443	-0.4339	0.4867	-0.6144	301.75	23.77	75.53
2026-06-05T16:22:12.1250245+08:00	0x04	-0.3897	-0.5333	0.3293	-0.6747	356.57	74.62	61.30
2026-06-05T16:22:12.1937445+08:00	0x09	-0.0948	-0.7119	0.2201	-0.6601	350.03	92.01	26.01
2026-06-05T16:22:12.2923762+08:00	0x03	0.5658	-0.3691	-0.6137	-0.4087	167.95	282.54	293.72
2026-06-05T16:22:12.4965219+08:00	0x06	0.6851	-0.0465	-0.7228	-0.0779	177.15	273.31	349.99
2026-06-05T16:22:12.6248241+08:00	0x01	-0.5038	-0.3863	0.5325	-0.5598	250.13	331.78	77.29
2026-06-05T16:22:12.7143288+08:00	0x07	0.6560	0.1524	-0.7320	0.1036	177.04	275.72	21.03
2026-06-05T16:22:12.7586302+08:00	0x02	-0.7330	0.0391	0.5952	0.3269	157.04	264.76	328.28
2026-06-05T16:22:12.8227243+08:00	0x03	0.5987	-0.3763	-0.5042	-0.4958	167.64	269.99	283.33
2026-06-05T16:22:12.8406780+08:00	0x09	-0.1012	-0.7131	0.2264	-0.6558	350.14	92.41	27.10
2026-06-05T16:22:12.8786603+08:00	0x08	0.0000	0.0000	0.0000	1.0000	0.00	0.00	0.00
2026-06-05T16:22:12.9799308+08:00	0x06	0.6507	-0.0976	-0.7424	-0.1259	176.39	278.10	342.01
2026-06-05T16:22:13.1419044+08:00	0x09	-0.1251	-0.7180	0.2664	-0.6308	349.29	94.24	32.71
2026-06-05T16:22:13.1986723+08:00	0x07	0.6293	0.1547	-0.7577	0.0768	175.24	279.77	19.34
2026-06-05T16:22:13.3414369+08:00	0x02	-0.7331	0.0360	0.5995	0.3190	157.45	264.82	329.27
2026-06-05T16:22:13.3906267+08:00	0x03	0.6022	-0.4208	-0.3755	-0.5650	264.94	163.66	274.75
2026-06-05T16:22:13.4675959+08:00	0x08	0.0000	0.0000	0.0000	1.0000	0.00	0.00	0.00
2026-06-05T16:22:13.5249668+08:00	0x04	-0.3891	-0.5337	0.3284	-0.6752	356.65	74.66	61.16
2026-06-05T16:22:13.7115210+08:00	0x09	-0.1062	-0.7038	0.2792	-0.6446	345.63	90.89	32.00
2026-06-05T16:22:13.7639224+08:00	0x07	0.6289	0.1799	-0.7534	0.0663	172.23	278.87	20.76
2026-06-05T16:22:13.8591988+08:00	0x03	0.5937	-0.4423	-0.3577	-0.5692	288.38	140.67	277.14
2026-06-05T16:22:13.9671093+08:00	0x08	0.0000	0.0000	0.0000	1.0000	0.00	0.00	0.00
2026-06-05T16:22:14.0615786+08:00	0x06	0.6294	-0.1310	-0.7425	-0.1880	172.73	281.07	334.45
2026-06-05T16:22:14.2918165+08:00	0x09	-0.0929	-0.7054	0.2707	-0.6485	345.26	90.82	30.16
2026-06-05T16:22:14.3167483+08:00	0x07	0.6240	0.1914	-0.7542	0.0726	171.97	279.21	22.29
2026-06-05T16:22:14.4194835+08:00	0x04	-0.1842	-0.6676	0.0689	-0.7181	9.04	87.50	20.89
2026-06-05T16:22:14.4419342+08:00	0x02	-0.8195	0.1691	0.4013	0.3724	178.14	233.02	311.74
2026-06-05T16:22:14.6650515+08:00	0x06	0.6274	-0.1373	-0.7423	-0.1911	172.86	281.26	333.66
2026-06-05T16:22:14.7491074+08:00	0x09	-0.0903	-0.7040	0.2631	-0.6534	345.62	90.50	29.24
2026-06-05T16:22:14.8794913+08:00	0x04	-0.1375	-0.6866	0.0198	-0.7136	9.48	88.86	12.92
2026-06-05T16:22:14.9303345+08:00	0x02	-0.8184	0.1606	0.4090	0.3703	176.60	234.61	312.49
2026-06-05T16:22:14.9755786+08:00	0x03	0.5798	-0.4597	-0.5022	-0.4476	205.29	240.93	281.27
2026-06-05T16:22:15.0305028+08:00	0x08	0.0000	0.0000	0.0000	1.0000	0.00	0.00	0.00
2026-06-05T16:22:15.0565309+08:00	0x07	0.6164	0.1854	-0.7614	0.0769	173.08	280.66	22.16
2026-06-05T16:22:15.1629591+08:00	0x06	0.6266	-0.1414	-0.7423	-0.1907	173.19	281.28	333.33
2026-06-05T16:22:15.3461144+08:00	0x09	-0.0883	-0.7021	0.2561	-0.6585	345.96	90.10	28.42
2026-06-05T16:22:15.3934989+08:00	0x04	-0.1585	-0.6838	0.0166	-0.7120	11.50	89.14	14.38
2026-06-05T16:22:15.4287644+08:00	0x07	0.6126	0.1847	-0.7644	0.0801	173.55	281.31	22.37
2026-06-05T16:22:15.5451881+08:00	0x08	0.0000	0.0000	0.0000	1.0000	0.00	0.00	0.00
2026-06-05T16:22:15.6089243+08:00	0x06	0.6247	-0.1430	-0.7442	-0.1882	173.48	281.52	333.38
2026-06-05T16:22:15.8645815+08:00	0x09	-0.0867	-0.7023	0.2485	-0.6614	346.49	90.09	27.63
2026-06-05T16:22:15.9734493+08:00	0x04	-0.2534	-0.6630	0.1361	-0.6911	10.05	90.51	32.06
2026-06-05T16:22:16.0201677+08:00	0x02	-0.7606	0.2108	0.4366	0.4318	174.03	242.97	302.76
2026-06-05T16:22:16.1157076+08:00	0x08	0.0000	0.0000	0.0000	1.0000	0.00	0.00	0.00
2026-06-05T16:22:16.1630219+08:00	0x06	0.6238	-0.1553	-0.7405	-0.1959	173.72	281.37	331.68
2026-06-05T16:22:16.2261977+08:00	0x03	0.5601	-0.4535	-0.3551	-0.5954	324.68	105.28	278.48
2026-06-05T16:22:16.4114228+08:00	0x09	-0.0915	-0.6981	0.2482	-0.6654	346.75	89.44	27.92
2026-06-05T16:22:16.5042215+08:00	0x02	-0.7359	0.2554	0.4146	0.4704	178.11	239.99	295.29
2026-06-05T16:22:16.5777747+08:00	0x07	0.6144	0.1605	-0.7694	0.0692	174.48	281.83	19.39
2026-06-05T16:22:16.6627307+08:00	0x03	0.5539	-0.4589	-0.3173	-0.6180	327.87	99.16	282.61
2026-06-05T16:22:16.9831972+08:00	0x09	-0.0881	-0.6984	0.2472	-0.6658	346.56	89.43	27.56
2026-06-05T16:22:17.0625978+08:00	0x04	-0.1398	-0.7051	-0.0337	-0.6943	14.28	91.94	8.43
2026-06-05T16:22:17.0922273+08:00	0x02	-0.7607	0.2353	0.4113	0.4436	179.21	237.26	299.71
2026-06-05T16:22:17.1251382+08:00	0x07	0.6241	0.1583	-0.7626	0.0622	173.78	280.39	18.61
2026-06-05T16:22:17.1944147+08:00	0x03	0.5504	-0.4680	-0.2956	-0.6250	326.40	99.62	285.26
2026-06-05T16:22:17.2944577+08:00	0x06	0.6307	-0.1670	-0.7275	-0.2125	173.42	279.97	329.27
2026-06-05T16:22:17.5232250+08:00	0x09	-0.0838	-0.7044	0.2438	-0.6613	346.74	90.42	27.02
2026-06-05T16:22:17.6430549+08:00	0x07	0.6238	0.1650	-0.7607	0.0712	174.05	280.25	19.87
2026-06-05T16:22:17.8107573+08:00	0x06	0.6340	-0.1588	-0.7294	-0.2020	173.86	279.61	330.81
2026-06-05T16:22:17.9254750+08:00	0x03	0.5591	-0.4620	-0.2849	-0.6267	323.10	101.31	285.41
2026-06-05T16:22:18.0719198+08:00	0x09	-0.0836	-0.7018	0.2401	-0.6655	346.92	89.93	26.63
2026-06-05T16:22:18.1523308+08:00	0x04	-0.1433	-0.7043	-0.0286	-0.6947	14.17	91.93	9.14
2026-06-05T16:22:18.1924755+08:00	0x02	-0.7861	0.0316	0.6146	0.0580	178.75	256.13	352.53
2026-06-05T16:22:18.3334567+08:00	0x03	0.5676	-0.4177	-0.2960	-0.6448	332.88	88.09	281.70
2026-06-05T16:22:18.3755618+08:00	0x06	0.6421	-0.1317	-0.7368	-0.1659	175.27	278.86	335.98
2026-06-05T16:22:18.5851496+08:00	0x09	-0.0881	-0.6891	0.2323	-0.6808	347.47	87.78	26.11
2026-06-05T16:22:18.6976309+08:00	0x01	-0.6233	-0.1771	0.5545	-0.5221	222.42	287.56	57.92
2026-06-05T16:22:18.7797196+08:00	0x07	0.6335	0.1824	-0.7427	0.1177	176.44	278.29	24.84
2026-06-05T16:22:18.8044390+08:00	0x03	0.5932	-0.4200	-0.3838	-0.5695	271.45	157.86	273.51
2026-06-05T16:22:18.9594455+08:00	0x06	0.6574	-0.0972	-0.7365	-0.1267	176.46	277.06	341.96
2026-06-05T16:22:19.1115958+08:00	0x09	-0.0794	-0.6964	0.2150	-0.6801	348.51	88.90	24.04
2026-06-05T16:22:19.2256468+08:00	0x01	-0.4809	-0.3502	0.5121	-0.6196	272.51	348.67	72.66
2026-06-05T16:22:19.2720963+08:00	0x02	-0.7880	0.0380	0.6105	0.0702	178.51	255.65	350.97
2026-06-05T16:22:19.3425322+08:00	0x03	0.5533	-0.4325	-0.5287	-0.4768	171.51	274.53	279.97
2026-06-05T16:22:19.4590106+08:00	0x06	0.6809	-0.0508	-0.7260	-0.0820	177.09	273.95	349.31
2026-06-05T16:22:19.7208121+08:00	0x09	-0.0721	-0.7232	0.2015	-0.6566	350.00	93.51	22.71
2026-06-05T16:22:19.7930168+08:00	0x01	-0.4302	-0.4187	0.4780	-0.6412	304.37	24.23	72.16
2026-06-05T16:22:19.8640734+08:00	0x02	-0.7131	-0.1088	0.6922	-0.0220	172.72	267.63	10.49
2026-06-05T16:22:19.9469266+08:00	0x03	0.5459	-0.4257	-0.5658	-0.4480	169.85	280.00	283.88
2026-06-05T16:22:20.0441279+08:00	0x06	0.6822	-0.0480	-0.7255	-0.0774	177.28	273.77	349.91
2026-06-05T16:22:20.1932775+08:00	0x09	-0.0745	-0.7224	0.1989	-0.6580	350.38	93.41	22.66
2026-06-05T16:22:20.3658458+08:00	0x02	-0.7153	-0.0734	0.6947	0.0187	172.45	268.04	4.31
2026-06-05T16:22:20.4022279+08:00	0x07	0.6474	0.1977	-0.7186	0.1593	178.22	275.50	29.37
2026-06-05T16:22:20.4759926+08:00	0x03	0.5442	-0.4280	-0.5647	-0.4491	169.81	280.16	283.52
2026-06-05T16:22:20.5969027+08:00	0x06	0.6816	-0.0500	-0.7261	-0.0754	177.60	273.83	349.90
2026-06-05T16:22:20.7477132+08:00	0x09	-0.0804	-0.7188	0.1993	-0.6612	350.74	92.88	23.12
2026-06-05T16:22:20.8802868+08:00	0x01	-0.4277	-0.4342	0.4598	-0.6459	313.54	33.10	72.13
2026-06-05T16:22:20.9327722+08:00	0x07	0.6427	0.2013	-0.7201	0.1669	178.78	276.18	30.30
2026-06-05T16:22:20.9666795+08:00	0x02	-0.7167	-0.0659	0.6932	0.0388	171.47	267.94	2.05
2026-06-05T16:22:21.1299794+08:00	0x06	0.6754	-0.0504	-0.7320	-0.0739	177.67	274.81	350.00
2026-06-05T16:22:21.3175664+08:00	0x09	-0.0877	-0.7134	0.2075	-0.6635	350.51	92.10	24.36
2026-06-05T16:22:21.3609782+08:00	0x01	-0.4271	-0.4373	0.4642	-0.6410	312.69	33.02	72.46
2026-06-05T16:22:21.4136176+08:00	0x04	-0.3196	-0.5847	0.2223	-0.7117	4.70	80.80	45.64
2026-06-05T16:22:21.4515632+08:00	0x02	-0.7147	-0.0541	0.6950	0.0568	171.01	268.43	359.66
2026-06-05T16:22:21.5264022+08:00	0x07	0.6430	0.2044	-0.7187	0.1681	178.58	275.98	30.66
2026-06-05T16:22:21.6635731+08:00	0x06	0.6729	-0.0514	-0.7342	-0.0740	177.70	275.19	349.92
2026-06-05T16:22:21.8987048+08:00	0x09	-0.0925	-0.7103	0.2128	-0.6646	350.37	91.66	25.16
2026-06-05T16:22:21.9327190+08:00	0x01	-0.4295	-0.4396	0.4684	-0.6347	311.52	32.46	73.15
2026-06-05T16:22:22.0355128+08:00	0x02	-0.7155	-0.0406	0.6934	0.0752	170.64	268.44	357.06
2026-06-05T16:22:22.0707032+08:00	0x07	0.6433	0.2050	-0.7182	0.1682	178.53	275.90	30.72
2026-06-05T16:22:22.2444272+08:00	0x06	0.6726	-0.0504	-0.7347	-0.0728	177.72	275.25	350.10
2026-06-05T16:22:22.4914086+08:00	0x09	-0.0948	-0.7088	0.2146	-0.6652	350.36	91.45	25.49
2026-06-05T16:22:22.5269569+08:00	0x07	0.6424	0.2060	-0.7182	0.1704	178.67	276.01	30.99
2026-06-05T16:22:22.5640281+08:00	0x02	-0.7183	-0.0356	0.6905	0.0773	170.90	268.02	356.45
2026-06-05T16:22:22.6437079+08:00	0x03	0.5348	-0.4290	-0.5688	-0.4543	165.19	285.31	283.10
2026-06-05T16:22:22.7930591+08:00	0x06	0.6741	-0.0519	-0.7331	-0.0735	177.79	274.99	349.91
2026-06-05T16:22:22.9767709+08:00	0x09	-0.0980	-0.7052	0.2178	-0.6675	350.23	90.89	25.98
2026-06-05T16:22:23.0218710+08:00	0x01	-0.4281	-0.4397	0.4627	-0.6397	313.59	34.00	72.68
2026-06-05T16:22:23.0615782+08:00	0x07	0.6409	0.2052	-0.7196	0.1710	178.87	276.31	30.97
2026-06-05T16:22:23.1769589+08:00	0x03	0.5083	-0.4256	-0.5469	-0.5113	132.26	315.03	279.84
2026-06-05T16:22:23.3452420+08:00	0x06	0.6761	-0.0467	-0.7320	-0.0705	177.67	274.74	350.58
2026-06-05T16:22:23.5277865+08:00	0x09	-0.1009	-0.7108	0.2211	-0.6600	350.45	91.98	26.59
2026-06-05T16:22:23.5867606+08:00	0x04	-0.3097	-0.5904	0.2147	-0.7137	4.73	81.11	44.07
2026-06-05T16:22:23.6596919+08:00	0x07	0.6464	0.2030	-0.7167	0.1651	178.29	275.45	30.30
2026-06-05T16:22:23.7669461+08:00	0x03	0.5092	-0.4258	-0.5475	-0.5096	133.49	313.89	279.88
2026-06-05T16:22:23.8909261+08:00	0x06	0.6832	-0.0522	-0.7240	-0.0794	177.45	273.56	349.40
2026-06-05T16:22:24.0573165+08:00	0x09	-0.0991	-0.7180	0.2188	-0.6533	350.79	93.25	26.34
2026-06-05T16:22:24.1445205+08:00	0x04	-0.3270	0.2348	0.1112	-0.9086	334.96	323.54	32.82
2026-06-05T16:22:24.1934879+08:00	0x07	0.6527	0.2051	-0.7102	0.1658	177.86	274.25	30.52
2026-06-05T16:22:24.2389965+08:00	0x02	-0.7182	-0.0357	0.6906	0.0772	170.89	268.03	356.47
2026-06-05T16:22:24.3062601+08:00	0x03	-0.0370	-0.3995	-0.7482	-0.5285	98.48	35.16	326.04
2026-06-05T16:22:24.5478272+08:00	0x06	0.6849	-0.0512	-0.7227	-0.0782	177.50	273.31	349.57
2026-06-05T16:22:24.5847323+08:00	0x09	-0.0985	-0.7176	0.2165	-0.6546	350.90	93.15	26.08
2026-06-05T16:22:24.6755574+08:00	0x04	-0.0781	0.4606	-0.1126	-0.8770	7.43	305.50	13.93
2026-06-05T16:22:24.8201614+08:00	0x03	-0.0726	-0.4159	-0.7733	-0.4731	104.60	38.17	324.94
2026-06-05T16:22:24.9935460+08:00	0x06	0.6832	-0.0508	-0.7246	-0.0745	177.76	273.57	349.90
2026-06-05T16:22:25.1289000+08:00	0x09	-0.0991	-0.7145	0.2148	-0.6584	350.96	92.60	25.94
2026-06-05T16:22:25.2481150+08:00	0x04	0.0307	0.4537	-0.0525	-0.8891	6.96	305.90	359.60
2026-06-05T16:22:25.3321204+08:00	0x07	0.6466	0.2061	-0.7139	0.1723	178.63	275.28	31.14
2026-06-05T16:22:25.5728396+08:00	0x06	0.6842	-0.0543	-0.7228	-0.0810	177.50	273.39	349.08
2026-06-05T16:22:25.6635712+08:00	0x08	0.0000	0.0000	0.0000	1.0000	0.00	0.00	0.00
2026-06-05T16:22:25.7147712+08:00	0x09	-0.0996	-0.7153	0.2184	-0.6563	350.75	92.76	26.31
2026-06-05T16:22:25.7675905+08:00	0x04	-0.1554	0.3676	0.1487	-0.9047	337.09	313.76	9.90
2026-06-05T16:22:25.7935161+08:00	0x01	-0.3605	-0.4051	0.4483	-0.7106	314.41	31.51	61.11
2026-06-05T16:22:25.8811100+08:00	0x03	0.3953	-0.3448	-0.5877	-0.6159	90.44	354.92	296.83
2026-06-05T16:22:25.8950714+08:00	0x02	-0.4788	-0.3015	0.8167	0.1133	149.13	292.93	22.58
2026-06-05T16:22:26.0775705+08:00	0x06	0.6854	-0.0546	-0.7215	-0.0817	177.49	273.19	349.00
2026-06-05T16:22:26.1695687+08:00	0x08	-0.3024	0.6449	0.3270	0.6211	1.54	91.39	307.11
2026-06-05T16:22:26.2571311+08:00	0x09	-0.0979	-0.7156	0.2108	-0.6587	351.23	92.75	25.51
2026-06-05T16:22:26.2976653+08:00	0x01	-0.2648	-0.3752	0.4780	-0.7488	307.93	28.10	49.04
2026-06-05T16:22:26.4124005+08:00	0x02	-0.5186	-0.1859	0.8219	0.1451	154.12	293.44	8.92
2026-06-05T16:22:26.4773032+08:00	0x07	0.6482	0.2060	-0.7116	0.1762	178.90	275.03	31.43
2026-06-05T16:22:26.6544260+08:00	0x06	0.6852	-0.0529	-0.7224	-0.0763	177.80	273.23	349.58
2026-06-05T16:22:26.7435729+08:00	0x08	-0.3208	0.6548	0.3464	0.5902	358.84	96.57	303.66
2026-06-05T16:22:26.7814923+08:00	0x09	-0.0999	-0.7159	0.2130	-0.6574	351.24	92.87	25.87
2026-06-05T16:22:26.8191062+08:00	0x04	-0.4932	-0.1104	0.6165	-0.6037	248.79	315.85	47.03
2026-06-05T16:22:26.9898761+08:00	0x03	0.4288	-0.4685	-0.5140	-0.5765	61.45	27.24	282.55
2026-06-05T16:22:27.0051669+08:00	0x02	-0.6746	-0.1627	0.7198	-0.0180	168.44	272.20	14.98
2026-06-05T16:22:27.1017638+08:00	0x09	-0.1019	-0.7165	0.2106	-0.6571	351.65	93.03	25.83
2026-06-05T16:22:27.2271448+08:00	0x06	0.6838	-0.0509	-0.7245	-0.0697	178.18	273.46	350.27
2026-06-05T16:22:27.3191099+08:00	0x04	-0.5473	-0.2678	0.6462	-0.4596	214.72	299.18	58.12
2026-06-05T16:22:27.3437248+08:00	0x01	-0.4302	-0.4708	0.4810	-0.6016	313.90	39.27	76.05
2026-06-05T16:22:27.4825501+08:00	0x03	0.4507	-0.4610	-0.5348	-0.5462	82.66	7.28	279.78
2026-06-05T16:22:27.5061850+08:00	0x02	-0.6901	-0.1483	0.7083	0.0080	167.27	270.20	11.48
2026-06-05T16:22:27.5783488+08:00	0x07	0.6480	0.2083	-0.7105	0.1788	178.93	274.96	31.85
2026-06-05T16:22:27.6942730+08:00	0x09	-0.1021	-0.7175	0.2122	-0.6556	351.58	93.22	26.00
2026-06-05T16:22:27.7620165+08:00	0x06	0.6846	-0.0508	-0.7235	-0.0722	177.97	273.34	350.08
2026-06-05T16:22:27.8478840+08:00	0x08	-0.3154	0.6576	0.3411	0.5931	358.97	96.45	304.64
2026-06-05T16:22:27.8962322+08:00	0x04	-0.4912	-0.3828	0.4819	-0.6164	283.67	359.63	77.04
2026-06-05T16:22:28.0474348+08:00	0x03	0.4406	-0.4695	-0.5225	-0.5590	68.90	20.67	280.52
2026-06-05T16:22:28.1677532+08:00	0x07	0.6487	0.2086	-0.7104	0.1759	178.61	274.81	31.64
2026-06-05T16:22:28.2946693+08:00	0x09	-0.1002	-0.7186	0.2146	-0.6538	351.25	93.38	26.08
2026-06-05T16:22:28.3146203+08:00	0x08	-0.3121	0.6598	0.3377	0.5943	358.97	96.52	305.25
2026-06-05T16:22:28.4484488+08:00	0x01	-0.4440	-0.4787	0.4956	-0.5728	308.76	36.32	79.46
2026-06-05T16:22:28.5307214+08:00	0x02	-0.6873	-0.1469	0.7112	0.0140	166.94	270.70	10.94
2026-06-05T16:22:28.6226193+08:00	0x03	0.4365	-0.4719	-0.5192	-0.5632	65.24	24.26	280.98
2026-06-05T16:22:28.6615391+08:00	0x07	0.6483	0.2095	-0.7115	0.1719	178.18	274.80	31.41
2026-06-05T16:22:28.8531816+08:00	0x06	0.6834	-0.0498	-0.7240	-0.0795	177.26	273.55	349.59
2026-06-05T16:22:28.9985091+08:00	0x04	-0.4010	-0.4704	0.3753	-0.6907	340.41	55.93	65.10
2026-06-05T16:22:29.0244414+08:00	0x01	-0.4501	-0.4787	0.4951	-0.5685	308.43	35.85	80.30
2026-06-05T16:22:29.1699348+08:00	0x02	-0.6924	-0.1354	0.7083	0.0204	167.32	270.25	9.42
2026-06-05T16:22:29.2159845+08:00	0x07	0.6461	0.2127	-0.7132	0.1691	177.74	275.02	31.46
2026-06-05T16:22:29.4135341+08:00	0x06	0.6761	-0.0478	-0.7301	-0.0876	176.31	274.75	349.15
2026-06-05T16:22:29.6114332+08:00	0x04	-0.2825	-0.5469	0.2118	-0.7591	359.04	71.18	41.34
2026-06-05T16:22:29.6503349+08:00	0x01	-0.4618	-0.4608	0.5134	-0.5575	287.51	14.92	81.14
2026-06-05T16:22:29.6847941+08:00	0x03	0.4350	-0.4809	-0.4989	-0.5750	51.45	36.81	281.45
2026-06-05T16:22:29.7326941+08:00	0x07	0.6476	0.2086	-0.7201	0.1363	175.18	274.85	28.48
2026-06-05T16:22:29.9630035+08:00	0x09	-0.0962	-0.7559	0.2466	-0.5988	350.12	100.66	29.21
2026-06-05T16:22:30.0161313+08:00	0x08	-0.3096	0.6608	0.3338	0.5967	358.95	96.38	305.84
2026-06-05T16:22:30.0995719+08:00	0x01	-0.4490	-0.4695	0.4723	-0.5958	316.89	40.95	78.09
2026-06-05T16:22:30.2587803+08:00	0x02	-0.6916	-0.1499	0.7047	-0.0513	171.91	269.91	16.39
2026-06-05T16:22:30.3382409+08:00	0x07	0.6290	0.2424	-0.7169	0.1779	176.52	276.39	34.84
2026-06-05T16:22:30.4781823+08:00	0x09	-0.0631	-0.7214	0.2125	-0.6561	348.24	93.04	22.92
2026-06-05T16:22:30.5946215+08:00	0x08	-0.3288	0.5811	0.3961	0.6303	14.01	77.05	298.97
2026-06-05T16:22:30.6283041+08:00	0x01	-0.4374	-0.4687	0.5087	-0.5746	299.77	27.78	78.40
2026-06-05T16:22:30.7157141+08:00	0x02	-0.6563	-0.1242	0.7338	0.1241	159.80	276.19	1.11
2026-06-05T16:22:30.8286601+08:00	0x03	0.4376	-0.4667	-0.4895	-0.5926	51.26	34.48	282.72
2026-06-05T16:22:30.8615915+08:00	0x07	0.6455	0.2116	-0.7146	0.1671	177.70	275.18	31.21
2026-06-05T16:22:31.0783537+08:00	0x09	-0.0859	-0.7147	0.2154	-0.6599	349.74	92.30	24.91
2026-06-05T16:22:31.2069975+08:00	0x01	-0.4520	-0.4622	0.4726	-0.5990	314.30	37.60	78.03
2026-06-05T16:22:31.2618489+08:00	0x02	-0.6988	-0.1238	0.7046	0.0022	169.70	269.58	9.87
2026-06-05T16:22:31.3667860+08:00	0x03	0.4436	-0.4626	-0.5074	-0.5760	62.26	24.88	281.35
2026-06-05T16:22:31.4010832+08:00	0x07	0.6430	0.2060	-0.7173	0.1720	178.79	275.91	31.11
2026-06-05T16:22:31.4495165+08:00	0x04	-0.2389	-0.5699	0.1623	-0.7693	1.56	73.53	33.54
2026-06-05T16:22:31.6123587+08:00	0x06	0.6910	-0.0502	-0.7165	-0.0813	177.25	272.34	349.38
2026-06-05T16:22:31.6284492+08:00	0x09	-0.0826	-0.7171	0.2066	-0.6606	350.27	92.63	23.91
2026-06-05T16:22:31.7133914+08:00	0x01	-0.4530	-0.4680	0.4911	-0.5785	306.66	32.50	79.65
2026-06-05T16:22:31.8117197+08:00	0x02	-0.7009	-0.1046	0.7054	-0.0135	172.56	269.74	9.58
2026-06-05T16:22:31.9444822+08:00	0x07	0.6464	0.2003	-0.7177	0.1644	178.48	275.58	30.00
2026-06-05T16:22:31.9663826+08:00	0x03	0.4284	-0.4730	-0.4828	-0.5997	46.19	39.63	283.94
2026-06-05T16:22:32.1625352+08:00	0x09	-0.1038	-0.7150	0.2350	-0.6502	349.74	92.86	28.10
2026-06-05T16:22:32.1964502+08:00	0x06	0.6884	-0.0538	-0.7170	-0.0954	176.33	272.71	347.97
2026-06-05T16:22:32.2952429+08:00	0x01	-0.4224	-0.4504	0.4913	-0.6143	305.72	30.23	74.05
