timestamp	device	q0	q1	q2	q3	yaw	pitch	roll
2026-05-22T21:07:46.9538794+08:00	0x01	-0.4174	0.2755	0.6594	0.5612	113.16	334.23	303.70
2026-05-22T21:07:47.1441973+08:00	0x03	0.3856	0.2747	-0.6741	0.5669	249.51	339.30	53.87
2026-05-22T21:07:47.1591553+08:00	0x02	-0.5330	0.1809	0.6679	0.4870	135.15	304.38	310.47
2026-05-22T21:07:47.4618256+08:00	0x01	-0.4224	0.2758	0.6541	0.5636	112.86	333.79	303.18
2026-05-22T21:07:47.6371717+08:00	0x03	0.3877	0.2724	-0.6700	0.5715	250.33	339.31	53.91
2026-05-22T21:07:47.7199041+08:00	0x02	-0.5369	0.1788	0.6670	0.4847	135.73	303.51	310.62
2026-05-22T21:07:48.0194931+08:00	0x01	-0.4229	0.2770	0.6523	0.5648	112.54	333.97	302.96
2026-05-22T21:07:48.2202779+08:00	0x03	0.3890	0.2731	-0.6710	0.5691	249.77	338.93	54.02
2026-05-22T21:07:48.3235408+08:00	0x04	0.3342	0.2309	-0.6805	0.6098	257.52	345.50	46.21
2026-05-22T21:07:48.5531888+08:00	0x01	-0.4227	0.2785	0.6502	0.5665	112.05	334.33	302.74
2026-05-22T21:07:48.7533876+08:00	0x03	0.3930	0.2688	-0.6734	0.5655	248.58	337.60	53.76
2026-05-22T21:07:48.8535107+08:00	0x04	0.3377	0.2289	-0.6832	0.6057	256.51	344.57	46.21
2026-05-22T21:07:49.1193532+08:00	0x01	-0.4227	0.2785	0.6489	0.5681	111.67	334.54	302.69
2026-05-22T21:07:49.2868550+08:00	0x02	-0.5403	0.1780	0.6604	0.4902	135.05	303.21	310.12
2026-05-22T21:07:49.3465309+08:00	0x03	0.3976	0.2663	-0.6728	0.5642	247.97	336.61	53.81
2026-05-22T21:07:49.5856812+08:00	0x01	-0.4220	0.2777	0.6502	0.5674	111.84	334.48	302.85
2026-05-22T21:07:49.8060789+08:00	0x02	-0.5383	0.1787	0.6612	0.4910	134.82	303.61	310.10
2026-05-22T21:07:49.8863513+08:00	0x03	0.3975	0.2673	-0.6722	0.5645	248.09	336.74	53.92
2026-05-22T21:07:50.2201883+08:00	0x01	-0.4218	0.2790	0.6467	0.5710	110.90	335.09	302.59
2026-05-22T21:07:50.3879530+08:00	0x02	-0.5388	0.1824	0.6587	0.4925	134.75	303.65	309.55
2026-05-22T21:07:50.4210431+08:00	0x03	0.3974	0.2656	-0.6695	0.5686	248.90	337.04	53.86
2026-05-22T21:07:50.6943202+08:00	0x01	-0.4236	0.2804	0.6470	0.5686	111.48	334.64	302.38
2026-05-22T21:07:50.9030203+08:00	0x02	-0.5452	0.1808	0.6550	0.4910	135.41	302.37	309.44
2026-05-22T21:07:50.9538546+08:00	0x03	0.3983	0.2655	-0.6675	0.5703	249.24	337.09	53.97
2026-05-22T21:07:51.2576659+08:00	0x01	-0.3838	0.2543	0.7322	0.5019	124.21	331.96	310.73
2026-05-22T21:07:51.4702759+08:00	0x02	-0.5450	0.1809	0.6551	0.4910	135.39	302.41	309.45
2026-05-22T21:07:51.5580489+08:00	0x03	0.3924	0.1312	-0.7357	0.5363	240.36	326.42	37.87
2026-05-22T21:07:51.7703089+08:00	0x01	-0.4961	0.0557	0.4567	0.7364	81.64	323.51	308.61
2026-05-22T21:07:51.9874279+08:00	0x02	-0.5763	-0.0276	-0.0019	0.8168	4.90	352.67	289.69
2026-05-22T21:07:52.0366207+08:00	0x03	0.3927	0.1353	-0.7339	0.5375	240.54	326.66	38.37
2026-05-22T21:07:52.3469275+08:00	0x01	-0.4940	0.0620	0.4664	0.7312	82.94	323.72	308.73
2026-05-22T21:07:52.4561040+08:00	0x02	-0.4389	0.0821	-0.2843	0.8484	309.25	32.89	315.73
2026-05-22T21:07:52.5877349+08:00	0x03	0.4132	0.0108	-0.3836	0.8258	300.25	335.56	43.70
2026-05-22T21:07:52.6036921+08:00	0x04	0.2568	-0.0508	-0.0985	0.9601	345.76	350.26	28.89
2026-05-22T21:07:52.8753216+08:00	0x01	-0.4565	0.1249	0.0109	0.8808	350.75	20.84	306.21
2026-05-22T21:07:52.9822414+08:00	0x02	-0.3328	0.1530	-0.2389	0.8993	321.33	30.69	328.31
2026-05-22T21:07:53.1210055+08:00	0x03	0.3935	0.0296	-0.1130	0.9119	344.62	357.10	46.41
2026-05-22T21:07:53.4378416+08:00	0x01	-0.4321	0.1781	-0.0636	0.8818	336.72	33.24	312.32
2026-05-22T21:07:53.5562341+08:00	0x02	-0.3605	0.1837	-0.1602	0.9004	328.57	33.56	323.83
2026-05-22T21:07:53.6870158+08:00	0x04	0.2618	-0.0420	-0.1186	0.9569	343.39	350.58	29.41
2026-05-22T21:07:54.0206311+08:00	0x01	-0.5415	0.2246	0.0390	0.8092	336.33	45.76	296.63
2026-05-22T21:07:54.2553023+08:00	0x03	0.2062	0.1790	-0.4696	0.8396	303.55	7.16	30.96
2026-05-22T21:07:54.4048010+08:00	0x04	0.3734	0.1162	0.0728	0.9175	17.23	21.08	41.93
2026-05-22T21:07:54.5438969+08:00	0x01	-0.5733	0.2815	0.0640	0.7668	326.11	62.80	293.77
2026-05-22T21:07:54.6376643+08:00	0x02	-0.5856	0.0315	-0.6312	0.5076	234.54	67.96	326.31
2026-05-22T21:07:54.7870598+08:00	0x04	0.3096	0.1024	0.0696	0.9428	13.69	16.70	34.71
2026-05-22T21:07:54.8615944+08:00	0x03	0.1954	0.1534	-0.3629	0.8981	318.12	8.67	27.53
2026-05-22T21:07:55.1239621+08:00	0x01	-0.5775	0.2879	0.0520	0.7622	322.29	66.18	294.47
2026-05-22T21:07:55.2419957+08:00	0x04	0.3047	0.1273	0.0707	0.9413	14.67	19.87	33.75
2026-05-22T21:07:55.3209044+08:00	0x03	0.1805	0.1582	-0.4004	0.8844	313.33	8.70	26.48
2026-05-22T21:07:55.5748781+08:00	0x01	-0.5792	0.2894	0.0552	0.7601	322.11	66.75	294.15
2026-05-22T21:07:55.6410872+08:00	0x02	-0.5772	-0.0842	-0.7451	0.3232	206.33	68.38	330.09
2026-05-22T21:07:55.8210778+08:00	0x04	0.2395	0.0963	0.0598	0.9643	10.42	13.90	26.76
2026-05-22T21:07:55.9148505+08:00	0x03	0.1714	0.2006	-0.4349	0.8609	309.61	12.85	28.01
2026-05-22T21:07:56.2037006+08:00	0x01	-0.5673	0.2901	0.0597	0.7684	325.79	63.56	294.98
2026-05-22T21:07:56.2211609+08:00	0x02	-0.5732	-0.1106	-0.7543	0.3004	202.33	68.26	329.25
2026-05-22T21:07:56.3581778+08:00	0x04	0.2518	0.0904	0.0505	0.9622	9.34	13.10	28.39
2026-05-22T21:07:56.4548941+08:00	0x03	0.1774	0.2044	-0.4333	0.8597	309.87	13.05	28.83
2026-05-22T21:07:56.7237014+08:00	0x02	-0.5523	-0.1062	-0.7688	0.3042	203.86	64.92	330.04
2026-05-22T21:07:56.9219870+08:00	0x04	0.2549	0.0897	0.0387	0.9620	7.89	12.69	28.92
2026-05-22T21:07:56.9917396+08:00	0x03	0.1759	0.2060	-0.4351	0.8587	309.67	13.24	28.77
2026-05-22T21:07:57.1899969+08:00	0x02	-0.5496	-0.1039	-0.7707	0.3052	204.22	64.47	330.29
2026-05-22T21:07:57.2378597+08:00	0x01	-0.5665	0.2915	0.0542	0.7689	324.97	64.05	295.48
2026-05-22T21:07:57.4375935+08:00	0x04	0.2343	0.0775	0.0329	0.9685	6.43	10.67	26.66
2026-05-22T21:07:57.5374495+08:00	0x03	0.1741	0.2050	-0.4326	0.8605	310.02	13.30	28.49
2026-05-22T21:07:57.7558449+08:00	0x01	-0.5661	0.2917	0.0604	0.7686	325.98	63.58	295.12
2026-05-22T21:07:57.7745378+08:00	0x02	-0.5526	-0.1126	-0.7660	0.3085	203.93	64.92	329.10
2026-05-22T21:07:58.0048971+08:00	0x04	0.3133	0.1190	0.0297	0.9417	9.24	17.38	35.67
2026-05-22T21:07:58.1241636+08:00	0x03	0.1670	0.1594	-0.4056	0.8844	312.81	9.31	25.14
2026-05-22T21:07:58.2882013+08:00	0x02	-0.5572	-0.1119	-0.7613	0.3121	204.19	65.55	328.79
2026-05-22T21:07:58.3390939+08:00	0x01	-0.5610	0.2918	0.0666	0.7718	328.17	61.94	295.20
2026-05-22T21:07:58.5221562+08:00	0x04	0.2831	0.1177	0.0259	0.9515	7.87	16.38	32.19
2026-05-22T21:07:58.6221127+08:00	0x03	0.1593	0.1887	-0.4347	0.8661	309.51	12.10	26.10
2026-05-22T21:07:58.8734616+08:00	0x01	-0.5586	0.2894	0.0717	0.7740	329.86	60.46	295.01
2026-05-22T21:07:59.1090781+08:00	0x04	0.2840	0.1178	0.0260	0.9512	7.91	16.41	32.29
2026-05-22T21:07:59.1585533+08:00	0x03	0.2472	0.0765	-0.5628	0.7850	286.11	349.66	28.31
2026-05-22T21:07:59.3719000+08:00	0x02	-0.5372	-0.0643	-0.7664	0.3463	211.56	61.98	331.92
2026-05-22T21:07:59.5724511+08:00	0x04	0.2634	-0.0879	-0.3130	0.9082	317.25	339.00	25.05
2026-05-22T21:07:59.6892229+08:00	0x03	0.2261	0.1446	-0.5792	0.7697	285.35	357.36	31.04
2026-05-22T21:07:59.9579946+08:00	0x02	-0.5254	-0.0173	-0.7659	0.3702	217.12	60.54	335.45
2026-05-22T21:08:00.0966999+08:00	0x04	0.2872	-0.0536	-0.3502	0.8899	312.04	340.33	28.27
2026-05-22T21:08:00.2419664+08:00	0x03	0.2416	0.1412	-0.5732	0.7702	285.52	355.96	32.27
2026-05-22T21:08:00.5390444+08:00	0x01	-0.5124	0.2710	0.1478	0.8013	354.60	40.76	295.66
2026-05-22T21:08:00.6550103+08:00	0x04	0.3475	-0.1191	-0.3563	0.8591	305.98	328.21	30.81
2026-05-22T21:08:00.8268208+08:00	0x03	0.2411	0.1413	-0.5734	0.7702	285.51	356.01	32.24
2026-05-22T21:08:01.0498351+08:00	0x02	-0.5257	-0.0187	-0.7660	0.3695	216.96	60.57	335.34
2026-05-22T21:08:01.1889593+08:00	0x04	0.3458	-0.1172	-0.3562	0.8601	306.17	328.59	30.75
2026-05-22T21:08:01.3592255+08:00	0x03	0.4479	0.1549	-0.6805	0.5589	242.24	321.61	45.35
2026-05-22T21:08:01.6256852+08:00	0x02	-0.5935	0.2701	0.2063	0.7295	354.66	44.95	282.20
2026-05-22T21:08:01.7685774+08:00	0x04	0.4032	-0.0174	-0.8418	0.3585	219.76	314.29	15.06
2026-05-22T21:08:01.9055260+08:00	0x03	0.4424	0.1560	-0.6839	0.5588	242.45	322.43	45.06
2026-05-22T21:08:02.1399647+08:00	0x02	-0.5686	0.1663	0.5272	0.6092	114.07	306.91	299.76
2026-05-22T21:08:02.2722178+08:00	0x04	0.4252	-0.0074	-0.8215	0.3799	221.56	312.20	18.12
2026-05-22T21:08:02.4436120+08:00	0x03	0.4326	0.1614	-0.6877	0.5603	243.10	324.17	44.97
2026-05-22T21:08:02.6478667+08:00	0x01	-0.5139	0.2715	0.1456	0.8006	353.89	41.32	295.59
2026-05-22T21:08:02.8550881+08:00	0x04	0.4159	0.0227	-0.8029	0.4265	226.36	315.20	23.03
2026-05-22T21:08:02.9237849+08:00	0x03	0.4379	0.1545	-0.6836	0.5631	243.37	323.25	44.78
2026-05-22T21:08:03.1726198+08:00	0x01	-0.4490	0.2478	0.5805	0.6325	98.56	336.33	301.17
2026-05-22T21:08:03.2254775+08:00	0x02	-0.5613	0.1599	0.5655	0.5827	119.35	305.41	303.38
2026-05-22T21:08:03.3232159+08:00	0x04	0.3381	-0.0999	-0.7738	0.5263	244.22	320.10	11.61
2026-05-22T21:08:03.4606880+08:00	0x03	0.3659	-0.0177	-0.7161	0.5942	251.25	323.32	24.17
2026-05-22T21:08:03.7561022+08:00	0x01	-0.4101	0.2132	0.6032	0.6500	96.00	339.20	307.78
2026-05-22T21:08:03.9397297+08:00	0x04	0.2968	-0.1733	-0.7531	0.5610	251.86	319.97	4.13
2026-05-22T21:08:04.0073254+08:00	0x03	0.3284	-0.0966	-0.7116	0.6136	256.30	322.57	15.39
2026-05-22T21:08:04.2219658+08:00	0x01	-0.4181	0.1482	0.6350	0.6325	102.94	330.48	314.19
2026-05-22T21:08:04.2736375+08:00	0x02	-0.5151	0.1866	0.4816	0.6841	89.32	328.94	297.82
2026-05-22T21:08:04.4063312+08:00	0x04	0.2837	-0.2075	-0.7252	0.5921	257.71	318.89	2.01
2026-05-22T21:08:04.5567309+08:00	0x03	0.3101	-0.1302	-0.6927	0.6380	261.04	322.41	12.44
2026-05-22T21:08:04.7902887+08:00	0x02	-0.4171	-0.2023	0.6864	0.5603	107.20	305.50	349.07
2026-05-22T21:08:05.0433602+08:00	0x04	0.2722	-0.2303	-0.7101	0.6071	260.98	318.23	0.20
2026-05-22T21:08:05.0895635+08:00	0x03	0.2945	-0.1492	-0.6863	0.6481	263.26	322.61	10.19
2026-05-22T21:08:05.3224738+08:00	0x01	-0.3709	-0.0919	0.6947	0.6093	104.73	318.45	341.07
2026-05-22T21:08:05.5064655+08:00	0x04	0.2678	-0.2198	-0.6953	0.6297	263.67	319.49	1.82
2026-05-22T21:08:05.5609322+08:00	0x03	0.2899	-0.1416	-0.6776	0.6608	264.94	323.77	11.03
2026-05-22T21:08:05.8897549+08:00	0x01	-0.3678	-0.1795	0.6417	0.6486	95.57	313.33	345.72
2026-05-22T21:08:06.0610162+08:00	0x02	-0.4025	-0.2697	0.6368	0.5998	97.84	302.40	351.99
2026-05-22T21:08:06.0897053+08:00	0x04	0.2650	-0.2111	-0.6936	0.6357	264.10	320.46	2.53
2026-05-22T21:08:06.4069628+08:00	0x01	-0.3640	-0.1735	0.6354	0.6585	94.30	314.32	345.00
2026-05-22T21:08:06.6419599+08:00	0x03	0.2881	-0.1281	-0.6778	0.6642	265.02	325.01	12.07
2026-05-22T21:08:06.9736533+08:00	0x01	-0.3526	-0.1359	0.6633	0.6460	97.68	318.00	344.03
2026-05-22T21:08:07.2412235+08:00	0x03	0.2937	-0.0305	-0.6929	0.6578	261.87	331.56	20.13
2026-05-22T21:08:07.5039179+08:00	0x01	-0.3908	0.1463	0.7547	0.5062	124.39	325.87	321.94
2026-05-22T21:08:07.5542945+08:00	0x02	-0.3937	-0.2542	0.6440	0.6047	98.11	304.55	351.45
2026-05-22T21:08:07.6943818+08:00	0x04	0.3508	0.1467	-0.6851	0.6213	256.12	337.23	39.57
2026-05-22T21:08:07.7213042+08:00	0x03	0.3461	0.2187	-0.6744	0.6145	257.59	343.42	46.08
2026-05-22T21:08:08.0733220+08:00	0x01	-0.3903	0.1380	0.7532	0.5113	123.54	325.80	322.64
2026-05-22T21:08:08.1276136+08:00	0x02	-0.5066	0.0004	0.7540	0.4182	135.90	302.51	334.89
2026-05-22T21:08:08.2735757+08:00	0x03	0.3448	0.2114	-0.6756	0.6164	257.64	343.04	45.30
2026-05-22T21:08:08.6571901+08:00	0x02	-0.5677	0.3133	0.5706	0.5039	143.44	295.59	291.61
2026-05-22T21:08:08.7828255+08:00	0x04	0.3489	0.1361	-0.6868	0.6230	256.21	336.72	38.43
2026-05-22T21:08:08.8112930+08:00	0x03	0.4137	0.4159	-0.5557	0.5891	277.34	5.53	71.75
2026-05-22T21:08:09.1578820+08:00	0x01	-0.3805	0.4311	0.5722	0.5848	80.73	11.49	290.22
2026-05-22T21:08:09.3401601+08:00	0x03	0.3633	0.5011	-0.4945	0.6102	315.88	47.16	69.89
2026-05-22T21:08:09.3571139+08:00	0x04	0.4097	0.4877	-0.3342	0.6948	351.65	64.96	63.53
2026-05-22T21:08:09.7417660+08:00	0x02	-0.5003	0.5072	0.3765	0.5922	344.06	93.88	282.97
2026-05-22T21:08:09.8236095+08:00	0x03	0.2323	0.5890	-0.3472	0.6918	342.38	73.12	46.92
2026-05-22T21:08:09.9280011+08:00	0x04	0.2163	0.6193	-0.1787	0.7333	0.40	80.49	32.59
2026-05-22T21:08:10.3238436+08:00	0x02	-0.3089	0.6934	0.1989	0.6199	346.01	101.69	318.79
2026-05-22T21:08:10.3639791+08:00	0x03	0.2028	0.6264	-0.3105	0.6856	346.68	79.73	41.84
2026-05-22T21:08:10.4621188+08:00	0x04	0.1541	0.6366	-0.1636	0.7377	357.12	80.92	25.83
2026-05-22T21:08:10.8745456+08:00	0x02	-0.2486	0.6991	0.2071	0.6376	353.97	97.31	322.65
2026-05-22T21:08:10.9161571+08:00	0x03	0.2132	0.6295	-0.2972	0.6855	349.25	81.01	41.80
2026-05-22T21:08:11.0242713+08:00	0x04	0.1616	0.6283	-0.1886	0.7372	355.11	79.64	28.38
2026-05-22T21:08:11.4096605+08:00	0x02	-0.2128	0.7142	0.1958	0.6375	356.26	97.62	326.57
2026-05-22T21:08:11.6404725+08:00	0x04	0.1524	0.6227	-0.2203	0.7352	351.10	78.15	29.90
2026-05-22T21:08:11.9810427+08:00	0x02	-0.2032	0.7223	0.1907	0.6330	356.46	98.56	327.81
2026-05-22T21:08:12.1280457+08:00	0x03	0.2330	0.6376	-0.2968	0.6716	351.93	83.79	43.75
2026-05-22T21:08:12.4601603+08:00	0x03	0.2337	0.6385	-0.2958	0.6710	352.16	84.00	43.73
2026-05-22T21:08:12.5938201+08:00	0x01	-0.2925	0.5803	0.3669	0.6657	14.91	74.43	305.39
2026-05-22T21:08:12.7025420+08:00	0x04	0.1517	0.6263	-0.2157	0.7336	351.64	78.77	29.53
2026-05-22T21:08:13.0626821+08:00	0x03	0.2345	0.6384	-0.2973	0.6701	352.10	84.03	43.94
2026-05-22T21:08:13.0776410+08:00	0x02	-0.2077	0.7238	0.1891	0.6302	355.77	99.14	327.62
2026-05-22T21:08:13.2033523+08:00	0x04	0.1513	0.6274	-0.2192	0.7317	351.33	78.92	29.76
2026-05-22T21:08:13.5421002+08:00	0x03	0.2348	0.6392	-0.2964	0.6697	352.27	84.21	43.89
2026-05-22T21:08:13.6417291+08:00	0x01	-0.1962	0.6906	0.2623	0.6448	4.89	92.25	322.02
2026-05-22T21:08:13.7817541+08:00	0x04	0.1491	0.6286	-0.2190	0.7312	351.22	79.05	29.57
2026-05-22T21:08:14.1415274+08:00	0x03	0.2348	0.6405	-0.2945	0.6692	352.58	84.50	43.75
2026-05-22T21:08:14.1583700+08:00	0x01	-0.1954	0.6937	0.2612	0.6421	4.68	92.82	322.17
2026-05-22T21:08:14.4080973+08:00	0x04	0.1482	0.6288	-0.2198	0.7309	351.07	79.05	29.55
2026-05-22T21:08:14.6250983+08:00	0x02	-0.2016	0.7244	0.1922	0.6306	356.63	98.88	327.81
2026-05-22T21:08:14.6753758+08:00	0x03	0.2358	0.6403	-0.2950	0.6688	352.61	84.52	43.89
2026-05-22T21:08:14.9669723+08:00	0x04	0.1493	0.6280	-0.2211	0.7311	351.00	78.93	29.73
2026-05-22T21:08:15.2681845+08:00	0x02	-0.2027	0.7240	0.1915	0.6309	356.49	98.88	327.79
2026-05-22T21:08:15.2890983+08:00	0x03	0.2356	0.6405	-0.2949	0.6687	352.61	84.56	43.86
2026-05-22T21:08:15.4431366+08:00	0x04	0.1460	0.6237	-0.2276	0.7334	349.92	78.06	29.88
2026-05-22T21:08:15.8051973+08:00	0x03	0.2391	0.6429	-0.2888	0.6679	353.79	85.32	43.69
2026-05-22T21:08:15.8297935+08:00	0x02	-0.2084	0.7205	0.1924	0.6328	356.13	98.55	327.25
2026-05-22T21:08:16.0761297+08:00	0x04	0.1523	0.6227	-0.2277	0.7330	350.38	78.07	30.45
2026-05-22T21:08:16.3382576+08:00	0x03	0.2424	0.6411	-0.2912	0.6674	353.76	85.16	44.19
2026-05-22T21:08:16.5419101+08:00	0x04	0.1559	0.6241	-0.2266	0.7313	350.84	78.44	30.73
2026-05-22T21:08:16.8251184+08:00	0x03	0.2440	0.6377	-0.2961	0.6680	353.18	84.53	44.71
2026-05-22T21:08:16.9253594+08:00	0x01	-0.1960	0.6949	0.2588	0.6416	4.32	93.10	322.32
2026-05-22T21:08:17.0583786+08:00	0x04	0.1560	0.6239	-0.2254	0.7319	350.96	78.42	30.64
2026-05-22T21:08:17.3761748+08:00	0x03	0.2429	0.6391	-0.2946	0.6677	353.32	84.76	44.50
2026-05-22T21:08:17.3956845+08:00	0x02	-0.2069	0.7219	0.1895	0.6325	356.00	98.71	327.64
2026-05-22T21:08:17.4920177+08:00	0x01	-0.2032	0.6898	0.2658	0.6421	4.49	92.51	321.13
2026-05-22T21:08:17.6431426+08:00	0x04	0.1562	0.6255	-0.2243	0.7307	351.15	78.71	30.60
2026-05-22T21:08:17.9109431+08:00	0x03	0.2446	0.6394	-0.2941	0.6670	353.58	84.94	44.62
2026-05-22T21:08:17.9597949+08:00	0x01	-0.2057	0.6870	0.2714	0.6420	4.90	92.12	320.43
2026-05-22T21:08:18.2521965+08:00	0x04	0.1820	0.6095	-0.2187	0.7399	353.07	76.94	32.41
2026-05-22T21:08:18.4498057+08:00	0x03	0.2805	0.5995	-0.3033	0.6855	353.12	79.24	48.44
2026-05-22T21:08:18.5760034+08:00	0x02	-0.2935	0.6566	0.2132	0.6613	352.01	92.65	318.08
2026-05-22T21:08:18.7346856+08:00	0x04	0.2155	0.5744	-0.2301	0.7554	352.89	72.18	36.15
2026-05-22T21:08:18.9835660+08:00	0x03	0.3151	0.5658	-0.3264	0.6885	351.03	74.31	53.44
2026-05-22T21:08:19.0631531+08:00	0x01	-0.2777	0.5743	0.3728	0.6739	17.91	71.81	306.64
2026-05-22T21:08:19.2921690+08:00	0x04	0.2554	0.5168	-0.4204	0.7007	327.79	56.64	52.41
2026-05-22T21:08:19.5796620+08:00	0x01	-0.2829	0.5681	0.4708	0.6129	32.80	65.67	298.16
2026-05-22T21:08:19.6760333+08:00	0x02	-0.3009	0.6120	0.4269	0.5938	16.97	81.56	298.36
2026-05-22T21:08:20.1270568+08:00	0x04	0.2792	0.5341	-0.4548	0.6557	325.29	58.50	58.42
2026-05-22T21:08:20.2090473+08:00	0x03	0.3352	0.5396	-0.4944	0.5933	321.86	58.01	68.65
2026-05-22T21:08:20.5042840+08:00	0x04	0.2954	0.5387	-0.3821	0.6903	338.58	64.68	55.04
2026-05-22T21:08:20.5933227+08:00	0x03	0.3397	0.5492	-0.4451	0.6205	334.34	66.34	65.55
2026-05-22T21:08:20.7268074+08:00	0x01	-0.2965	0.5710	0.4705	0.6039	31.06	67.26	296.44
2026-05-22T21:08:21.0090022+08:00	0x04	0.2872	0.5642	-0.3799	0.6744	340.97	69.92	54.69
2026-05-22T21:08:21.1513011+08:00	0x01	-0.2950	0.5755	0.4666	0.6033	29.78	68.70	296.74
2026-05-22T21:08:21.3435607+08:00	0x02	-0.3923	0.6218	0.3273	0.5937	348.28	99.54	299.22
2026-05-22T21:08:21.5932946+08:00	0x04	0.2824	0.5865	-0.3083	0.6937	351.56	76.58	48.88
2026-05-22T21:08:21.6770580+08:00	0x03	0.3220	0.5646	-0.4593	0.6054	332.55	68.21	65.32
2026-05-22T21:08:21.7098888+08:00	0x01	-0.2995	0.5751	0.4369	0.6234	24.53	70.73	298.84
2026-05-22T21:08:21.8101843+08:00	0x02	-0.3796	0.6202	0.3122	0.6114	350.22	96.30	301.64
2026-05-22T21:08:22.0679379+08:00	0x04	0.3022	0.5615	-0.3113	0.7046	350.95	72.80	50.85
2026-05-22T21:08:22.2769947+08:00	0x03	0.3676	0.5331	-0.4283	0.6303	337.82	65.69	66.93
2026-05-22T21:08:22.2977641+08:00	0x01	-0.3057	0.5734	0.4058	0.6427	19.48	72.35	300.87
2026-05-22T21:08:22.3299043+08:00	0x02	-0.3707	0.6180	0.3027	0.6237	351.53	94.05	303.22
2026-05-22T21:08:22.6928230+08:00	0x04	0.3344	0.5315	-0.3356	0.7022	348.13	67.95	55.73
2026-05-22T21:08:22.7510663+08:00	0x03	0.3752	0.5322	-0.4128	0.6368	341.50	67.58	66.54
2026-05-22T21:08:22.8048534+08:00	0x01	-0.3124	0.5714	0.4032	0.6430	18.60	72.53	300.41
2026-05-22T21:08:22.8976357+08:00	0x02	-0.3744	0.6170	0.3004	0.6237	350.80	94.37	303.11
2026-05-22T21:08:23.1497384+08:00	0x04	0.3313	0.5303	-0.3419	0.7015	346.79	67.15	55.83
2026-05-22T21:08:23.3595807+08:00	0x03	0.3702	0.5346	-0.4121	0.6383	341.35	67.73	65.94
2026-05-22T21:08:23.3812847+08:00	0x01	-0.3078	0.5782	0.3975	0.6426	17.39	74.11	301.22
2026-05-22T21:08:23.7739501+08:00	0x04	0.3358	0.5298	-0.3447	0.6984	346.84	67.27	56.54
2026-05-22T21:08:23.8931345+08:00	0x03	0.3708	0.5355	-0.4115	0.6375	341.73	68.13	65.99
2026-05-22T21:08:23.9973794+08:00	0x01	-0.3046	0.5788	0.3961	0.6445	17.51	74.03	301.67
2026-05-22T21:08:24.3430785+08:00	0x04	0.3351	0.5297	-0.3461	0.6981	346.54	67.12	56.56
2026-05-22T21:08:24.4272029+08:00	0x03	0.3690	0.5353	-0.4119	0.6384	341.37	67.85	65.81
2026-05-22T21:08:24.5270597+08:00	0x02	-0.3733	0.6207	0.2984	0.6215	350.34	95.14	303.43
2026-05-22T21:08:24.8127249+08:00	0x04	0.3384	0.5275	-0.3463	0.6981	346.60	66.86	56.90
2026-05-22T21:08:24.9596831+08:00	0x03	0.3720	0.5330	-0.4109	0.6393	341.51	67.56	66.01
2026-05-22T21:08:25.0449225+08:00	0x01	-0.3062	0.5775	0.3953	0.6453	17.38	73.89	301.59
2026-05-22T21:08:25.4468437+08:00	0x04	0.3385	0.5269	-0.3462	0.6986	346.56	66.75	56.89
2026-05-22T21:08:25.4663123+08:00	0x03	0.3708	0.5333	-0.4101	0.6402	341.56	67.60	65.82
2026-05-22T21:08:25.6639056+08:00	0x02	-0.3758	0.6182	0.2989	0.6223	350.26	94.90	303.14
2026-05-22T21:08:25.6906060+08:00	0x01	-0.3063	0.5777	0.3953	0.6451	17.36	73.93	301.58
2026-05-22T21:08:26.0140558+08:00	0x04	0.3398	0.5262	-0.3468	0.6981	346.53	66.67	57.08
2026-05-22T21:08:26.1401402+08:00	0x01	-0.3061	0.5779	0.3945	0.6455	17.23	74.01	301.66
2026-05-22T21:08:26.5399387+08:00	0x03	0.3711	0.5330	-0.4103	0.6401	341.50	67.53	65.86
2026-05-22T21:08:26.6460394+08:00	0x02	-0.3709	0.6200	0.2980	0.6239	350.86	94.54	303.67
2026-05-22T21:08:26.7140521+08:00	0x01	-0.3040	0.5796	0.3949	0.6448	17.31	74.22	301.81
2026-05-22T21:08:27.0147168+08:00	0x04	0.3398	0.5266	-0.3482	0.6972	346.37	66.67	57.19
2026-05-22T21:08:27.0601126+08:00	0x03	0.3717	0.5331	-0.4112	0.6392	341.45	67.55	66.01
2026-05-22T21:08:27.2903790+08:00	0x02	-0.3699	0.6200	0.2964	0.6253	350.91	94.36	303.89
2026-05-22T21:08:27.6107348+08:00	0x03	0.3337	0.4771	-0.5297	0.6168	302.82	36.11	66.50
2026-05-22T21:08:27.6303721+08:00	0x04	0.4010	0.4687	-0.2993	0.7280	353.15	61.60	59.81
2026-05-22T21:08:27.8591218+08:00	0x02	-0.3700	0.6200	0.2964	0.6252	350.91	94.37	303.89
2026-05-22T21:08:28.1462270+08:00	0x03	0.3349	0.4789	-0.5263	0.6177	303.94	37.02	66.61
2026-05-22T21:08:28.3216604+08:00	0x02	-0.5585	0.2858	-0.1034	0.7718	306.53	69.08	306.58
2026-05-22T21:08:28.3771482+08:00	0x01	-0.3041	0.5795	0.3949	0.6448	17.31	74.21	301.81
2026-05-22T21:08:28.6611676+08:00	0x04	0.3992	0.4705	-0.3008	0.7272	352.95	61.75	59.73
2026-05-22T21:08:28.7477671+08:00	0x03	0.3306	0.0553	-0.6032	0.7237	273.67	337.64	33.04
2026-05-22T21:08:28.8280678+08:00	0x02	-0.3878	0.1687	-0.3307	0.8437	304.90	40.11	327.13
2026-05-22T21:08:28.8939923+08:00	0x01	-0.4646	0.1496	0.0523	0.8712	355.14	22.05	304.39
2026-05-22T21:08:29.2791349+08:00	0x03	0.3711	0.0529	-0.1415	0.9162	342.18	359.35	44.03
2026-05-22T21:08:29.2975028+08:00	0x04	0.2582	-0.0034	-0.1784	0.9495	337.02	353.51	29.28
2026-05-22T21:08:29.4121984+08:00	0x02	-0.3913	0.1850	-0.1959	0.8799	321.57	37.45	321.97
2026-05-22T21:08:29.4618007+08:00	0x01	-0.4428	0.1732	-0.0723	0.8768	334.88	33.87	311.29
2026-05-22T21:08:29.7615072+08:00	0x04	0.2589	-0.0302	-0.2251	0.9388	330.18	348.66	28.20
2026-05-22T21:08:29.8083415+08:00	0x03	0.3664	0.0684	-0.0728	0.9251	353.31	5.79	43.47
2026-05-22T21:08:29.9161175+08:00	0x02	-0.3773	0.1725	-0.1423	0.8987	330.23	32.48	321.02
2026-05-22T21:08:29.9845251+08:00	0x01	-0.4090	0.1784	-0.1178	0.8871	330.90	34.46	316.87
2026-05-22T21:08:30.3785456+08:00	0x04	0.2173	-0.0326	-0.2334	0.9472	330.19	349.76	23.36
2026-05-22T21:08:30.4969802+08:00	0x02	-0.3365	0.1537	-0.1632	0.9146	330.83	28.30	325.58
2026-05-22T21:08:30.5638777+08:00	0x01	-0.3986	0.1797	-0.1214	0.8911	331.15	34.03	318.19
2026-05-22T21:08:30.8476472+08:00	0x04	0.1979	-0.0459	-0.2394	0.9494	329.64	348.79	20.72
2026-05-22T21:08:30.9442249+08:00	0x03	0.3448	0.0681	-0.0557	0.9345	355.68	6.73	40.70
2026-05-22T21:08:31.0115713+08:00	0x02	-0.3054	0.1311	-0.1952	0.9227	329.15	24.88	329.17
2026-05-22T21:08:31.1548020+08:00	0x01	-0.3803	0.1664	-0.1262	0.9010	332.45	31.14	319.96
2026-05-22T21:08:31.4340948+08:00	0x04	0.2258	-0.0913	-0.2443	0.9386	327.30	342.27	22.29
2026-05-22T21:08:31.5554767+08:00	0x03	0.3145	0.0545	-0.0437	0.9467	356.52	5.43	36.89
2026-05-22T21:08:31.6638877+08:00	0x01	-0.3595	0.1585	-0.1480	0.9076	331.25	29.69	322.72
2026-05-22T21:08:32.0171549+08:00	0x03	0.3747	0.0092	-0.0550	0.9255	352.42	358.07	43.99
2026-05-22T21:08:32.0649588+08:00	0x02	-0.2595	0.0665	-0.2619	0.9272	324.46	16.84	333.49
2026-05-22T21:08:32.2348802+08:00	0x01	-0.3594	0.1585	-0.1483	0.9076	331.22	29.70	322.74
2026-05-22T21:08:32.5156080+08:00	0x04	0.2247	-0.0904	-0.2443	0.9390	327.36	342.43	22.20
2026-05-22T21:08:32.6130699+08:00	0x03	0.3728	0.0101	-0.0543	0.9263	352.59	358.27	43.77
2026-05-22T21:08:32.6992127+08:00	0x01	-0.3525	-0.0868	-0.1127	0.9249	348.53	353.71	317.81
2026-05-22T21:08:33.0382374+08:00	0x04	-0.0280	-0.5481	-0.1967	0.8125	342.58	294.32	344.86
2026-05-22T21:08:33.1489683+08:00	0x03	0.1785	-0.4669	-0.0841	0.8620	341.32	300.93	13.25
2026-05-22T21:08:33.2167744+08:00	0x01	-0.3340	-0.4607	-0.0749	0.8189	13.58	296.58	321.97
2026-05-22T21:08:33.6208860+08:00	0x04	0.1738	-0.7298	-0.1659	0.6400	332.21	262.78	358.87
2026-05-22T21:08:33.6450466+08:00	0x03	0.2153	-0.5908	-0.0408	0.7765	340.63	282.61	16.63
2026-05-22T21:08:33.7949862+08:00	0x02	-0.2609	0.0685	-0.2599	0.9272	324.61	17.08	333.37
2026-05-22T21:08:33.8169851+08:00	0x01	-0.3566	-0.5053	-0.0517	0.7842	20.66	287.29	322.31
2026-05-22T21:08:34.1235186+08:00	0x04	0.2185	-0.7201	-0.1527	0.6407	329.25	262.37	3.45
2026-05-22T21:08:34.2291548+08:00	0x03	0.2257	-0.5851	-0.0437	0.7777	339.62	282.93	17.45
2026-05-22T21:08:34.3054158+08:00	0x01	-0.3600	-0.5129	-0.0333	0.7786	23.25	285.49	323.50
2026-05-22T21:08:34.5942122+08:00	0x04	0.2248	-0.7127	-0.1541	0.6463	328.60	263.27	4.06
2026-05-22T21:08:34.7785271+08:00	0x03	0.2266	-0.5850	-0.0459	0.7774	339.35	282.89	17.37
2026-05-22T21:08:34.9295416+08:00	0x02	-0.3928	-0.5215	-0.0865	0.7525	22.45	281.63	317.05
2026-05-22T21:08:35.1652074+08:00	0x04	0.1433	-0.6568	-0.2214	0.7065	329.80	275.54	354.93
2026-05-22T21:08:35.3139186+08:00	0x03	0.2077	-0.5551	-0.0405	0.8044	342.01	288.11	16.81
2026-05-22T21:08:35.3468268+08:00	0x01	-0.3588	-0.4796	-0.0381	0.7999	20.96	290.89	322.37
2026-05-22T21:08:35.4470451+08:00	0x02	-0.3837	-0.5251	-0.0655	0.7568	23.56	281.69	319.49
2026-05-22T21:08:35.7015877+08:00	0x04	0.1614	-0.6496	-0.1911	0.7180	331.05	275.97	359.06
2026-05-22T21:08:35.9138243+08:00	0x03	0.2139	-0.5474	-0.0262	0.8087	343.05	289.03	18.50
2026-05-22T21:08:36.1103605+08:00	0x02	-0.3613	-0.5026	-0.0536	0.7835	20.86	287.33	321.68
2026-05-22T21:08:36.2593976+08:00	0x04	0.1384	-0.6483	-0.1869	0.7250	333.20	276.96	357.61
2026-05-22T21:08:36.4643403+08:00	0x01	-0.3621	-0.4572	-0.0602	0.8100	17.74	294.63	320.08
2026-05-22T21:08:36.6799838+08:00	0x02	-0.3623	-0.4793	-0.0711	0.7962	17.84	291.34	319.82
2026-05-22T21:08:36.7798817+08:00	0x04	0.0904	-0.6434	-0.2242	0.7263	333.41	279.07	350.96
2026-05-22T21:08:37.0099668+08:00	0x03	0.1812	-0.5590	-0.1491	0.7952	333.70	288.16	6.97
2026-05-22T21:08:37.2125092+08:00	0x02	-0.3153	-0.4939	-0.0325	0.8097	17.95	291.90	327.14
2026-05-22T21:08:37.3618312+08:00	0x04	0.0919	-0.6436	-0.2231	0.7263	333.40	279.00	351.16
2026-05-22T21:08:37.5181472+08:00	0x03	0.1822	-0.5588	-0.1455	0.7958	333.97	288.16	7.32
2026-05-22T21:08:37.5506110+08:00	0x01	-0.3620	-0.4579	-0.0595	0.8097	17.84	294.51	320.15
2026-05-22T21:08:37.7950456+08:00	0x02	-0.2706	-0.4539	0.4344	0.7294	61.57	296.21	359.98
2026-05-22T21:08:37.8908380+08:00	0x04	0.2333	-0.5394	-0.6254	0.5133	276.95	290.09	334.20
2026-05-22T21:08:38.0547605+08:00	0x03	0.3249	-0.5039	-0.5082	0.6183	285.91	286.43	353.66
2026-05-22T21:08:38.3091662+08:00	0x02	-0.3206	-0.3614	0.5888	0.6481	84.20	302.22	0.57
2026-05-22T21:08:38.4504253+08:00	0x04	0.3043	-0.5356	-0.6313	0.4711	271.10	285.17	337.07
2026-05-22T21:08:38.5963827+08:00	0x03	0.3260	-0.4730	-0.5438	0.6118	281.38	290.02	353.36
2026-05-22T21:08:38.8808174+08:00	0x02	-0.3267	-0.3752	0.5839	0.6415	83.99	300.33	1.09
2026-05-22T21:08:39.0341013+08:00	0x04	0.3341	-0.5519	-0.5828	0.4940	275.89	280.16	341.75
2026-05-22T21:08:39.1972012+08:00	0x03	0.3426	-0.4756	-0.5297	0.6131	281.82	288.30	355.20
2026-05-22T21:08:39.2171541+08:00	0x01	-0.3616	-0.3820	0.5376	0.6590	80.75	296.59	356.23
2026-05-22T21:08:39.4472652+08:00	0x02	-0.3388	-0.3835	0.5711	0.6419	83.21	298.45	0.18
2026-05-22T21:08:39.5468212+08:00	0x04	0.3386	-0.5435	-0.5728	0.5117	276.84	280.78	343.97
2026-05-22T21:08:39.6629891+08:00	0x01	-0.3955	-0.3762	0.4980	0.6738	78.84	294.16	350.89
2026-05-22T21:08:39.6839950+08:00	0x03	0.3444	-0.4691	-0.5235	0.6223	282.42	288.86	356.42
2026-05-22T21:08:39.9632874+08:00	0x02	-0.3599	-0.3900	0.5488	0.6459	82.04	295.91	357.89
2026-05-22T21:08:40.0327999+08:00	0x04	0.3443	-0.5392	-0.5649	0.5212	277.40	280.81	345.51
2026-05-22T21:08:40.1838515+08:00	0x01	-0.4147	-0.3692	0.4723	0.6846	77.57	293.15	347.34
2026-05-22T21:08:40.2208245+08:00	0x03	0.3511	-0.4650	-0.5157	0.6281	282.80	288.74	357.79
2026-05-22T21:08:40.5320346+08:00	0x04	0.3483	-0.5363	-0.5613	0.5254	277.53	280.80	346.35
2026-05-22T21:08:40.5635850+08:00	0x02	-0.3674	-0.3856	0.5380	0.6534	81.29	295.70	356.27
2026-05-22T21:08:40.7631511+08:00	0x01	-0.4215	-0.3641	0.4640	0.6888	77.26	293.03	345.95
2026-05-22T21:08:40.8136464+08:00	0x03	0.3535	-0.4624	-0.5149	0.6293	282.70	288.82	358.20
2026-05-22T21:08:41.0668910+08:00	0x02	-0.3733	-0.3821	0.5310	0.6579	80.90	295.53	355.10
2026-05-22T21:08:41.1137910+08:00	0x04	0.3507	-0.5303	-0.5613	0.5299	277.31	281.34	347.07
2026-05-22T21:08:41.3472946+08:00	0x01	-0.4248	-0.3595	0.4629	0.6900	77.43	293.17	345.32
2026-05-22T21:08:41.5304106+08:00	0x02	-0.3756	-0.3790	0.5314	0.6579	81.16	295.62	354.75
2026-05-22T21:08:41.6803496+08:00	0x04	0.3545	-0.5226	-0.5619	0.5343	276.89	281.95	347.97
2026-05-22T21:08:41.8938766+08:00	0x03	0.3614	-0.4480	-0.5135	0.6364	282.20	289.72	-0.01
2026-05-22T21:08:41.9639186+08:00	0x01	-0.4260	-0.3575	0.4618	0.6910	77.41	293.25	345.02
2026-05-22T21:08:42.1481550+08:00	0x02	-0.3759	-0.3786	0.5311	0.6583	81.14	295.63	354.68
2026-05-22T21:08:42.4243712+08:00	0x03	0.3615	-0.4458	-0.5121	0.6390	282.36	289.94	0.31
2026-05-22T21:08:42.5308968+08:00	0x01	-0.4284	-0.3560	0.4626	0.6897	77.74	293.16	344.83
2026-05-22T21:08:42.6143375+08:00	0x02	-0.3777	-0.3765	0.5326	0.6572	81.49	295.67	354.53
2026-05-22T21:08:42.8006101+08:00	0x04	0.3566	-0.5190	-0.5613	0.5370	276.76	282.19	348.49
2026-05-22T21:08:42.9632142+08:00	0x03	0.3630	-0.4459	-0.5106	0.6393	282.42	289.81	0.51
2026-05-22T21:08:43.0012134+08:00	0x01	-0.4273	-0.3583	0.4680	0.6856	78.27	292.99	345.49
2026-05-22T21:08:43.2001983+08:00	0x02	-0.3775	-0.3776	0.5381	0.6521	82.17	295.55	355.07
2026-05-22T21:08:43.2876823+08:00	0x04	0.3590	-0.5180	-0.5590	0.5388	276.86	282.10	348.91
2026-05-22T21:08:43.4971423+08:00	0x03	0.3659	-0.4427	-0.5069	0.6428	282.62	289.90	1.24
2026-05-22T21:08:43.6345035+08:00	0x01	-0.4389	-0.3470	0.4702	0.6826	79.66	292.88	344.17
2026-05-22T21:08:43.7142925+08:00	0x02	-0.4096	-0.3657	0.5343	0.6427	84.59	293.63	352.20
2026-05-22T21:08:43.8655504+08:00	0x04	0.3604	-0.4322	-0.6153	0.5519	269.01	291.71	352.30
2026-05-22T21:08:44.0479879+08:00	0x03	0.4064	-0.3306	-0.5791	0.6247	269.94	297.04	7.17
2026-05-22T21:08:44.1018844+08:00	0x01	-0.5395	-0.1712	0.5909	0.5749	107.97	293.30	335.29
2026-05-22T21:08:44.2801228+08:00	0x02	-0.4086	-0.3660	0.5345	0.6430	84.51	293.69	352.29
2026-05-22T21:08:44.3749055+08:00	0x04	0.3604	-0.4349	-0.6137	0.5516	269.24	291.43	352.18
2026-05-22T21:08:44.5794782+08:00	0x03	0.4053	-0.3341	-0.5771	0.6254	270.31	296.85	6.97
2026-05-22T21:08:44.6372702+08:00	0x01	-0.5370	-0.1767	0.5878	0.5787	107.10	293.35	335.55
2026-05-22T21:08:44.8521130+08:00	0x04	0.4983	-0.1338	-0.6624	0.5432	246.33	300.14	21.35
2026-05-22T21:08:45.1221830+08:00	0x03	0.5331	0.0411	-0.5678	0.6259	252.27	307.71	45.56
2026-05-22T21:08:45.1820187+08:00	0x01	-0.4895	0.2675	0.5401	0.6302	98.50	333.10	295.06
2026-05-22T21:08:45.4188288+08:00	0x04	0.4986	0.3147	-0.4519	0.6694	287.93	354.49	72.18
2026-05-22T21:08:45.6607199+08:00	0x03	0.4578	0.3717	-0.4576	0.6655	301.12	13.99	71.71
2026-05-22T21:08:45.7640144+08:00	0x01	-0.4239	0.4665	0.3981	0.6665	22.67	54.15	290.54
2026-05-22T21:08:45.9450967+08:00	0x04	0.4429	0.3950	-0.4079	0.6938	321.82	32.29	69.53
2026-05-22T21:08:45.9570646+08:00	0x02	-0.5591	-0.0621	0.6504	0.5105	122.71	294.91	330.65
2026-05-22T21:08:46.1982173+08:00	0x03	0.4634	0.3929	-0.4664	0.6429	299.90	15.58	74.24
2026-05-22T21:08:46.2820640+08:00	0x01	-0.4209	0.4843	0.3892	0.6609	17.31	60.53	291.04
2026-05-22T21:08:46.5155541+08:00	0x04	0.4362	0.3997	-0.3946	0.7030	326.21	35.98	68.24
2026-05-22T21:08:46.7484163+08:00	0x03	0.4757	0.3887	-0.4783	0.6276	291.31	7.63	75.68
2026-05-22T21:08:46.8484346+08:00	0x01	-0.4170	0.4911	0.3890	0.6585	16.37	62.22	291.37
2026-05-22T21:08:47.0324642+08:00	0x04	0.4386	0.4024	-0.3972	0.6985	326.04	36.27	68.82
2026-05-22T21:08:47.1471926+08:00	0x02	-0.4761	0.5235	0.2681	0.6538	339.84	90.20	295.42
2026-05-22T21:08:47.2318641+08:00	0x03	0.4800	0.3866	-0.4808	0.6236	288.56	4.90	76.05
2026-05-22T21:08:47.4352560+08:00	0x01	-0.4117	0.4968	0.3836	0.6607	14.93	63.84	292.31
2026-05-22T21:08:47.6149759+08:00	0x04	0.4388	0.4042	-0.3970	0.6974	326.39	36.77	68.92
2026-05-22T21:08:47.7645095+08:00	0x03	0.4849	0.3841	-0.4848	0.6183	284.71	1.16	76.43
2026-05-22T21:08:47.9507577+08:00	0x01	-0.4055	0.5028	0.3778	0.6634	13.62	65.34	293.39
2026-05-22T21:08:48.1379634+08:00	0x04	0.4404	0.4067	-0.3971	0.6950	326.87	37.47	69.24
2026-05-22T21:08:48.3492481+08:00	0x03	0.4880	0.3826	-0.4872	0.6149	282.24	358.77	76.65
2026-05-22T21:08:48.5176286+08:00	0x01	-0.4063	0.5040	0.3772	0.6623	13.15	65.86	293.31
2026-05-22T21:08:48.5991584+08:00	0x04	0.4415	0.4066	-0.3978	0.6939	326.68	37.32	69.42
2026-05-22T21:08:48.6652437+08:00	0x02	-0.4448	0.5634	0.2257	0.6586	337.91	93.23	302.83
2026-05-22T21:08:48.8330919+08:00	0x03	0.4896	0.3816	-0.4888	0.6129	280.71	357.29	76.73
2026-05-22T21:08:48.9843558+08:00	0x01	-0.4044	0.5061	0.3760	0.6625	12.82	66.34	293.59
2026-05-22T21:08:49.1653155+08:00	0x04	0.4427	0.4067	-0.3985	0.6927	326.53	37.22	69.63
2026-05-22T21:08:49.2367361+08:00	0x02	-0.4339	0.5765	0.2120	0.6591	337.53	94.08	305.27
2026-05-22T21:08:49.4341174+08:00	0x03	0.4910	0.3812	-0.4899	0.6112	279.55	356.19	76.83
2026-05-22T21:08:49.5189067+08:00	0x01	-0.4035	0.5072	0.3752	0.6627	12.63	66.60	293.73
2026-05-22T21:08:49.6988941+08:00	0x04	0.4434	0.4066	-0.3991	0.6919	326.37	37.10	69.75
2026-05-22T21:08:49.8015970+08:00	0x02	-0.4313	0.5795	0.2092	0.6590	337.47	94.29	305.81
2026-05-22T21:08:49.9647239+08:00	0x03	0.4915	0.3809	-0.4902	0.6108	279.19	355.83	76.86
2026-05-22T21:08:50.0827349+08:00	0x01	-0.4029	0.5081	0.3745	0.6628	12.42	66.84	293.85
2026-05-22T21:08:50.2777644+08:00	0x04	0.4422	0.4079	-0.3982	0.6925	326.81	37.59	69.59
2026-05-22T21:08:50.3325457+08:00	0x02	-0.4288	0.5818	0.2066	0.6595	337.51	94.33	306.29
2026-05-22T21:08:50.4651637+08:00	0x03	0.4912	0.3813	-0.4900	0.6109	279.45	356.11	76.86
2026-05-22T21:08:50.6026190+08:00	0x01	-0.4006	0.5089	0.3733	0.6642	12.42	66.87	294.21
2026-05-22T21:08:50.8857893+08:00	0x04	0.4380	0.4123	-0.3942	0.6948	328.57	39.47	69.02
2026-05-22T21:08:50.9107660+08:00	0x02	-0.4258	0.5842	0.2042	0.6601	337.64	94.32	306.79
2026-05-22T21:08:51.0606484+08:00	0x03	0.4731	0.3900	-0.4868	0.6221	288.31	5.67	75.56
2026-05-22T21:08:51.1700830+08:00	0x01	-0.3221	0.5392	0.3396	0.7001	12.85	68.52	305.19
2026-05-22T21:08:51.3652556+08:00	0x04	0.3669	0.4555	-0.3513	0.7311	339.67	52.29	58.92
2026-05-22T21:08:51.4161296+08:00	0x02	-0.4546	0.5756	0.2115	0.6460	333.31	97.83	303.82
2026-05-22T21:08:51.5361385+08:00	0x03	0.3896	0.4320	-0.4981	0.6431	303.38	27.39	68.65
2026-05-22T21:08:51.6372724+08:00	0x01	-0.3015	0.5625	0.4034	0.6557	21.07	69.45	301.87
2026-05-22T21:08:51.8830668+08:00	0x04	0.3683	0.5055	-0.3457	0.6995	347.20	64.31	59.85
2026-05-22T21:08:52.0664415+08:00	0x03	0.3199	0.4949	-0.5175	0.6204	308.58	42.81	65.40
2026-05-22T21:08:52.2596296+08:00	0x01	-0.2193	0.5932	0.3776	0.6763	22.05	72.57	311.88
2026-05-22T21:08:52.4660272+08:00	0x04	0.2469	0.6068	-0.1567	0.7391	4.68	80.19	33.72
2026-05-22T21:08:52.6171220+08:00	0x03	0.2188	0.5569	-0.4110	0.6878	330.40	64.15	49.35
2026-05-22T21:08:52.7329081+08:00	0x01	-0.1676	0.6335	0.3342	0.6774	18.45	79.29	319.42
2026-05-22T21:08:52.9782030+08:00	0x02	-0.4534	0.5760	0.2111	0.6466	333.48	97.69	303.95
2026-05-22T21:08:53.1494754+08:00	0x03	0.2084	0.5913	-0.3972	0.6702	334.42	71.16	48.51
2026-05-22T21:08:53.3057592+08:00	0x01	-0.1706	0.6606	0.3338	0.6504	16.20	84.72	318.47
2026-05-22T21:08:53.5704256+08:00	0x04	0.2486	0.6336	-0.1773	0.7108	4.43	84.84	35.31
2026-05-22T21:08:53.6990208+08:00	0x03	0.2290	0.6229	-0.3691	0.6506	342.61	79.48	49.27
2026-05-22T21:08:53.8329324+08:00	0x01	-0.1731	0.6933	0.2774	0.6422	8.41	91.53	322.63
2026-05-22T21:08:54.0216837+08:00	0x04	0.2556	0.6184	-0.2209	0.7095	0.20	82.22	39.49
2026-05-22T21:08:54.2334282+08:00	0x03	0.2554	0.6203	-0.3603	0.6482	346.17	80.84	51.09
2026-05-22T21:08:54.4001486+08:00	0x01	-0.1788	0.6931	0.2719	0.6432	7.36	91.78	322.64
2026-05-22T21:08:54.5339715+08:00	0x04	0.2446	0.6155	-0.2286	0.7135	358.15	80.91	39.08
2026-05-22T21:08:54.6506956+08:00	0x02	-0.1755	0.7315	0.1902	0.6308	358.89	98.76	330.02
2026-05-22T21:08:54.7697085+08:00	0x03	0.2518	0.6214	-0.3533	0.6524	346.64	80.94	50.14
2026-05-22T21:08:54.9203151+08:00	0x01	-0.1859	0.6918	0.2772	0.6403	7.17	91.93	321.57
2026-05-22T21:08:55.1155518+08:00	0x04	0.2393	0.6174	-0.2331	0.7122	357.30	80.89	38.95
2026-05-22T21:08:55.3011032+08:00	0x03	0.2569	0.6220	-0.3524	0.6503	347.38	81.47	50.58
2026-05-22T21:08:55.4972386+08:00	0x01	-0.1892	0.6971	0.2753	0.6344	6.28	93.18	321.40
2026-05-22T21:08:55.6336858+08:00	0x04	0.2271	0.6199	-0.2313	0.7146	356.45	80.67	37.69
2026-05-22T21:08:55.7331403+08:00	0x02	-0.1850	0.7304	0.1961	0.6276	358.38	99.11	328.75
2026-05-22T21:08:55.8538170+08:00	0x03	0.2467	0.6268	-0.3472	0.6525	347.29	81.86	49.22
2026-05-22T21:08:56.0668898+08:00	0x01	-0.1948	0.6931	0.2787	0.6356	6.25	92.72	320.65
2026-05-22T21:08:56.2172016+08:00	0x04	0.2267	0.6191	-0.2322	0.7151	356.28	80.50	37.72
2026-05-22T21:08:56.3845012+08:00	0x03	0.2547	0.6250	-0.3430	0.6533	348.45	82.11	49.60
2026-05-22T21:08:56.5832663+08:00	0x01	-0.1904	0.6926	0.2747	0.6393	6.43	92.33	321.40
2026-05-22T21:08:56.6671220+08:00	0x04	0.2312	0.6157	-0.2348	0.7158	356.24	80.09	38.32
2026-05-22T21:08:56.8371135+08:00	0x02	-0.1844	0.7270	0.1951	0.6319	358.56	98.41	328.88
2026-05-22T21:08:56.8675797+08:00	0x03	0.2567	0.6230	-0.3463	0.6527	348.12	81.77	50.05
2026-05-22T21:08:57.1668972+08:00	0x01	-0.1967	0.6891	0.2775	0.6399	6.24	92.01	320.64
2026-05-22T21:08:57.4022718+08:00	0x02	-0.1981	0.7250	0.1996	0.6287	357.54	98.85	327.42
2026-05-22T21:08:57.7306770+08:00	0x01	-0.2059	0.6858	0.2809	0.6391	5.78	91.91	319.58
2026-05-22T21:08:57.9195743+08:00	0x02	-0.2019	0.7230	0.2003	0.6296	357.29	98.70	327.05
2026-05-22T21:08:58.2618730+08:00	0x01	-0.2056	0.6856	0.2805	0.6395	5.79	91.86	319.64
2026-05-22T21:08:58.4006285+08:00	0x04	0.2270	0.6159	-0.2343	0.7171	355.91	79.92	37.90
2026-05-22T21:08:58.4875728+08:00	0x03	0.2493	0.6233	-0.3479	0.6544	347.14	81.27	49.47
2026-05-22T21:08:58.8182457+08:00	0x01	-0.2070	0.6845	0.2820	0.6396	5.86	91.72	319.40
2026-05-22T21:08:58.8514691+08:00	0x04	0.2264	0.6156	-0.2348	0.7174	355.77	79.81	37.87
2026-05-22T21:08:58.9599056+08:00	0x02	-0.2074	0.7216	0.2008	0.6292	356.80	98.79	326.58
2026-05-22T21:08:59.0184466+08:00	0x03	0.2499	0.6234	-0.3467	0.6548	347.35	81.35	49.43
2026-05-22T21:08:59.2880259+08:00	0x01	-0.2095	0.6732	0.2998	0.6427	8.02	89.55	317.71
2026-05-22T21:08:59.4787952+08:00	0x04	0.3912	0.4634	-0.1185	0.7863	14.82	67.42	46.47
2026-05-22T21:08:59.6193974+08:00	0x03	0.2499	0.6234	-0.3468	0.6547	347.34	81.34	49.43
2026-05-22T21:08:59.8148389+08:00	0x01	-0.2253	0.6215	0.2893	0.6923	9.36	80.21	317.81
2026-05-22T21:08:59.9539175+08:00	0x04	0.3866	0.4684	-0.1221	0.7850	14.25	67.75	46.17
2026-05-22T21:09:00.0527775+08:00	0x02	-0.3951	0.5972	0.2244	0.6609	343.38	92.39	307.78
2026-05-22T21:09:00.1474594+08:00	0x03	0.1486	0.2779	-0.7395	0.5948	260.18	7.87	36.00
2026-05-22T21:09:00.3860593+08:00	0x01	-0.3378	0.5416	0.3560	0.6825	13.04	69.65	302.14
2026-05-22T21:09:00.5190459+08:00	0x04	0.4371	-0.2642	0.4472	0.7342	62.91	0.36	61.43
2026-05-22T21:09:00.5710433+08:00	0x02	-0.4243	0.5711	0.2306	0.6638	341.50	91.27	304.24
2026-05-22T21:09:00.7551617+08:00	0x03	0.5550	0.0494	-0.3679	0.7444	282.93	318.53	59.62
2026-05-22T21:09:00.9723447+08:00	0x01	-0.3105	0.5608	0.3534	0.6813	13.46	71.88	304.96
2026-05-22T21:09:01.0341893+08:00	0x04	0.4209	-0.3492	0.4773	0.6878	62.33	348.93	65.84
2026-05-22T21:09:01.1518360+08:00	0x02	-0.4171	0.5879	0.2319	0.6531	340.99	93.91	305.16
2026-05-22T21:09:01.2385874+08:00	0x03	0.5642	0.0477	-0.3275	0.7564	288.63	320.35	62.23
2026-05-22T21:09:01.4845790+08:00	0x01	-0.2895	0.5910	0.3494	0.6670	11.88	77.14	306.95
2026-05-22T21:09:01.6179411+08:00	0x04	0.4299	-0.3445	0.4277	0.7167	50.12	342.20	65.63
2026-05-22T21:09:01.7177886+08:00	0x02	-0.4093	0.6130	0.2334	0.6342	339.68	98.41	306.36
2026-05-22T21:09:01.8223610+08:00	0x03	0.4815	0.0873	-0.3574	0.7955	300.10	338.50	55.94
2026-05-22T21:09:02.0585172+08:00	0x01	-0.2855	0.6035	0.3351	0.6648	9.35	79.94	308.36
2026-05-22T21:09:02.1486292+08:00	0x04	0.4255	-0.3026	0.3562	0.7749	37.48	339.96	61.05
2026-05-22T21:09:02.2381488+08:00	0x02	-0.3884	0.6207	0.2371	0.6385	342.98	96.76	307.79
2026-05-22T21:09:02.3682039+08:00	0x03	0.4251	0.0991	-0.3956	0.8081	300.39	344.11	49.95
2026-05-22T21:09:02.6809952+08:00	0x01	-0.2900	0.6155	0.3230	0.6578	6.22	83.21	308.81
2026-05-22T21:09:02.8180786+08:00	0x02	-0.3708	0.6433	0.2286	0.6296	343.03	99.12	310.45
2026-05-22T21:09:02.9033653+08:00	0x03	0.2016	0.1570	-0.4353	0.8633	308.10	6.27	29.00
2026-05-22T21:09:03.2211289+08:00	0x04	0.3197	0.1009	0.0019	0.9421	4.89	13.86	37.02
2026-05-22T21:09:03.3449076+08:00	0x02	-0.3459	0.6784	0.1317	0.6347	337.40	101.72	321.85
2026-05-22T21:09:03.4374419+08:00	0x03	0.1997	0.1499	-0.3825	0.8896	315.32	7.41	28.03
2026-05-22T21:09:03.7276350+08:00	0x01	-0.2245	0.6595	0.2775	0.6615	5.45	87.76	318.47
2026-05-22T21:09:03.8017863+08:00	0x04	0.3472	0.0932	0.0134	0.9331	6.75	13.88	40.19
2026-05-22T21:09:03.8997659+08:00	0x02	-0.2304	0.7165	0.1481	0.6416	350.64	98.87	329.48
2026-05-22T21:09:03.9767351+08:00	0x03	0.2066	0.1878	-0.4140	0.8664	311.79	10.36	30.90
2026-05-22T21:09:04.3358548+08:00	0x01	-0.2042	0.6763	0.2716	0.6536	5.86	89.86	320.63
2026-05-22T21:09:04.5134982+08:00	0x03	0.2343	0.1950	-0.3813	0.8727	316.23	11.24	33.89
2026-05-22T21:09:04.8190851+08:00	0x01	-0.2058	0.6789	0.2703	0.6509	5.38	90.49	320.58
2026-05-22T21:09:04.9175089+08:00	0x04	0.3449	0.0961	0.0300	0.9332	9.14	15.06	39.64
2026-05-22T21:09:05.1151313+08:00	0x03	0.2135	0.2070	-0.4009	0.8665	314.09	12.84	32.41
2026-05-22T21:09:05.3890694+08:00	0x01	-0.2161	0.6772	0.2742	0.6478	4.73	90.79	319.37
2026-05-22T21:09:05.4779028+08:00	0x04	0.3395	0.0990	0.0263	0.9350	8.61	15.15	39.02
2026-05-22T21:09:05.6530755+08:00	0x03	0.1935	0.2195	-0.3989	0.8690	314.92	15.33	30.76
2026-05-22T21:09:05.9032358+08:00	0x01	-0.2193	0.6769	0.2753	0.6465	4.49	90.95	318.99
2026-05-22T21:09:05.9984747+08:00	0x02	-0.2372	0.7209	0.1628	0.6306	350.70	100.34	327.74
2026-05-22T21:09:06.1365591+08:00	0x03	0.1848	0.2243	-0.3964	0.8709	315.47	16.37	29.98
2026-05-22T21:09:06.4862511+08:00	0x01	-0.2244	0.6755	0.2774	0.6453	4.21	91.02	318.36
2026-05-22T21:09:06.5689401+08:00	0x02	-0.2397	0.7196	0.1638	0.6308	350.56	100.29	327.44
2026-05-22T21:09:06.7358770+08:00	0x03	0.1763	0.2187	-0.3998	0.8725	314.89	15.95	28.85
2026-05-22T21:09:06.9992796+08:00	0x01	-0.2228	0.6761	0.2790	0.6445	4.49	91.03	318.36
2026-05-22T21:09:07.0695887+08:00	0x02	-0.2390	0.7199	0.1656	0.6302	350.74	100.32	327.34
2026-05-22T21:09:07.2695410+08:00	0x03	0.1474	0.2273	-0.4004	0.8754	315.09	18.17	26.11
2026-05-22T21:09:07.5723187+08:00	0x01	-0.2280	0.6728	0.2804	0.6455	4.27	90.72	317.80
2026-05-22T21:09:07.6635315+08:00	0x04	0.3340	0.1178	0.0599	0.9333	13.90	19.13	37.54
2026-05-22T21:09:07.8063748+08:00	0x03	0.1553	0.2232	-0.3930	0.8784	315.99	17.59	26.64
2026-05-22T21:09:08.0395624+08:00	0x01	-0.2281	0.6725	0.2801	0.6459	4.26	90.67	317.82
2026-05-22T21:09:08.2204633+08:00	0x04	0.3281	0.1143	0.0567	0.9360	13.10	18.32	36.96
2026-05-22T21:09:08.2374209+08:00	0x02	-0.2459	0.7159	0.1673	0.6317	350.30	100.07	326.62
2026-05-22T21:09:08.3532674+08:00	0x03	0.1604	0.2253	-0.3929	0.8770	316.04	17.63	27.28
2026-05-22T21:09:08.6712130+08:00	0x01	-0.2268	0.6725	0.2810	0.6460	4.48	90.58	317.85
2026-05-22T21:09:08.7517748+08:00	0x04	0.3348	0.1095	0.0544	0.9343	12.81	17.77	37.86
2026-05-22T21:09:08.8407665+08:00	0x03	0.1623	0.2269	-0.3933	0.8761	316.02	17.73	27.57
2026-05-22T21:09:08.9365980+08:00	0x02	-0.2451	0.7164	0.1670	0.6316	350.35	100.09	326.71
2026-05-22T21:09:09.1398868+08:00	0x01	-0.2261	0.6732	0.2811	0.6456	4.52	90.66	317.91
2026-05-22T21:09:09.3228668+08:00	0x04	0.3298	0.1165	0.0378	0.9361	10.72	17.83	37.49
2026-05-22T21:09:09.4199297+08:00	0x03	0.1849	0.1897	-0.3429	0.9012	321.81	14.05	27.61
2026-05-22T21:09:09.7029420+08:00	0x01	-0.2279	0.6743	0.2770	0.6454	3.87	91.02	318.10
2026-05-22T21:09:09.8396294+08:00	0x02	-0.2453	0.7157	0.1680	0.6319	350.42	100.00	326.60
2026-05-22T21:09:09.9532819+08:00	0x03	0.1779	0.2055	-0.4435	0.8541	308.44	12.78	29.09
2026-05-22T21:09:10.3314416+08:00	0x01	-0.2244	0.6733	0.2785	0.6471	4.48	90.57	318.28
2026-05-22T21:09:10.4192137+08:00	0x04	0.2709	0.0936	0.0371	0.9573	8.14	13.42	30.78
2026-05-22T21:09:10.5070033+08:00	0x03	0.1679	0.2318	-0.4315	0.8555	310.85	16.75	29.17
2026-05-22T21:09:10.8868652+08:00	0x04	0.2755	0.0974	0.0334	0.9558	7.91	13.86	31.34
2026-05-22T21:09:11.0363933+08:00	0x03	0.1555	0.2427	-0.4363	0.8524	310.51	18.44	28.48
2026-05-22T21:09:11.3699668+08:00	0x01	-0.1987	0.6734	0.2795	0.6550	7.34	88.94	320.46
2026-05-22T21:09:11.5032303+08:00	0x04	0.2500	0.0891	0.0255	0.9638	6.13	12.12	28.51
2026-05-22T21:09:11.5928794+08:00	0x03	0.2100	0.2082	-0.4136	0.8611	312.36	12.62	32.27
2026-05-22T21:09:11.6372650+08:00	0x02	-0.2391	0.7222	0.1637	0.6281	350.47	100.75	327.54
2026-05-22T21:09:11.8865139+08:00	0x01	-0.2052	0.6707	0.2819	0.6546	7.07	88.79	319.70
2026-05-22T21:09:12.0908377+08:00	0x04	0.2556	0.0903	0.0282	0.9621	6.61	12.45	29.13
2026-05-22T21:09:12.2201122+08:00	0x02	-0.2408	0.7217	0.1652	0.6276	350.40	100.81	327.27
2026-05-22T21:09:12.4704651+08:00	0x01	-0.2036	0.6714	0.2819	0.6544	7.18	88.84	319.83
2026-05-22T21:09:12.6034293+08:00	0x02	-0.2426	0.7211	0.1656	0.6275	350.26	100.83	327.09
2026-05-22T21:09:12.6208765+08:00	0x03	0.2043	0.2142	-0.4129	0.8613	312.70	13.64	31.93
2026-05-22T21:09:13.0374564+08:00	0x01	-0.2038	0.6708	0.2830	0.6545	7.30	88.74	319.72
2026-05-22T21:09:13.1411757+08:00	0x03	0.2034	0.2149	-0.4125	0.8616	312.78	13.79	31.85
2026-05-22T21:09:13.6409403+08:00	0x02	-0.2467	0.7192	0.1674	0.6276	350.02	100.78	326.61
2026-05-22T21:09:13.7552112+08:00	0x04	0.2560	0.0924	0.0272	0.9619	6.55	12.68	29.18
2026-05-22T21:09:14.1560108+08:00	0x02	-0.2493	0.7177	0.1689	0.6279	349.91	100.71	326.26
2026-05-22T21:09:14.2214525+08:00	0x03	0.2026	0.2151	-0.4123	0.8618	312.84	13.87	31.78
2026-05-22T21:09:14.2539126+08:00	0x04	0.2563	0.0930	0.0270	0.9617	6.55	12.76	29.21
2026-05-22T21:09:14.7232862+08:00	0x02	-0.2489	0.7178	0.1687	0.6280	349.94	100.69	326.31
2026-05-22T21:09:14.7542282+08:00	0x03	0.2012	0.2150	-0.4115	0.8625	312.95	13.94	31.60
2026-05-22T21:09:14.8528524+08:00	0x04	0.2575	0.0940	0.0274	0.9613	6.66	12.91	29.33
2026-05-22T21:09:15.2197880+08:00	0x01	-0.2098	0.6681	0.2856	0.6543	7.11	88.53	318.99
2026-05-22T21:09:15.3708162+08:00	0x03	0.2003	0.2155	-0.4119	0.8624	312.92	14.03	31.53
2026-05-22T21:09:15.7931118+08:00	0x01	-0.2075	0.6692	0.2839	0.6546	7.11	88.63	319.34
2026-05-22T21:09:15.8277805+08:00	0x03	0.1982	0.2164	-0.4107	0.8633	313.14	14.29	31.32
2026-05-22T21:09:15.9279820+08:00	0x04	0.2543	0.0926	0.0270	0.9623	6.51	12.68	28.98
2026-05-22T21:09:16.3734190+08:00	0x03	0.1988	0.2168	-0.4108	0.8630	313.13	14.30	31.41
2026-05-22T21:09:16.4917086+08:00	0x04	0.2508	0.0903	0.0261	0.9635	6.25	12.30	28.59
2026-05-22T21:09:16.8888075+08:00	0x01	-0.2122	0.6675	0.2866	0.6536	6.98	88.57	318.70
2026-05-22T21:09:16.9249676+08:00	0x03	0.1980	0.2173	-0.4112	0.8628	313.09	14.39	31.36
2026-05-22T21:09:17.1233423+08:00	0x04	0.2529	0.0893	0.0269	0.9630	6.36	12.23	28.83
2026-05-22T21:09:17.4541232+08:00	0x03	0.2238	0.2024	-0.3727	0.8775	317.82	12.97	32.93
2026-05-22T21:09:17.4749083+08:00	0x01	-0.2706	0.6074	0.3369	0.6666	10.89	79.55	309.65
2026-05-22T21:09:17.5909391+08:00	0x04	0.2661	0.0872	0.0294	0.9595	6.84	12.24	30.37
2026-05-22T21:09:17.9930826+08:00	0x01	-0.3456	0.5356	0.4203	0.6458	22.94	64.96	296.29
2026-05-22T21:09:18.0464593+08:00	0x03	0.2458	0.1770	-0.3586	0.8830	318.70	9.47	34.13
2026-05-22T21:09:18.2215707+08:00	0x04	0.3059	0.0851	0.0276	0.9479	7.33	12.58	35.11
2026-05-22T21:09:18.5212590+08:00	0x03	0.2142	0.2088	-0.3703	0.8794	318.45	14.25	32.10
2026-05-22T21:09:18.5892223+08:00	0x02	-0.4676	0.5431	0.2508	0.6508	337.46	93.28	298.24
2026-05-22T21:09:18.6915714+08:00	0x04	0.2882	0.0779	0.0264	0.9540	6.52	11.27	33.08
2026-05-22T21:09:19.0755294+08:00	0x01	-0.4002	0.4696	0.4407	0.6520	34.34	47.39	290.65
2026-05-22T21:09:19.1044489+08:00	0x02	-0.4438	0.5513	0.2389	0.6649	340.76	90.19	301.40
2026-05-22T21:09:19.2050779+08:00	0x04	0.2970	0.0792	0.0288	0.9511	7.07	11.69	34.09
2026-05-22T21:09:19.6474580+08:00	0x01	-0.3901	0.4759	0.4393	0.6545	33.33	49.12	291.76
2026-05-22T21:09:19.6885752+08:00	0x03	0.1907	0.2253	-0.3783	0.8773	317.96	16.91	30.34
2026-05-22T21:09:19.7710048+08:00	0x04	0.2965	0.0784	0.0283	0.9514	6.95	11.56	34.04
2026-05-22T21:09:20.1560171+08:00	0x03	0.1911	0.2243	-0.3771	0.8781	318.10	16.81	30.31
2026-05-22T21:09:20.2413757+08:00	0x02	-0.4363	0.5582	0.2287	0.6676	340.56	90.41	303.08
2026-05-22T21:09:20.3576163+08:00	0x04	0.2983	0.0791	0.0287	0.9508	7.06	11.69	34.24
2026-05-22T21:09:20.6881412+08:00	0x03	0.1909	0.2232	-0.3760	0.8788	318.22	16.73	30.23
2026-05-22T21:09:20.7559756+08:00	0x02	-0.4369	0.5570	0.2296	0.6679	340.66	90.24	302.92
2026-05-22T21:09:20.8722656+08:00	0x04	0.2982	0.0796	0.0297	0.9507	7.22	11.79	34.21
2026-05-22T21:09:21.2218180+08:00	0x03	0.1921	0.2221	-0.3750	0.8793	318.33	16.58	30.29
2026-05-22T21:09:21.3388245+08:00	0x02	-0.4348	0.5572	0.2291	0.6693	341.02	89.90	303.14
2026-05-22T21:09:21.4737622+08:00	0x04	0.2959	0.0787	0.0293	0.9515	7.09	11.63	33.96
2026-05-22T21:09:21.7889285+08:00	0x01	-0.3803	0.4831	0.4226	0.6658	28.92	52.85	293.82
2026-05-22T21:09:21.9756447+08:00	0x04	0.2973	0.0794	0.0296	0.9510	7.18	11.74	34.11
2026-05-22T21:09:22.3527686+08:00	0x03	0.2084	0.2109	-0.3586	0.8852	320.17	15.19	31.34
2026-05-22T21:09:22.5384789+08:00	0x04	0.2722	0.1063	-0.0424	0.9554	358.43	12.24	31.95
2026-05-22T21:09:22.8725282+08:00	0x01	-0.3241	0.5063	0.4465	0.6628	33.98	54.00	298.15
2026-05-22T21:09:22.8930046+08:00	0x03	0.1908	0.1869	-0.2100	0.9405	338.90	17.56	25.93
2026-05-22T21:09:22.9987500+08:00	0x04	0.2526	0.1011	-0.0935	0.9577	351.48	9.75	30.18
2026-05-22T21:09:23.0674413+08:00	0x02	-0.4648	0.5277	0.2891	0.6495	343.99	88.50	294.64
2026-05-22T21:09:23.3899439+08:00	0x01	-0.3258	0.5056	0.4458	0.6629	33.84	53.96	298.02
2026-05-22T21:09:23.4275762+08:00	0x03	0.1784	0.1912	-0.3579	0.8964	319.87	13.99	27.17
2026-05-22T21:09:23.6332385+08:00	0x04	0.3102	0.1383	-0.1179	0.9331	350.23	13.52	37.70
2026-05-22T21:09:23.9730710+08:00	0x03	0.0739	0.2807	-0.6169	0.7315	284.82	21.02	27.03
2026-05-22T21:09:24.1064580+08:00	0x04	0.3085	0.1372	-0.1172	0.9340	350.26	13.41	37.47
2026-05-22T21:09:24.2487065+08:00	0x02	-0.4639	0.5287	0.2874	0.6502	343.88	88.56	294.89
2026-05-22T21:09:24.5007816+08:00	0x03	0.0772	0.2785	-0.6100	0.7378	285.88	20.81	26.98
2026-05-22T21:09:24.6104095+08:00	0x02	-0.6748	0.2376	0.5768	0.3942	166.89	267.71	306.28
2026-05-22T21:09:24.7230125+08:00	0x04	0.4310	0.4281	0.1073	0.7871	41.62	71.13	35.91
2026-05-22T21:09:25.0397320+08:00	0x03	-0.0974	0.3628	-0.0487	0.9255	350.65	43.50	351.67
2026-05-22T21:09:25.0902871+08:00	0x02	-0.7085	-0.1315	0.6922	-0.0397	172.23	267.73	13.79
2026-05-22T21:09:25.1895017+08:00	0x04	-0.0262	0.6548	0.3622	0.6628	31.19	80.57	329.40
2026-05-22T21:09:25.5904011+08:00	0x03	-0.0241	0.4595	-0.2718	0.8452	330.50	53.87	12.07
2026-05-22T21:09:25.6070519+08:00	0x02	-0.6638	-0.2273	0.5827	0.4101	125.70	270.92	343.76
2026-05-22T21:09:25.7066378+08:00	0x04	0.0457	0.6760	0.1985	0.7082	20.50	85.21	348.25
2026-05-22T21:09:26.1067855+08:00	0x01	-0.3916	0.3261	0.6706	0.5391	113.78	340.14	300.74
2026-05-22T21:09:26.1899637+08:00	0x02	-0.5203	-0.0888	0.4385	0.7274	84.22	307.09	317.23
2026-05-22T21:09:26.2932843+08:00	0x04	0.1759	0.5338	0.0476	0.8258	15.93	67.71	13.86
2026-05-22T21:09:26.7072147+08:00	0x03	-0.0878	0.4564	-0.0826	0.8816	346.90	55.27	355.44
2026-05-22T21:09:26.7427161+08:00	0x01	-0.6186	-0.0017	0.7415	0.2597	155.88	284.33	341.41
2026-05-22T21:09:26.7566794+08:00	0x02	-0.7266	-0.1816	0.4497	0.4866	123.27	261.64	327.05
2026-05-22T21:09:27.1935892+08:00	0x01	-0.4434	-0.0930	0.8590	-0.2385	200.64	309.41	21.79
2026-05-22T21:09:27.2602651+08:00	0x03	-0.0860	0.4568	-0.0884	0.8810	346.42	55.30	355.94
2026-05-22T21:09:27.3838661+08:00	0x02	-0.5484	-0.2455	0.7367	0.3105	133.38	286.15	1.21
2026-05-22T21:09:27.5740757+08:00	0x04	0.1794	0.5346	0.0410	0.8249	15.55	67.90	14.60
2026-05-22T21:09:27.7758140+08:00	0x01	-0.3708	-0.1264	0.7086	-0.5869	249.28	331.45	37.90
2026-05-22T21:09:27.8087435+08:00	0x03	-0.2825	0.5822	0.3627	0.6705	15.26	74.25	306.75
2026-05-22T21:09:27.9412339+08:00	0x04	-0.1881	0.6767	0.4861	0.5200	28.80	88.52	301.41
2026-05-22T21:09:28.2946551+08:00	0x01	-0.3755	-0.1117	0.7158	-0.5781	247.60	329.49	36.44
2026-05-22T21:09:28.3396035+08:00	0x03	-0.3641	0.5478	0.4906	0.5716	32.56	63.40	287.51
2026-05-22T21:09:28.3582470+08:00	0x02	-0.4832	-0.5025	0.7103	-0.0969	143.84	272.72	53.86
2026-05-22T21:09:28.7565043+08:00	0x01	-0.3659	-0.0937	0.7302	-0.5694	246.35	329.11	33.60
2026-05-22T21:09:28.8739187+08:00	0x03	-0.3596	0.6227	0.4450	0.5338	4.51	95.65	290.27
2026-05-22T21:09:28.9449671+08:00	0x02	-0.4634	-0.2411	0.7791	-0.3467	206.21	309.30	44.19
2026-05-22T21:09:29.3613962+08:00	0x03	-0.0899	0.6094	0.1397	0.7753	6.47	75.31	341.96
2026-05-22T21:09:29.4566577+08:00	0x04	-0.0501	0.6159	0.2051	0.7590	15.33	75.51	340.81
2026-05-22T21:09:29.5310919+08:00	0x02	-0.7365	0.0038	0.6159	0.2796	158.12	264.64	335.38
2026-05-22T21:09:29.9590303+08:00	0x03	-0.0954	0.6115	0.1469	0.7716	6.69	75.67	340.91
2026-05-22T21:09:29.9948746+08:00	0x01	-0.4074	-0.0961	0.7809	-0.4636	229.50	319.89	31.86
2026-05-22T21:09:30.1265401+08:00	0x02	-0.7348	-0.0033	0.6218	0.2710	158.16	265.01	336.78
2026-05-22T21:09:30.4907426+08:00	0x03	0.2397	0.5245	-0.4516	0.6808	322.71	56.07	53.14
2026-05-22T21:09:30.6250020+08:00	0x02	-0.6193	0.3362	0.4318	0.5630	153.49	272.52	279.00
2026-05-22T21:09:31.0420417+08:00	0x01	-0.5348	0.3464	0.6355	0.4361	154.19	296.46	294.94
2026-05-22T21:09:31.2237480+08:00	0x02	-0.2029	0.6901	-0.0566	0.6924	338.54	92.03	348.29
2026-05-22T21:09:31.5122230+08:00	0x01	0.1337	0.5446	-0.0892	0.8231	359.93	66.97	18.50
2026-05-22T21:09:31.6103986+08:00	0x03	0.5044	0.3624	-0.7016	0.3492	194.15	296.67	59.41
2026-05-22T21:09:31.6929752+08:00	0x02	0.1712	0.7285	-0.3014	0.5909	352.00	99.00	39.90
2026-05-22T21:09:32.0867933+08:00	0x01	0.2291	0.6333	-0.2317	0.7020	357.44	83.23	37.96
2026-05-22T21:09:32.1619026+08:00	0x03	0.4627	-0.1978	-0.8583	-0.1007	180.65	303.19	334.35
2026-05-22T21:09:32.2027860+08:00	0x02	0.2695	0.7603	-0.4072	0.4283	6.65	124.91	58.23
2026-05-22T21:09:32.2412605+08:00	0x04	-0.0569	0.6170	0.2129	0.7554	15.57	75.66	339.59
2026-05-22T21:09:32.6086267+08:00	0x01	0.3760	0.6033	-0.3423	0.6144	3.93	91.27	61.05
2026-05-22T21:09:32.6919233+08:00	0x03	0.3152	-0.2815	-0.6896	-0.5881	103.31	350.84	310.63
2026-05-22T21:09:32.8079732+08:00	0x02	0.4074	0.7035	-0.4190	0.4043	36.50	144.76	66.78
2026-05-22T21:09:33.1977695+08:00	0x01	0.3678	0.5792	-0.3411	0.6425	358.58	83.25	60.20
2026-05-22T21:09:33.2411583+08:00	0x03	0.3068	-0.3307	-0.6706	-0.5888	98.51	357.87	306.40
2026-05-22T21:09:33.3520385+08:00	0x02	0.3882	0.6799	-0.4117	0.4665	21.78	125.66	67.21
2026-05-22T21:09:33.3751670+08:00	0x04	-0.2444	0.3117	0.8981	0.1913	165.37	335.02	319.21
2026-05-22T21:09:33.7079509+08:00	0x01	0.2949	0.5723	-0.4383	0.6272	334.34	69.58	60.65
2026-05-22T21:09:33.7750129+08:00	0x03	0.5368	-0.2723	-0.7472	-0.2818	169.47	293.00	314.82
2026-05-22T21:09:33.8757185+08:00	0x02	0.3991	0.6590	-0.4788	0.4209	28.88	137.33	75.25
2026-05-22T21:09:33.9086300+08:00	0x04	-0.5911	0.0383	0.8000	-0.0956	191.45	287.37	2.97
2026-05-22T21:09:34.2580497+08:00	0x03	0.5875	-0.0101	-0.8016	0.1102	190.94	288.15	6.50
2026-05-22T21:09:34.2915490+08:00	0x01	0.2963	0.5720	-0.4365	0.6281	334.72	69.70	60.64
2026-05-22T21:09:34.4414012+08:00	0x02	0.0495	0.7825	-0.3206	0.5315	341.55	106.00	33.67
2026-05-22T21:09:34.4583927+08:00	0x04	-0.5899	-0.2237	0.6233	-0.4620	213.42	291.10	55.48
2026-05-22T21:09:34.7414392+08:00	0x01	0.1238	0.6125	-0.2273	0.7469	347.77	75.70	27.60
2026-05-22T21:09:34.8581914+08:00	0x03	0.5834	0.1012	-0.7480	0.2998	202.45	290.21	30.07
2026-05-22T21:09:34.9744942+08:00	0x02	-0.1220	0.7734	-0.2800	0.5555	328.43	103.70	17.30
2026-05-22T21:09:35.0580551+08:00	0x04	-0.5024	-0.3759	0.4176	-0.6572	310.54	19.30	76.97
2026-05-22T21:09:35.3417788+08:00	0x03	0.5198	0.2824	-0.6306	0.5024	225.37	308.90	61.46
2026-05-22T21:09:35.4473726+08:00	0x04	-0.4321	-0.4153	0.4524	-0.6604	312.32	29.24	71.17
2026-05-22T21:09:35.5562902+08:00	0x02	-0.1169	0.7740	-0.2813	0.5550	328.79	103.70	17.80
2026-05-22T21:09:35.8419617+08:00	0x01	-0.0277	0.6575	-0.0828	0.7484	350.76	82.29	3.87
2026-05-22T21:09:35.9292420+08:00	0x03	0.4124	0.3986	-0.5949	0.5631	261.99	353.04	69.84
2026-05-22T21:09:36.0791061+08:00	0x04	-0.3213	-0.5367	0.3406	-0.7019	346.65	67.87	54.75
2026-05-22T21:09:36.4087638+08:00	0x01	-0.4561	0.4105	0.5863	0.5289	112.84	337.84	285.46
2026-05-22T21:09:36.4627347+08:00	0x03	0.2392	0.4708	-0.4325	0.7308	321.50	47.42	49.19
2026-05-22T21:09:36.5423474+08:00	0x04	-0.2285	-0.5492	0.2562	-0.7619	349.66	67.90	39.03
2026-05-22T21:09:36.6265169+08:00	0x02	-0.5494	0.4727	0.3453	0.5962	325.73	105.33	281.01
2026-05-22T21:09:36.9253416+08:00	0x01	-0.5140	0.3067	0.7146	0.3621	159.81	298.95	305.85
2026-05-22T21:09:37.0027522+08:00	0x03	0.1557	0.4771	-0.3862	0.7739	325.48	51.24	37.56
2026-05-22T21:09:37.1194771+08:00	0x04	-0.1455	-0.5751	0.1176	-0.7964	358.76	71.44	21.53
2026-05-22T21:09:37.2204528+08:00	0x02	-0.6684	0.1563	0.6263	0.3695	159.47	274.57	316.39
2026-05-22T21:09:37.5079481+08:00	0x01	-0.4427	0.2550	0.7944	0.3285	155.65	311.73	315.89
2026-05-22T21:09:37.5418256+08:00	0x03	0.1909	0.5108	-0.3393	0.7664	334.99	58.20	39.75
2026-05-22T21:09:37.6262724+08:00	0x04	-0.2404	-0.5855	-0.0623	-0.7717	23.31	77.98	17.35
2026-05-22T21:09:37.7189465+08:00	0x02	-0.6803	0.3208	0.5096	0.4180	181.35	252.83	296.42
2026-05-22T21:09:38.0789842+08:00	0x01	-0.3265	0.2961	0.8655	0.2380	162.91	325.25	318.09
2026-05-22T21:09:38.1422262+08:00	0x03	0.3079	0.5554	-0.0307	0.7719	20.02	77.01	30.63
2026-05-22T21:09:38.2930371+08:00	0x02	-0.7056	0.4369	0.3437	0.4395	233.59	194.97	293.00
2026-05-22T21:09:38.5952876+08:00	0x01	-0.2429	0.4542	0.7513	0.4126	121.72	1.20	297.99
2026-05-22T21:09:38.6767504+08:00	0x03	0.2509	0.5139	-0.5224	0.6325	309.17	48.27	58.69
2026-05-22T21:09:38.8760338+08:00	0x02	-0.6070	0.5980	0.2768	0.4442	282.90	156.64	299.50
2026-05-22T21:09:39.1759756+08:00	0x01	-0.2178	0.5090	0.7132	0.4299	105.98	18.18	294.04
2026-05-22T21:09:39.2108817+08:00	0x03	0.2752	0.5724	-0.3560	0.6855	343.78	71.82	51.70
2026-05-22T21:09:39.3007516+08:00	0x04	-0.3023	-0.5078	-0.1408	-0.7943	34.32	71.32	19.71
2026-05-22T21:09:39.4019421+08:00	0x02	-0.5825	0.5848	0.3300	0.4580	285.28	157.37	293.14
2026-05-22T21:09:39.7470900+08:00	0x01	-0.2297	0.6554	0.5111	0.5064	30.19	85.30	295.50
2026-05-22T21:09:39.8249419+08:00	0x03	0.2072	0.6766	-0.3982	0.5837	342.82	90.13	51.33
2026-05-22T21:09:39.9761984+08:00	0x02	-0.3196	0.7421	0.3509	0.4733	345.49	122.60	304.58
2026-05-22T21:09:40.2604339+08:00	0x01	-0.2172	0.6863	0.5179	0.4622	26.06	95.08	294.27
2026-05-22T21:09:40.3453988+08:00	0x03	0.1270	0.7339	-0.3896	0.5418	340.45	98.92	45.19
2026-05-22T21:09:40.4950198+08:00	0x02	-0.4041	0.6933	0.3299	0.4973	333.00	124.24	300.76
2026-05-22T21:09:40.8428193+08:00	0x01	-0.2854	0.5808	0.5739	0.5018	53.91	57.53	287.61
2026-05-22T21:09:40.8925179+08:00	0x04	-0.2063	-0.6288	0.3393	-0.6686	344.16	79.95	44.63
2026-05-22T21:09:40.9158859+08:00	0x03	0.1849	0.6405	-0.4155	0.6188	334.67	80.13	49.56
2026-05-22T21:09:41.0611231+08:00	0x02	-0.5751	0.5604	0.2372	0.5468	300.40	130.43	296.52
2026-05-22T21:09:41.3645879+08:00	0x01	-0.3797	0.4782	0.5344	0.5845	61.75	31.06	287.27
2026-05-22T21:09:41.4932038+08:00	0x03	0.2939	0.4602	-0.4933	0.6772	310.59	39.54	58.43
2026-05-22T21:09:41.9294699+08:00	0x01	-0.4510	0.4650	0.5256	0.5515	75.75	13.57	279.52
2026-05-22T21:09:42.0264215+08:00	0x03	0.4456	0.4146	-0.5607	0.5614	264.31	352.48	74.85
2026-05-22T21:09:42.4967283+08:00	0x01	-0.3601	0.5013	0.4815	0.6222	40.70	49.33	291.43
2026-05-22T21:09:42.6039324+08:00	0x03	0.4657	0.4433	-0.4571	0.6146	314.86	34.48	77.86
2026-05-22T21:09:42.6280429+08:00	0x02	-0.4739	0.4767	0.4013	0.6222	11.75	65.64	283.52
2026-05-22T21:09:43.0311919+08:00	0x01	-0.3593	0.3779	0.6198	0.5864	93.34	359.72	297.14
2026-05-22T21:09:43.1607631+08:00	0x04	-0.5027	-0.3313	0.3688	-0.7082	319.62	19.69	73.01
2026-05-22T21:09:43.2487814+08:00	0x02	-0.4773	0.4796	0.3967	0.6204	8.51	68.69	283.44
2026-05-22T21:09:43.6132103+08:00	0x01	-0.4296	0.4279	0.4126	0.6798	33.65	40.66	290.42
2026-05-22T21:09:43.6132103+08:00	0x04	-0.4949	-0.3414	0.3689	-0.7089	322.13	23.22	72.45
2026-05-22T21:09:43.6967902+08:00	0x03	0.4563	0.2865	-0.5114	0.6694	278.14	348.79	64.69
2026-05-22T21:09:44.0644835+08:00	0x01	-0.4068	0.4799	0.4377	0.6424	31.01	51.33	289.48
2026-05-22T21:09:44.1772513+08:00	0x03	0.4288	0.3577	-0.4920	0.6679	292.91	8.44	67.63
2026-05-22T21:09:44.5941795+08:00	0x01	-0.3928	0.4989	0.4308	0.6413	26.62	57.29	290.99
2026-05-22T21:09:44.7129712+08:00	0x03	0.4265	0.3751	-0.4962	0.6566	293.42	11.05	68.81
2026-05-22T21:09:44.7981889+08:00	0x02	-0.5711	0.3864	0.0360	0.7234	311.56	84.59	301.35
2026-05-22T21:09:45.1602380+08:00	0x01	-0.3916	0.5021	0.4228	0.6449	24.35	59.14	291.64
2026-05-22T21:09:45.2476334+08:00	0x03	0.4407	0.3999	-0.4825	0.6427	298.60	16.93	72.25
2026-05-22T21:09:45.3275959+08:00	0x04	-0.6389	-0.0110	-0.0954	-0.7632	44.03	37.13	76.71
2026-05-22T21:09:45.6807691+08:00	0x01	-0.3900	0.5059	0.4189	0.6454	22.95	60.58	291.99
2026-05-22T21:09:45.7958474+08:00	0x02	-0.6604	0.2482	-0.4113	0.5772	255.30	89.69	326.07
2026-05-22T21:09:45.8127992+08:00	0x03	0.4418	0.4015	-0.4724	0.6484	302.35	19.78	72.23
2026-05-22T21:09:45.8127992+08:00	0x04	-0.6337	0.1224	0.0180	-0.7636	317.06	308.51	74.45
2026-05-22T21:09:46.2638598+08:00	0x01	-0.2371	0.4521	0.6030	0.6130	73.02	29.27	303.29
2026-05-22T21:09:46.3282032+08:00	0x03	0.2595	0.4195	-0.6595	0.5673	269.52	14.60	57.96
2026-05-22T21:09:46.3727019+08:00	0x02	-0.5138	0.5384	-0.1545	0.6498	299.37	97.15	329.91
2026-05-22T21:09:46.8280315+08:00	0x01	-0.4161	0.1457	0.5965	0.6707	94.86	333.79	312.95
2026-05-22T21:09:46.9959708+08:00	0x02	-0.5197	0.5307	-0.1635	0.6493	298.02	96.86	329.91
2026-05-22T21:09:47.0127571+08:00	0x04	-0.6463	0.1472	0.0464	-0.7473	301.70	293.42	72.23
2026-05-22T21:09:47.3477574+08:00	0x01	-0.4114	0.1553	0.5978	0.6703	94.52	335.18	312.51
2026-05-22T21:09:47.4141367+08:00	0x03	0.2653	0.4194	-0.6545	0.5703	270.26	14.49	58.40
2026-05-22T21:09:47.4610104+08:00	0x04	-0.4406	0.1588	0.0974	-0.8782	332.31	326.99	47.97
2026-05-22T21:09:47.9272949+08:00	0x01	-0.4678	0.1871	-0.0349	0.8631	337.21	35.83	307.39
2026-05-22T21:09:47.9953407+08:00	0x04	-0.2810	0.0800	0.3515	-0.8894	311.59	337.71	26.34
2026-05-22T21:09:48.0112709+08:00	0x03	0.4148	0.0633	-0.1449	0.8960	341.35	359.40	49.62
2026-05-22T21:09:48.4985368+08:00	0x01	-0.3886	0.1685	0.6287	0.6522	97.64	337.26	314.05
2026-05-22T21:09:48.5487860+08:00	0x03	0.3911	0.0583	-0.6803	0.6171	253.74	326.20	34.19
2026-05-22T21:09:49.0119493+08:00	0x01	-0.3839	0.2985	0.6728	0.5575	111.01	340.77	303.93
2026-05-22T21:09:49.0951523+08:00	0x03	0.4284	0.2213	-0.7211	0.4975	232.37	323.39	48.20
2026-05-22T21:09:49.5623365+08:00	0x03	0.4144	0.2397	-0.7008	0.5289	239.03	328.86	50.74
2026-05-22T21:09:49.6783022+08:00	0x04	-0.2808	0.0646	0.3699	-0.8833	309.51	338.89	26.63
2026-05-22T21:09:50.1119553+08:00	0x03	0.4187	0.2398	-0.7011	0.5250	238.05	327.88	50.89
2026-05-22T21:09:50.2237696+08:00	0x02	-0.4616	0.1518	-0.4402	0.7551	283.03	50.30	325.71
2026-05-22T21:09:50.2387297+08:00	0x04	-0.4290	-0.0997	0.7874	-0.4313	224.31	316.07	31.80
2026-05-22T21:09:50.5800895+08:00	0x01	-0.4047	0.2878	0.6626	0.5607	111.96	337.15	303.36
2026-05-22T21:09:50.6485507+08:00	0x03	0.4205	0.2353	-0.6983	0.5294	238.74	327.75	50.70
2026-05-22T21:09:50.7282775+08:00	0x02	-0.5197	0.2187	0.5973	0.5703	119.20	314.44	301.35
2026-05-22T21:09:50.8446496+08:00	0x04	-0.4178	-0.1308	0.7855	-0.4374	224.74	318.69	34.81
2026-05-22T21:09:51.1450579+08:00	0x01	-0.4076	0.2858	0.6641	0.5579	112.86	336.21	303.45
2026-05-22T21:09:51.1852978+08:00	0x03	0.4231	0.2361	-0.6996	0.5251	237.79	327.03	50.78
2026-05-22T21:09:51.3119921+08:00	0x02	-0.5171	0.2146	0.6282	0.5403	125.34	311.76	304.06
2026-05-22T21:09:51.3489693+08:00	0x04	-0.4088	-0.1504	0.7623	-0.4788	230.72	322.32	38.37
2026-05-22T21:09:51.6614699+08:00	0x01	-0.4106	0.2860	0.6652	0.5542	113.84	335.34	303.32
2026-05-22T21:09:51.7122894+08:00	0x03	0.4244	0.2376	-0.6976	0.5260	237.92	326.99	51.08
2026-05-22T21:09:51.7786358+08:00	0x02	-0.5190	0.2072	0.6461	0.5199	129.28	309.52	306.16
2026-05-22T21:09:51.8580111+08:00	0x04	-0.4068	-0.1600	0.7509	-0.4951	233.21	323.79	40.02
2026-05-22T21:09:52.2343594+08:00	0x01	-0.4114	0.3011	0.6509	0.5625	110.98	337.71	301.26
2026-05-22T21:09:52.2622825+08:00	0x03	0.4356	0.2474	-0.6803	0.5350	239.22	326.63	53.40
2026-05-22T21:09:52.4122489+08:00	0x02	-0.5291	0.2089	0.6385	0.5185	130.39	307.55	305.38
2026-05-22T21:09:52.4294400+08:00	0x04	-0.4317	-0.1726	0.7145	-0.5228	236.64	322.45	44.27
2026-05-22T21:09:52.7955170+08:00	0x03	0.4424	0.2441	-0.6748	0.5380	239.37	325.66	53.65
2026-05-22T21:09:52.8341636+08:00	0x01	-0.4201	0.2936	0.6517	0.5591	112.77	335.21	301.52
2026-05-22T21:09:52.9291412+08:00	0x04	-0.4242	-0.1821	0.7085	-0.5338	238.84	324.67	45.31
2026-05-22T21:09:53.3448606+08:00	0x01	-0.4826	0.1181	0.6866	0.5309	123.59	313.30	317.59
2026-05-22T21:09:53.5130606+08:00	0x04	-0.4245	-0.1819	0.7087	-0.5335	238.78	324.60	45.28
2026-05-22T21:09:53.8791169+08:00	0x03	0.4422	0.2442	-0.6749	0.5379	239.36	325.69	53.64
2026-05-22T21:09:53.9790021+08:00	0x04	-0.4314	0.1090	-0.0004	-0.8955	351.53	342.11	50.61
2026-05-22T21:09:54.0690711+08:00	0x02	-0.5429	0.2027	0.6225	0.5259	129.99	305.35	304.56
2026-05-22T21:09:54.4619249+08:00	0x03	0.4309	0.0309	-0.1553	0.8884	336.75	352.82	50.82
2026-05-22T21:09:54.5085261+08:00	0x01	-0.4810	0.1234	0.6859	0.5320	123.44	313.81	317.08
2026-05-22T21:09:54.5982793+08:00	0x04	-0.3219	0.0397	0.1052	-0.9401	343.83	349.77	36.64
2026-05-22T21:09:54.6326890+08:00	0x02	-0.3808	0.1716	-0.1849	0.8896	324.39	34.41	322.12
2026-05-22T21:09:54.9964251+08:00	0x01	-0.4526	0.1940	-0.1085	0.8636	327.36	40.07	312.30
2026-05-22T21:09:55.0131926+08:00	0x03	0.3922	0.0515	-0.0648	0.9161	353.46	3.62	46.49
2026-05-22T21:09:55.0622101+08:00	0x04	-0.2817	0.0325	0.2227	-0.9327	329.69	347.49	30.74
2026-05-22T21:09:55.1691314+08:00	0x02	-0.3979	0.1842	-0.1535	0.8855	326.67	36.08	319.59
2026-05-22T21:09:55.5671635+08:00	0x01	-0.4444	0.2011	-0.1173	0.8650	326.54	40.79	313.81
2026-05-22T21:09:55.6959385+08:00	0x04	-0.2815	0.0373	0.2483	-0.9261	326.20	346.02	30.19
2026-05-22T21:09:56.0859094+08:00	0x01	-0.4211	0.2013	-0.1211	0.8761	328.22	38.85	316.45
2026-05-22T21:09:56.1309561+08:00	0x03	0.3852	0.0600	-0.0727	0.9180	352.82	4.45	45.73
2026-05-22T21:09:56.1638906+08:00	0x04	-0.2138	0.0761	0.2407	-0.9437	328.45	344.63	21.52
2026-05-22T21:09:56.2658957+08:00	0x02	-0.3921	0.1971	-0.1509	0.8858	326.89	37.25	320.57
2026-05-22T21:09:56.5622425+08:00	0x01	-0.3913	0.1835	-0.1470	0.8897	328.08	35.18	320.03
2026-05-22T21:09:56.6799053+08:00	0x03	0.3405	0.0386	-0.0282	0.9390	358.00	3.98	39.92
2026-05-22T21:09:56.7293298+08:00	0x04	-0.2330	0.0823	0.2602	-0.9334	325.27	342.61	23.08
2026-05-22T21:09:56.8162463+08:00	0x02	-0.3337	0.1590	-0.1881	0.9099	327.60	29.72	326.81
2026-05-22T21:09:57.1293059+08:00	0x01	-0.4036	0.1818	-0.1382	0.8860	328.37	35.50	318.32
2026-05-22T21:09:57.2297507+08:00	0x03	0.3997	0.0385	-0.0839	0.9120	349.60	0.26	47.35
2026-05-22T21:09:57.2496986+08:00	0x04	-0.2854	0.0852	0.2236	-0.9281	327.83	340.85	29.44
2026-05-22T21:09:57.4079694+08:00	0x02	-0.3343	0.1573	-0.1956	0.9084	326.66	29.81	326.92
2026-05-22T21:09:57.6461397+08:00	0x01	-0.4343	0.1810	-0.0820	0.8786	333.69	34.94	312.82
2026-05-22T21:09:57.7994028+08:00	0x03	0.4281	0.0559	-0.1073	0.8956	346.70	0.75	51.15
2026-05-22T21:09:57.8323573+08:00	0x04	-0.3156	0.0832	0.2124	-0.9211	328.02	339.95	33.10
2026-05-22T21:09:57.9151433+08:00	0x02	-0.2760	0.1669	-0.2747	0.9058	319.76	29.82	335.90
2026-05-22T21:09:58.2333778+08:00	0x01	-0.4642	0.1943	-0.0593	0.8621	333.30	38.32	308.98
2026-05-22T21:09:58.3500087+08:00	0x04	-0.3357	0.0860	0.2305	-0.9093	324.49	337.73	34.80
2026-05-22T21:09:58.3749412+08:00	0x03	0.4238	0.0536	-0.1122	0.8972	345.79	0.10	50.57
2026-05-22T21:09:58.4839009+08:00	0x02	-0.3957	0.1844	-0.2647	0.8598	312.28	40.40	324.34
2026-05-22T21:09:58.8015043+08:00	0x01	-0.4678	0.1941	-0.0530	0.8606	333.90	38.23	308.32
2026-05-22T21:09:58.8301077+08:00	0x03	0.4297	0.0505	-0.1130	0.8944	345.30	359.38	51.28
2026-05-22T21:09:58.9314417+08:00	0x04	-0.3434	0.0939	0.2493	-0.9006	321.25	335.49	34.87
2026-05-22T21:09:59.0130036+08:00	0x02	-0.3831	0.1840	-0.2496	0.8701	315.32	38.69	324.92
2026-05-22T21:09:59.3143966+08:00	0x01	-0.4715	0.1982	-0.0594	0.8573	332.24	39.69	308.29
2026-05-22T21:09:59.3732370+08:00	0x03	0.4365	0.0421	-0.1162	0.8912	343.94	357.54	51.98
2026-05-22T21:09:59.4885271+08:00	0x04	-0.3392	0.0863	0.2785	-0.8944	317.84	335.55	33.96
2026-05-22T21:09:59.8967945+08:00	0x01	-0.5446	0.2574	-0.0092	0.7982	324.05	56.90	300.16
2026-05-22T21:09:59.9631419+08:00	0x03	0.4162	0.0588	-0.1723	0.8908	336.53	356.58	49.63
2026-05-22T21:10:00.0138978+08:00	0x04	-0.3884	-0.0005	0.0881	-0.9173	346.72	354.49	45.44
2026-05-22T21:10:00.1511465+08:00	0x02	-0.6175	0.1625	-0.3509	0.6849	269.25	74.29	312.95
2026-05-22T21:10:00.4209805+08:00	0x01	-0.5679	0.3056	0.0741	0.7606	325.73	66.18	294.59
2026-05-22T21:10:00.4996391+08:00	0x03	0.2982	0.1512	-0.4146	0.8464	308.03	0.64	39.06
2026-05-22T21:10:00.5912557+08:00	0x04	-0.3796	-0.1025	0.0275	-0.9190	2.20	13.63	44.70
2026-05-22T21:10:00.9845349+08:00	0x01	-0.5692	0.2875	0.1191	0.7610	335.72	58.27	290.79
2026-05-22T21:10:01.0606120+08:00	0x03	0.2666	0.1662	-0.4341	0.8443	306.74	3.51	36.47
2026-05-22T21:10:01.1433972+08:00	0x02	-0.6113	0.1633	-0.3483	0.6916	270.83	73.01	312.97
2026-05-22T21:10:01.5624914+08:00	0x01	-0.5731	0.2881	0.1187	0.7579	334.48	59.50	290.42
2026-05-22T21:10:01.5972495+08:00	0x03	0.2674	0.2007	-0.4397	0.8336	306.93	7.29	38.48
2026-05-22T21:10:01.6682697+08:00	0x04	-0.3456	-0.0556	0.0320	-0.9362	358.38	6.20	40.59
2026-05-22T21:10:02.0718342+08:00	0x01	-0.5722	0.2900	0.1164	0.7583	333.97	60.00	290.73
2026-05-22T21:10:02.1907350+08:00	0x04	-0.3364	-0.0369	0.0396	-0.9402	356.31	3.17	39.46
2026-05-22T21:10:02.2322926+08:00	0x02	-0.6172	-0.0218	-0.6934	0.3712	214.00	74.23	330.76
2026-05-22T21:10:02.5472965+08:00	0x01	-0.5792	0.2854	0.1175	0.7545	333.04	60.58	289.77
2026-05-22T21:10:02.6639766+08:00	0x03	0.2552	0.2410	-0.4241	0.8348	311.09	13.87	39.09
2026-05-22T21:10:02.7670121+08:00	0x04	-0.3414	-0.0205	0.0439	-0.9386	354.87	0.64	40.00
2026-05-22T21:10:03.1206266+08:00	0x01	-0.5790	0.2855	0.1175	0.7546	333.07	60.56	289.79
2026-05-22T21:10:03.1984709+08:00	0x03	0.2555	0.2398	-0.4245	0.8348	310.96	13.67	39.07
2026-05-22T21:10:03.2313514+08:00	0x04	-0.3413	-0.0210	0.0438	-0.9387	354.92	0.72	39.99
2026-05-22T21:10:03.4351405+08:00	0x02	-0.6140	-0.0461	-0.6993	0.3632	211.66	73.67	329.30
2026-05-22T21:10:03.6476294+08:00	0x01	-0.2542	0.3215	0.6939	0.5920	97.98	2.40	311.65
2026-05-22T21:10:03.7321318+08:00	0x03	0.1627	0.3763	-0.6266	0.6628	282.87	23.96	43.41
2026-05-22T21:10:03.8667941+08:00	0x04	-0.5615	-0.3306	0.2963	-0.6983	347.60	40.51	78.56
2026-05-22T21:10:04.0306290+08:00	0x02	-0.1774	0.6813	-0.1558	0.6929	332.75	89.50	358.07
2026-05-22T21:10:04.0640455+08:00	0x04	-0.2568	-0.5881	0.1577	-0.7505	4.56	77.60	34.82
2026-05-22T21:10:04.2152393+08:00	0x01	-0.0042	0.4880	0.2980	0.8204	30.52	56.74	342.67
2026-05-22T21:10:04.3422126+08:00	0x03	0.0627	0.5292	-0.3602	0.7656	326.48	60.56	28.51
2026-05-22T21:10:04.5213835+08:00	0x02	-0.0080	0.7463	-0.1658	0.6446	346.57	96.74	13.72
2026-05-22T21:10:04.6440273+08:00	0x04	-0.2399	-0.6044	0.1413	-0.7464	5.35	79.53	31.93
2026-05-22T21:10:04.7379555+08:00	0x01	-0.0148	0.5183	0.3283	0.7895	32.69	60.25	338.68
2026-05-22T21:10:04.8641997+08:00	0x03	0.0530	0.5616	-0.3665	0.7399	326.36	65.34	29.35
2026-05-22T21:10:05.0992128+08:00	0x02	-0.0151	0.7509	-0.1529	0.6422	347.05	97.54	12.13
2026-05-22T21:10:05.2150503+08:00	0x04	-0.2158	-0.6175	0.1106	-0.7483	6.53	80.65	27.35
2026-05-22T21:10:05.3189379+08:00	0x01	-0.0169	0.5204	0.3346	0.7855	33.22	60.41	337.99
2026-05-22T21:10:05.4016889+08:00	0x03	0.0715	0.5669	-0.3765	0.7293	326.47	65.82	32.08
2026-05-22T21:10:05.6641873+08:00	0x02	-0.0159	0.7530	-0.1442	0.6419	347.70	97.88	11.35
2026-05-22T21:10:05.8865401+08:00	0x01	-0.0098	0.5214	0.3400	0.7826	34.18	60.60	338.29
2026-05-22T21:10:05.9034878+08:00	0x03	0.0739	0.5682	-0.3800	0.7261	326.26	65.95	32.63
2026-05-22T21:10:06.1993993+08:00	0x02	-0.0127	0.7584	-0.1383	0.6369	348.51	98.83	11.16
2026-05-22T21:10:06.3084199+08:00	0x04	-0.1756	-0.6270	0.0624	-0.7564	7.70	80.67	20.12
2026-05-22T21:10:06.4058680+08:00	0x01	-0.0111	0.5201	0.3444	0.7815	34.63	60.33	337.94
2026-05-22T21:10:06.4477622+08:00	0x03	0.0747	0.5659	-0.3817	0.7270	326.00	65.53	32.73
2026-05-22T21:10:06.7643493+08:00	0x02	-0.0128	0.7591	-0.1343	0.6368	348.81	98.95	10.81
2026-05-22T21:10:06.8648610+08:00	0x01	-0.0161	0.5196	0.3469	0.7807	34.67	60.13	337.32
2026-05-22T21:10:06.9818662+08:00	0x03	0.0735	0.5632	-0.3823	0.7288	325.74	65.12	32.53
2026-05-22T21:10:07.2837215+08:00	0x02	-0.0230	0.7566	-0.1260	0.6412	348.53	98.51	9.28
2026-05-22T21:10:07.3088597+08:00	0x04	-0.1646	-0.6288	0.0493	-0.7583	8.00	80.61	18.16
2026-05-22T21:10:07.4348372+08:00	0x01	-0.0179	0.5196	0.3512	0.7787	35.06	60.02	336.87
2026-05-22T21:10:07.5751231+08:00	0x03	0.0744	0.5636	-0.3855	0.7268	325.44	65.10	32.86
2026-05-22T21:10:07.8172908+08:00	0x04	-0.1611	-0.6307	0.0462	-0.7577	8.04	80.79	17.60
2026-05-22T21:10:07.9650136+08:00	0x01	-0.0180	0.5206	0.3527	0.7773	35.21	60.15	336.72
2026-05-22T21:10:08.1091594+08:00	0x03	0.0730	0.5653	-0.3867	0.7249	325.29	65.36	32.90
2026-05-22T21:10:08.3684384+08:00	0x02	-0.0259	0.7578	-0.1229	0.6403	348.52	98.73	8.80
2026-05-22T21:10:08.4138426+08:00	0x04	-0.1585	-0.6324	0.0430	-0.7570	8.15	80.98	17.12
2026-05-22T21:10:08.5387828+08:00	0x01	-0.0186	0.5215	0.3548	0.7758	35.39	60.22	336.49
2026-05-22T21:10:08.6603566+08:00	0x03	0.0744	0.5657	-0.3889	0.7233	325.12	65.36	33.21
2026-05-22T21:10:08.8684439+08:00	0x04	-0.4614	-0.4470	0.0359	-0.7655	32.02	74.99	47.60
2026-05-22T21:10:08.9513852+08:00	0x02	-0.0642	0.7586	-0.1184	0.6375	345.55	99.20	5.61
2026-05-22T21:10:09.0517526+08:00	0x01	-0.0428	0.5089	0.3781	0.7722	37.26	57.59	333.19
2026-05-22T21:10:09.1820713+08:00	0x03	0.0744	0.5657	-0.3889	0.7234	325.13	65.36	33.20
2026-05-22T21:10:09.4829834+08:00	0x04	-0.4530	-0.4535	0.0362	-0.7667	31.19	74.95	46.67
2026-05-22T21:10:09.6442857+08:00	0x01	-0.0524	0.5124	0.4055	0.7552	40.00	57.31	330.35
2026-05-22T21:10:09.7196292+08:00	0x03	0.3016	0.0743	-0.6725	0.6717	264.25	339.25	30.34
2026-05-22T21:10:09.9596565+08:00	0x04	-0.2803	-0.0651	0.2755	-0.9172	325.84	357.59	33.38
2026-05-22T21:10:10.0473708+08:00	0x02	-0.0732	0.7932	-0.1162	0.5932	345.22	105.69	5.59
2026-05-22T21:10:10.0882218+08:00	0x01	-0.0134	0.5401	0.4055	0.7373	41.03	62.08	332.76
2026-05-22T21:10:10.2527125+08:00	0x03	0.2989	0.1090	-0.5836	0.7471	279.86	346.87	35.02
2026-05-22T21:10:10.4675322+08:00	0x04	-0.3001	-0.0354	0.2739	-0.9130	324.43	353.04	34.57
2026-05-22T21:10:10.6163390+08:00	0x01	-0.0207	0.5408	0.4130	0.7324	41.53	61.89	331.51
2026-05-22T21:10:10.6701985+08:00	0x02	-0.0827	0.7956	-0.1183	0.5884	344.22	106.31	5.22
2026-05-22T21:10:10.7996935+08:00	0x03	0.2799	0.1499	-0.5926	0.7403	280.07	352.17	36.30
2026-05-22T21:10:11.0361109+08:00	0x02	-0.0872	0.7932	-0.1180	0.5910	343.81	105.93	4.83
2026-05-22T21:10:11.0501426+08:00	0x04	-0.2857	-0.0242	0.2878	-0.9138	322.65	351.81	32.42
2026-05-22T21:10:11.1854641+08:00	0x01	-0.0257	0.5404	0.4159	0.7310	41.64	61.66	330.85
2026-05-22T21:10:11.3251524+08:00	0x03	0.2841	0.1455	-0.5868	0.7442	280.74	351.65	36.41
2026-05-22T21:10:11.5656548+08:00	0x04	-0.2771	-0.0153	0.2975	-0.9135	321.36	350.80	31.02
2026-05-22T21:10:11.7659722+08:00	0x01	-0.0267	0.5409	0.4169	0.7301	41.69	61.68	330.67
2026-05-22T21:10:11.8838767+08:00	0x03	0.2842	0.1459	-0.5828	0.7472	281.42	351.90	36.49
2026-05-22T21:10:12.1328655+08:00	0x04	-0.2701	-0.0081	0.3054	-0.9131	320.34	350.02	29.88
2026-05-22T21:10:12.2923214+08:00	0x01	-0.0241	0.5412	0.4153	0.7308	41.62	61.82	331.01
2026-05-22T21:10:12.4748516+08:00	0x03	0.2852	0.1470	-0.5795	0.7491	281.92	352.09	36.71
2026-05-22T21:10:12.6011377+08:00	0x04	-0.2681	-0.0056	0.3082	-0.9128	319.98	349.74	29.52
2026-05-22T21:10:12.6998800+08:00	0x02	-0.0828	0.7963	-0.1206	0.5870	344.06	106.45	5.44
2026-05-22T21:10:12.8506322+08:00	0x01	-0.0253	0.5430	0.4180	0.7279	41.82	62.01	330.60
2026-05-22T21:10:12.9670294+08:00	0x03	0.2823	0.1472	-0.5800	0.7498	282.04	352.37	36.45
2026-05-22T21:10:13.1205309+08:00	0x04	-0.2663	-0.0053	0.3097	-0.9128	319.83	349.75	29.31
2026-05-22T21:10:13.2678015+08:00	0x02	-0.0827	0.7978	-0.1215	0.5847	344.02	106.74	5.58
2026-05-22T21:10:13.3668750+08:00	0x01	-0.0237	0.5452	0.4166	0.7271	41.66	62.39	330.75
2026-05-22T21:10:13.4827622+08:00	0x03	0.2806	0.1502	-0.5813	0.7488	281.97	352.77	36.50
2026-05-22T21:10:13.7063081+08:00	0x04	-0.2676	-0.0034	0.3118	-0.9117	319.45	349.39	29.34
2026-05-22T21:10:13.8016653+08:00	0x02	-0.0857	0.8001	-0.1222	0.5810	343.71	107.25	5.50
2026-05-22T21:10:13.9501643+08:00	0x01	-0.0224	0.5472	0.4178	0.7249	41.80	62.69	330.68
2026-05-22T21:10:14.0340103+08:00	0x03	0.2829	0.1460	-0.5832	0.7473	281.43	352.02	36.38
2026-05-22T21:10:14.2165534+08:00	0x04	-0.2637	-0.0031	0.3121	-0.9127	319.55	349.54	28.89
2026-05-22T21:10:14.3502543+08:00	0x02	-0.0870	0.7995	-0.1218	0.5818	343.62	107.14	5.36
2026-05-22T21:10:14.5168534+08:00	0x01	-0.0240	0.5470	0.4206	0.7234	42.07	62.56	330.33
2026-05-22T21:10:15.0412813+08:00	0x04	-0.2624	-0.0038	0.3132	-0.9127	319.46	349.65	28.78
2026-05-22T21:10:15.0412813+08:00	0x02	-0.0809	0.8007	-0.1192	0.5814	344.37	107.27	5.56
2026-05-22T21:10:15.0412813+08:00	0x01	-0.0204	0.5536	0.4110	0.7240	40.89	63.79	331.01
2026-05-22T21:10:15.1382853+08:00	0x03	0.2824	0.1505	-0.5820	0.7476	281.73	352.57	36.68
2026-05-22T21:10:15.3178731+08:00	0x04	-0.2661	-0.0013	0.3116	-0.9122	319.48	349.23	29.09
2026-05-22T21:10:15.4723744+08:00	0x02	-0.0716	0.8003	-0.1132	0.5844	345.64	107.02	5.59
2026-05-22T21:10:15.6202117+08:00	0x01	-0.0214	0.5556	0.4043	0.7262	39.97	64.21	331.29
2026-05-22T21:10:15.8911265+08:00	0x04	-0.2734	-0.0028	0.3060	-0.9119	319.99	349.20	30.02
2026-05-22T21:10:16.0187594+08:00	0x02	-0.0323	0.7960	-0.0877	0.5981	350.97	105.71	5.79
2026-05-22T21:10:16.2004711+08:00	0x03	0.3188	0.1400	-0.5169	0.7821	290.05	351.69	40.04
2026-05-22T21:10:16.3696890+08:00	0x04	-0.2670	-0.0046	0.3046	-0.9143	320.47	349.81	29.41
2026-05-22T21:10:16.5528992+08:00	0x02	-0.0228	0.7870	-0.0768	0.6118	352.51	103.93	5.34
2026-05-22T21:10:16.7176877+08:00	0x01	-0.0232	0.5485	0.3870	0.7408	38.08	63.45	332.68
2026-05-22T21:10:16.7341561+08:00	0x03	0.3253	0.1355	-0.4969	0.7930	292.82	351.80	40.59
2026-05-22T21:10:16.9871934+08:00	0x04	-0.2610	-0.0001	0.3059	-0.9156	320.38	349.54	28.55
2026-05-22T21:10:17.0188196+08:00	0x02	-0.0266	0.7879	-0.0735	0.6109	352.41	104.11	4.77
2026-05-22T21:10:17.2673080+08:00	0x03	0.3270	0.1322	-0.5060	0.7871	291.10	350.72	40.43
2026-05-22T21:10:17.3057552+08:00	0x01	-0.0240	0.5467	0.4037	0.7332	40.06	62.86	331.54
2026-05-22T21:10:17.5516345+08:00	0x04	-0.2799	0.0023	0.2980	-0.9126	320.68	348.54	30.63
2026-05-22T21:10:17.8005089+08:00	0x03	0.3259	0.1395	-0.4969	0.7921	292.88	352.18	40.92
2026-05-22T21:10:18.0679205+08:00	0x04	-0.2948	0.0052	0.2947	-0.9090	320.46	347.49	32.19
2026-05-22T21:10:18.1012729+08:00	0x02	-0.0347	0.7908	-0.0649	0.6076	352.30	104.69	3.47
2026-05-22T21:10:18.3344881+08:00	0x03	0.3157	0.1446	-0.5088	0.7878	291.72	352.98	40.13
2026-05-22T21:10:18.5382828+08:00	0x04	-0.2947	0.0056	0.2958	-0.9086	320.30	347.42	32.16
2026-05-22T21:10:18.6727157+08:00	0x02	-0.0399	0.7880	-0.0655	0.6109	351.77	104.20	3.13
2026-05-22T21:10:18.8410144+08:00	0x01	-0.0147	0.5517	0.4030	0.7301	40.30	63.78	332.22
2026-05-22T21:10:18.8867882+08:00	0x03	0.3153	0.1445	-0.5055	0.7901	292.30	353.21	40.11
2026-05-22T21:10:19.1707723+08:00	0x04	-0.2961	0.0077	0.2964	-0.9080	320.09	347.06	32.22
2026-05-22T21:10:19.1927111+08:00	0x02	-0.0407	0.7865	-0.0634	0.6130	351.84	103.93	2.86
2026-05-22T21:10:19.4178393+08:00	0x01	-0.0150	0.5519	0.4023	0.7303	40.20	63.82	332.22
2026-05-22T21:10:19.4357913+08:00	0x03	0.3164	0.1436	-0.5031	0.7913	292.60	353.15	40.18
2026-05-22T21:10:19.7424445+08:00	0x04	-0.3075	0.0068	0.2966	-0.9041	319.59	346.50	33.51
2026-05-22T21:10:19.9355745+08:00	0x01	-0.0151	0.5519	0.4025	0.7301	40.22	63.82	332.20
2026-05-22T21:10:20.2028689+08:00	0x04	-0.3099	0.0095	0.2973	-0.9031	319.31	346.00	33.65
2026-05-22T21:10:20.2849145+08:00	0x02	-0.0423	0.7870	-0.0640	0.6121	351.66	104.04	2.81
2026-05-22T21:10:23.1251339+08:00	0x03	0.3148	0.1411	-0.5071	0.7898	291.98	352.80	39.82
2026-05-22T21:10:23.1251339+08:00	0x01	-0.0140	0.5517	0.4016	0.7309	40.17	63.82	332.38
2026-05-22T21:10:23.1251339+08:00	0x04	-0.3055	0.0104	0.2977	-0.9044	319.41	346.13	33.12
2026-05-22T21:10:23.1251339+08:00	0x02	-0.0414	0.7876	-0.0651	0.6113	351.66	104.15	2.97
2026-05-22T21:10:23.1251339+08:00	0x01	-0.0146	0.5518	0.4014	0.7308	40.11	63.84	332.33
2026-05-22T21:10:23.1251339+08:00	0x03	0.3152	0.1423	-0.5067	0.7897	292.04	352.90	39.95
2026-05-22T21:10:23.1251339+08:00	0x04	-0.3060	0.0101	0.2985	-0.9040	319.30	346.11	33.17
2026-05-22T21:10:23.1251339+08:00	0x02	-0.0422	0.7879	-0.0650	0.6109	351.59	104.20	2.92
2026-05-22T21:10:23.1251339+08:00	0x03	0.3156	0.1418	-0.5065	0.7898	292.04	352.82	39.95
2026-05-22T21:10:23.1251339+08:00	0x04	-0.3035	0.0101	0.2986	-0.9048	319.39	346.25	32.90
2026-05-22T21:10:23.1251339+08:00	0x03	0.3144	0.1413	-0.5062	0.7905	292.16	352.90	39.80
2026-05-22T21:10:23.1251339+08:00	0x04	-0.3030	0.0074	0.2999	-0.9045	319.32	346.56	32.94
2026-05-22T21:10:23.1251339+08:00	0x02	-0.0436	0.7878	-0.0669	0.6107	351.34	104.21	2.99
2026-05-22T21:10:23.1251339+08:00	0x03	0.3131	0.1444	-0.5055	0.7909	292.44	353.41	39.89
2026-05-22T21:10:23.1251339+08:00	0x04	-0.3079	0.0063	0.3000	-0.9029	319.13	346.40	33.52
2026-05-22T21:10:23.1840591+08:00	0x03	0.3112	0.1467	-0.5089	0.7890	292.04	353.63	39.83
2026-05-22T21:10:23.5864707+08:00	0x04	-0.2917	0.0017	0.3045	-0.9067	319.35	347.72	31.86
2026-05-22T21:10:23.7857542+08:00	0x03	0.3041	0.1497	-0.5185	0.7850	290.99	354.04	39.25
2026-05-22T21:10:24.0687062+08:00	0x04	-0.2831	0.0048	0.3027	-0.9100	319.85	347.90	30.82
2026-05-22T21:10:24.1391506+08:00	0x02	-0.0522	0.7908	-0.0714	0.6056	350.25	104.87	2.85
2026-05-22T21:10:24.3210994+08:00	0x03	0.3191	0.1400	-0.5202	0.7797	289.46	351.45	40.04
2026-05-22T21:10:24.6852176+08:00	0x04	-0.2772	0.0025	0.3248	-0.9042	317.18	347.70	29.98
2026-05-22T21:10:24.8257587+08:00	0x01	-0.0157	0.5534	0.4031	0.7288	40.21	64.01	332.04
2026-05-22T21:10:24.9224736+08:00	0x03	0.3223	0.1395	-0.5203	0.7784	289.20	351.08	40.31
2026-05-22T21:10:25.1467352+08:00	0x04	-0.4064	0.0798	0.3132	-0.8546	308.27	329.24	40.14
2026-05-22T21:10:25.2859128+08:00	0x02	-0.0895	0.7767	-0.0562	0.6209	347.94	102.86	358.64
2026-05-22T21:10:25.4190005+08:00	0x03	0.3668	0.0716	-0.6218	0.6883	266.98	333.61	36.44
2026-05-22T21:10:25.7690312+08:00	0x04	-0.5156	-0.1500	0.0864	-0.8391	1.23	21.03	63.04
2026-05-22T21:10:25.9362608+08:00	0x03	0.1600	0.2169	-0.6492	0.7113	277.07	6.72	30.61
2026-05-22T21:10:26.2357458+08:00	0x04	-0.5132	-0.1433	0.0935	-0.8411	358.72	18.55	62.88
2026-05-22T21:10:26.2861766+08:00	0x02	-0.0664	0.7883	-0.1107	0.6015	346.18	104.65	5.43
2026-05-22T21:10:26.4693672+08:00	0x03	0.3412	0.4204	-0.4706	0.6967	311.33	32.61	60.59
2026-05-22T21:10:26.6064803+08:00	0x01	-0.0743	0.5433	0.3781	0.7459	34.50	62.15	328.56
2026-05-22T21:10:26.8023393+08:00	0x02	-0.0870	0.7696	-0.1250	0.6201	343.15	101.56	4.85
2026-05-22T21:10:26.8191366+08:00	0x04	-0.6436	0.0681	-0.1260	-0.7518	36.06	20.22	80.05
2026-05-22T21:10:27.0232389+08:00	0x03	0.3232	0.4365	-0.4264	0.7233	321.95	40.96	57.12
2026-05-22T21:10:27.1191418+08:00	0x01	-0.1134	0.5132	0.3950	0.7535	35.87	56.79	324.81
2026-05-22T21:10:27.3699650+08:00	0x02	-0.1144	0.7550	-0.1431	0.6296	339.27	99.59	4.13
2026-05-22T21:10:27.5529383+08:00	0x03	0.2683	0.4612	-0.4268	0.7302	322.61	45.91	51.77
2026-05-22T21:10:27.7035892+08:00	0x01	-0.1053	0.5228	0.3856	0.7529	34.67	58.59	325.82
2026-05-22T21:10:27.9062248+08:00	0x04	-0.6514	-0.0531	0.0148	-0.7568	17.22	22.73	80.90
2026-05-22T21:10:28.0896492+08:00	0x03	0.2991	0.4589	-0.4460	0.7078	319.86	43.75	56.39
2026-05-22T21:10:28.1527164+08:00	0x01	-0.1015	0.5217	0.3880	0.7530	35.19	58.39	326.10
2026-05-22T21:10:28.4197445+08:00	0x04	-0.6612	-0.0487	0.0085	-0.7486	22.40	27.04	82.20
2026-05-22T21:10:28.6232722+08:00	0x03	0.3202	0.4387	-0.4741	0.6930	312.57	36.59	59.29
2026-05-22T21:10:28.9366115+08:00	0x02	-0.1298	0.7550	-0.1342	0.6286	338.60	100.01	2.26
2026-05-22T21:10:29.0082744+08:00	0x04	-0.6114	0.1116	0.1391	-0.7709	301.33	303.61	65.74
2026-05-22T21:10:29.1578785+08:00	0x01	-0.1027	0.5389	0.3864	0.7414	34.19	61.06	325.34
2026-05-22T21:10:29.4436258+08:00	0x02	-0.1353	0.7564	-0.1393	0.6246	337.73	100.43	2.39
2026-05-22T21:10:29.5878681+08:00	0x04	-0.6165	0.1236	0.1447	-0.7640	297.92	299.67	64.99
2026-05-22T21:10:29.7030029+08:00	0x03	0.3634	0.4067	-0.5087	0.6662	299.75	23.03	63.88
2026-05-22T21:10:29.7248131+08:00	0x01	-0.0943	0.5402	0.3787	0.7455	33.65	61.50	326.65
2026-05-22T21:10:30.0199254+08:00	0x02	-0.1127	0.7521	-0.1158	0.6389	341.48	99.02	1.73
2026-05-22T21:10:30.0916958+08:00	0x04	-0.6480	0.0959	0.0983	-0.7492	297.43	297.63	72.18
2026-05-22T21:10:30.2372367+08:00	0x01	-0.0924	0.5335	0.3709	0.7545	33.08	60.68	327.64
2026-05-22T21:10:30.2701489+08:00	0x03	0.3470	0.4260	-0.5186	0.6551	299.97	26.58	63.71
2026-05-22T21:10:30.6374440+08:00	0x02	-0.0952	0.7568	-0.1233	0.6348	342.47	99.44	3.77
2026-05-22T21:10:30.7878612+08:00	0x03	0.3887	0.4080	-0.4890	0.6658	303.31	24.09	66.44
2026-05-22T21:10:31.1860949+08:00	0x04	-0.6325	0.1393	0.1162	-0.7530	296.22	294.30	66.96
2026-05-22T21:10:31.3200930+08:00	0x03	0.3888	0.4140	-0.4907	0.6608	303.51	25.02	66.95
2026-05-22T21:10:31.3534388+08:00	0x01	-0.0861	0.5401	0.3676	0.7521	32.76	61.80	328.22
2026-05-22T21:10:31.6869248+08:00	0x02	-0.0959	0.7635	-0.1249	0.6263	342.32	100.65	4.05
2026-05-22T21:10:31.7567764+08:00	0x04	-0.6304	0.1418	0.1155	-0.7544	296.82	294.64	66.69
2026-05-22T21:10:31.8718903+08:00	0x03	0.3870	0.4145	-0.4916	0.6608	303.41	25.11	66.79
2026-05-22T21:10:32.2029547+08:00	0x02	-0.0893	0.7661	-0.1270	0.6237	342.77	100.98	4.77
2026-05-22T21:10:32.3387755+08:00	0x04	-0.6306	0.1423	0.1139	-0.7544	296.98	294.64	66.78
2026-05-22T21:10:32.4053459+08:00	0x03	0.3907	0.4130	-0.4745	0.6720	307.82	27.55	66.50
2026-05-22T21:10:32.4869362+08:00	0x01	-0.0732	0.5420	0.3640	0.7539	32.95	62.26	329.68
2026-05-22T21:10:32.7873149+08:00	0x02	-0.0918	0.7661	-0.1214	0.6245	342.96	101.02	4.09
2026-05-22T21:10:32.8544017+08:00	0x04	-0.6506	0.1312	0.1115	-0.7396	290.94	289.32	68.93
2026-05-22T21:10:32.9380218+08:00	0x03	0.3916	0.4087	-0.4898	0.6630	302.93	23.80	66.89
2026-05-22T21:10:33.4171953+08:00	0x02	-0.0958	0.7689	-0.1195	0.6208	342.76	101.61	3.71
2026-05-22T21:10:33.4761689+08:00	0x03	0.3257	0.4707	-0.4471	0.6873	321.55	45.91	60.30
2026-05-22T21:10:33.5713679+08:00	0x01	-0.0712	0.5477	0.3726	0.7457	33.86	62.96	329.05
2026-05-22T21:10:33.8755220+08:00	0x02	-0.0891	0.7710	-0.1152	0.6199	343.68	101.85	3.85
2026-05-22T21:10:33.9413518+08:00	0x04	-0.6937	-0.0475	-0.0075	-0.7187	63.97	67.22	85.10
2026-05-22T21:10:34.1588387+08:00	0x01	-0.0671	0.5456	0.3726	0.7477	34.15	62.68	329.54
2026-05-22T21:10:34.4400141+08:00	0x02	-0.0832	0.7749	-0.1188	0.6152	343.98	102.44	4.69
2026-05-22T21:10:34.5043657+08:00	0x03	0.3574	0.2352	-0.5864	0.6878	275.09	351.43	50.12
2026-05-22T21:10:34.6724438+08:00	0x01	-0.0602	0.5456	0.3736	0.7477	34.64	62.73	330.15
2026-05-22T21:10:34.9590902+08:00	0x02	-0.0739	0.7858	-0.1078	0.6045	345.68	104.28	4.59
2026-05-22T21:10:35.0441076+08:00	0x04	-0.6929	-0.0422	-0.0039	-0.7198	58.17	61.27	85.67
2026-05-22T21:10:35.0636367+08:00	0x03	0.3200	0.1469	-0.5542	0.7543	283.71	349.97	40.20
2026-05-22T21:10:35.2333585+08:00	0x01	-0.0352	0.5572	0.3812	0.7369	36.47	64.63	331.53
2026-05-22T21:10:35.4583852+08:00	0x02	-0.0749	0.7896	-0.1055	0.5998	345.78	105.01	4.41
2026-05-22T21:10:35.6048083+08:00	0x04	-0.3316	0.0429	0.4617	-0.8216	294.20	334.12	30.34
2026-05-22T21:10:35.7567156+08:00	0x01	-0.0386	0.5563	0.3853	0.7352	36.79	64.38	330.96
2026-05-22T21:10:36.0549946+08:00	0x02	-0.0750	0.7897	-0.1045	0.5999	345.85	105.02	4.30
2026-05-22T21:10:36.1711164+08:00	0x03	0.3105	0.1496	-0.5486	0.7617	285.44	351.59	39.58
2026-05-22T21:10:36.3314963+08:00	0x01	-0.0383	0.5567	0.3864	0.7344	36.93	64.43	330.89
