timestamp	device	q0	q1	q2	q3	yaw	pitch	roll
2026-05-09T14:31:14.1754221+08:00	0x03	0.0080	-0.0157	0.2173	0.9760	25.08	358.44	1.29
2026-05-09T14:31:14.2131611+08:00	0x05	-0.0006	0.0129	0.4391	0.8983	52.09	1.30	359.29
2026-05-09T14:31:14.4329266+08:00	0x07	-0.0157	-0.0293	-0.2953	0.9548	325.69	357.32	357.30
2026-05-09T14:31:14.4633073+08:00	0x09	0.0531	-0.0641	-0.6265	0.7750	282.09	350.46	0.11
2026-05-09T14:31:14.6011582+08:00	0x06	0.7031	0.0396	-0.7093	-0.0302	174.34	270.46	0.79
2026-05-09T14:31:14.7264944+08:00	0x03	0.0080	-0.0157	0.2173	0.9760	25.08	358.44	1.29
2026-05-09T14:31:14.7504305+08:00	0x02	0.0221	0.0055	-0.9634	0.2673	210.98	357.73	1.29
2026-05-09T14:31:14.9211842+08:00	0x07	-0.0157	-0.0293	-0.2953	0.9548	325.69	357.32	357.30
2026-05-09T14:31:14.9347366+08:00	0x01	-0.0210	-0.0304	-0.1361	0.9900	344.42	356.87	357.15
2026-05-09T14:31:15.0215701+08:00	0x09	0.0531	-0.0641	-0.6265	0.7750	282.09	350.46	0.11
2026-05-09T14:31:15.1130127+08:00	0x04	-0.0133	-0.0252	-0.2579	0.9658	330.15	357.60	357.79
2026-05-09T14:31:15.1574614+08:00	0x02	0.0221	0.0055	-0.9634	0.2673	210.98	357.73	1.29
2026-05-09T14:31:15.2414055+08:00	0x08	-0.0032	-0.0557	0.1024	0.9932	11.76	353.61	0.29
2026-05-09T14:31:15.2795063+08:00	0x03	0.0080	-0.0157	0.2173	0.9760	25.08	358.44	1.29
2026-05-09T14:31:15.4236564+08:00	0x07	-0.0157	-0.0293	-0.2953	0.9548	325.69	357.32	357.30
2026-05-09T14:31:15.5148459+08:00	0x09	0.0531	-0.0641	-0.6265	0.7750	282.09	350.46	0.11
2026-05-09T14:31:15.6130121+08:00	0x04	-0.0133	-0.0251	-0.2579	0.9658	330.15	357.61	357.79
2026-05-09T14:31:15.7322978+08:00	0x03	0.0080	-0.0157	0.2173	0.9760	25.08	358.44	1.29
2026-05-09T14:31:15.9709448+08:00	0x07	-0.0157	-0.0293	-0.2953	0.9548	325.69	357.32	357.30
2026-05-09T14:31:16.0403780+08:00	0x09	0.0531	-0.0641	-0.6265	0.7750	282.09	350.46	0.11
2026-05-09T14:31:16.1237257+08:00	0x02	0.0221	0.0055	-0.9634	0.2673	210.98	357.73	1.29
2026-05-09T14:31:16.1917571+08:00	0x04	-0.0133	-0.0251	-0.2579	0.9658	330.15	357.61	357.79
2026-05-09T14:31:16.3284419+08:00	0x03	0.0080	-0.0157	0.2173	0.9760	25.08	358.44	1.29
2026-05-09T14:31:16.3510407+08:00	0x08	-0.0032	-0.0557	0.1024	0.9932	11.76	353.61	0.29
2026-05-09T14:31:16.5337591+08:00	0x07	-0.0157	-0.0293	-0.2953	0.9548	325.69	357.32	357.30
2026-05-09T14:31:16.5947140+08:00	0x01	-0.0210	-0.0304	-0.1361	0.9900	344.42	356.88	357.15
2026-05-09T14:31:16.6865734+08:00	0x02	0.0221	0.0055	-0.9634	0.2673	210.98	357.73	1.29
2026-05-09T14:31:16.7324105+08:00	0x04	-0.0133	-0.0251	-0.2579	0.9658	330.15	357.61	357.79
2026-05-09T14:31:16.8150186+08:00	0x03	0.0080	-0.0157	0.2173	0.9760	25.08	358.44	1.29
2026-05-09T14:31:16.8608901+08:00	0x08	-0.0032	-0.0557	0.1024	0.9932	11.76	353.61	0.29
2026-05-09T14:31:17.1660599+08:00	0x01	-0.0210	-0.0304	-0.1361	0.9900	344.42	356.88	357.15
2026-05-09T14:31:17.2040106+08:00	0x02	0.0221	0.0055	-0.9634	0.2673	210.98	357.73	1.29
2026-05-09T14:31:17.2568845+08:00	0x07	-0.0157	-0.0293	-0.2953	0.9548	325.69	357.32	357.30
2026-05-09T14:31:17.3024789+08:00	0x04	-0.0133	-0.0251	-0.2579	0.9658	330.15	357.61	357.79
2026-05-09T14:31:17.4156603+08:00	0x03	0.0080	-0.0157	0.2173	0.9760	25.08	358.44	1.29
2026-05-09T14:31:17.4777806+08:00	0x08	-0.0032	-0.0557	0.1024	0.9932	11.76	353.61	0.28
2026-05-09T14:31:17.6443014+08:00	0x07	-0.0157	-0.0293	-0.2953	0.9548	325.69	357.32	357.30
2026-05-09T14:31:17.6902853+08:00	0x09	0.0531	-0.0640	-0.6265	0.7750	282.09	350.46	0.12
2026-05-09T14:31:17.7427645+08:00	0x04	-0.0132	-0.0252	-0.2579	0.9658	330.15	357.60	357.79
2026-05-09T14:31:17.7956221+08:00	0x02	0.0221	0.0055	-0.9634	0.2673	210.98	357.73	1.29
2026-05-09T14:31:18.0083465+08:00	0x03	0.0080	-0.0157	0.2173	0.9760	25.08	358.44	1.29
2026-05-09T14:31:18.1866550+08:00	0x09	0.0531	-0.0640	-0.6265	0.7750	282.09	350.46	0.12
2026-05-09T14:31:18.2030365+08:00	0x07	-0.0157	-0.0293	-0.2953	0.9548	325.69	357.32	357.29
2026-05-09T14:31:18.2621437+08:00	0x01	-0.0210	-0.0304	-0.1361	0.9900	344.42	356.87	357.15
2026-05-09T14:31:18.4990092+08:00	0x06	0.7289	0.0204	-0.6823	-0.0528	174.15	266.37	357.18
2026-05-09T14:31:18.5398196+08:00	0x08	-0.0032	-0.0557	0.1024	0.9932	11.76	353.61	0.29
2026-05-09T14:31:18.7359922+08:00	0x09	0.0531	-0.0640	-0.6265	0.7750	282.09	350.46	0.12
2026-05-09T14:31:18.8278709+08:00	0x01	-0.0210	-0.0304	-0.1361	0.9900	344.42	356.87	357.15
2026-05-09T14:31:18.9167464+08:00	0x06	0.7282	0.0251	-0.6839	-0.0376	174.95	266.46	358.83
2026-05-09T14:31:19.0776242+08:00	0x03	0.0080	-0.0157	0.2173	0.9760	25.08	358.44	1.29
2026-05-09T14:31:19.1100097+08:00	0x08	-0.0032	-0.0556	0.1024	0.9932	11.76	353.62	0.29
2026-05-09T14:31:19.2435797+08:00	0x09	0.0531	-0.0640	-0.6265	0.7750	282.09	350.46	0.12
2026-05-09T14:31:19.3178737+08:00	0x07	-0.0157	-0.0293	-0.2953	0.9548	325.69	357.32	357.30
2026-05-09T14:31:19.4254170+08:00	0x06	0.7279	0.0289	-0.6845	-0.0290	175.31	266.49	359.85
2026-05-09T14:31:19.6280174+08:00	0x03	0.0080	-0.0157	0.2173	0.9760	25.08	358.44	1.29
2026-05-09T14:31:19.8363744+08:00	0x09	0.0531	-0.0641	-0.6265	0.7750	282.09	350.46	0.11
2026-05-09T14:31:19.9199194+08:00	0x01	-0.0210	-0.0304	-0.1361	0.9900	344.42	356.87	357.15
2026-05-09T14:31:19.9647818+08:00	0x04	-0.0133	-0.0252	-0.2579	0.9658	330.15	357.60	357.79
2026-05-09T14:31:20.1019664+08:00	0x08	-0.0032	-0.0556	0.1024	0.9932	11.76	353.62	0.29
2026-05-09T14:31:20.1558035+08:00	0x03	0.0080	-0.0157	0.2173	0.9760	25.08	358.44	1.29
2026-05-09T14:31:20.3233105+08:00	0x09	0.0531	-0.0641	-0.6265	0.7750	282.09	350.46	0.11
2026-05-09T14:31:20.4516526+08:00	0x07	-0.0157	-0.0293	-0.2953	0.9548	325.69	357.32	357.29
2026-05-09T14:31:20.5101466+08:00	0x01	-0.0210	-0.0304	-0.1361	0.9900	344.42	356.87	357.15
2026-05-09T14:31:20.6578168+08:00	0x08	-0.0032	-0.0556	0.1024	0.9932	11.76	353.62	0.29
2026-05-09T14:31:20.7202916+08:00	0x03	0.0080	-0.0157	0.2173	0.9760	25.08	358.44	1.29
2026-05-09T14:31:20.9270683+08:00	0x09	0.0531	-0.0641	-0.6265	0.7750	282.09	350.46	0.11
2026-05-09T14:31:21.0267653+08:00	0x01	-0.0210	-0.0304	-0.1361	0.9900	344.42	356.87	357.15
2026-05-09T14:31:21.0764458+08:00	0x04	-0.0133	-0.0252	-0.2579	0.9658	330.15	357.60	357.79
2026-05-09T14:31:21.2826913+08:00	0x08	-0.0032	-0.0556	0.1024	0.9932	11.76	353.62	0.29
2026-05-09T14:31:21.3092548+08:00	0x03	0.0080	-0.0157	0.2173	0.9760	25.08	358.44	1.29
2026-05-09T14:31:21.4478317+08:00	0x09	0.0531	-0.0641	-0.6265	0.7750	282.09	350.46	0.11
2026-05-09T14:31:21.5599160+08:00	0x07	-0.0157	-0.0293	-0.2953	0.9548	325.69	357.32	357.29
2026-05-09T14:31:21.7585122+08:00	0x08	-0.0032	-0.0557	0.1024	0.9932	11.76	353.61	0.28
2026-05-09T14:31:21.8204734+08:00	0x03	0.0080	-0.0157	0.2173	0.9760	25.08	358.44	1.29
2026-05-09T14:31:22.0480372+08:00	0x09	0.0530	-0.0640	-0.6265	0.7750	282.09	350.46	0.11
2026-05-09T14:31:22.0863545+08:00	0x06	0.7279	0.0288	-0.6845	-0.0293	175.30	266.49	359.82
2026-05-09T14:31:22.1121199+08:00	0x07	-0.0157	-0.0293	-0.2953	0.9548	325.69	357.32	357.29
2026-05-09T14:31:22.2804185+08:00	0x08	-0.0032	-0.0557	0.1024	0.9932	11.76	353.61	0.29
2026-05-09T14:31:22.3539318+08:00	0x05	-0.0006	0.0130	0.4391	0.8984	52.09	1.31	359.29
2026-05-09T14:31:22.4414576+08:00	0x03	0.0080	-0.0157	0.2173	0.9760	25.08	358.44	1.29
2026-05-09T14:31:22.5763461+08:00	0x09	0.0530	-0.0640	-0.6265	0.7750	282.09	350.46	0.11
2026-05-09T14:31:22.7028387+08:00	0x01	-0.0210	-0.0304	-0.1361	0.9900	344.42	356.87	357.15
2026-05-09T14:31:22.7405777+08:00	0x06	0.3903	0.0116	-0.9176	-0.0747	171.59	314.08	357.88
2026-05-09T14:31:22.8253356+08:00	0x04	-0.0133	-0.0252	-0.2579	0.9658	330.15	357.60	357.79
2026-05-09T14:31:22.8636588+08:00	0x08	-0.0032	-0.0557	0.1024	0.9932	11.76	353.61	0.29
2026-05-09T14:31:23.1506933+08:00	0x01	-0.0210	-0.0304	-0.1361	0.9900	344.42	356.87	357.15
2026-05-09T14:31:23.1918118+08:00	0x09	0.0530	-0.0640	-0.6265	0.7750	282.09	350.46	0.11
2026-05-09T14:31:23.2083699+08:00	0x02	0.0221	0.0055	-0.9634	0.2673	210.98	357.73	1.29
2026-05-09T14:31:23.2434591+08:00	0x04	-0.0133	-0.0252	-0.2579	0.9658	330.15	357.60	357.79
2026-05-09T14:31:23.4179347+08:00	0x08	-0.0032	-0.0557	0.1024	0.9932	11.76	353.61	0.29
2026-05-09T14:31:23.4493694+08:00	0x03	0.0080	-0.0157	0.2173	0.9760	25.08	358.44	1.29
2026-05-09T14:31:23.6924838+08:00	0x09	0.0530	-0.0640	-0.6265	0.7750	282.09	350.46	0.11
2026-05-09T14:31:23.7305085+08:00	0x07	-0.0157	-0.0293	-0.2953	0.9548	325.69	357.32	357.29
2026-05-09T14:31:23.7679133+08:00	0x06	0.3592	-0.0200	-0.9193	-0.1594	163.62	318.57	351.30
2026-05-09T14:31:23.8119001+08:00	0x04	-0.0133	-0.0252	-0.2579	0.9658	330.15	357.60	357.79
2026-05-09T14:31:23.9400910+08:00	0x08	-0.0032	-0.0557	0.1024	0.9932	11.76	353.61	0.28
2026-05-09T14:31:24.0305028+08:00	0x03	0.0080	-0.0157	0.2173	0.9760	25.08	358.44	1.29
2026-05-09T14:31:24.2742272+08:00	0x02	0.0221	0.0055	-0.9634	0.2673	210.98	357.73	1.29
2026-05-09T14:31:24.3046432+08:00	0x04	-0.0133	-0.0252	-0.2579	0.9658	330.15	357.60	357.79
2026-05-09T14:31:24.4161257+08:00	0x09	0.0530	-0.0641	-0.6265	0.7750	282.09	350.46	0.11
2026-05-09T14:31:24.5104308+08:00	0x08	-0.0032	-0.0557	0.1024	0.9932	11.76	353.61	0.29
2026-05-09T14:31:24.5803900+08:00	0x03	0.0080	-0.0157	0.2173	0.9760	25.08	358.44	1.29
2026-05-09T14:31:24.8182491+08:00	0x09	0.0530	-0.0641	-0.6265	0.7750	282.09	350.46	0.11
2026-05-09T14:31:24.8625193+08:00	0x01	-0.0210	-0.0304	-0.1361	0.9900	344.42	356.87	357.15
2026-05-09T14:31:24.8930437+08:00	0x04	-0.0133	-0.0252	-0.2579	0.9658	330.15	357.60	357.79
2026-05-09T14:31:25.0247072+08:00	0x08	-0.0032	-0.0557	0.1024	0.9932	11.76	353.61	0.28
2026-05-09T14:31:25.1149170+08:00	0x03	0.0080	-0.0157	0.2173	0.9760	25.08	358.44	1.29
2026-05-09T14:31:25.3682108+08:00	0x09	0.0530	-0.0641	-0.6265	0.7750	282.09	350.46	0.11
2026-05-09T14:31:25.3927530+08:00	0x02	0.0221	0.0055	-0.9634	0.2673	210.98	357.73	1.29
2026-05-09T14:31:25.4589285+08:00	0x04	-0.0133	-0.0251	-0.2579	0.9658	330.15	357.61	357.79
2026-05-09T14:31:25.4986037+08:00	0x08	-0.0032	-0.0557	0.1024	0.9932	11.76	353.61	0.28
2026-05-09T14:31:25.6482958+08:00	0x03	0.0080	-0.0157	0.2173	0.9760	25.08	358.44	1.29
2026-05-09T14:31:25.9070419+08:00	0x01	-0.0210	-0.0304	-0.1361	0.9900	344.42	356.87	357.15
2026-05-09T14:31:25.9377685+08:00	0x07	-0.0157	-0.0293	-0.2953	0.9548	325.69	357.32	357.29
2026-05-09T14:31:25.9833670+08:00	0x04	-0.0133	-0.0251	-0.2579	0.9658	330.15	357.61	357.79
2026-05-09T14:31:26.0749615+08:00	0x08	-0.0032	-0.0557	0.1024	0.9932	11.76	353.61	0.28
2026-05-09T14:31:26.2065891+08:00	0x03	0.0080	-0.0157	0.2173	0.9760	25.08	358.44	1.29
2026-05-09T14:31:26.4412269+08:00	0x09	0.0530	-0.0640	-0.6265	0.7750	282.09	350.46	0.11
2026-05-09T14:31:26.4945739+08:00	0x07	-0.0157	-0.0293	-0.2953	0.9548	325.69	357.32	357.29
2026-05-09T14:31:26.6019330+08:00	0x02	0.0221	0.0055	-0.9634	0.2673	210.98	357.72	1.28
2026-05-09T14:31:26.7386642+08:00	0x03	0.0080	-0.0157	0.2173	0.9760	25.08	358.44	1.29
2026-05-09T14:31:26.9679020+08:00	0x09	0.0530	-0.0641	-0.6265	0.7750	282.09	350.46	0.11
2026-05-09T14:31:27.0052645+08:00	0x02	0.0221	0.0055	-0.9634	0.2673	210.98	357.72	1.28
2026-05-09T14:31:27.2859686+08:00	0x03	0.0080	-0.0157	0.2173	0.9760	25.08	358.44	1.29
2026-05-09T14:31:27.5032538+08:00	0x09	0.0530	-0.0641	-0.6265	0.7750	282.09	350.46	0.11
2026-05-09T14:31:27.5481018+08:00	0x02	0.0221	0.0055	-0.9634	0.2673	210.98	357.72	1.28
2026-05-09T14:31:27.6587614+08:00	0x06	0.7355	0.0380	-0.6748	-0.0466	173.18	265.13	359.02
2026-05-09T14:31:27.7926666+08:00	0x08	-0.0032	-0.0556	0.1024	0.9932	11.76	353.62	0.29
2026-05-09T14:31:27.8379700+08:00	0x05	-0.0006	0.0130	0.4391	0.8984	52.09	1.31	359.29
2026-05-09T14:31:27.9610923+08:00	0x03	0.0080	-0.0157	0.2173	0.9760	25.08	358.44	1.29
2026-05-09T14:31:28.0442257+08:00	0x09	0.0530	-0.0641	-0.6265	0.7750	282.09	350.46	0.11
2026-05-09T14:31:28.1214440+08:00	0x06	0.7358	0.0478	-0.6744	-0.0392	172.92	264.99	0.39
2026-05-09T14:31:28.1509725+08:00	0x07	-0.0157	-0.0293	-0.2953	0.9548	325.69	357.32	357.29
2026-05-09T14:31:28.2577476+08:00	0x05	-0.0005	0.0130	0.4391	0.8984	52.09	1.31	359.29
2026-05-09T14:31:28.3266466+08:00	0x02	0.0221	0.0055	-0.9634	0.2673	210.98	357.73	1.29
2026-05-09T14:31:28.5818551+08:00	0x09	0.0530	-0.0641	-0.6265	0.7750	282.09	350.46	0.11
2026-05-09T14:31:28.6583569+08:00	0x04	-0.0132	-0.0251	-0.2579	0.9658	330.15	357.61	357.79
2026-05-09T14:31:28.6663350+08:00	0x07	-0.0157	-0.0293	-0.2953	0.9548	325.69	357.32	357.29
2026-05-09T14:31:28.8420759+08:00	0x08	-0.0032	-0.0556	0.1024	0.9932	11.76	353.62	0.28
2026-05-09T14:31:29.0680751+08:00	0x03	0.0080	-0.0157	0.2173	0.9760	25.08	358.44	1.29
2026-05-09T14:31:29.1197069+08:00	0x09	0.0530	-0.0641	-0.6265	0.7750	282.09	350.46	0.11
2026-05-09T14:31:29.1990065+08:00	0x07	-0.0157	-0.0293	-0.2953	0.9548	325.69	357.32	357.29
2026-05-09T14:31:29.3287047+08:00	0x06	0.7065	0.0255	-0.7064	-0.0365	174.97	270.03	359.12
2026-05-09T14:31:29.3874012+08:00	0x08	-0.0032	-0.0556	0.1024	0.9932	11.76	353.62	0.28
2026-05-09T14:31:29.4326881+08:00	0x03	0.0080	-0.0157	0.2173	0.9760	25.08	358.44	1.29
2026-05-09T14:31:29.6657645+08:00	0x09	0.0530	-0.0641	-0.6265	0.7750	282.09	350.46	0.11
2026-05-09T14:31:29.7342455+08:00	0x04	-0.0132	-0.0251	-0.2579	0.9658	330.15	357.61	357.79
2026-05-09T14:31:29.7482750+08:00	0x07	-0.0157	-0.0293	-0.2953	0.9548	325.69	357.32	357.29
2026-05-09T14:31:29.8013449+08:00	0x06	0.7434	0.0415	-0.6663	0.0414	179.63	263.72	6.71
2026-05-09T14:31:29.9469093+08:00	0x08	-0.0032	-0.0556	0.1024	0.9932	11.76	353.62	0.28
2026-05-09T14:31:30.1880863+08:00	0x09	0.0530	-0.0641	-0.6265	0.7750	282.09	350.46	0.11
2026-05-09T14:31:30.2894195+08:00	0x07	-0.0157	-0.0293	-0.2953	0.9548	325.69	357.32	357.29
2026-05-09T14:31:30.2954495+08:00	0x01	-0.0209	-0.0304	-0.1361	0.9900	344.42	356.87	357.15
2026-05-09T14:31:30.4126617+08:00	0x06	0.7720	0.0779	-0.6280	0.0592	177.32	257.99	10.91
2026-05-09T14:31:30.4355099+08:00	0x02	0.0221	0.0055	-0.9634	0.2673	210.98	357.73	1.29
2026-05-09T14:31:30.4900099+08:00	0x08	-0.0032	-0.0556	0.1024	0.9932	11.76	353.62	0.28
2026-05-09T14:31:30.5563893+08:00	0x03	0.0080	-0.0157	0.2173	0.9760	25.08	358.44	1.29
2026-05-09T14:31:30.7266847+08:00	0x09	0.0530	-0.0640	-0.6265	0.7750	282.09	350.46	0.11
2026-05-09T14:31:30.8242515+08:00	0x04	-0.0133	-0.0251	-0.2579	0.9658	330.15	357.61	357.79
2026-05-09T14:31:30.8930818+08:00	0x01	-0.0209	-0.0304	-0.1361	0.9900	344.42	356.87	357.15
2026-05-09T14:31:30.9912640+08:00	0x05	-0.0005	0.0130	0.4391	0.8984	52.09	1.31	359.29
2026-05-09T14:31:31.0604150+08:00	0x08	-0.0032	-0.0556	0.1024	0.9932	11.76	353.62	0.28
2026-05-09T14:31:31.1402954+08:00	0x03	0.0080	-0.0157	0.2173	0.9760	25.08	358.44	1.29
2026-05-09T14:31:31.3368333+08:00	0x09	0.0530	-0.0640	-0.6265	0.7750	282.09	350.46	0.11
2026-05-09T14:31:31.3925678+08:00	0x06	0.7781	0.1147	-0.6093	0.1002	176.62	255.62	17.20
2026-05-09T14:31:31.4232565+08:00	0x07	-0.0157	-0.0293	-0.2953	0.9548	325.69	357.32	357.29
2026-05-09T14:31:31.4462716+08:00	0x01	-0.0209	-0.0304	-0.1361	0.9900	344.42	356.87	357.15
2026-05-09T14:31:31.5322061+08:00	0x08	-0.0032	-0.0556	0.1024	0.9932	11.76	353.62	0.28
2026-05-09T14:31:31.6748066+08:00	0x03	0.0080	-0.0157	0.2173	0.9760	25.08	358.44	1.29
2026-05-09T14:31:31.8044427+08:00	0x09	0.0530	-0.0640	-0.6265	0.7750	282.09	350.46	0.11
2026-05-09T14:31:31.9235170+08:00	0x04	-0.0133	-0.0251	-0.2579	0.9658	330.15	357.61	357.79
2026-05-09T14:31:32.0057868+08:00	0x06	0.7732	0.1436	-0.6023	0.1371	176.47	255.13	22.64
2026-05-09T14:31:32.2149037+08:00	0x03	0.0080	-0.0157	0.2173	0.9760	25.08	358.44	1.29
2026-05-09T14:31:32.3090598+08:00	0x08	-0.0032	-0.0556	0.1024	0.9932	11.76	353.62	0.28
2026-05-09T14:31:32.3482931+08:00	0x09	0.0530	-0.0640	-0.6265	0.7750	282.09	350.46	0.11
2026-05-09T14:31:32.3928614+08:00	0x04	-0.0133	-0.0251	-0.2579	0.9658	330.15	357.61	357.79
2026-05-09T14:31:32.4390205+08:00	0x07	-0.0157	-0.0293	-0.2953	0.9548	325.69	357.32	357.29
2026-05-09T14:31:32.4976447+08:00	0x02	0.0221	0.0055	-0.9634	0.2673	210.98	357.73	1.29
2026-05-09T14:31:32.5481766+08:00	0x06	0.7679	0.1640	-0.5986	0.1586	176.04	254.95	26.10
2026-05-09T14:31:32.7528406+08:00	0x03	0.0080	-0.0157	0.2173	0.9760	25.08	358.44	1.28
2026-05-09T14:31:32.7903351+08:00	0x08	-0.0032	-0.0556	0.1024	0.9932	11.76	353.62	0.29
2026-05-09T14:31:32.9438731+08:00	0x09	0.0530	-0.0640	-0.6265	0.7750	282.09	350.46	0.11
2026-05-09T14:31:32.9683941+08:00	0x07	-0.0157	-0.0293	-0.2953	0.9548	325.69	357.32	357.29
2026-05-09T14:31:33.0057988+08:00	0x04	-0.0133	-0.0251	-0.2579	0.9658	330.15	357.61	357.79
2026-05-09T14:31:33.0660718+08:00	0x02	0.0221	0.0055	-0.9634	0.2673	210.98	357.73	1.29
2026-05-09T14:31:33.2222314+08:00	0x08	-0.0032	-0.0556	0.1024	0.9932	11.76	353.62	0.29
2026-05-09T14:31:33.3512616+08:00	0x03	0.0080	-0.0157	0.2173	0.9760	25.08	358.44	1.28
2026-05-09T14:31:33.4675533+08:00	0x04	-0.0133	-0.0251	-0.2579	0.9658	330.15	357.61	357.79
2026-05-09T14:31:33.5395964+08:00	0x07	-0.0157	-0.0293	-0.2953	0.9548	325.69	357.32	357.29
2026-05-09T14:31:33.5936752+08:00	0x02	0.0221	0.0055	-0.9634	0.2673	210.98	357.73	1.29
2026-05-09T14:31:33.6375088+08:00	0x06	0.7643	0.1787	-0.5949	0.1732	175.62	254.67	28.51
2026-05-09T14:31:33.7132715+08:00	0x05	-0.0005	0.0130	0.4391	0.8984	52.09	1.31	359.29
2026-05-09T14:31:33.8359221+08:00	0x03	0.0080	-0.0157	0.2173	0.9760	25.08	358.44	1.29
2026-05-09T14:31:33.9969568+08:00	0x09	0.0530	-0.0640	-0.6265	0.7750	282.09	350.46	0.11
2026-05-09T14:31:34.0521962+08:00	0x07	-0.0157	-0.0293	-0.2953	0.9548	325.69	357.32	357.29
2026-05-09T14:31:34.1719362+08:00	0x02	0.0221	0.0055	-0.9634	0.2673	210.98	357.73	1.29
2026-05-09T14:31:34.2557029+08:00	0x06	0.6562	0.1834	-0.7104	0.1763	180.65	274.71	29.47
2026-05-09T14:31:34.3097629+08:00	0x08	-0.0032	-0.0556	0.1024	0.9932	11.76	353.62	0.28
2026-05-09T14:31:34.4279838+08:00	0x03	0.0080	-0.0157	0.2173	0.9760	25.08	358.44	1.29
2026-05-09T14:31:34.5319833+08:00	0x09	0.0530	-0.0640	-0.6265	0.7750	282.09	350.46	0.11
2026-05-09T14:31:34.5739827+08:00	0x07	-0.0157	-0.0293	-0.2953	0.9548	325.69	357.32	357.29
2026-05-09T14:31:34.6956843+08:00	0x02	0.0221	0.0055	-0.9634	0.2673	210.98	357.73	1.29
2026-05-09T14:31:34.8859649+08:00	0x08	-0.0032	-0.0556	0.1024	0.9932	11.76	353.62	0.28
2026-05-09T14:31:34.9855986+08:00	0x03	0.0080	-0.0157	0.2173	0.9760	25.08	358.44	1.29
2026-05-09T14:31:35.0323349+08:00	0x04	-0.0133	-0.0251	-0.2579	0.9658	330.15	357.61	357.79
2026-05-09T14:31:35.1173780+08:00	0x07	-0.0157	-0.0293	-0.2953	0.9548	325.69	357.32	357.29
2026-05-09T14:31:35.2451788+08:00	0x06	0.7292	0.0852	-0.6790	-0.0096	172.07	265.51	5.84
2026-05-09T14:31:35.2671206+08:00	0x02	0.0222	0.0055	-0.9634	0.2673	210.98	357.72	1.29
2026-05-09T14:31:35.3400047+08:00	0x08	-0.0032	-0.0556	0.1024	0.9932	11.76	353.62	0.28
2026-05-09T14:31:35.5066263+08:00	0x03	0.0080	-0.0157	0.2173	0.9760	25.08	358.44	1.29
2026-05-09T14:31:35.6763196+08:00	0x09	0.0530	-0.0640	-0.6265	0.7750	282.09	350.46	0.11
2026-05-09T14:31:35.7510397+08:00	0x01	-0.0210	-0.0304	-0.1361	0.9900	344.42	356.87	357.15
2026-05-09T14:31:35.8287679+08:00	0x06	0.7392	0.0793	-0.6684	-0.0236	171.42	263.94	4.08
2026-05-09T14:31:35.8671260+08:00	0x02	0.0221	0.0055	-0.9634	0.2673	210.98	357.73	1.29
2026-05-09T14:31:35.9687371+08:00	0x08	-0.0032	-0.0556	0.1024	0.9932	11.76	353.62	0.29
2026-05-09T14:31:36.0563643+08:00	0x03	0.0080	-0.0157	0.2173	0.9760	25.08	358.44	1.29
2026-05-09T14:31:36.1462910+08:00	0x09	0.0530	-0.0641	-0.6265	0.7750	282.09	350.46	0.11
2026-05-09T14:31:36.2951467+08:00	0x07	-0.0157	-0.0293	-0.2953	0.9548	325.69	357.32	357.29
2026-05-09T14:31:36.3459814+08:00	0x06	0.7399	0.0722	-0.6681	-0.0305	171.50	263.94	2.95
2026-05-09T14:31:36.3945726+08:00	0x04	-0.0133	-0.0251	-0.2579	0.9658	330.15	357.61	357.79
2026-05-09T14:31:36.4402139+08:00	0x05	-0.0005	0.0130	0.4391	0.8984	52.09	1.31	359.29
2026-05-09T14:31:36.5552382+08:00	0x02	0.0221	0.0055	-0.9634	0.2673	210.98	357.73	1.29
2026-05-09T14:31:36.6593587+08:00	0x03	0.0080	-0.0157	0.2173	0.9760	25.08	358.44	1.29
2026-05-09T14:31:36.7451550+08:00	0x09	0.0530	-0.0641	-0.6265	0.7750	282.09	350.46	0.11
2026-05-09T14:31:36.7676981+08:00	0x04	-0.0133	-0.0251	-0.2579	0.9658	330.15	357.61	357.79
2026-05-09T14:31:36.8450756+08:00	0x01	-0.0210	-0.0304	-0.1361	0.9900	344.42	356.87	357.15
2026-05-09T14:31:37.0476743+08:00	0x06	0.7379	0.0607	-0.6710	-0.0391	171.83	264.47	1.37
2026-05-09T14:31:37.0728463+08:00	0x08	-0.0032	-0.0556	0.1024	0.9932	11.76	353.62	0.29
2026-05-09T14:31:37.1764843+08:00	0x03	0.0080	-0.0157	0.2173	0.9760	25.08	358.44	1.29
2026-05-09T14:31:37.2602411+08:00	0x09	0.0530	-0.0641	-0.6265	0.7750	282.09	350.46	0.11
2026-05-09T14:31:37.4386784+08:00	0x06	0.7371	0.0570	-0.6724	-0.0367	172.33	264.66	1.29
2026-05-09T14:31:37.4579536+08:00	0x02	0.0221	0.0055	-0.9634	0.2673	210.98	357.73	1.29
2026-05-09T14:31:37.4896454+08:00	0x01	-0.0210	-0.0304	-0.1361	0.9900	344.42	356.87	357.15
2026-05-09T14:31:37.6619748+08:00	0x08	-0.0032	-0.0556	0.1024	0.9932	11.76	353.62	0.29
2026-05-09T14:31:37.7117873+08:00	0x03	0.0080	-0.0157	0.2173	0.9760	25.08	358.44	1.29
2026-05-09T14:31:37.7640026+08:00	0x09	0.0530	-0.0641	-0.6265	0.7750	282.09	350.46	0.11
2026-05-09T14:31:37.8585722+08:00	0x07	-0.0157	-0.0293	-0.2953	0.9548	325.69	357.32	357.29
2026-05-09T14:31:37.9460731+08:00	0x01	-0.0210	-0.0304	-0.1361	0.9900	344.42	356.87	357.15
2026-05-09T14:31:38.1000262+08:00	0x08	-0.0032	-0.0556	0.1024	0.9932	11.76	353.62	0.29
2026-05-09T14:31:38.2575902+08:00	0x03	0.0080	-0.0157	0.2173	0.9760	25.08	358.44	1.29
2026-05-09T14:31:38.3354494+08:00	0x09	0.0531	-0.0641	-0.6265	0.7750	282.09	350.46	0.11
2026-05-09T14:31:38.3897864+08:00	0x07	-0.0157	-0.0293	-0.2953	0.9548	325.69	357.32	357.30
2026-05-09T14:31:38.4385462+08:00	0x04	-0.0133	-0.0251	-0.2579	0.9658	330.15	357.61	357.79
2026-05-09T14:31:38.5059452+08:00	0x01	-0.0210	-0.0304	-0.1361	0.9900	344.42	356.87	357.15
2026-05-09T14:31:38.5488276+08:00	0x02	0.0222	0.0055	-0.9634	0.2673	210.98	357.72	1.29
2026-05-09T14:31:38.6129806+08:00	0x08	-0.0032	-0.0556	0.1024	0.9932	11.76	353.62	0.28
2026-05-09T14:31:38.7961890+08:00	0x03	0.0080	-0.0157	0.2173	0.9760	25.08	358.44	1.29
2026-05-09T14:31:38.8851464+08:00	0x09	0.0530	-0.0641	-0.6265	0.7750	282.09	350.46	0.11
2026-05-09T14:31:38.9564939+08:00	0x07	-0.0157	-0.0293	-0.2953	0.9548	325.69	357.32	357.29
2026-05-09T14:31:39.0095025+08:00	0x02	0.0222	0.0055	-0.9634	0.2673	210.98	357.72	1.29
2026-05-09T14:31:39.0437752+08:00	0x01	-0.0210	-0.0304	-0.1361	0.9900	344.42	356.87	357.15
2026-05-09T14:31:39.1920677+08:00	0x08	-0.0032	-0.0556	0.1024	0.9932	11.76	353.62	0.28
2026-05-09T14:31:39.2688250+08:00	0x03	0.0080	-0.0157	0.2173	0.9760	25.08	358.44	1.29
2026-05-09T14:31:39.4068033+08:00	0x09	0.0531	-0.0641	-0.6265	0.7750	282.09	350.46	0.11
2026-05-09T14:31:39.4680120+08:00	0x07	-0.0157	-0.0293	-0.2953	0.9548	325.69	357.32	357.29
2026-05-09T14:31:39.5081728+08:00	0x04	-0.0133	-0.0251	-0.2579	0.9658	330.15	357.61	357.79
2026-05-09T14:31:39.5908214+08:00	0x02	0.0222	0.0056	-0.9634	0.2673	210.98	357.72	1.29
2026-05-09T14:31:39.6743588+08:00	0x06	0.6459	-0.0399	-0.7225	0.2435	204.67	279.68	14.88
2026-05-09T14:31:39.8763773+08:00	0x03	0.0080	-0.0157	0.2173	0.9760	25.08	358.44	1.29
2026-05-09T14:31:39.9054915+08:00	0x09	0.0531	-0.0640	-0.6265	0.7750	282.09	350.46	0.12
2026-05-09T14:31:40.0210584+08:00	0x07	-0.0157	-0.0293	-0.2953	0.9548	325.69	357.32	357.29
2026-05-09T14:31:40.0897184+08:00	0x04	-0.0133	-0.0252	-0.2579	0.9658	330.15	357.60	357.79
2026-05-09T14:31:40.1723973+08:00	0x08	-0.0032	-0.0556	0.1024	0.9932	11.76	353.62	0.28
2026-05-09T14:31:40.2193684+08:00	0x06	0.6464	-0.0324	-0.7209	0.2478	204.52	279.71	15.89
2026-05-09T14:31:40.4133532+08:00	0x03	0.0080	-0.0157	0.2173	0.9760	25.08	358.44	1.29
2026-05-09T14:31:40.5597226+08:00	0x07	-0.0157	-0.0293	-0.2953	0.9548	325.69	357.32	357.29
2026-05-09T14:31:40.6640155+08:00	0x04	-0.0133	-0.0252	-0.2579	0.9658	330.15	357.60	357.79
2026-05-09T14:31:40.6907482+08:00	0x02	0.0221	0.0056	-0.9634	0.2673	210.98	357.73	1.29
2026-05-09T14:31:40.8195114+08:00	0x08	-0.0032	-0.0556	0.1024	0.9932	11.76	353.62	0.28
2026-05-09T14:31:40.9524593+08:00	0x03	0.0080	-0.0157	0.2173	0.9760	25.08	358.44	1.29
2026-05-09T14:31:40.9714088+08:00	0x05	-0.0006	0.0130	0.4391	0.8984	52.09	1.31	359.29
2026-05-09T14:31:41.1439904+08:00	0x07	-0.0157	-0.0293	-0.2953	0.9548	325.69	357.32	357.29
2026-05-09T14:31:41.1963286+08:00	0x02	0.0222	0.0055	-0.9634	0.2673	210.98	357.72	1.29
2026-05-09T14:31:41.2119918+08:00	0x04	-0.0133	-0.0251	-0.2579	0.9658	330.15	357.61	357.79
2026-05-09T14:31:41.3077214+08:00	0x06	0.6457	-0.0276	-0.7161	0.2636	205.67	279.94	17.51
2026-05-09T14:31:41.3397756+08:00	0x01	-0.0210	-0.0304	-0.1361	0.9900	344.42	356.87	357.15
2026-05-09T14:31:41.4416890+08:00	0x05	-0.0006	0.0130	0.4391	0.8984	52.09	1.31	359.29
2026-05-09T14:31:41.5719330+08:00	0x09	0.0530	-0.0640	-0.6265	0.7750	282.09	350.46	0.12
2026-05-09T14:31:41.6873097+08:00	0x07	-0.0157	-0.0293	-0.2953	0.9548	325.69	357.32	357.29
2026-05-09T14:31:41.7502944+08:00	0x06	0.6524	0.0346	-0.7377	0.1701	192.36	278.75	15.84
2026-05-09T14:31:41.7888483+08:00	0x02	0.0221	0.0056	-0.9634	0.2673	210.98	357.73	1.29
2026-05-09T14:31:41.8631794+08:00	0x08	-0.0032	-0.0556	0.1024	0.9932	11.76	353.62	0.28
2026-05-09T14:31:42.0512958+08:00	0x03	0.0080	-0.0157	0.2173	0.9760	25.08	358.44	1.29
2026-05-09T14:31:42.1053278+08:00	0x09	0.0530	-0.0640	-0.6265	0.7750	282.09	350.46	0.11
2026-05-09T14:31:42.2820126+08:00	0x04	-0.0133	-0.0251	-0.2579	0.9658	330.15	357.61	357.78
2026-05-09T14:31:42.3049192+08:00	0x02	0.0221	0.0055	-0.9634	0.2673	210.98	357.73	1.29
2026-05-09T14:31:42.3609220+08:00	0x08	-0.0032	-0.0556	0.1024	0.9932	11.76	353.62	0.28
2026-05-09T14:31:42.5601594+08:00	0x03	0.0080	-0.0157	0.2173	0.9760	25.08	358.44	1.29
2026-05-09T14:31:42.6827855+08:00	0x09	0.0530	-0.0640	-0.6265	0.7750	282.09	350.46	0.11
2026-05-09T14:31:42.8020752+08:00	0x07	-0.0157	-0.0293	-0.2953	0.9548	325.69	357.32	357.29
2026-05-09T14:31:42.9541184+08:00	0x08	-0.0032	-0.0556	0.1024	0.9932	11.76	353.62	0.28
2026-05-09T14:31:42.9630949+08:00	0x06	0.6847	-0.0011	-0.7246	-0.0784	173.52	273.60	353.74
2026-05-09T14:31:43.1176276+08:00	0x03	0.0080	-0.0157	0.2173	0.9760	25.08	358.44	1.29
2026-05-09T14:31:43.2322155+08:00	0x09	0.0530	-0.0640	-0.6265	0.7750	282.09	350.46	0.11
2026-05-09T14:31:43.2996522+08:00	0x07	-0.0157	-0.0293	-0.2953	0.9548	325.69	357.32	357.29
2026-05-09T14:31:43.3673776+08:00	0x01	-0.0210	-0.0304	-0.1361	0.9900	344.42	356.87	357.15
2026-05-09T14:31:43.3823352+08:00	0x02	0.0221	0.0055	-0.9634	0.2673	210.98	357.73	1.29
2026-05-09T14:31:43.4432207+08:00	0x06	0.6883	-0.0248	-0.7161	-0.1132	172.51	273.00	348.97
2026-05-09T14:31:43.5788603+08:00	0x08	-0.0032	-0.0556	0.1024	0.9932	11.76	353.62	0.28
2026-05-09T14:31:43.6984753+08:00	0x03	0.0080	-0.0157	0.2173	0.9760	25.08	358.44	1.29
2026-05-09T14:31:43.7734376+08:00	0x09	0.0530	-0.0640	-0.6265	0.7750	282.09	350.46	0.11
2026-05-09T14:31:43.8364277+08:00	0x07	-0.0157	-0.0293	-0.2953	0.9548	325.69	357.32	357.29
2026-05-09T14:31:43.8770267+08:00	0x02	0.0221	0.0055	-0.9634	0.2673	210.98	357.73	1.29
2026-05-09T14:31:43.9380578+08:00	0x06	0.6886	-0.0319	-0.7137	-0.1244	172.13	272.91	347.48
2026-05-09T14:31:44.1636132+08:00	0x08	-0.0032	-0.0556	0.1024	0.9932	11.76	353.62	0.28
2026-05-09T14:31:44.2402675+08:00	0x03	0.0080	-0.0157	0.2173	0.9760	25.08	358.44	1.29
2026-05-09T14:31:44.3000235+08:00	0x09	0.0530	-0.0640	-0.6265	0.7750	282.09	350.46	0.11
2026-05-09T14:31:44.3941959+08:00	0x07	-0.0157	-0.0293	-0.2953	0.9548	325.69	357.32	357.29
2026-05-09T14:31:44.4489315+08:00	0x01	-0.0210	-0.0304	-0.1361	0.9900	344.42	356.87	357.15
2026-05-09T14:31:44.5660939+08:00	0x04	-0.0133	-0.0251	-0.2579	0.9658	330.15	357.61	357.78
2026-05-09T14:31:44.7223532+08:00	0x08	-0.0032	-0.0556	0.1024	0.9932	11.76	353.62	0.29
2026-05-09T14:31:44.8331944+08:00	0x09	0.0530	-0.0640	-0.6265	0.7750	282.09	350.46	0.11
2026-05-09T14:31:44.9256888+08:00	0x07	-0.0157	-0.0293	-0.2953	0.9548	325.69	357.32	357.29
2026-05-09T14:31:45.0359292+08:00	0x04	-0.0133	-0.0251	-0.2579	0.9658	330.15	357.61	357.79
2026-05-09T14:31:45.0710770+08:00	0x02	0.0222	0.0055	-0.9634	0.2673	210.98	357.72	1.29
2026-05-09T14:31:45.1399506+08:00	0x06	0.6843	-0.0310	-0.7171	-0.1286	171.63	273.62	347.26
2026-05-09T14:31:45.3588062+08:00	0x09	0.0530	-0.0640	-0.6265	0.7750	282.09	350.46	0.11
2026-05-09T14:31:45.3973906+08:00	0x03	0.0080	-0.0157	0.2173	0.9760	25.08	358.44	1.28
2026-05-09T14:31:45.4389901+08:00	0x08	-0.0032	-0.0556	0.1024	0.9932	11.76	353.62	0.29
2026-05-09T14:31:45.4515586+08:00	0x07	-0.0157	-0.0293	-0.2953	0.9548	325.69	357.32	357.29
2026-05-09T14:31:45.5190984+08:00	0x02	0.0221	0.0055	-0.9634	0.2673	210.98	357.73	1.29
2026-05-09T14:31:45.5577193+08:00	0x01	-0.0210	-0.0304	-0.1361	0.9900	344.42	356.87	357.15
2026-05-09T14:31:45.8110834+08:00	0x08	-0.0032	-0.0556	0.1024	0.9932	11.76	353.62	0.29
2026-05-09T14:31:45.8878000+08:00	0x09	0.0530	-0.0640	-0.6265	0.7750	282.09	350.46	0.11
2026-05-09T14:31:45.9206191+08:00	0x03	0.0080	-0.0157	0.2173	0.9760	25.08	358.44	1.29
2026-05-09T14:31:46.0076566+08:00	0x07	-0.0157	-0.0293	-0.2953	0.9548	325.69	357.32	357.29
2026-05-09T14:31:46.0228638+08:00	0x02	0.0221	0.0055	-0.9634	0.2673	210.98	357.73	1.29
2026-05-09T14:31:46.1060315+08:00	0x01	-0.0210	-0.0304	-0.1361	0.9900	344.42	356.87	357.15
2026-05-09T14:31:46.1321191+08:00	0x04	-0.0133	-0.0251	-0.2579	0.9658	330.15	357.61	357.79
2026-05-09T14:31:46.1699979+08:00	0x06	0.6834	-0.0222	-0.7197	-0.1207	171.59	273.81	348.65
2026-05-09T14:31:46.3395233+08:00	0x08	-0.0032	-0.0556	0.1024	0.9932	11.76	353.62	0.28
2026-05-09T14:31:46.3848000+08:00	0x03	0.0080	-0.0157	0.2173	0.9760	25.08	358.44	1.29
2026-05-09T14:31:46.4780408+08:00	0x09	0.0530	-0.0640	-0.6265	0.7750	282.09	350.46	0.11
2026-05-09T14:31:46.5370251+08:00	0x07	-0.0157	-0.0293	-0.2953	0.9548	325.69	357.32	357.29
2026-05-09T14:31:46.6105539+08:00	0x06	0.6847	-0.0226	-0.7184	-0.1205	171.65	273.59	348.61
2026-05-09T14:31:46.6847199+08:00	0x01	-0.0210	-0.0304	-0.1361	0.9900	344.42	356.87	357.15
2026-05-09T14:31:46.7446684+08:00	0x02	0.0221	0.0055	-0.9634	0.2673	210.98	357.73	1.29
2026-05-09T14:31:46.8609311+08:00	0x05	-0.0005	0.0129	0.4391	0.8984	52.09	1.30	359.29
2026-05-09T14:31:46.9432662+08:00	0x03	0.0080	-0.0157	0.2173	0.9760	25.08	358.44	1.29
2026-05-09T14:31:46.9883439+08:00	0x09	0.0530	-0.0640	-0.6265	0.7750	282.09	350.46	0.11
2026-05-09T14:31:47.0625259+08:00	0x07	-0.0157	-0.0293	-0.2953	0.9548	325.69	357.32	357.29
2026-05-09T14:31:47.1607032+08:00	0x04	-0.0133	-0.0251	-0.2579	0.9658	330.15	357.61	357.78
2026-05-09T14:31:47.3595333+08:00	0x08	-0.0032	-0.0556	0.1024	0.9932	11.76	353.62	0.29
2026-05-09T14:31:47.5201744+08:00	0x09	0.0530	-0.0640	-0.6265	0.7750	282.09	350.46	0.11
2026-05-09T14:31:47.5580631+08:00	0x03	0.0080	-0.0157	0.2173	0.9760	25.08	358.44	1.28
2026-05-09T14:31:47.6030418+08:00	0x07	-0.0157	-0.0293	-0.2953	0.9548	325.69	357.32	357.29
2026-05-09T14:31:47.6929748+08:00	0x06	0.6853	-0.0293	-0.7164	-0.1276	171.60	273.47	347.48
2026-05-09T14:31:47.7805589+08:00	0x01	-0.0210	-0.0304	-0.1361	0.9900	344.42	356.87	357.15
2026-05-09T14:31:47.8791559+08:00	0x02	0.0222	0.0055	-0.9634	0.2673	210.98	357.72	1.29
2026-05-09T14:31:47.9918752+08:00	0x08	-0.0032	-0.0556	0.1024	0.9932	11.76	353.62	0.28
2026-05-09T14:31:48.0657463+08:00	0x03	0.0080	-0.0157	0.2173	0.9760	25.08	358.44	1.28
2026-05-09T14:31:48.1272135+08:00	0x07	-0.0157	-0.0293	-0.2953	0.9548	325.69	357.32	357.29
2026-05-09T14:31:48.2124153+08:00	0x06	0.6835	-0.0256	-0.7193	-0.1220	171.76	273.78	348.25
2026-05-09T14:31:48.2732714+08:00	0x02	0.0221	0.0055	-0.9634	0.2673	210.98	357.73	1.29
2026-05-09T14:31:48.3044204+08:00	0x01	-0.0210	-0.0304	-0.1361	0.9900	344.42	356.87	357.15
2026-05-09T14:31:48.5722993+08:00	0x08	-0.0032	-0.0556	0.1024	0.9932	11.76	353.62	0.28
2026-05-09T14:31:48.6415966+08:00	0x09	0.0531	-0.0640	-0.6265	0.7750	282.09	350.46	0.12
2026-05-09T14:31:48.7754546+08:00	0x04	-0.0133	-0.0251	-0.2579	0.9658	330.15	357.61	357.79
2026-05-09T14:31:48.8910604+08:00	0x02	0.0221	0.0055	-0.9634	0.2673	210.98	357.73	1.29
2026-05-09T14:31:48.9639721+08:00	0x06	0.6812	-0.0114	-0.7241	-0.1072	171.86	274.16	350.64
2026-05-09T14:31:49.0868133+08:00	0x08	-0.0032	-0.0556	0.1024	0.9932	11.76	353.62	0.28
2026-05-09T14:31:49.2332053+08:00	0x07	-0.0157	-0.0293	-0.2953	0.9548	325.69	357.32	357.29
2026-05-09T14:31:49.2734364+08:00	0x06	0.6797	-0.0137	-0.7250	-0.1108	171.71	274.40	350.19
2026-05-09T14:31:49.3366642+08:00	0x01	-0.0210	-0.0304	-0.1361	0.9900	344.42	356.87	357.15
2026-05-09T14:31:49.4625960+08:00	0x02	0.0221	0.0055	-0.9634	0.2673	210.98	357.73	1.29
2026-05-09T14:31:49.5878654+08:00	0x05	-0.0005	0.0130	0.4391	0.8984	52.09	1.31	359.29
2026-05-09T14:31:49.6922859+08:00	0x03	0.0080	-0.0157	0.2173	0.9760	25.08	358.44	1.29
2026-05-09T14:31:49.7613706+08:00	0x07	-0.0157	-0.0293	-0.2953	0.9548	325.69	357.32	357.29
2026-05-09T14:31:49.7841764+08:00	0x09	0.0531	-0.0640	-0.6265	0.7750	282.09	350.46	0.12
2026-05-09T14:31:49.8678101+08:00	0x01	-0.0210	-0.0304	-0.1361	0.9900	344.42	356.87	357.15
2026-05-09T14:31:49.9369641+08:00	0x06	0.6794	-0.0157	-0.7248	-0.1136	171.62	274.45	349.80
2026-05-09T14:31:50.2198464+08:00	0x03	0.0080	-0.0157	0.2173	0.9760	25.08	358.44	1.29
2026-05-09T14:31:50.2318130+08:00	0x08	-0.0032	-0.0556	0.1024	0.9932	11.76	353.62	0.28
2026-05-09T14:31:50.3167216+08:00	0x09	0.0531	-0.0640	-0.6265	0.7750	282.09	350.46	0.12
2026-05-09T14:31:50.4348562+08:00	0x01	-0.0210	-0.0304	-0.1361	0.9900	344.42	356.87	357.15
2026-05-09T14:31:50.4570384+08:00	0x04	-0.0133	-0.0251	-0.2579	0.9658	330.15	357.61	357.79
2026-05-09T14:31:50.4725770+08:00	0x06	0.6768	-0.0170	-0.7268	-0.1158	171.50	274.86	349.55
2026-05-09T14:31:50.7577097+08:00	0x08	-0.0032	-0.0556	0.1024	0.9932	11.76	353.62	0.28
2026-05-09T14:31:50.8320459+08:00	0x07	-0.0157	-0.0293	-0.2953	0.9548	325.69	357.32	357.29
2026-05-09T14:31:50.9704344+08:00	0x01	-0.0210	-0.0304	-0.1361	0.9900	344.42	356.87	357.15
2026-05-09T14:31:51.0070799+08:00	0x02	0.0221	0.0055	-0.9634	0.2673	210.98	357.73	1.29
2026-05-09T14:31:51.0583651+08:00	0x09	0.0531	-0.0640	-0.6265	0.7750	282.09	350.46	0.12
2026-05-09T14:31:51.2279891+08:00	0x06	0.6777	-0.0181	-0.7260	-0.1158	171.60	274.72	349.45
2026-05-09T14:31:51.2903732+08:00	0x03	0.0080	-0.0157	0.2173	0.9760	25.08	358.44	1.28
2026-05-09T14:31:51.3765252+08:00	0x07	-0.0157	-0.0293	-0.2953	0.9548	325.69	357.32	357.29
2026-05-09T14:31:51.4029701+08:00	0x09	0.0531	-0.0640	-0.6265	0.7750	282.09	350.46	0.12
2026-05-09T14:31:51.5289026+08:00	0x01	-0.0210	-0.0304	-0.1361	0.9900	344.42	356.87	357.15
2026-05-09T14:31:51.5830563+08:00	0x04	-0.0133	-0.0251	-0.2579	0.9658	330.15	357.61	357.79
2026-05-09T14:31:51.6940017+08:00	0x06	0.6777	-0.0181	-0.7260	-0.1158	171.60	274.72	349.45
2026-05-09T14:31:51.8627754+08:00	0x08	-0.0032	-0.0556	0.1024	0.9932	11.76	353.62	0.28
2026-05-09T14:31:51.9625157+08:00	0x07	-0.0157	-0.0293	-0.2953	0.9548	325.69	357.32	357.29
2026-05-09T14:31:51.9933180+08:00	0x01	-0.0210	-0.0304	-0.1361	0.9900	344.42	356.87	357.15
2026-05-09T14:31:52.0254174+08:00	0x09	0.0530	-0.0640	-0.6265	0.7750	282.09	350.46	0.11
2026-05-09T14:31:52.0598560+08:00	0x06	0.6755	-0.0121	-0.7284	-0.1141	171.25	275.07	350.10
2026-05-09T14:31:52.1213684+08:00	0x02	0.0222	0.0055	-0.9634	0.2673	210.98	357.72	1.29
2026-05-09T14:31:52.3749432+08:00	0x03	0.0080	-0.0157	0.2173	0.9760	25.08	358.44	1.28
2026-05-09T14:31:52.4604989+08:00	0x09	0.0530	-0.0641	-0.6265	0.7750	282.09	350.46	0.11
2026-05-09T14:31:52.4924144+08:00	0x07	-0.0157	-0.0293	-0.2953	0.9548	325.69	357.32	357.29
2026-05-09T14:31:52.6158574+08:00	0x01	-0.0210	-0.0304	-0.1361	0.9900	344.42	356.87	357.15
2026-05-09T14:31:52.6536236+08:00	0x06	0.6780	-0.0150	-0.7257	-0.1158	171.36	274.67	349.70
2026-05-09T14:31:52.7606563+08:00	0x04	-0.0133	-0.0251	-0.2579	0.9658	330.15	357.61	357.79
2026-05-09T14:31:52.9087671+08:00	0x03	0.0080	-0.0157	0.2173	0.9760	25.08	358.44	1.28
2026-05-09T14:31:53.0352333+08:00	0x09	0.0530	-0.0640	-0.6265	0.7750	282.09	350.46	0.11
2026-05-09T14:31:53.1005538+08:00	0x04	-0.0133	-0.0251	-0.2579	0.9658	330.15	357.61	357.79
2026-05-09T14:31:53.1508916+08:00	0x06	0.6800	-0.0183	-0.7234	-0.1182	171.45	274.35	349.20
