timestamp	device	q0	q1	q2	q3	yaw	pitch	roll
2026-06-10T14:40:15.9002906+08:00	0x01	-0.0102	-0.0334	0.2526	0.9669	29.28	356.01	359.84
2026-06-10T14:40:15.9884210+08:00	0x02	-0.0202	0.0146	0.8747	0.4840	122.11	358.78	357.42
2026-06-10T14:40:16.1533143+08:00	0x03	-0.0231	-0.0264	0.2037	0.9784	23.58	356.50	358.03
2026-06-10T14:40:16.1840467+08:00	0x07	-0.4972	0.4591	0.4707	0.5661	50.67	31.66	275.66
2026-06-10T14:40:16.2673551+08:00	0x06	-0.6914	0.0025	0.7219	0.0290	177.80	272.53	357.50
2026-06-10T14:40:16.3519488+08:00	0x08	0.6147	0.4278	-0.5245	0.4049	161.70	247.79	71.20
2026-06-10T14:40:16.3705070+08:00	0x09	0.4889	0.5527	-0.5151	0.4361	95.46	193.66	84.74
2026-06-10T14:40:16.4712467+08:00	0x01	-0.0102	-0.0334	0.2526	0.9669	29.28	356.01	359.84
2026-06-10T14:40:16.4883571+08:00	0x04	-0.0136	-0.0325	-0.0302	0.9989	356.59	356.32	358.33
2026-06-10T14:40:16.6850788+08:00	0x03	-0.0231	-0.0264	0.2037	0.9784	23.58	356.50	358.03
2026-06-10T14:40:16.7941039+08:00	0x07	-0.4970	0.4596	0.4715	0.5651	51.16	31.32	275.60
2026-06-10T14:40:16.8851649+08:00	0x06	-0.6900	0.0038	0.7232	0.0288	177.90	272.74	357.41
2026-06-10T14:40:16.9980686+08:00	0x02	-0.0202	0.0145	0.8747	0.4840	122.11	358.78	357.42
2026-06-10T14:40:17.1847319+08:00	0x01	-0.0102	-0.0334	0.2526	0.9669	29.28	356.01	359.84
2026-06-10T14:40:17.2873995+08:00	0x03	-0.0231	-0.0264	0.2037	0.9784	23.58	356.50	358.03
2026-06-10T14:40:17.4317518+08:00	0x09	0.4903	0.5500	-0.5158	0.4370	98.34	196.29	84.87
2026-06-10T14:40:17.4571156+08:00	0x08	0.6159	0.4228	-0.5280	0.4039	163.42	249.40	70.73
2026-06-10T14:40:17.5728672+08:00	0x02	-0.0202	0.0145	0.8747	0.4840	122.11	358.78	357.42
2026-06-10T14:40:17.6415559+08:00	0x04	-0.0136	-0.0326	-0.0302	0.9989	356.59	356.32	358.33
2026-06-10T14:40:17.7681537+08:00	0x03	-0.0230	-0.0264	0.2037	0.9784	23.58	356.50	358.03
2026-06-10T14:40:17.8512782+08:00	0x07	-0.4961	0.4604	0.4716	0.5653	50.44	32.14	275.68
2026-06-10T14:40:17.9476495+08:00	0x08	0.6162	0.4209	-0.5298	0.4029	164.04	250.06	70.50
2026-06-10T14:40:18.0099048+08:00	0x09	0.4904	0.5499	-0.5160	0.4369	98.62	196.58	84.87
2026-06-10T14:40:18.0387928+08:00	0x01	-0.0102	-0.0334	0.2526	0.9669	29.28	356.01	359.84
2026-06-10T14:40:18.1896236+08:00	0x02	-0.0202	0.0145	0.8747	0.4840	122.11	358.78	357.42
2026-06-10T14:40:18.3575180+08:00	0x03	-0.0231	-0.0264	0.2037	0.9784	23.58	356.50	358.03
2026-06-10T14:40:18.3945170+08:00	0x07	-0.4957	0.4621	0.4701	0.5655	47.86	34.73	275.69
2026-06-10T14:40:18.5328378+08:00	0x08	0.6181	0.4200	-0.5296	0.4013	163.84	249.78	70.22
2026-06-10T14:40:18.5567707+08:00	0x09	0.4904	0.5507	-0.5153	0.4367	97.59	195.57	84.79
2026-06-10T14:40:18.6521926+08:00	0x02	-0.0202	0.0145	0.8747	0.4840	122.11	358.78	357.42
2026-06-10T14:40:18.8604905+08:00	0x04	-0.0136	-0.0326	-0.0302	0.9989	356.59	356.32	358.33
2026-06-10T14:40:18.8899098+08:00	0x03	-0.0231	-0.0264	0.2037	0.9784	23.58	356.50	358.03
2026-06-10T14:40:19.0022394+08:00	0x08	0.6200	0.4177	-0.5307	0.3992	164.16	250.04	69.80
2026-06-10T14:40:19.0360982+08:00	0x06	-0.6892	0.0032	0.7241	0.0272	178.00	272.88	357.58
2026-06-10T14:40:19.1362043+08:00	0x01	-0.0102	-0.0334	0.2526	0.9669	29.28	356.01	359.84
2026-06-10T14:40:19.1561587+08:00	0x09	0.4894	0.5516	-0.5146	0.4375	95.49	193.49	84.83
2026-06-10T14:40:19.2360750+08:00	0x04	-0.0136	-0.0325	-0.0302	0.9989	356.59	356.32	358.33
2026-06-10T14:40:19.4418523+08:00	0x03	-0.0231	-0.0264	0.2037	0.9784	23.58	356.50	358.03
2026-06-10T14:40:19.5338554+08:00	0x07	-0.4957	0.4627	0.4696	0.5654	46.93	35.68	275.68
2026-06-10T14:40:19.6188355+08:00	0x09	0.4891	0.5525	-0.5138	0.4377	94.06	192.07	84.79
2026-06-10T14:40:19.7629295+08:00	0x02	-0.0202	0.0145	0.8747	0.4840	122.11	358.78	357.42
2026-06-10T14:40:19.9691207+08:00	0x03	-0.0231	-0.0264	0.2037	0.9784	23.58	356.50	358.03
2026-06-10T14:40:20.0652201+08:00	0x07	-0.4957	0.4625	0.4699	0.5653	47.39	35.23	275.68
2026-06-10T14:40:20.0932266+08:00	0x08	0.6169	0.4225	-0.5274	0.4034	163.22	249.12	70.63
2026-06-10T14:40:20.1649419+08:00	0x09	0.4879	0.5533	-0.5132	0.4386	91.85	189.88	84.85
2026-06-10T14:40:20.3247880+08:00	0x04	-0.0136	-0.0326	-0.0302	0.9989	356.59	356.31	358.33
2026-06-10T14:40:20.5190264+08:00	0x03	-0.0231	-0.0264	0.2037	0.9784	23.58	356.50	358.03
2026-06-10T14:40:20.5951656+08:00	0x07	-0.4958	0.4612	0.4710	0.5653	49.33	33.27	275.69
2026-06-10T14:40:20.6254515+08:00	0x08	0.6156	0.4209	-0.5304	0.4033	164.24	250.31	70.55
2026-06-10T14:40:20.6862796+08:00	0x09	0.4872	0.5536	-0.5132	0.4390	91.01	189.08	84.90
2026-06-10T14:40:20.7404266+08:00	0x01	-0.0102	-0.0334	0.2526	0.9669	29.28	356.01	359.84
2026-06-10T14:40:20.9098786+08:00	0x04	-0.0136	-0.0326	-0.0302	0.9989	356.59	356.32	358.33
2026-06-10T14:40:21.0742650+08:00	0x03	-0.0231	-0.0264	0.2037	0.9784	23.58	356.50	358.03
2026-06-10T14:40:21.1366877+08:00	0x07	-0.4962	0.4609	0.4712	0.5651	49.81	32.78	275.65
2026-06-10T14:40:21.2024086+08:00	0x06	-0.6875	0.0017	0.7257	0.0253	178.03	273.13	357.87
2026-06-10T14:40:21.3028564+08:00	0x01	-0.0102	-0.0334	0.2526	0.9669	29.28	356.01	359.84
2026-06-10T14:40:21.4186861+08:00	0x02	-0.0202	0.0145	0.8747	0.4840	122.11	358.78	357.42
2026-06-10T14:40:21.4406622+08:00	0x04	-0.0136	-0.0326	-0.0302	0.9989	356.59	356.32	358.34
2026-06-10T14:40:21.5921320+08:00	0x03	-0.0231	-0.0264	0.2037	0.9784	23.58	356.50	358.03
2026-06-10T14:40:21.6975480+08:00	0x08	0.6189	0.4187	-0.5301	0.4008	164.11	249.98	70.05
2026-06-10T14:40:21.7733394+08:00	0x09	0.4854	0.5555	-0.5108	0.4415	85.46	183.47	84.92
2026-06-10T14:40:21.8029482+08:00	0x01	-0.0102	-0.0334	0.2526	0.9669	29.28	356.01	359.84
2026-06-10T14:40:21.8877187+08:00	0x04	-0.0136	-0.0326	-0.0302	0.9989	356.59	356.32	358.34
2026-06-10T14:40:21.9999414+08:00	0x06	-0.6885	0.0018	0.7248	0.0250	178.06	272.98	357.88
2026-06-10T14:40:22.1297343+08:00	0x03	-0.0230	-0.0264	0.2037	0.9784	23.58	356.50	358.03
2026-06-10T14:40:22.2704928+08:00	0x07	-0.4966	0.4619	0.4694	0.5653	47.49	35.01	275.60
2026-06-10T14:40:22.2914409+08:00	0x08	0.6166	0.4228	-0.5273	0.4036	163.16	249.09	70.68
2026-06-10T14:40:22.3236304+08:00	0x06	-0.6879	-0.0030	0.7256	0.0199	178.11	273.08	358.69
2026-06-10T14:40:22.4026947+08:00	0x01	-0.0102	-0.0334	0.2526	0.9669	29.28	356.01	359.84
2026-06-10T14:40:22.5275639+08:00	0x04	-0.0136	-0.0326	-0.0302	0.9989	356.59	356.32	358.34
2026-06-10T14:40:22.6520719+08:00	0x02	-0.0202	0.0145	0.8747	0.4840	122.11	358.78	357.42
2026-06-10T14:40:22.6865685+08:00	0x03	-0.0230	-0.0264	0.2037	0.9784	23.58	356.50	358.03
2026-06-10T14:40:22.7473776+08:00	0x07	-0.4983	0.4568	0.4760	0.5626	57.89	24.76	275.44
2026-06-10T14:40:22.8415856+08:00	0x08	0.5781	0.4527	-0.5198	0.4366	161.61	249.17	77.28
2026-06-10T14:40:22.8693128+08:00	0x01	-0.0102	-0.0334	0.2526	0.9669	29.28	356.01	359.84
2026-06-10T14:40:22.9189082+08:00	0x09	0.4845	0.5583	-0.5125	0.4370	86.80	185.37	84.65
2026-06-10T14:40:23.0351035+08:00	0x04	-0.0136	-0.0326	-0.0302	0.9989	356.59	356.32	358.34
2026-06-10T14:40:23.6670651+08:00	0x03	-0.0230	-0.0264	0.2037	0.9784	23.58	356.50	358.03
2026-06-10T14:40:23.6670651+08:00	0x07	-0.4771	0.4349	0.4557	0.6128	47.96	30.55	281.14
2026-06-10T14:40:23.6670651+08:00	0x06	-0.6697	0.0236	0.7387	0.0727	175.61	275.91	352.40
2026-06-10T14:40:23.6670651+08:00	0x09	0.5153	0.6382	-0.4796	0.3117	88.59	195.60	68.98
2026-06-10T14:40:23.6670651+08:00	0x04	-0.0136	-0.0326	-0.0302	0.9989	356.59	356.32	358.33
2026-06-10T14:40:23.8099627+08:00	0x03	-0.0230	-0.0264	0.2037	0.9784	23.58	356.50	358.03
2026-06-10T14:40:23.8873467+08:00	0x07	-0.4926	0.3993	0.4832	0.6037	75.89	1.78	281.29
2026-06-10T14:40:23.9717163+08:00	0x09	0.2290	0.4734	-0.4939	0.6924	311.08	43.86	51.70
2026-06-10T14:40:24.0830238+08:00	0x01	-0.0102	-0.0334	0.2526	0.9669	29.28	356.01	359.84
2026-06-10T14:40:24.2804445+08:00	0x04	-0.0136	-0.0325	-0.0302	0.9989	356.59	356.32	358.33
2026-06-10T14:40:24.3365955+08:00	0x03	-0.0230	-0.0264	0.2037	0.9784	23.58	356.50	358.03
2026-06-10T14:40:24.4302191+08:00	0x07	-0.5138	0.4110	0.4784	0.5815	83.95	354.21	277.74
2026-06-10T14:40:25.0796740+08:00	0x09	0.2388	0.4804	-0.4954	0.6832	311.45	44.69	53.35
2026-06-10T14:40:25.0796740+08:00	0x02	-0.0202	0.0145	0.8747	0.4840	122.11	358.78	357.42
2026-06-10T14:40:25.0796740+08:00	0x04	-0.0136	-0.0325	-0.0302	0.9989	356.59	356.32	358.33
2026-06-10T14:40:25.0796740+08:00	0x03	-0.0230	-0.0264	0.2037	0.9784	23.58	356.50	358.03
2026-06-10T14:40:25.0796740+08:00	0x07	-0.5210	0.4084	0.4788	0.5766	90.59	347.31	277.27
2026-06-10T14:40:25.2544255+08:00	0x09	0.1688	0.4676	-0.4076	0.7660	322.63	48.86	39.78
2026-06-10T14:40:25.2544255+08:00	0x04	-0.0136	-0.0325	-0.0302	0.9989	356.59	356.32	358.33
2026-06-10T14:40:25.2544255+08:00	0x02	-0.0202	0.0145	0.8747	0.4840	122.11	358.78	357.42
2026-06-10T14:40:25.4045234+08:00	0x03	-0.0230	-0.0264	0.2037	0.9784	23.58	356.50	358.03
2026-06-10T14:40:25.5033487+08:00	0x08	0.5793	0.4518	-0.5201	0.4356	161.67	249.18	77.08
2026-06-10T14:40:25.6214319+08:00	0x09	0.1201	0.4776	-0.3355	0.8031	330.38	53.13	30.89
2026-06-10T14:40:25.6704586+08:00	0x02	-0.0202	0.0145	0.8747	0.4840	122.11	358.78	357.42
2026-06-10T14:40:25.7477316+08:00	0x04	-0.0136	-0.0325	-0.0302	0.9989	356.59	356.32	358.33
2026-06-10T14:40:25.8036633+08:00	0x06	-0.6847	-0.0230	0.7274	0.0399	174.86	273.52	358.79
2026-06-10T14:40:25.9644095+08:00	0x03	-0.0230	-0.0264	0.2037	0.9784	23.58	356.50	358.03
2026-06-10T14:40:26.0367313+08:00	0x08	0.5102	-0.0472	-0.8368	-0.1930	163.39	299.61	343.98
2026-06-10T14:40:26.0652088+08:00	0x07	-0.5291	0.4021	0.4827	0.5704	101.67	335.99	277.35
2026-06-10T14:40:26.2074240+08:00	0x02	-0.0202	0.0145	0.8747	0.4840	122.11	358.78	357.42
2026-06-10T14:40:26.2353429+08:00	0x09	0.0992	0.4750	-0.2867	0.8260	335.05	53.98	25.87
2026-06-10T14:40:26.2820191+08:00	0x01	-0.0102	-0.0333	0.2526	0.9669	29.28	356.01	359.83
2026-06-10T14:40:26.4926224+08:00	0x03	-0.0230	-0.0264	0.2037	0.9784	23.58	356.50	358.03
2026-06-10T14:40:26.5732008+08:00	0x07	-0.5288	0.3968	0.4817	0.5753	99.82	337.19	277.85
2026-06-10T14:40:26.6059090+08:00	0x08	0.4775	-0.1242	-0.8107	-0.3152	153.01	306.40	329.84
2026-06-10T14:40:26.7917299+08:00	0x02	-0.0202	0.0145	0.8747	0.4840	122.11	358.78	357.42
2026-06-10T14:40:26.8368868+08:00	0x04	-0.0136	-0.0326	-0.0302	0.9989	356.59	356.32	358.33
2026-06-10T14:40:27.0241961+08:00	0x03	-0.0230	-0.0264	0.2037	0.9784	23.58	356.50	358.03
2026-06-10T14:40:27.1039783+08:00	0x07	-0.5315	0.3968	0.4782	0.5756	99.83	336.81	277.51
2026-06-10T14:40:27.2400262+08:00	0x08	0.4664	-0.1809	-0.7675	-0.4008	143.94	311.18	319.34
2026-06-10T14:40:27.3199642+08:00	0x09	0.0851	0.4779	-0.2593	0.8350	337.54	54.95	22.95
2026-06-10T14:40:27.3199642+08:00	0x06	-0.6856	-0.0083	0.7249	0.0655	173.88	273.43	355.54
2026-06-10T14:40:27.5659089+08:00	0x03	-0.0230	-0.0264	0.2037	0.9784	23.58	356.50	358.03
2026-06-10T14:40:27.6541883+08:00	0x07	-0.5353	0.4005	0.4745	0.5727	101.51	335.09	276.72
2026-06-10T14:40:27.8062245+08:00	0x08	0.4519	-0.2128	-0.7388	-0.4525	136.40	316.52	313.67
2026-06-10T14:40:27.8426457+08:00	0x09	0.0637	0.4707	-0.2168	0.8529	340.96	54.71	18.23
2026-06-10T14:40:27.9252326+08:00	0x01	-0.0102	-0.0334	0.2526	0.9669	29.28	356.01	359.84
2026-06-10T14:40:28.1571788+08:00	0x03	-0.0230	-0.0264	0.2037	0.9784	23.58	356.50	358.03
2026-06-10T14:40:28.1880966+08:00	0x07	-0.5367	0.4002	0.4736	0.5723	102.36	334.11	276.62
2026-06-10T14:40:28.2553151+08:00	0x08	0.4361	-0.2377	-0.7160	-0.4906	129.32	322.33	309.81
2026-06-10T14:40:28.4039648+08:00	0x06	-0.6878	-0.0049	0.7225	0.0699	173.79	273.09	354.89
2026-06-10T14:40:28.5037109+08:00	0x04	-0.0136	-0.0326	-0.0302	0.9989	356.59	356.32	358.33
2026-06-10T14:40:28.6989547+08:00	0x03	-0.0230	-0.0264	0.2037	0.9784	23.58	356.50	358.03
2026-06-10T14:40:28.7919902+08:00	0x08	0.4243	-0.2475	-0.7041	-0.5129	124.45	326.42	308.40
2026-06-10T14:40:28.9258697+08:00	0x06	-0.6897	-0.0013	0.7202	0.0743	173.71	272.80	354.23
2026-06-10T14:40:28.9560697+08:00	0x02	-0.0202	0.0145	0.8747	0.4840	122.11	358.78	357.43
2026-06-10T14:40:29.2393061+08:00	0x03	-0.0230	-0.0264	0.2037	0.9784	23.58	356.50	358.03
2026-06-10T14:40:29.2722159+08:00	0x07	-0.5369	0.4016	0.4714	0.5730	100.85	335.52	276.37
2026-06-10T14:40:29.3540897+08:00	0x08	0.4199	-0.2611	-0.6903	-0.5282	120.94	329.26	306.48
2026-06-10T14:40:29.5077300+08:00	0x06	-0.6818	0.0033	0.7272	0.0788	173.63	274.05	353.56
2026-06-10T14:40:29.5570039+08:00	0x09	0.0784	0.4591	-0.2087	0.8599	342.33	53.20	19.06
2026-06-10T14:40:29.7757568+08:00	0x03	-0.0230	-0.0264	0.2037	0.9784	23.58	356.50	358.03
2026-06-10T14:40:29.8749341+08:00	0x08	0.4158	-0.2796	-0.6746	-0.5421	117.17	332.62	304.10
2026-06-10T14:40:30.0270450+08:00	0x01	-0.0102	-0.0334	0.2526	0.9669	29.28	356.01	359.84
2026-06-10T14:40:30.1050772+08:00	0x09	0.0657	0.4684	-0.2019	0.8576	342.61	54.57	17.57
2026-06-10T14:40:30.3106794+08:00	0x03	-0.0230	-0.0264	0.2037	0.9784	23.58	356.50	358.03
2026-06-10T14:40:30.3380374+08:00	0x07	-0.5381	0.3904	0.4819	0.5708	108.47	327.90	277.88
2026-06-10T14:40:30.4577758+08:00	0x08	0.4079	-0.2750	-0.6694	-0.5567	113.73	335.06	304.68
2026-06-10T14:40:30.5754460+08:00	0x01	-0.0102	-0.0333	0.2526	0.9669	29.28	356.01	359.84
2026-06-10T14:40:30.7077951+08:00	0x06	-0.6748	-0.0111	0.7349	0.0666	173.50	275.12	355.78
2026-06-10T14:40:30.8546212+08:00	0x04	-0.0136	-0.0325	-0.0302	0.9989	356.59	356.32	358.33
2026-06-10T14:40:30.9315051+08:00	0x07	-0.5368	0.3875	0.4804	0.5752	105.49	330.45	278.15
2026-06-10T14:40:30.9774064+08:00	0x08	0.4025	-0.2774	-0.6644	-0.5654	111.39	337.04	304.54
2026-06-10T14:40:31.0440139+08:00	0x01	-0.0102	-0.0333	0.2526	0.9669	29.28	356.01	359.84
2026-06-10T14:40:31.0879025+08:00	0x02	-0.0202	0.0145	0.8747	0.4840	122.11	358.78	357.42
2026-06-10T14:40:31.1660737+08:00	0x09	0.0525	0.4687	-0.1987	0.8592	342.30	54.71	16.05
2026-06-10T14:40:31.3574321+08:00	0x04	-0.0136	-0.0325	-0.0302	0.9989	356.59	356.32	358.33
2026-06-10T14:40:31.4097845+08:00	0x07	-0.5344	0.3835	0.4858	0.5756	106.10	330.04	278.94
2026-06-10T14:40:31.5424372+08:00	0x08	0.4068	-0.2785	-0.6644	-0.5617	112.37	336.09	304.20
2026-06-10T14:40:31.5709900+08:00	0x01	-0.0102	-0.0334	0.2526	0.9669	29.28	356.01	359.84
2026-06-10T14:40:31.6046227+08:00	0x02	-0.0202	0.0146	0.8747	0.4840	122.11	358.78	357.42
2026-06-10T14:40:31.7000618+08:00	0x09	0.0531	0.4681	-0.1942	0.8604	342.80	54.69	15.85
2026-06-10T14:40:31.8039662+08:00	0x04	-0.0136	-0.0326	-0.0302	0.9989	356.59	356.32	358.33
2026-06-10T14:40:31.9549315+08:00	0x07	-0.5380	0.3951	0.4753	0.5732	104.35	331.80	277.10
2026-06-10T14:40:32.0258737+08:00	0x03	-0.0230	-0.0264	0.2037	0.9784	23.58	356.50	358.03
2026-06-10T14:40:32.1092965+08:00	0x08	0.4004	-0.2822	-0.6634	-0.5656	110.95	337.82	304.17
2026-06-10T14:40:32.1659584+08:00	0x01	-0.0102	-0.0334	0.2526	0.9669	29.28	356.01	359.84
2026-06-10T14:40:32.1954099+08:00	0x02	-0.0202	0.0145	0.8747	0.4840	122.11	358.78	357.42
2026-06-10T14:40:32.2211215+08:00	0x09	0.0539	0.4711	-0.1900	0.8597	343.34	55.13	15.76
2026-06-10T14:40:32.4040803+08:00	0x04	-0.0136	-0.0325	-0.0302	0.9989	356.59	356.32	358.33
2026-06-10T14:40:32.5049121+08:00	0x07	-0.5390	0.3953	0.4763	0.5713	106.38	329.88	277.07
2026-06-10T14:40:32.5657766+08:00	0x03	-0.0230	-0.0264	0.2037	0.9784	23.58	356.50	358.03
2026-06-10T14:40:32.6373563+08:00	0x08	0.3964	-0.2836	-0.6627	-0.5685	110.02	338.86	304.24
2026-06-10T14:40:32.7706108+08:00	0x01	-0.0102	-0.0334	0.2526	0.9669	29.28	356.01	359.84
2026-06-10T14:40:32.7880394+08:00	0x06	-0.6776	-0.0036	0.7319	0.0723	173.62	274.71	354.68
2026-06-10T14:40:32.8433285+08:00	0x09	0.0543	0.4711	-0.1889	0.8599	343.48	55.14	15.75
2026-06-10T14:40:32.8908414+08:00	0x04	-0.0136	-0.0325	-0.0302	0.9989	356.59	356.32	358.33
2026-06-10T14:40:33.0750829+08:00	0x07	-0.5381	0.3967	0.4768	0.5707	106.10	330.36	277.01
2026-06-10T14:40:33.2086451+08:00	0x08	0.3982	-0.2834	-0.6635	-0.5664	110.60	338.34	304.19
2026-06-10T14:40:33.2622652+08:00	0x01	-0.0102	-0.0334	0.2526	0.9669	29.28	356.01	359.84
2026-06-10T14:40:33.2782728+08:00	0x02	-0.0202	0.0145	0.8747	0.4840	122.11	358.78	357.42
2026-06-10T14:40:33.4416586+08:00	0x09	0.0534	0.4720	-0.1835	0.8606	344.02	55.31	15.37
2026-06-10T14:40:33.4670674+08:00	0x04	-0.0136	-0.0325	-0.0302	0.9989	356.59	356.32	358.33
2026-06-10T14:40:33.5905240+08:00	0x07	-0.5352	0.3998	0.4763	0.5717	102.81	333.91	276.87
2026-06-10T14:40:33.7048388+08:00	0x03	-0.0231	-0.0264	0.2037	0.9784	23.58	356.50	358.03
2026-06-10T14:40:33.7615492+08:00	0x08	0.4023	-0.2861	-0.6607	-0.5655	110.84	337.90	303.59
2026-06-10T14:40:33.9268671+08:00	0x02	-0.0202	0.0145	0.8747	0.4840	122.11	358.78	357.42
2026-06-10T14:40:33.9279121+08:00	0x06	-0.6817	-0.0082	0.7283	0.0684	173.61	274.05	355.33
2026-06-10T14:40:34.1102422+08:00	0x07	-0.5398	0.3959	0.4748	0.5714	106.26	329.91	276.90
2026-06-10T14:40:34.1919553+08:00	0x03	-0.0230	-0.0264	0.2037	0.9784	23.58	356.50	358.03
2026-06-10T14:40:34.2807232+08:00	0x04	-0.0136	-0.0325	-0.0302	0.9989	356.59	356.32	358.33
2026-06-10T14:40:34.4266164+08:00	0x06	-0.6841	-0.0146	0.7264	0.0648	173.43	273.66	356.13
2026-06-10T14:40:34.4868099+08:00	0x09	0.0351	0.4787	-0.1805	0.8585	343.50	56.33	13.47
2026-06-10T14:40:34.5346466+08:00	0x04	-0.0136	-0.0325	-0.0302	0.9989	356.59	356.32	358.34
2026-06-10T14:40:34.6752018+08:00	0x07	-0.5447	0.3847	0.4863	0.5647	116.98	319.29	278.40
2026-06-10T14:40:41.5830743+08:00	0x08	0.4205	-0.2764	-0.6580	-0.5602	113.51	333.72	303.39
2026-06-10T14:40:41.5830743+08:00	0x03	-0.0230	-0.0264	0.2037	0.9784	23.58	356.50	358.03
2026-06-10T14:40:41.5830743+08:00	0x01	-0.0102	-0.0333	0.2526	0.9669	29.28	356.01	359.84
2026-06-10T14:40:41.5830743+08:00	0x06	-0.6747	-0.0287	0.7356	0.0534	173.27	275.04	358.29
2026-06-10T14:40:41.5830743+08:00	0x09	0.0266	0.4791	-0.1819	0.8583	342.90	56.42	12.71
2026-06-10T14:40:41.5830743+08:00	0x04	-0.0136	-0.0325	-0.0302	0.9989	356.59	356.32	358.34
2026-06-10T14:40:41.5830743+08:00	0x08	0.4318	-0.2679	-0.6546	-0.5597	114.64	331.24	303.48
2026-06-10T14:40:41.5830743+08:00	0x03	-0.0231	-0.0264	0.2037	0.9784	23.58	356.50	358.03
2026-06-10T14:40:41.5830743+08:00	0x01	-0.0102	-0.0333	0.2526	0.9669	29.28	356.01	359.84
2026-06-10T14:40:41.5830743+08:00	0x09	0.0187	0.4752	-0.1878	0.8594	341.82	55.93	12.15
2026-06-10T14:40:41.5830743+08:00	0x02	-0.0202	0.0145	0.8747	0.4840	122.11	358.77	357.42
2026-06-10T14:40:41.5830743+08:00	0x04	-0.0136	-0.0325	-0.0302	0.9989	356.59	356.32	358.33
2026-06-10T14:40:41.5830743+08:00	0x07	-0.5444	0.3651	0.4948	0.5705	116.27	319.01	280.73
2026-06-10T14:40:41.5830743+08:00	0x03	-0.0231	-0.0264	0.2037	0.9784	23.58	356.50	358.03
2026-06-10T14:40:41.5830743+08:00	0x01	-0.0102	-0.0333	0.2526	0.9669	29.28	356.01	359.84
2026-06-10T14:40:41.5830743+08:00	0x09	0.0216	0.4750	-0.1841	0.8602	342.36	55.91	12.25
2026-06-10T14:40:41.5830743+08:00	0x06	-0.6667	-0.0208	0.7422	0.0645	172.90	276.33	356.84
2026-06-10T14:40:41.5830743+08:00	0x04	-0.0136	-0.0326	-0.0302	0.9989	356.59	356.32	358.33
2026-06-10T14:40:41.5830743+08:00	0x07	-0.5416	0.3645	0.4988	0.5701	115.83	319.83	281.15
2026-06-10T14:40:41.5830743+08:00	0x08	0.4308	-0.2637	-0.6617	-0.5541	116.01	330.43	304.28
2026-06-10T14:40:41.5830743+08:00	0x01	-0.0102	-0.0333	0.2526	0.9669	29.28	356.01	359.84
2026-06-10T14:40:41.5830743+08:00	0x09	0.0233	0.4744	-0.1851	0.8603	342.34	55.81	12.46
2026-06-10T14:40:41.5830743+08:00	0x02	-0.0202	0.0145	0.8747	0.4840	122.11	358.78	357.42
2026-06-10T14:40:41.5830743+08:00	0x07	-0.5412	0.3637	0.5004	0.5696	116.14	319.62	281.33
2026-06-10T14:40:41.5830743+08:00	0x01	-0.0102	-0.0334	0.2526	0.9669	29.28	356.01	359.84
2026-06-10T14:40:41.5830743+08:00	0x09	0.0240	0.4746	-0.1842	0.8604	342.46	55.83	12.48
2026-06-10T14:40:41.5830743+08:00	0x06	-0.6646	-0.0171	0.7440	0.0672	172.94	276.67	356.33
2026-06-10T14:40:41.5830743+08:00	0x04	-0.0136	-0.0325	-0.0302	0.9989	356.59	356.32	358.33
2026-06-10T14:40:41.5830743+08:00	0x07	-0.5402	0.3639	0.4998	0.5710	115.07	320.64	281.31
2026-06-10T14:40:41.5830743+08:00	0x08	0.4302	-0.2612	-0.6653	-0.5515	116.63	330.05	304.72
2026-06-10T14:40:41.5830743+08:00	0x03	-0.0231	-0.0264	0.2037	0.9784	23.58	356.50	358.03
2026-06-10T14:40:41.5830743+08:00	0x01	-0.0102	-0.0334	0.2526	0.9669	29.28	356.01	359.84
2026-06-10T14:40:41.5830743+08:00	0x09	0.0239	0.4750	-0.1842	0.8602	342.46	55.88	12.48
2026-06-10T14:40:41.5830743+08:00	0x06	-0.6640	-0.0183	0.7446	0.0663	172.92	276.77	356.51
2026-06-10T14:40:41.5830743+08:00	0x04	-0.0136	-0.0325	-0.0302	0.9989	356.59	356.32	358.33
2026-06-10T14:40:41.5830743+08:00	0x03	-0.0230	-0.0264	0.2037	0.9784	23.58	356.50	358.03
2026-06-10T14:40:41.5830743+08:00	0x09	0.0253	0.4755	-0.1848	0.8597	342.49	55.93	12.67
2026-06-10T14:40:41.5830743+08:00	0x02	-0.0202	0.0145	0.8747	0.4840	122.11	358.78	357.42
2026-06-10T14:40:41.5830743+08:00	0x01	-0.0102	-0.0333	0.2526	0.9669	29.28	356.01	359.84
2026-06-10T14:40:41.5830743+08:00	0x07	-0.5393	0.3636	0.4997	0.5720	114.32	321.36	281.36
2026-06-10T14:40:41.5830743+08:00	0x03	-0.0230	-0.0264	0.2037	0.9784	23.58	356.50	358.03
2026-06-10T14:40:41.5830743+08:00	0x01	-0.0102	-0.0334	0.2526	0.9669	29.28	356.01	359.84
2026-06-10T14:40:41.5830743+08:00	0x06	-0.6614	-0.0138	0.7467	0.0695	172.97	277.18	355.90
2026-06-10T14:40:41.5830743+08:00	0x04	-0.0136	-0.0325	-0.0302	0.9989	356.59	356.32	358.33
2026-06-10T14:40:41.5830743+08:00	0x07	-0.5388	0.3636	0.5005	0.5719	114.29	321.47	281.43
2026-06-10T14:40:41.5830743+08:00	0x08	0.4262	-0.2602	-0.6679	-0.5519	116.36	330.63	305.12
2026-06-10T14:40:41.5830743+08:00	0x09	0.0285	0.4745	-0.1855	0.8600	342.56	55.77	13.00
2026-06-10T14:40:41.5830743+08:00	0x06	-0.6608	-0.0133	0.7471	0.0705	172.92	277.28	355.80
2026-06-10T14:40:41.5830743+08:00	0x04	-0.0136	-0.0325	-0.0302	0.9989	356.59	356.32	358.33
2026-06-10T14:40:41.5830743+08:00	0x07	-0.5387	0.3631	0.4995	0.5731	113.65	321.97	281.42
2026-06-10T14:40:41.5830743+08:00	0x03	-0.0230	-0.0264	0.2037	0.9784	23.58	356.50	358.03
2026-06-10T14:40:41.5830743+08:00	0x01	-0.0101	-0.0334	0.2526	0.9669	29.28	356.01	359.84
2026-06-10T14:40:41.5830743+08:00	0x08	0.4258	-0.2607	-0.6668	-0.5533	116.02	330.88	305.03
2026-06-10T14:40:41.5830743+08:00	0x09	0.0277	0.4745	-0.1850	0.8602	342.57	55.77	12.90
2026-06-10T14:40:41.5840720+08:00	0x02	-0.0202	0.0145	0.8747	0.4840	122.11	358.78	357.42
2026-06-10T14:40:41.5840720+08:00	0x08	0.4270	-0.2601	-0.6665	-0.5530	116.16	330.63	305.02
2026-06-10T14:40:41.5840720+08:00	0x03	-0.0230	-0.0264	0.2037	0.9784	23.58	356.50	358.03
2026-06-10T14:40:41.5840720+08:00	0x01	-0.0102	-0.0334	0.2526	0.9669	29.28	356.01	359.84
2026-06-10T14:40:41.5840720+08:00	0x06	-0.6600	-0.0149	0.7479	0.0700	172.83	277.40	355.98
2026-06-10T14:40:41.5840720+08:00	0x09	0.0266	0.4744	-0.1843	0.8604	342.58	55.78	12.74
2026-06-10T14:40:41.5840720+08:00	0x07	-0.5392	0.3620	0.5001	0.5728	114.10	321.46	281.53
2026-06-10T14:40:41.5840720+08:00	0x08	0.4264	-0.2603	-0.6671	-0.5527	116.20	330.70	305.06
2026-06-10T14:40:41.5840720+08:00	0x01	-0.0102	-0.0334	0.2526	0.9669	29.28	356.01	359.84
2026-06-10T14:40:41.5840720+08:00	0x04	-0.0136	-0.0325	-0.0302	0.9989	356.59	356.32	358.33
2026-06-10T14:40:41.5840720+08:00	0x06	-0.6594	-0.0119	0.7482	0.0723	172.86	277.50	355.55
2026-06-10T14:40:41.5840720+08:00	0x07	-0.5378	0.3634	0.4990	0.5742	112.77	322.81	281.39
2026-06-10T14:40:41.5840720+08:00	0x03	-0.0230	-0.0264	0.2037	0.9784	23.58	356.50	358.03
2026-06-10T14:40:41.5840720+08:00	0x01	-0.0101	-0.0334	0.2526	0.9669	29.28	356.01	359.84
2026-06-10T14:40:41.6429915+08:00	0x09	0.0283	0.4737	-0.1851	0.8605	342.58	55.67	12.95
2026-06-10T14:40:41.7090067+08:00	0x07	-0.5375	0.3635	0.4990	0.5744	112.56	323.04	281.40
2026-06-10T14:40:41.7934048+08:00	0x08	0.4238	-0.2622	-0.6672	-0.5537	115.78	331.33	305.00
2026-06-10T14:40:41.8400418+08:00	0x03	-0.0230	-0.0264	0.2037	0.9784	23.58	356.50	358.03
2026-06-10T14:40:41.9265949+08:00	0x01	-0.0102	-0.0334	0.2526	0.9669	29.28	356.01	359.84
2026-06-10T14:40:42.1646910+08:00	0x02	-0.0202	0.0145	0.8747	0.4840	122.11	358.78	357.43
2026-06-10T14:40:42.1977571+08:00	0x06	-0.6589	-0.0133	0.7490	0.0684	173.09	277.57	355.97
2026-06-10T14:40:42.2083431+08:00	0x09	0.0283	0.4735	-0.1827	0.8611	342.83	55.67	12.81
2026-06-10T14:40:42.2404906+08:00	0x07	-0.5374	0.3633	0.5017	0.5722	113.83	322.05	281.58
2026-06-10T14:40:42.4176485+08:00	0x08	0.4239	-0.2620	-0.6684	-0.5522	116.10	331.16	305.07
2026-06-10T14:40:42.4435778+08:00	0x03	-0.0230	-0.0264	0.2037	0.9784	23.58	356.50	358.03
2026-06-10T14:40:59.9068312+08:00	0x08	0.4234	-0.2624	-0.6682	-0.5526	115.98	331.30	305.05
2026-06-10T14:40:59.9068312+08:00	0x06	-0.6594	-0.0107	0.7484	0.0702	173.14	277.50	355.61
2026-06-10T14:40:59.9068312+08:00	0x04	-0.0136	-0.0325	-0.0302	0.9989	356.59	356.32	358.33
2026-06-10T14:40:59.9068312+08:00	0x07	-0.5354	0.3652	0.5005	0.5740	112.04	323.89	281.42
2026-06-10T14:40:59.9068312+08:00	0x03	-0.0230	-0.0264	0.2037	0.9784	23.58	356.50	358.03
2026-06-10T14:40:59.9068312+08:00	0x01	-0.0102	-0.0334	0.2526	0.9669	29.28	356.01	359.84
2026-06-10T14:40:59.9068312+08:00	0x02	-0.0202	0.0145	0.8747	0.4840	122.11	358.78	357.42
2026-06-10T14:40:59.9068312+08:00	0x09	0.0310	0.4733	-0.1824	0.8613	343.00	55.62	13.06
2026-06-10T14:40:59.9068312+08:00	0x04	-0.0136	-0.0325	-0.0302	0.9989	356.59	356.32	358.33
2026-06-10T14:40:59.9068312+08:00	0x06	-0.6597	-0.0099	0.7481	0.0707	173.15	277.46	355.50
2026-06-10T14:40:59.9068312+08:00	0x03	-0.0230	-0.0264	0.2037	0.9784	23.58	356.50	358.03
2026-06-10T14:40:59.9068312+08:00	0x08	0.4214	-0.2650	-0.6659	-0.5557	115.10	332.13	304.79
2026-06-10T14:40:59.9068312+08:00	0x09	0.0318	0.4731	-0.1851	0.8608	342.76	55.56	13.29
2026-06-10T14:40:59.9068312+08:00	0x04	-0.0136	-0.0325	-0.0302	0.9989	356.59	356.32	358.33
2026-06-10T14:40:59.9068312+08:00	0x03	-0.0230	-0.0264	0.2037	0.9784	23.58	356.50	358.03
2026-06-10T14:40:59.9068312+08:00	0x01	-0.0102	-0.0334	0.2526	0.9669	29.28	356.01	359.84
2026-06-10T14:40:59.9068312+08:00	0x07	-0.5387	0.3644	0.4980	0.5736	113.11	322.47	281.20
2026-06-10T14:40:59.9068312+08:00	0x09	0.0345	0.4634	-0.1857	0.8658	342.68	54.27	13.40
2026-06-10T14:40:59.9068312+08:00	0x06	-0.6593	-0.0128	0.7484	0.0715	172.86	277.51	355.70
2026-06-10T14:40:59.9068312+08:00	0x03	-0.0230	-0.0264	0.2037	0.9784	23.58	356.50	358.03
2026-06-10T14:40:59.9068312+08:00	0x07	-0.5377	0.3671	0.4962	0.5744	111.96	323.69	280.89
2026-06-10T14:40:59.9068312+08:00	0x01	-0.0102	-0.0334	0.2526	0.9669	29.28	356.01	359.84
2026-06-10T14:40:59.9068312+08:00	0x09	0.0356	0.4626	-0.1849	0.8663	342.82	54.16	13.46
2026-06-10T14:40:59.9068312+08:00	0x02	-0.0202	0.0145	0.8747	0.4840	122.11	358.78	357.42
2026-06-10T14:40:59.9068312+08:00	0x06	-0.6598	-0.0119	0.7479	0.0716	172.92	277.43	355.60
2026-06-10T14:40:59.9068312+08:00	0x04	-0.0136	-0.0325	-0.0302	0.9989	356.59	356.32	358.33
2026-06-10T14:40:59.9068312+08:00	0x07	-0.5379	0.3667	0.4980	0.5729	113.00	322.80	281.03
2026-06-10T14:40:59.9068312+08:00	0x03	-0.0230	-0.0264	0.2037	0.9784	23.58	356.50	358.03
2026-06-10T14:40:59.9068312+08:00	0x09	0.0329	0.4622	-0.1794	0.8678	343.25	54.18	12.88
2026-06-10T14:40:59.9068312+08:00	0x04	-0.0136	-0.0326	-0.0302	0.9989	356.59	356.32	358.33
2026-06-10T14:40:59.9068312+08:00	0x07	-0.5338	0.3721	0.4978	0.5734	110.66	325.66	280.70
2026-06-10T14:40:59.9068312+08:00	0x08	0.4307	-0.2755	-0.6640	-0.5457	117.40	330.39	303.30
2026-06-10T14:40:59.9068312+08:00	0x02	-0.0202	0.0145	0.8747	0.4840	122.11	358.78	357.42
2026-06-10T14:40:59.9068312+08:00	0x04	-0.0136	-0.0325	-0.0302	0.9989	356.59	356.32	358.33
2026-06-10T14:40:59.9068312+08:00	0x06	-0.6595	-0.0058	0.7480	0.0740	173.18	277.51	354.89
2026-06-10T14:40:59.9068312+08:00	0x03	-0.0230	-0.0264	0.2037	0.9784	23.58	356.50	358.03
2026-06-10T14:40:59.9068312+08:00	0x07	-0.5348	0.3699	0.4966	0.5750	110.35	325.61	280.78
2026-06-10T14:40:59.9068312+08:00	0x09	0.0362	0.4622	-0.1814	0.8672	343.20	54.14	13.33
2026-06-10T14:40:59.9068312+08:00	0x06	-0.6591	-0.0106	0.7486	0.0714	173.04	277.55	355.51
2026-06-10T14:40:59.9068312+08:00	0x04	-0.0136	-0.0325	-0.0302	0.9989	356.59	356.32	358.33
2026-06-10T14:40:59.9068312+08:00	0x07	-0.5369	0.3686	0.4970	0.5734	112.09	323.80	280.83
2026-06-10T14:40:59.9068312+08:00	0x01	-0.0102	-0.0334	0.2526	0.9669	29.28	356.01	359.84
2026-06-10T14:40:59.9068312+08:00	0x02	-0.0202	0.0145	0.8747	0.4840	122.11	358.78	357.42
2026-06-10T14:40:59.9068312+08:00	0x09	0.0353	0.4632	-0.1817	0.8667	343.14	54.27	13.27
2026-06-10T14:40:59.9068312+08:00	0x04	-0.0136	-0.0325	-0.0302	0.9989	356.59	356.32	358.33
2026-06-10T14:40:59.9078276+08:00	0x03	-0.0230	-0.0264	0.2037	0.9784	23.58	356.50	358.03
2026-06-10T14:40:59.9078276+08:00	0x07	-0.5370	0.3691	0.4952	0.5746	111.27	324.46	280.68
2026-06-10T14:40:59.9078276+08:00	0x01	-0.0102	-0.0334	0.2526	0.9669	29.28	356.01	359.84
2026-06-10T14:40:59.9078276+08:00	0x09	0.0360	0.4635	-0.1831	0.8662	343.03	54.29	13.42
2026-06-10T14:40:59.9078276+08:00	0x06	-0.6582	-0.0094	0.7490	0.0758	172.74	277.70	355.09
2026-06-10T14:40:59.9078276+08:00	0x04	-0.0136	-0.0326	-0.0302	0.9989	356.59	356.32	358.34
2026-06-10T14:40:59.9078276+08:00	0x03	-0.0230	-0.0264	0.2037	0.9784	23.58	356.50	358.03
2026-06-10T14:40:59.9078276+08:00	0x07	-0.5373	0.3686	0.4954	0.5745	111.50	324.21	280.72
2026-06-10T14:40:59.9078276+08:00	0x01	-0.0102	-0.0334	0.2526	0.9669	29.28	356.01	359.84
2026-06-10T14:40:59.9078276+08:00	0x09	0.0363	0.4635	-0.1827	0.8663	343.09	54.29	13.44
2026-06-10T14:40:59.9078276+08:00	0x02	-0.0202	0.0145	0.8747	0.4840	122.11	358.78	357.42
2026-06-10T14:40:59.9078276+08:00	0x06	-0.6583	-0.0082	0.7489	0.0758	172.83	277.68	354.98
2026-06-10T14:40:59.9078276+08:00	0x04	-0.0136	-0.0325	-0.0302	0.9989	356.59	356.32	358.34
2026-06-10T14:40:59.9078276+08:00	0x03	-0.0230	-0.0264	0.2037	0.9784	23.58	356.50	358.03
2026-06-10T14:40:59.9078276+08:00	0x07	-0.5369	0.3688	0.4962	0.5740	111.64	324.18	280.77
2026-06-10T14:40:59.9078276+08:00	0x01	-0.0102	-0.0334	0.2526	0.9669	29.28	356.01	359.84
2026-06-10T14:40:59.9078276+08:00	0x02	-0.0202	0.0145	0.8747	0.4840	122.11	358.78	357.42
2026-06-10T14:40:59.9078276+08:00	0x06	-0.6557	-0.0142	0.7518	0.0691	172.95	278.06	356.03
2026-06-10T14:40:59.9078276+08:00	0x03	-0.0230	-0.0264	0.2037	0.9784	23.58	356.50	358.03
2026-06-10T14:40:59.9078276+08:00	0x07	-0.5390	0.3710	0.4959	0.5709	113.66	322.33	280.46
2026-06-10T14:40:59.9078276+08:00	0x01	-0.0102	-0.0334	0.2526	0.9669	29.28	356.01	359.84
2026-06-10T14:40:59.9078276+08:00	0x02	-0.0202	0.0145	0.8747	0.4840	122.11	358.78	357.42
2026-06-10T14:40:59.9078276+08:00	0x09	0.0318	0.4599	-0.1740	0.8702	343.73	53.93	12.44
2026-06-10T14:40:59.9078276+08:00	0x06	-0.6535	-0.0273	0.7547	0.0503	173.59	278.30	358.60
2026-06-10T14:40:59.9078276+08:00	0x04	-0.0136	-0.0326	-0.0302	0.9989	356.59	356.32	358.34
2026-06-10T14:40:59.9078276+08:00	0x03	-0.0230	-0.0264	0.2037	0.9784	23.58	356.50	358.03
2026-06-10T14:40:59.9078276+08:00	0x01	-0.0102	-0.0334	0.2526	0.9669	29.28	356.01	359.84
2026-06-10T14:40:59.9078276+08:00	0x09	0.0322	0.4599	-0.1741	0.8702	343.74	53.92	12.48
2026-06-10T14:40:59.9078276+08:00	0x06	-0.6551	-0.0246	0.7531	0.0561	173.30	278.08	357.91
2026-06-10T14:40:59.9078276+08:00	0x03	-0.0230	-0.0264	0.2037	0.9784	23.58	356.50	358.03
2026-06-10T14:40:59.9078276+08:00	0x07	-0.5419	0.3610	0.5072	0.5646	119.26	316.97	282.01
2026-06-10T14:40:59.9078276+08:00	0x08	0.4508	-0.2738	-0.6606	-0.5344	121.29	325.68	302.50
2026-06-10T14:40:59.9078276+08:00	0x02	-0.0202	0.0145	0.8747	0.4840	122.11	358.78	357.43
2026-06-10T14:40:59.9078276+08:00	0x06	-0.6564	-0.0261	0.7518	0.0568	173.12	277.88	357.98
2026-06-10T14:40:59.9078276+08:00	0x04	-0.0136	-0.0326	-0.0302	0.9989	356.59	356.32	358.33
2026-06-10T14:40:59.9078276+08:00	0x07	-0.5450	0.3548	0.5104	0.5626	121.55	314.44	282.71
2026-06-10T14:40:59.9078276+08:00	0x01	-0.0102	-0.0334	0.2526	0.9669	29.28	356.01	359.84
2026-06-10T14:40:59.9078276+08:00	0x06	-0.6555	-0.0273	0.7526	0.0564	173.07	278.00	358.12
2026-06-10T14:40:59.9078276+08:00	0x03	-0.0230	-0.0264	0.2037	0.9784	23.58	356.50	358.04
2026-06-10T14:40:59.9078276+08:00	0x07	-0.5451	0.3534	0.5117	0.5623	121.81	314.19	282.93
2026-06-10T14:40:59.9078276+08:00	0x01	-0.0101	-0.0334	0.2526	0.9669	29.28	356.01	359.84
2026-06-10T14:40:59.9078276+08:00	0x08	0.4529	-0.2699	-0.6634	-0.5310	122.26	324.72	302.96
2026-06-10T14:40:59.9078276+08:00	0x09	0.0307	0.4636	-0.1796	0.8671	343.14	54.38	12.70
2026-06-10T14:40:59.9078276+08:00	0x06	-0.6549	-0.0290	0.7534	0.0524	173.28	278.09	358.57
2026-06-10T14:40:59.9078276+08:00	0x04	-0.0136	-0.0325	-0.0302	0.9989	356.59	356.32	358.34
2026-06-10T14:40:59.9078276+08:00	0x07	-0.5447	0.3538	0.5138	0.5604	122.55	313.72	283.06
2026-06-10T14:40:59.9078276+08:00	0x01	-0.0101	-0.0334	0.2526	0.9669	29.28	356.01	359.84
2026-06-10T14:40:59.9078276+08:00	0x02	-0.0202	0.0145	0.8747	0.4840	122.11	358.78	357.42
2026-06-10T14:40:59.9078276+08:00	0x06	-0.6546	-0.0288	0.7538	0.0498	173.52	278.12	358.75
2026-06-10T14:40:59.9078276+08:00	0x03	-0.0230	-0.0264	0.2037	0.9784	23.58	356.50	358.03
2026-06-10T14:40:59.9078276+08:00	0x07	-0.5444	0.3556	0.5136	0.5599	122.61	313.80	282.89
2026-06-10T14:40:59.9078276+08:00	0x08	0.4537	-0.2686	-0.6658	-0.5279	123.00	324.18	303.20
2026-06-10T14:40:59.9078276+08:00	0x02	-0.0202	0.0145	0.8747	0.4840	122.11	358.77	357.42
2026-06-10T14:40:59.9078276+08:00	0x01	-0.0102	-0.0333	0.2526	0.9669	29.28	356.01	359.84
2026-06-10T14:40:59.9078276+08:00	0x04	-0.0136	-0.0326	-0.0302	0.9989	356.59	356.32	358.33
2026-06-10T14:40:59.9078276+08:00	0x08	0.4534	-0.2687	-0.6661	-0.5278	123.01	324.22	303.22
2026-06-10T14:40:59.9078276+08:00	0x03	-0.0230	-0.0264	0.2037	0.9784	23.58	356.50	358.03
2026-06-10T14:40:59.9078276+08:00	0x02	-0.0202	0.0145	0.8747	0.4840	122.11	358.78	357.42
2026-06-10T14:40:59.9078276+08:00	0x06	-0.6541	-0.0278	0.7542	0.0504	173.54	278.21	358.62
2026-06-10T14:40:59.9088257+08:00	0x03	-0.0230	-0.0264	0.2037	0.9784	23.58	356.49	358.03
2026-06-10T14:40:59.9088257+08:00	0x07	-0.5442	0.3551	0.5141	0.5599	122.57	313.84	282.97
2026-06-10T14:40:59.9088257+08:00	0x09	0.0333	0.4637	-0.1768	0.8675	343.57	54.39	12.81
2026-06-10T14:40:59.9088257+08:00	0x06	-0.6544	-0.0255	0.7539	0.0533	173.47	278.19	358.21
2026-06-10T14:40:59.9088257+08:00	0x03	-0.0230	-0.0264	0.2037	0.9784	23.58	356.50	358.03
2026-06-10T14:40:59.9088257+08:00	0x07	-0.5451	0.3555	0.5125	0.5602	122.66	313.63	282.81
2026-06-10T14:40:59.9088257+08:00	0x02	-0.0202	0.0145	0.8747	0.4840	122.11	358.78	357.42
2026-06-10T14:40:59.9088257+08:00	0x09	0.0344	0.4624	-0.1773	0.8681	343.56	54.20	12.93
2026-06-10T14:40:59.9088257+08:00	0x06	-0.6565	-0.0177	0.7516	0.0615	173.34	277.91	356.90
2026-06-10T14:40:59.9088257+08:00	0x03	-0.0230	-0.0264	0.2037	0.9784	23.58	356.50	358.03
2026-06-10T14:40:59.9088257+08:00	0x07	-0.5412	0.3615	0.5066	0.5655	118.58	317.64	281.94
2026-06-10T14:40:59.9088257+08:00	0x08	0.4457	-0.2731	-0.6657	-0.5326	121.34	326.29	303.04
2026-06-10T14:40:59.9088257+08:00	0x02	-0.0202	0.0145	0.8747	0.4840	122.11	358.78	357.42
2026-06-10T14:40:59.9088257+08:00	0x01	-0.0102	-0.0334	0.2526	0.9669	29.28	356.00	359.83
2026-06-10T14:40:59.9088257+08:00	0x06	-0.6566	-0.0145	0.7517	0.0607	173.66	277.91	356.68
2026-06-10T14:40:59.9088257+08:00	0x03	-0.0230	-0.0264	0.2037	0.9784	23.58	356.49	358.03
2026-06-10T14:40:59.9088257+08:00	0x07	-0.5400	0.3640	0.5078	0.5640	118.83	317.77	281.83
2026-06-10T14:40:59.9088257+08:00	0x08	0.4401	-0.2776	-0.6649	-0.5358	120.12	327.89	302.78
2026-06-10T14:40:59.9088257+08:00	0x09	0.0403	0.4613	-0.1740	0.8691	344.18	54.05	13.33
2026-06-10T14:40:59.9088257+08:00	0x01	-0.0102	-0.0334	0.2526	0.9669	29.28	356.01	359.84
2026-06-10T14:40:59.9088257+08:00	0x06	-0.6564	-0.0102	0.7516	0.0637	173.72	277.95	356.09
2026-06-10T14:40:59.9088257+08:00	0x03	-0.0230	-0.0264	0.2037	0.9784	23.58	356.49	358.03
2026-06-10T14:40:59.9088257+08:00	0x04	-0.0136	-0.0325	-0.0302	0.9989	356.59	356.32	358.33
2026-06-10T14:40:59.9088257+08:00	0x08	0.4385	-0.2794	-0.6633	-0.5382	119.43	328.54	302.57
2026-06-10T14:40:59.9088257+08:00	0x02	-0.0202	0.0145	0.8747	0.4840	122.11	358.78	357.42
2026-06-10T14:40:59.9088257+08:00	0x09	0.0403	0.4611	-0.1729	0.8694	344.30	54.04	13.26
2026-06-10T14:40:59.9088257+08:00	0x01	-0.0102	-0.0333	0.2526	0.9669	29.28	356.01	359.83
2026-06-10T14:40:59.9088257+08:00	0x04	-0.0136	-0.0325	-0.0302	0.9989	356.59	356.32	358.33
2026-06-10T14:40:59.9088257+08:00	0x03	-0.0230	-0.0264	0.2037	0.9784	23.58	356.49	358.03
2026-06-10T14:40:59.9088257+08:00	0x08	0.4355	-0.2805	-0.6629	-0.5405	118.68	329.38	302.57
2026-06-10T14:40:59.9088257+08:00	0x02	-0.0202	0.0145	0.8747	0.4840	122.11	358.78	357.42
2026-06-10T14:40:59.9088257+08:00	0x09	0.0412	0.4607	-0.1728	0.8696	344.34	53.98	13.35
2026-06-10T14:40:59.9088257+08:00	0x06	-0.6555	-0.0089	0.7525	0.0633	173.84	278.09	356.01
2026-06-10T14:40:59.9088257+08:00	0x03	-0.0230	-0.0264	0.2037	0.9784	23.58	356.49	358.03
2026-06-10T14:40:59.9088257+08:00	0x07	-0.5358	0.3696	0.5045	0.5673	115.26	321.53	281.25
2026-06-10T14:40:59.9088257+08:00	0x04	-0.0136	-0.0325	-0.0302	0.9989	356.59	356.32	358.33
2026-06-10T14:40:59.9088257+08:00	0x01	-0.0102	-0.0333	0.2526	0.9669	29.28	356.01	359.84
2026-06-10T14:40:59.9088257+08:00	0x09	0.0413	0.4606	-0.1720	0.8698	344.43	53.98	13.32
2026-06-10T14:40:59.9088257+08:00	0x06	-0.6551	-0.0082	0.7528	0.0635	173.87	278.16	355.94
2026-06-10T14:40:59.9088257+08:00	0x03	-0.0230	-0.0264	0.2037	0.9784	23.58	356.49	358.03
2026-06-10T14:40:59.9088257+08:00	0x07	-0.5319	0.3733	0.5012	0.5714	111.22	325.57	280.86
2026-06-10T14:40:59.9088257+08:00	0x01	-0.0102	-0.0334	0.2526	0.9669	29.28	356.01	359.84
2026-06-10T14:40:59.9088257+08:00	0x09	0.0412	0.4605	-0.1721	0.8698	344.42	53.97	13.31
2026-06-10T14:40:59.9088257+08:00	0x06	-0.6554	-0.0085	0.7525	0.0645	173.78	278.11	355.88
2026-06-10T14:40:59.9088257+08:00	0x03	-0.0230	-0.0264	0.2037	0.9784	23.58	356.49	358.03
2026-06-10T14:40:59.9088257+08:00	0x08	0.4338	-0.2823	-0.6605	-0.5439	117.73	330.19	302.34
2026-06-10T14:40:59.9088257+08:00	0x01	-0.0102	-0.0333	0.2526	0.9669	29.28	356.01	359.84
2026-06-10T14:40:59.9088257+08:00	0x09	0.0393	0.4609	-0.1741	0.8693	344.11	54.01	13.23
2026-06-10T14:40:59.9088257+08:00	0x06	-0.6556	-0.0078	0.7518	0.0700	173.35	278.08	355.41
2026-06-10T14:40:59.9088257+08:00	0x03	-0.0230	-0.0264	0.2037	0.9784	23.58	356.50	358.04
2026-06-10T14:40:59.9088257+08:00	0x07	-0.5399	0.3683	0.4985	0.5695	115.19	320.81	280.83
2026-06-10T14:40:59.9088257+08:00	0x01	-0.0102	-0.0333	0.2526	0.9669	29.28	356.01	359.84
2026-06-10T14:40:59.9088257+08:00	0x09	0.0381	0.4610	-0.1766	0.8688	343.79	54.01	13.23
2026-06-10T14:40:59.9088257+08:00	0x02	-0.0202	0.0146	0.8747	0.4840	122.11	358.78	357.42
2026-06-10T14:40:59.9088257+08:00	0x06	-0.6551	-0.0091	0.7523	0.0698	173.26	278.16	355.54
2026-06-10T14:40:59.9088257+08:00	0x03	-0.0230	-0.0264	0.2037	0.9784	23.58	356.49	358.03
2026-06-10T14:40:59.9088257+08:00	0x07	-0.5403	0.3675	0.4998	0.5686	115.95	320.11	280.98
2026-06-10T14:40:59.9098217+08:00	0x08	0.4358	-0.2807	-0.6603	-0.5434	118.04	329.68	302.40
2026-06-10T14:40:59.9098217+08:00	0x02	-0.0202	0.0145	0.8747	0.4840	122.11	358.78	357.42
2026-06-10T14:40:59.9098217+08:00	0x01	-0.0102	-0.0333	0.2526	0.9669	29.28	356.01	359.84
2026-06-10T14:40:59.9098217+08:00	0x06	-0.6556	-0.0060	0.7517	0.0713	173.36	278.10	355.16
2026-06-10T14:40:59.9098217+08:00	0x09	0.0390	0.4607	-0.1748	0.8693	344.02	53.98	13.23
2026-06-10T14:40:59.9098217+08:00	0x03	-0.0230	-0.0264	0.2037	0.9784	23.58	356.49	358.03
2026-06-10T14:40:59.9098217+08:00	0x08	0.4341	-0.2822	-0.6601	-0.5442	117.68	330.18	302.32
2026-06-10T14:40:59.9098217+08:00	0x02	-0.0202	0.0145	0.8747	0.4840	122.11	358.78	357.42
2026-06-10T14:40:59.9098217+08:00	0x01	-0.0102	-0.0333	0.2526	0.9669	29.28	356.01	359.84
2026-06-10T14:40:59.9098217+08:00	0x09	0.0397	0.4606	-0.1745	0.8694	344.09	53.96	13.28
2026-06-10T14:40:59.9098217+08:00	0x06	-0.6556	-0.0055	0.7517	0.0720	173.34	278.10	355.06
2026-06-10T14:40:59.9098217+08:00	0x03	-0.0230	-0.0264	0.2037	0.9784	23.58	356.49	358.03
2026-06-10T14:40:59.9098217+08:00	0x07	-0.5394	0.3700	0.4982	0.5692	114.99	321.14	280.68
2026-06-10T14:41:00.0281003+08:00	0x02	-0.0202	0.0145	0.8747	0.4840	122.11	358.78	357.42
2026-06-10T14:41:00.0668518+08:00	0x01	-0.0102	-0.0334	0.2526	0.9669	29.28	356.01	359.84
2026-06-10T14:41:00.2507947+08:00	0x06	-0.6554	-0.0052	0.7518	0.0730	173.27	278.13	354.96
2026-06-10T14:41:00.3621065+08:00	0x03	-0.0230	-0.0264	0.2037	0.9784	23.58	356.49	358.03
2026-06-10T14:41:00.4156710+08:00	0x07	-0.5411	0.3696	0.4975	0.5684	115.96	320.05	280.61
2026-06-10T14:41:00.5112141+08:00	0x04	-0.0136	-0.0325	-0.0302	0.9989	356.59	356.32	358.33
2026-06-10T14:41:00.5936879+08:00	0x09	0.0372	0.4608	-0.1736	0.8696	344.06	54.01	12.98
2026-06-10T14:41:00.6280448+08:00	0x01	-0.0102	-0.0334	0.2526	0.9669	29.28	356.01	359.84
2026-06-10T14:41:00.8120856+08:00	0x06	-0.6584	-0.0074	0.7490	0.0739	173.05	277.67	355.05
2026-06-10T14:41:00.8944696+08:00	0x08	0.4416	-0.2794	-0.6585	-0.5416	118.86	328.44	302.19
2026-06-10T14:41:01.0198560+08:00	0x07	-0.5408	0.3778	0.4890	0.5707	112.94	322.96	279.34
2026-06-10T14:41:01.0610505+08:00	0x04	-0.0136	-0.0325	-0.0302	0.9989	356.59	356.32	358.33
2026-06-10T14:41:01.1285764+08:00	0x02	-0.0202	0.0145	0.8747	0.4840	122.11	358.78	357.42
2026-06-10T14:41:01.1441220+08:00	0x01	-0.0102	-0.0334	0.2526	0.9669	29.28	356.00	359.84
2026-06-10T14:41:01.3000499+08:00	0x06	-0.6562	-0.0219	0.7522	0.0562	173.49	277.93	357.66
2026-06-10T14:41:01.4451335+08:00	0x03	-0.0230	-0.0264	0.2037	0.9784	23.58	356.50	358.04
2026-06-10T14:41:01.5447360+08:00	0x07	-0.5535	0.3931	0.4686	0.5653	118.73	316.48	276.19
2026-06-10T14:41:01.5937500+08:00	0x04	-0.0136	-0.0325	-0.0302	0.9989	356.59	356.32	358.34
2026-06-10T14:41:01.6573647+08:00	0x09	0.0374	0.5996	-0.1830	0.7782	345.54	73.17	16.12
2026-06-10T14:41:01.9111398+08:00	0x06	-0.6669	0.0083	0.7404	0.0838	173.46	276.39	352.88
2026-06-10T14:41:01.9644865+08:00	0x03	-0.0230	-0.0264	0.2037	0.9784	23.58	356.50	358.03
2026-06-10T14:41:01.9946778+08:00	0x08	0.4854	-0.3479	-0.6207	-0.5080	129.53	319.02	292.32
2026-06-10T14:41:02.0945467+08:00	0x07	-0.5483	0.3789	0.4900	0.5619	121.04	315.05	279.08
2026-06-10T14:41:02.1958300+08:00	0x09	0.0609	0.7225	-0.2056	0.6572	348.65	93.19	22.15
2026-06-10T14:41:02.2483151+08:00	0x04	-0.0136	-0.0325	-0.0302	0.9989	356.59	356.32	358.33
2026-06-10T14:41:02.3827681+08:00	0x06	-0.6871	0.0095	0.7241	0.0587	175.86	273.20	354.58
2026-06-10T14:41:02.5125495+08:00	0x03	-0.0230	-0.0264	0.2037	0.9784	23.58	356.50	358.03
2026-06-10T14:41:02.6288128+08:00	0x07	-0.5317	0.4017	0.5088	0.5450	123.11	317.32	278.75
2026-06-10T14:41:02.7090976+08:00	0x01	-0.0102	-0.0333	0.2526	0.9669	29.28	356.01	359.83
2026-06-10T14:41:02.7460214+08:00	0x09	0.0634	0.7165	-0.1687	0.6739	351.70	92.11	19.10
2026-06-10T14:41:02.9112100+08:00	0x06	-0.6793	-0.0008	0.7334	0.0272	177.65	274.43	357.95
2026-06-10T14:41:03.0506804+08:00	0x03	-0.0230	-0.0264	0.2037	0.9784	23.58	356.50	358.03
2026-06-10T14:41:03.1616528+08:00	0x07	-0.5307	0.4013	0.5218	0.5339	129.38	312.48	279.78
2026-06-10T14:41:03.2780025+08:00	0x04	-0.0136	-0.0325	-0.0302	0.9989	356.59	356.32	358.33
2026-06-10T14:41:03.3828701+08:00	0x09	0.0755	0.7217	-0.1683	0.6672	352.93	93.25	20.10
2026-06-10T14:41:03.6451366+08:00	0x03	-0.0230	-0.0264	0.2037	0.9784	23.58	356.50	358.03
2026-06-10T14:41:03.6827946+08:00	0x08	0.6001	-0.4251	-0.5645	-0.3748	193.69	257.17	291.59
2026-06-10T14:41:03.7457358+08:00	0x07	-0.5312	0.4030	0.5213	0.5327	130.26	311.71	279.60
2026-06-10T14:41:03.8612957+08:00	0x09	0.0824	0.7225	-0.1735	0.6641	353.15	93.55	21.11
2026-06-10T14:41:03.8952980+08:00	0x01	-0.0102	-0.0334	0.2526	0.9669	29.28	356.00	359.83
2026-06-10T14:41:04.0592107+08:00	0x06	-0.6815	-0.0065	0.7316	0.0161	178.15	274.07	359.29
2026-06-10T14:41:04.1939268+08:00	0x03	-0.0230	-0.0264	0.2037	0.9784	23.58	356.50	358.03
2026-06-10T14:41:04.2959754+08:00	0x07	-0.5301	0.4029	0.5218	0.5332	129.53	312.50	279.65
2026-06-10T14:41:04.3943514+08:00	0x09	0.0914	0.7213	-0.1811	0.6622	353.29	93.56	22.47
2026-06-10T14:41:04.5611639+08:00	0x06	-0.6812	-0.0075	0.7319	0.0147	178.17	274.12	359.48
2026-06-10T14:41:04.7616731+08:00	0x02	-0.0202	0.0145	0.8747	0.4840	122.11	358.78	357.42
2026-06-10T14:41:04.8300581+08:00	0x07	-0.5298	0.3997	0.5258	0.5321	130.02	312.13	280.24
2026-06-10T14:41:04.9118628+08:00	0x03	-0.0230	-0.0264	0.2037	0.9784	23.58	356.50	358.04
2026-06-10T14:41:04.9792051+08:00	0x01	-0.0102	-0.0333	0.2526	0.9669	29.28	356.01	359.83
2026-06-10T14:41:05.0114093+08:00	0x09	0.0981	0.7212	-0.1847	0.6604	353.59	93.71	23.32
2026-06-10T14:41:05.1452022+08:00	0x06	-0.6860	-0.0075	0.7275	0.0122	178.39	273.37	359.67
2026-06-10T14:41:05.3290887+08:00	0x03	-0.0230	-0.0264	0.2037	0.9784	23.58	356.50	358.04
2026-06-10T14:41:05.3622046+08:00	0x07	-0.5286	0.4046	0.5225	0.5328	129.09	313.18	279.57
2026-06-10T14:41:05.5360391+08:00	0x09	0.0992	0.7237	-0.1851	0.6574	353.75	94.20	23.47
2026-06-10T14:41:05.5783149+08:00	0x01	-0.0102	-0.0333	0.2526	0.9669	29.28	356.01	359.83
2026-06-10T14:41:05.6481680+08:00	0x06	-0.6848	-0.0128	0.7285	0.0089	178.25	273.53	0.36
2026-06-10T14:41:05.8363044+08:00	0x08	0.6759	-0.3096	-0.6171	-0.2581	188.42	261.13	313.04
2026-06-10T14:41:05.9181454+08:00	0x03	-0.0230	-0.0264	0.2037	0.9784	23.58	356.50	358.03
2026-06-10T14:41:05.9627766+08:00	0x04	-0.0136	-0.0325	-0.0302	0.9989	356.59	356.32	358.33
2026-06-10T14:41:06.0335588+08:00	0x01	-0.0102	-0.0333	0.2526	0.9669	29.28	356.01	359.84
2026-06-10T14:41:06.2234359+08:00	0x06	-0.6814	-0.0058	0.7316	0.0215	177.75	274.09	358.81
2026-06-10T14:41:06.4084607+08:00	0x03	-0.0230	-0.0264	0.2037	0.9784	23.58	356.50	358.04
2026-06-10T14:41:06.5107640+08:00	0x07	-0.5344	0.4103	0.5151	0.5299	133.42	308.59	278.51
2026-06-10T14:41:06.5947952+08:00	0x09	0.1042	0.7240	-0.1871	0.6557	354.05	94.40	24.05
2026-06-10T14:41:06.8002734+08:00	0x06	-0.6853	-0.0005	0.7278	0.0257	177.82	273.49	358.02
2026-06-10T14:41:06.9292720+08:00	0x03	-0.0230	-0.0264	0.2037	0.9784	23.58	356.50	358.04
2026-06-10T14:41:06.9502155+08:00	0x08	0.6868	-0.2786	-0.6321	-0.2263	187.42	262.43	318.47
2026-06-10T14:41:07.0799077+08:00	0x02	-0.0202	0.0145	0.8747	0.4840	122.11	358.78	357.42
2026-06-10T14:41:07.1621035+08:00	0x09	0.1061	0.7256	-0.1858	0.6540	354.40	94.74	24.11
2026-06-10T14:41:07.2997488+08:00	0x07	-0.5325	0.4126	0.5151	0.5299	132.60	309.66	278.32
2026-06-10T14:41:07.3490923+08:00	0x06	-0.6902	-0.0065	0.7234	0.0190	177.90	272.71	359.04
2026-06-10T14:41:07.5118978+08:00	0x08	0.7056	-0.2398	-0.6398	-0.1878	186.86	262.23	325.12
2026-06-10T14:41:07.5458031+08:00	0x03	-0.0230	-0.0264	0.2037	0.9784	23.58	356.50	358.04
2026-06-10T14:41:07.6287726+08:00	0x07	-0.5318	0.4151	0.5116	0.5321	130.91	311.20	277.82
2026-06-10T14:41:07.6457274+08:00	0x04	-0.0136	-0.0325	-0.0302	0.9989	356.59	356.32	358.33
2026-06-10T14:41:07.7460210+08:00	0x01	-0.0102	-0.0334	0.2526	0.9669	29.28	356.01	359.84
2026-06-10T14:41:07.9096074+08:00	0x06	-0.6853	-0.0051	0.7280	0.0172	178.17	273.47	359.07
2026-06-10T14:41:07.9790551+08:00	0x08	0.7196	-0.1843	-0.6552	-0.1379	185.40	263.38	333.91
2026-06-10T14:41:08.0025785+08:00	0x03	-0.0230	-0.0264	0.2037	0.9784	23.58	356.50	358.03
2026-06-10T14:41:08.1728143+08:00	0x02	-0.0202	0.0145	0.8747	0.4840	122.11	358.78	357.43
2026-06-10T14:41:08.1728254+08:00	0x07	-0.5317	0.4136	0.5141	0.5309	131.61	310.64	278.15
2026-06-10T14:41:08.2119198+08:00	0x01	-0.0102	-0.0334	0.2526	0.9669	29.28	356.01	359.84
2026-06-10T14:41:08.4252753+08:00	0x06	-0.6855	-0.0088	0.7280	0.0116	178.34	273.45	359.82
2026-06-10T14:41:08.5536862+08:00	0x03	-0.0230	-0.0264	0.2037	0.9784	23.58	356.50	358.04
2026-06-10T14:41:08.6986276+08:00	0x07	-0.5307	0.4139	0.5158	0.5301	131.61	310.85	278.26
2026-06-10T14:41:08.7303315+08:00	0x02	-0.0202	0.0145	0.8747	0.4840	122.11	358.78	357.43
2026-06-10T14:41:08.7834470+08:00	0x01	-0.0102	-0.0334	0.2526	0.9669	29.28	356.01	359.84
2026-06-10T14:41:08.9929380+08:00	0x06	-0.6888	-0.0113	0.7248	0.0064	178.58	272.91	0.43
2026-06-10T14:41:09.0629063+08:00	0x08	0.7192	-0.1860	-0.6548	-0.1394	185.44	263.35	333.64
2026-06-10T14:41:09.0962966+08:00	0x03	-0.0230	-0.0264	0.2037	0.9784	23.58	356.50	358.04
2026-06-10T14:41:09.2458691+08:00	0x02	-0.0202	0.0145	0.8747	0.4840	122.11	358.78	357.43
2026-06-10T14:41:09.2797726+08:00	0x09	0.1058	0.7326	-0.1804	0.6477	355.07	96.01	23.67
2026-06-10T14:41:09.3283686+08:00	0x07	-0.5329	0.4122	0.5205	0.5246	135.83	306.99	278.81
2026-06-10T14:41:09.5460203+08:00	0x06	-0.6878	-0.0115	0.7258	0.0043	178.73	273.07	0.62
2026-06-10T14:41:09.6121437+08:00	0x03	-0.0230	-0.0264	0.2037	0.9784	23.58	356.50	358.04
2026-06-10T14:41:09.7131425+08:00	0x02	-0.0202	0.0145	0.8747	0.4840	122.11	358.78	357.43
2026-06-10T14:41:09.8128677+08:00	0x04	-0.0136	-0.0325	-0.0302	0.9989	356.59	356.32	358.34
2026-06-10T14:41:09.8502557+08:00	0x07	-0.5325	0.4142	0.5196	0.5243	135.92	307.01	278.58
2026-06-10T14:41:09.9003272+08:00	0x09	0.1054	0.7309	-0.1780	0.6504	355.16	95.67	23.41
2026-06-10T14:41:10.0807188+08:00	0x06	-0.6862	-0.0097	0.7273	0.0042	178.89	273.33	0.47
2026-06-10T14:41:10.1618401+08:00	0x08	0.7458	-0.0720	-0.6615	-0.0308	183.86	262.87	351.89
2026-06-10T14:41:10.2264179+08:00	0x02	-0.0202	0.0145	0.8747	0.4840	122.11	358.78	357.43
2026-06-10T14:41:10.3858368+08:00	0x07	-0.5312	0.4154	0.5211	0.5232	135.95	307.27	278.60
2026-06-10T14:41:10.4104933+08:00	0x01	-0.0102	-0.0334	0.2526	0.9669	29.28	356.00	359.84
2026-06-10T14:41:10.5350656+08:00	0x06	-0.6869	-0.0085	0.7267	0.0045	178.96	273.23	0.36
2026-06-10T14:41:10.5810200+08:00	0x04	-0.0136	-0.0325	-0.0302	0.9989	356.59	356.32	358.34
2026-06-10T14:41:10.7295152+08:00	0x03	-0.0230	-0.0264	0.2037	0.9784	23.58	356.50	358.03
2026-06-10T14:41:10.7659197+08:00	0x08	0.7472	0.0908	-0.6480	0.1162	180.89	262.00	16.93
2026-06-10T14:41:10.8108174+08:00	0x02	-0.0202	0.0145	0.8747	0.4840	122.11	358.77	357.42
2026-06-10T14:41:10.9108803+08:00	0x04	-0.0136	-0.0325	-0.0302	0.9989	356.59	356.32	358.33
2026-06-10T14:41:10.9632103+08:00	0x01	-0.0102	-0.0334	0.2526	0.9669	29.28	356.00	359.84
2026-06-10T14:41:11.0630117+08:00	0x04	-0.0136	-0.0325	-0.0302	0.9989	356.59	356.32	358.34
2026-06-10T14:41:11.2509851+08:00	0x03	-0.0230	-0.0264	0.2037	0.9784	23.58	356.50	358.03
2026-06-10T14:41:11.3512624+08:00	0x08	0.7385	0.1545	-0.6337	0.1709	179.26	261.09	26.62
2026-06-10T14:41:11.3813582+08:00	0x02	-0.0202	0.0145	0.8747	0.4840	122.11	358.77	357.42
2026-06-10T14:41:11.4809781+08:00	0x09	0.1036	0.7289	-0.1738	0.6540	355.25	95.24	22.89
2026-06-10T14:41:11.5678942+08:00	0x01	-0.0102	-0.0334	0.2526	0.9669	29.28	356.00	359.84
2026-06-10T14:41:11.6511348+08:00	0x04	-0.0136	-0.0325	-0.0302	0.9989	356.59	356.32	358.34
2026-06-10T14:41:11.7839298+08:00	0x03	-0.0230	-0.0264	0.2037	0.9784	23.58	356.50	358.03
2026-06-10T14:41:11.8315191+08:00	0x08	0.7246	0.2012	-0.6239	0.2125	178.17	260.90	33.99
2026-06-10T14:41:11.9633262+08:00	0x04	-0.0136	-0.0325	-0.0302	0.9989	356.59	356.32	358.34
2026-06-10T14:41:12.0800975+08:00	0x09	0.1032	0.7295	-0.1731	0.6536	355.29	95.33	22.80
2026-06-10T14:41:12.2178834+08:00	0x06	-0.6854	-0.0107	0.7280	0.0014	179.04	273.45	0.78
2026-06-10T14:41:12.3632408+08:00	0x03	-0.0230	-0.0264	0.2037	0.9784	23.58	356.50	358.03
2026-06-10T14:41:12.4634567+08:00	0x02	-0.0202	0.0145	0.8747	0.4840	122.11	358.78	357.42
2026-06-10T14:41:12.6086946+08:00	0x09	0.1010	0.7297	-0.1724	0.6539	355.15	95.30	22.57
2026-06-10T14:41:12.6344352+08:00	0x07	-0.5306	0.4169	0.5191	0.5246	134.94	308.21	278.30
2026-06-10T14:41:12.6635000+08:00	0x04	-0.0136	-0.0325	-0.0302	0.9989	356.59	356.32	358.33
2026-06-10T14:41:12.7228995+08:00	0x06	-0.6846	-0.0105	0.7288	0.0021	179.01	273.58	0.71
2026-06-10T14:41:12.9130322+08:00	0x03	-0.0230	-0.0264	0.2037	0.9784	23.58	356.50	358.03
2026-06-10T14:41:12.9321527+08:00	0x08	0.7168	0.2303	-0.6141	0.2367	177.12	260.17	38.48
2026-06-10T14:41:12.9801120+08:00	0x02	-0.0202	0.0145	0.8747	0.4840	122.11	358.78	357.42
2026-06-10T14:41:13.1470354+08:00	0x01	-0.0102	-0.0334	0.2526	0.9669	29.28	356.01	359.84
2026-06-10T14:41:13.1800319+08:00	0x07	-0.5289	0.4137	0.5233	0.5247	133.82	309.48	278.89
2026-06-10T14:41:13.2238966+08:00	0x09	0.1001	0.7269	-0.1709	0.6575	355.08	94.77	22.34
2026-06-10T14:41:13.3139649+08:00	0x06	-0.6824	-0.0117	0.7309	0.0002	179.07	273.93	0.96
2026-06-10T14:41:13.4960234+08:00	0x08	0.6986	0.2785	-0.5976	0.2778	175.28	259.08	46.14
2026-06-10T14:41:13.5457809+08:00	0x03	-0.0230	-0.0264	0.2037	0.9784	23.58	356.50	358.03
2026-06-10T14:41:13.5653212+08:00	0x04	-0.0136	-0.0325	-0.0302	0.9989	356.59	356.32	358.33
2026-06-10T14:41:13.7192523+08:00	0x07	-0.5291	0.4158	0.5209	0.5252	133.77	309.48	278.53
2026-06-10T14:41:13.7581432+08:00	0x01	-0.0102	-0.0334	0.2526	0.9669	29.28	356.01	359.84
2026-06-10T14:41:13.8311920+08:00	0x06	-0.6843	-0.0091	0.7292	0.0032	179.01	273.63	0.51
2026-06-10T14:41:13.8626516+08:00	0x09	0.0995	0.7286	-0.1703	0.6559	355.14	95.05	22.25
2026-06-10T14:41:13.9969157+08:00	0x03	-0.0230	-0.0264	0.2037	0.9784	23.58	356.50	358.03
2026-06-10T14:41:14.0188534+08:00	0x08	0.6969	0.2843	-0.5949	0.2821	174.89	258.75	47.01
2026-06-10T14:41:14.0760338+08:00	0x02	-0.0202	0.0145	0.8747	0.4840	122.11	358.78	357.42
2026-06-10T14:41:14.2512915+08:00	0x07	-0.5300	0.4169	0.5193	0.5250	134.38	308.79	278.31
2026-06-10T14:41:14.3189294+08:00	0x01	-0.0102	-0.0334	0.2526	0.9669	29.28	356.01	359.84
2026-06-10T14:41:14.3842136+08:00	0x09	0.0973	0.7297	-0.1683	0.6556	355.13	95.18	21.91
2026-06-10T14:41:14.5432566+08:00	0x03	-0.0230	-0.0264	0.2037	0.9784	23.58	356.50	358.03
2026-06-10T14:41:14.6509562+08:00	0x02	-0.0202	0.0145	0.8747	0.4840	122.11	358.77	357.42
2026-06-10T14:41:14.6803238+08:00	0x04	-0.0136	-0.0325	-0.0302	0.9989	356.59	356.32	358.34
2026-06-10T14:41:14.7308769+08:00	0x07	-0.5299	0.4157	0.5211	0.5243	134.64	308.61	278.55
2026-06-10T14:41:14.9271274+08:00	0x06	-0.6839	-0.0096	0.7295	0.0028	179.01	273.70	0.58
2026-06-10T14:41:14.9640249+08:00	0x01	-0.0102	-0.0334	0.2526	0.9669	29.28	356.01	359.84
2026-06-10T14:41:15.0811521+08:00	0x03	-0.0230	-0.0264	0.2037	0.9784	23.58	356.50	358.03
2026-06-10T14:41:15.1330769+08:00	0x08	0.6933	0.2933	-0.5909	0.2900	174.46	258.38	48.48
2026-06-10T14:41:15.1639912+08:00	0x02	-0.0202	0.0145	0.8747	0.4840	122.11	358.77	357.42
2026-06-10T14:41:15.2841974+08:00	0x07	-0.5306	0.4168	0.5197	0.5241	135.24	307.97	278.36
2026-06-10T14:41:15.3983815+08:00	0x01	-0.0102	-0.0334	0.2526	0.9669	29.28	356.01	359.84
2026-06-10T14:41:15.4985929+08:00	0x06	-0.6842	-0.0085	0.7292	0.0047	178.95	273.65	0.34
2026-06-10T14:41:15.4999153+08:00	0x09	0.0946	0.7301	-0.1651	0.6563	355.16	95.18	21.42
2026-06-10T14:41:15.5679606+08:00	0x08	0.6888	0.3045	-0.5859	0.2994	173.83	257.87	50.28
2026-06-10T14:41:15.7688209+08:00	0x02	-0.0202	0.0145	0.8747	0.4840	122.11	358.77	357.42
2026-06-10T14:41:15.8727342+08:00	0x07	-0.5295	0.4181	0.5199	0.5240	134.74	308.63	278.27
2026-06-10T14:41:16.0311206+08:00	0x01	-0.0102	-0.0334	0.2526	0.9669	29.28	356.01	359.84
2026-06-10T14:41:16.0640333+08:00	0x09	0.0947	0.7300	-0.1629	0.6570	355.33	95.15	21.24
2026-06-10T14:41:16.0809926+08:00	0x03	-0.0230	-0.0264	0.2037	0.9784	23.58	356.50	358.03
2026-06-10T14:41:16.1019411+08:00	0x08	0.6847	0.3113	-0.5835	0.3063	173.64	257.80	51.51
2026-06-10T14:41:16.3128691+08:00	0x02	-0.0202	0.0145	0.8747	0.4840	122.11	358.77	357.42
2026-06-10T14:41:16.4103332+08:00	0x07	-0.5293	0.4170	0.5194	0.5256	133.69	309.50	278.31
2026-06-10T14:41:16.4706051+08:00	0x04	-0.0136	-0.0325	-0.0302	0.9989	356.59	356.32	358.34
2026-06-10T14:41:16.6089458+08:00	0x09	0.0927	0.7298	-0.1636	0.6574	355.09	95.06	21.14
2026-06-10T14:41:16.6478419+08:00	0x03	-0.0230	-0.0264	0.2037	0.9784	23.58	356.50	358.03
2026-06-10T14:41:16.7229235+08:00	0x01	-0.0102	-0.0334	0.2526	0.9669	29.28	356.01	359.84
2026-06-10T14:41:16.8021242+08:00	0x04	-0.0136	-0.0326	-0.0302	0.9989	356.59	356.32	358.33
2026-06-10T14:41:16.9320924+08:00	0x07	-0.5297	0.4176	0.5185	0.5255	133.95	309.20	278.19
2026-06-10T14:41:17.1137129+08:00	0x01	-0.0102	-0.0334	0.2526	0.9669	29.28	356.01	359.84
2026-06-10T14:41:17.2139023+08:00	0x03	-0.0230	-0.0264	0.2037	0.9784	23.58	356.50	358.03
2026-06-10T14:41:17.3206551+08:00	0x04	-0.0136	-0.0325	-0.0302	0.9989	356.59	356.32	358.33
2026-06-10T14:41:17.4137900+08:00	0x02	-0.0202	0.0145	0.8747	0.4840	122.11	358.78	357.42
2026-06-10T14:41:17.4681611+08:00	0x07	-0.5297	0.4185	0.5176	0.5257	133.83	309.31	278.04
2026-06-10T14:41:17.6018916+08:00	0x09	0.0904	0.7299	-0.1622	0.6578	355.00	95.03	20.84
2026-06-10T14:41:17.6978768+08:00	0x03	-0.0230	-0.0264	0.2037	0.9784	23.58	356.50	358.03
2026-06-10T14:41:17.7647812+08:00	0x08	0.6864	0.3114	-0.5834	0.3025	173.18	257.46	51.13
2026-06-10T14:41:17.8950508+08:00	0x04	-0.0136	-0.0325	-0.0302	0.9989	356.59	356.32	358.34
2026-06-10T14:41:18.0317610+08:00	0x07	-0.5309	0.4162	0.5178	0.5261	134.15	308.78	278.25
2026-06-10T14:41:18.1478263+08:00	0x01	-0.0102	-0.0334	0.2526	0.9669	29.28	356.01	359.84
2026-06-10T14:41:18.2320310+08:00	0x03	-0.0230	-0.0264	0.2037	0.9784	23.58	356.50	358.03
2026-06-10T14:41:18.3312033+08:00	0x08	0.6809	0.3096	-0.5948	0.2944	173.58	259.26	50.29
2026-06-10T14:41:18.4031238+08:00	0x04	-0.0136	-0.0325	-0.0302	0.9989	356.59	356.32	358.33
2026-06-10T14:41:18.4981851+08:00	0x02	-0.0202	0.0145	0.8747	0.4840	122.11	358.78	357.42
2026-06-10T14:41:18.5483836+08:00	0x07	-0.5284	0.4106	0.5153	0.5354	127.21	314.86	278.50
2026-06-10T14:41:18.7476111+08:00	0x06	-0.6755	0.0045	0.7365	0.0348	177.41	275.02	356.92
2026-06-10T14:41:18.8306001+08:00	0x03	-0.0230	-0.0264	0.2037	0.9784	23.58	356.50	358.03
2026-06-10T14:41:18.9980038+08:00	0x04	-0.0136	-0.0325	-0.0302	0.9989	356.59	356.32	358.33
2026-06-10T14:41:19.1547718+08:00	0x07	-0.5265	0.4123	0.5092	0.5417	121.90	319.67	277.95
2026-06-10T14:41:19.3191659+08:00	0x09	0.1026	0.7262	-0.1773	0.6562	354.78	94.73	23.10
2026-06-10T14:41:19.3728647+08:00	0x03	-0.0230	-0.0264	0.2037	0.9784	23.58	356.50	358.03
2026-06-10T14:41:19.4424976+08:00	0x08	0.7139	0.2503	-0.6014	0.2569	176.27	258.79	41.90
2026-06-10T14:41:19.5133112+08:00	0x04	-0.0136	-0.0326	-0.0302	0.9989	356.59	356.32	358.33
2026-06-10T14:41:19.6033676+08:00	0x02	-0.0202	0.0145	0.8747	0.4840	122.11	358.78	357.42
2026-06-10T14:41:19.6944589+08:00	0x07	-0.5260	0.4186	0.5188	0.5281	130.42	312.87	278.13
2026-06-10T14:41:19.7979558+08:00	0x09	0.1185	0.7244	-0.1823	0.6542	355.78	94.91	24.78
2026-06-10T14:41:19.8205540+08:00	0x06	-0.6862	0.0082	0.7271	0.0200	178.98	273.34	357.74
2026-06-10T14:41:19.9077425+08:00	0x03	-0.0230	-0.0264	0.2037	0.9784	23.58	356.50	358.03
2026-06-10T14:41:19.9526400+08:00	0x08	0.7106	0.2507	-0.6053	0.2566	176.48	259.49	41.92
2026-06-10T14:41:20.0697278+08:00	0x04	-0.0136	-0.0326	-0.0302	0.9989	356.59	356.32	358.34
2026-06-10T14:41:20.1845247+08:00	0x02	-0.0202	0.0145	0.8747	0.4840	122.11	358.78	357.42
2026-06-10T14:41:20.2711818+08:00	0x07	-0.5306	0.4148	0.5238	0.5216	136.42	307.05	278.87
2026-06-10T14:41:20.3818641+08:00	0x09	0.1090	0.7325	-0.1691	0.6504	356.24	96.03	22.93
2026-06-10T14:41:20.4648159+08:00	0x03	-0.0230	-0.0264	0.2037	0.9784	23.58	356.50	358.03
2026-06-10T14:41:20.5147275+08:00	0x08	0.6963	0.2965	-0.5831	0.2954	173.99	257.13	49.22
2026-06-10T14:41:20.5900440+08:00	0x04	-0.0136	-0.0325	-0.0302	0.9989	356.59	356.32	358.34
2026-06-10T14:41:20.6815747+08:00	0x02	-0.0202	0.0145	0.8747	0.4840	122.11	358.78	357.42
2026-06-10T14:41:20.8980138+08:00	0x06	-0.6886	0.0027	0.7250	0.0149	178.97	272.96	358.61
2026-06-10T14:41:20.9921135+08:00	0x09	0.1156	0.7294	-0.1742	0.6514	356.34	95.69	23.87
2026-06-10T14:41:21.0206435+08:00	0x03	-0.0230	-0.0264	0.2037	0.9784	23.58	356.50	358.03
2026-06-10T14:41:21.0988739+08:00	0x08	0.6776	0.3411	-0.5601	0.3328	170.69	254.16	56.42
2026-06-10T14:41:21.2652637+08:00	0x02	-0.0202	0.0145	0.8747	0.4840	122.11	358.78	357.42
2026-06-10T14:41:21.3541925+08:00	0x07	-0.5320	0.4157	0.5214	0.5219	137.10	306.18	278.61
2026-06-10T14:41:21.4819305+08:00	0x06	-0.6892	-0.0013	0.7245	0.0133	178.80	272.87	359.06
2026-06-10T14:41:21.6147276+08:00	0x08	0.6630	0.3462	-0.5716	0.3373	172.14	257.21	57.47
2026-06-10T14:41:21.7328678+08:00	0x04	-0.0136	-0.0326	-0.0302	0.9989	356.59	356.32	358.34
2026-06-10T14:41:21.7819277+08:00	0x02	-0.0202	0.0145	0.8747	0.4840	122.11	358.78	357.42
2026-06-10T14:41:21.9005962+08:00	0x07	-0.5334	0.4102	0.5183	0.5279	134.09	308.27	278.78
2026-06-10T14:41:21.9830443+08:00	0x06	-0.6839	0.0017	0.7288	0.0337	177.32	273.71	357.21
2026-06-10T14:41:22.0513145+08:00	0x03	-0.0230	-0.0264	0.2037	0.9784	23.58	356.50	358.03
2026-06-10T14:41:22.1973508+08:00	0x08	0.6841	0.2702	-0.6187	0.2760	177.70	263.30	45.40
2026-06-10T14:41:22.3640094+08:00	0x02	-0.0202	0.0145	0.8747	0.4840	122.11	358.78	357.42
2026-06-10T14:41:22.4172124+08:00	0x07	-0.5390	0.4048	0.5163	0.5283	136.27	305.32	279.08
2026-06-10T14:41:22.5807762+08:00	0x06	-0.6779	0.0042	0.7340	0.0414	176.84	274.64	356.43
2026-06-10T14:41:22.6160441+08:00	0x03	-0.0230	-0.0264	0.2037	0.9784	23.58	356.50	358.03
2026-06-10T14:41:22.6486848+08:00	0x09	0.1167	0.7244	-0.1932	0.6514	354.74	94.88	25.60
2026-06-10T14:41:22.7353414+08:00	0x04	-0.0136	-0.0326	-0.0302	0.9989	356.59	356.32	358.34
2026-06-10T14:41:22.8657144+08:00	0x02	-0.0202	0.0145	0.8747	0.4840	122.11	358.78	357.42
2026-06-10T14:41:23.0148514+08:00	0x07	-0.5414	0.4053	0.5215	0.5203	141.45	300.79	279.58
2026-06-10T14:41:23.0836652+08:00	0x06	-0.6823	0.0014	0.7304	0.0325	177.39	273.96	357.35
2026-06-10T14:41:23.1188803+08:00	0x01	-0.0101	-0.0334	0.2526	0.9669	29.28	356.01	359.84
2026-06-10T14:41:23.1722125+08:00	0x09	0.1153	0.7264	-0.1846	0.6519	355.38	95.17	24.74
2026-06-10T14:41:23.2862949+08:00	0x08	0.7449	0.0826	-0.6540	0.1027	180.67	262.65	15.13
2026-06-10T14:41:23.4460990+08:00	0x02	-0.0202	0.0145	0.8747	0.4840	122.11	358.78	357.42
2026-06-10T14:41:23.6665230+08:00	0x06	-0.6837	-0.0112	0.7294	0.0177	177.65	273.72	359.55
2026-06-10T14:41:23.6873164+08:00	0x01	-0.0102	-0.0334	0.2526	0.9669	29.28	356.01	359.84
2026-06-10T14:41:23.7463418+08:00	0x07	-0.5392	0.4024	0.5287	0.5175	141.10	301.67	280.40
2026-06-10T14:41:23.7610263+08:00	0x08	0.6848	0.1684	-0.6853	0.1820	181.23	270.35	28.69
2026-06-10T14:41:23.8148560+08:00	0x04	-0.0136	-0.0325	-0.0302	0.9989	356.59	356.32	358.34
2026-06-10T14:41:24.0231134+08:00	0x02	-0.0202	0.0145	0.8747	0.4840	122.11	358.78	357.42
2026-06-10T14:41:24.0830864+08:00	0x07	-0.5137	0.3860	0.5166	0.5659	108.12	331.68	281.42
2026-06-10T14:41:24.1327584+08:00	0x06	-0.6684	0.0252	0.7394	0.0770	175.36	276.10	351.94
2026-06-10T14:41:24.1829708+08:00	0x01	-0.0102	-0.0334	0.2526	0.9669	29.28	356.01	359.84
2026-06-10T14:41:24.2828176+08:00	0x08	0.7405	0.1293	-0.6541	0.0840	175.10	262.17	17.08
2026-06-10T14:41:24.3493740+08:00	0x09	0.1193	0.8166	-0.2485	0.5072	356.14	115.21	31.79
2026-06-10T14:41:24.3663318+08:00	0x04	-0.0136	-0.0325	-0.0302	0.9989	356.59	356.32	358.34
2026-06-10T14:41:24.6529611+08:00	0x07	-0.4893	0.3909	0.5138	0.5864	91.76	348.37	282.71
2026-06-10T14:41:24.6529611+08:00	0x06	-0.6629	0.0705	0.7353	0.1218	174.91	276.62	344.62
2026-06-10T14:41:24.6829874+08:00	0x02	-0.0202	0.0145	0.8747	0.4840	122.11	358.78	357.42
2026-06-10T14:41:24.8098627+08:00	0x01	-0.0102	-0.0334	0.2526	0.9669	29.28	356.01	359.84
2026-06-10T14:41:24.8405885+08:00	0x03	-0.0230	-0.0264	0.2037	0.9784	23.58	356.50	358.03
2026-06-10T14:41:24.8822451+08:00	0x09	0.0260	0.8533	-0.2269	0.4687	349.35	120.15	24.31
2026-06-10T14:41:24.9345146+08:00	0x04	-0.0136	-0.0325	-0.0302	0.9989	356.59	356.32	358.34
2026-06-10T14:41:25.0404832+08:00	0x08	0.7390	0.1305	-0.6552	0.0870	175.25	262.39	17.43
2026-06-10T14:41:25.1067324+08:00	0x02	-0.0202	0.0145	0.8747	0.4840	122.11	358.78	357.42
2026-06-10T14:41:25.2189563+08:00	0x06	-0.6527	0.0684	0.7483	0.0971	176.70	278.19	346.75
2026-06-10T14:41:25.2978071+08:00	0x01	-0.0102	-0.0334	0.2526	0.9669	29.28	356.00	359.84
2026-06-10T14:41:25.3546031+08:00	0x03	-0.0230	-0.0264	0.2037	0.9784	23.58	356.50	358.03
2026-06-10T14:41:25.3989486+08:00	0x08	0.8403	0.0062	-0.5389	-0.0580	175.80	245.54	354.80
2026-06-10T14:41:25.5373967+08:00	0x04	-0.0136	-0.0325	-0.0302	0.9989	356.59	356.32	358.34
2026-06-10T14:41:25.6332462+08:00	0x02	-0.0202	0.0145	0.8747	0.4840	122.11	358.78	357.42
2026-06-10T14:41:25.7211799+08:00	0x07	-0.4629	0.3670	0.5827	0.5581	109.10	336.75	289.19
2026-06-10T14:41:25.8480105+08:00	0x01	-0.0102	-0.0334	0.2526	0.9669	29.28	356.00	359.84
2026-06-10T14:41:25.9032210+08:00	0x09	-0.0303	0.8516	-0.1534	0.5003	347.83	117.70	13.35
2026-06-10T14:41:26.0162317+08:00	0x04	-0.0136	-0.0325	-0.0302	0.9989	356.59	356.32	358.34
2026-06-10T14:41:26.1911233+08:00	0x07	-0.4608	0.3603	0.5945	0.5517	112.11	334.53	290.46
2026-06-10T14:41:26.2270655+08:00	0x02	-0.0202	0.0145	0.8747	0.4840	122.11	358.78	357.42
2026-06-10T14:41:26.3154140+08:00	0x06	-0.6286	0.0700	0.7708	0.0765	178.26	281.78	348.22
2026-06-10T14:41:26.4404091+08:00	0x01	-0.0102	-0.0334	0.2526	0.9669	29.28	356.01	359.84
2026-06-10T14:41:26.5002635+08:00	0x09	-0.0515	0.8524	-0.1543	0.4969	345.72	117.99	12.23
2026-06-10T14:41:26.5831931+08:00	0x04	-0.0136	-0.0326	-0.0302	0.9989	356.59	356.32	358.34
2026-06-10T14:41:26.7287233+08:00	0x07	-0.4646	0.3606	0.5903	0.5529	112.04	334.09	290.05
2026-06-10T14:41:26.8033056+08:00	0x02	-0.0202	0.0145	0.8747	0.4840	122.11	358.78	357.42
2026-06-10T14:41:26.9698726+08:00	0x01	-0.0102	-0.0334	0.2526	0.9669	29.28	356.01	359.84
2026-06-10T14:41:27.0161923+08:00	0x03	-0.0231	-0.0264	0.2037	0.9784	23.58	356.50	358.03
2026-06-10T14:41:27.0520966+08:00	0x09	-0.0708	0.8520	-0.1432	0.4986	344.49	117.96	9.98
2026-06-10T14:41:27.1036872+08:00	0x04	-0.0136	-0.0325	-0.0302	0.9989	356.59	356.32	358.34
2026-06-10T14:41:27.3089196+08:00	0x02	-0.0202	0.0145	0.8747	0.4840	122.11	358.78	357.42
2026-06-10T14:41:27.3998222+08:00	0x06	-0.6297	0.0567	0.7718	0.0677	178.08	281.74	350.06
2026-06-10T14:41:27.4964706+08:00	0x08	0.8222	0.0717	-0.5646	-0.0021	173.08	248.68	4.45
2026-06-10T14:41:27.5842821+08:00	0x09	-0.0869	0.8511	-0.1405	0.4984	343.06	117.99	8.78
2026-06-10T14:41:27.6679471+08:00	0x04	-0.0136	-0.0325	-0.0302	0.9989	356.59	356.32	358.34
2026-06-10T14:41:27.8670447+08:00	0x07	-0.4826	0.3526	0.5858	0.5473	116.83	327.85	289.71
2026-06-10T14:41:27.9002957+08:00	0x06	-0.6329	0.0600	0.7683	0.0745	177.75	281.25	349.25
2026-06-10T14:41:28.0659565+08:00	0x01	-0.0102	-0.0334	0.2526	0.9669	29.28	356.01	359.84
2026-06-10T14:41:28.1002984+08:00	0x03	-0.0230	-0.0264	0.2037	0.9784	23.58	356.50	358.03
2026-06-10T14:41:28.2891193+08:00	0x04	-0.0136	-0.0325	-0.0302	0.9989	356.59	356.32	358.34
2026-06-10T14:41:28.4001891+08:00	0x02	-0.0202	0.0145	0.8747	0.4840	122.11	358.78	357.42
2026-06-10T14:41:28.5069691+08:00	0x06	-0.6306	0.0587	0.7706	0.0719	177.86	281.61	349.56
2026-06-10T14:41:28.6271012+08:00	0x01	-0.0102	-0.0334	0.2526	0.9669	29.28	356.00	359.84
2026-06-10T14:41:28.6669066+08:00	0x03	-0.0230	-0.0264	0.2037	0.9784	23.58	356.50	358.03
2026-06-10T14:41:28.7664371+08:00	0x04	-0.0136	-0.0325	-0.0302	0.9989	356.59	356.32	358.33
2026-06-10T14:41:28.9658214+08:00	0x02	-0.0202	0.0145	0.8747	0.4840	122.11	358.78	357.42
2026-06-10T14:41:29.1692092+08:00	0x03	-0.0230	-0.0264	0.2037	0.9784	23.58	356.50	358.03
2026-06-10T14:41:29.1871018+08:00	0x09	-0.0907	0.8471	-0.1520	0.5010	341.92	117.27	9.60
2026-06-10T14:41:29.1999475+08:00	0x01	-0.0102	-0.0334	0.2526	0.9669	29.28	356.00	359.84
2026-06-10T14:41:29.3835473+08:00	0x04	-0.0136	-0.0325	-0.0302	0.9989	356.59	356.32	358.34
2026-06-10T14:41:29.4839823+08:00	0x02	-0.0202	0.0145	0.8747	0.4840	122.11	358.78	357.42
2026-06-10T14:41:29.5878812+08:00	0x06	-0.6302	0.0603	0.7707	0.0725	177.92	281.65	349.38
2026-06-10T14:41:29.7017953+08:00	0x08	0.8260	0.0071	-0.5612	-0.0523	175.95	248.55	355.50
2026-06-10T14:41:29.7390863+08:00	0x01	-0.0102	-0.0334	0.2526	0.9669	29.28	356.00	359.84
2026-06-10T14:41:29.7878520+08:00	0x03	-0.0230	-0.0264	0.2037	0.9784	23.58	356.50	358.03
2026-06-10T14:41:29.9499616+08:00	0x04	-0.0136	-0.0325	-0.0302	0.9989	356.59	356.32	358.34
2026-06-10T14:41:30.0649631+08:00	0x02	-0.0202	0.0145	0.8747	0.4840	122.11	358.78	357.43
2026-06-10T14:41:30.1731312+08:00	0x06	-0.6299	0.0566	0.7716	0.0689	177.97	281.72	349.97
2026-06-10T14:41:30.2567703+08:00	0x08	0.8265	0.0149	-0.5609	-0.0442	175.74	248.45	356.77
2026-06-10T14:41:30.3158837+08:00	0x03	-0.0230	-0.0264	0.2037	0.9784	23.58	356.50	358.03
2026-06-10T14:41:30.3824035+08:00	0x01	-0.0102	-0.0334	0.2526	0.9669	29.28	356.00	359.84
2026-06-10T14:41:30.4330902+08:00	0x04	-0.0136	-0.0325	-0.0302	0.9989	356.59	356.32	358.34
2026-06-10T14:41:30.6002577+08:00	0x07	-0.4807	0.3496	0.5919	0.5443	117.86	327.27	290.40
2026-06-10T14:41:30.6584947+08:00	0x06	-0.6297	0.0572	0.7715	0.0701	177.90	281.74	349.83
2026-06-10T14:41:30.6877752+08:00	0x02	-0.0202	0.0145	0.8747	0.4840	122.11	358.78	357.42
2026-06-10T14:41:30.7669229+08:00	0x08	0.8265	0.0164	-0.5611	-0.0434	175.64	248.46	356.94
2026-06-10T14:41:30.9006563+08:00	0x09	-0.0982	0.8481	-0.1445	0.5002	341.66	117.57	8.44
2026-06-10T14:41:30.9677289+08:00	0x04	-0.0136	-0.0325	-0.0302	0.9989	356.59	356.32	358.34
2026-06-10T14:41:31.1518436+08:00	0x02	-0.0202	0.0145	0.8747	0.4840	122.11	358.78	357.42
2026-06-10T14:41:31.3509657+08:00	0x08	0.8268	0.0215	-0.5606	-0.0395	175.42	248.37	357.64
2026-06-10T14:41:31.3888614+08:00	0x01	-0.0102	-0.0334	0.2526	0.9669	29.28	356.00	359.84
2026-06-10T14:41:31.4407588+08:00	0x09	-0.0988	0.8476	-0.1460	0.5004	341.51	117.49	8.55
2026-06-10T14:41:31.5311014+08:00	0x04	-0.0136	-0.0325	-0.0302	0.9989	356.59	356.32	358.34
2026-06-10T14:41:31.6755658+08:00	0x07	-0.4803	0.3480	0.5931	0.5444	117.91	327.21	290.64
2026-06-10T14:41:31.8431977+08:00	0x01	-0.0102	-0.0334	0.2526	0.9669	29.28	356.01	359.84
2026-06-10T14:41:31.8743820+08:00	0x08	0.8270	0.0283	-0.5606	-0.0320	175.25	248.31	358.78
2026-06-10T14:41:31.9673691+08:00	0x09	-0.1009	0.8488	-0.1426	0.4991	341.53	117.76	8.13
2026-06-10T14:41:32.0361979+08:00	0x04	-0.0136	-0.0325	-0.0302	0.9989	356.59	356.32	358.34
2026-06-10T14:41:32.1423686+08:00	0x03	-0.0230	-0.0264	0.2037	0.9784	23.58	356.50	358.03
2026-06-10T14:41:32.2562127+08:00	0x02	-0.0202	0.0145	0.8747	0.4840	122.11	358.78	357.42
2026-06-10T14:41:32.2742143+08:00	0x07	-0.4752	0.3527	0.5904	0.5488	115.45	329.84	290.26
2026-06-10T14:41:32.4554194+08:00	0x08	0.8253	0.0389	-0.5630	-0.0226	174.85	248.58	0.38
2026-06-10T14:41:32.4853410+08:00	0x01	-0.0102	-0.0334	0.2526	0.9669	29.28	356.01	359.84
2026-06-10T14:41:32.5180433+08:00	0x09	-0.1026	0.8498	-0.1391	0.4979	341.59	118.02	7.71
2026-06-10T14:41:32.6340119+08:00	0x04	-0.0136	-0.0325	-0.0302	0.9989	356.59	356.32	358.34
2026-06-10T14:41:32.6519750+08:00	0x03	-0.0230	-0.0264	0.2037	0.9784	23.58	356.50	358.03
2026-06-10T14:41:32.7319735+08:00	0x02	-0.0203	0.0146	0.8747	0.4840	122.11	358.77	357.42
