timestamp	device	q0	q1	q2	q3	yaw	pitch	roll
2026-04-27T17:15:59.5538119+08:00	0x07	0.4947	0.5212	-0.5086	0.4743	101.52	195.00	88.06
2026-04-27T17:15:59.6938742+08:00	0x03	0.2224	-0.4210	-0.4257	-0.7694	40.98	39.99	315.52
2026-04-27T17:15:59.8407337+08:00	0x08	0.7503	0.0267	-0.6596	0.0363	180.45	262.66	5.14
2026-04-27T17:15:59.9825649+08:00	0x07	0.4980	0.5180	-0.5118	0.4709	120.38	213.87	87.75
2026-04-27T17:16:00.1945381+08:00	0x04	0.3033	-0.3121	-0.5960	-0.6748	80.27	5.49	308.61
2026-04-27T17:16:00.2408127+08:00	0x03	0.2382	-0.4237	-0.4254	-0.7634	40.48	40.11	313.60
2026-04-27T17:16:00.4157592+08:00	0x01	0.4123	0.3432	-0.5466	0.6430	278.46	358.73	64.88
2026-04-27T17:16:00.4605230+08:00	0x06	0.7034	0.1223	-0.6963	-0.0732	164.06	268.88	3.86
2026-04-27T17:16:00.5307829+08:00	0x07	0.5004	0.5146	-0.5145	0.4692	133.01	226.43	87.47
2026-04-27T17:16:00.7074512+08:00	0x09	0.7329	-0.0146	-0.6743	-0.0891	174.26	265.66	351.36
2026-04-27T17:16:00.7210838+08:00	0x04	0.3037	-0.3180	-0.5743	-0.6905	75.45	8.37	308.30
2026-04-27T17:16:00.7516947+08:00	0x05	0.3942	0.4755	-0.5228	0.5876	300.78	31.73	73.81
2026-04-27T17:16:00.8135311+08:00	0x03	0.2445	-0.4220	-0.4212	-0.7647	39.80	39.96	313.16
2026-04-27T17:16:00.9820309+08:00	0x01	0.4145	0.3435	-0.5439	0.6437	278.86	358.82	65.14
2026-04-27T17:16:01.0728881+08:00	0x08	0.7512	0.0359	-0.6574	0.0473	180.48	262.42	6.79
2026-04-27T17:16:01.2966962+08:00	0x04	0.3002	-0.3251	-0.5576	-0.7023	71.40	11.32	308.35
2026-04-27T17:16:01.3505277+08:00	0x03	0.2465	-0.4223	-0.4205	-0.7642	39.63	40.02	312.95
2026-04-27T17:16:01.4956726+08:00	0x08	0.7513	0.0505	-0.6552	0.0615	180.27	262.20	9.13
2026-04-27T17:16:01.6086265+08:00	0x07	0.5025	0.5112	-0.5161	0.4688	141.59	234.79	87.24
2026-04-27T17:16:01.6777807+08:00	0x09	0.7329	-0.0146	-0.6743	-0.0891	174.26	265.66	351.36
2026-04-27T17:16:01.8135200+08:00	0x04	0.2922	-0.3356	-0.5470	-0.7091	68.28	14.51	308.59
2026-04-27T17:16:01.9509797+08:00	0x03	0.2416	-0.4300	-0.4068	-0.7690	37.11	42.14	313.84
2026-04-27T17:16:01.9745645+08:00	0x01	0.4021	0.3360	-0.5856	0.6185	268.86	353.02	62.98
2026-04-27T17:16:02.0267328+08:00	0x08	0.7509	0.0514	-0.6556	0.0610	180.17	262.26	9.15
2026-04-27T17:16:02.2041819+08:00	0x07	0.5138	0.5013	-0.5258	0.4564	156.43	249.70	84.94
2026-04-27T17:16:02.3246807+08:00	0x02	-0.4940	0.1618	-0.5247	-0.6742	94.04	33.15	56.70
2026-04-27T17:16:02.5000996+08:00	0x03	0.2350	-0.4328	-0.3890	-0.7785	34.43	43.64	315.36
2026-04-27T17:16:02.5755514+08:00	0x08	0.7517	0.0481	-0.6553	0.0577	180.20	262.18	8.61
2026-04-27T17:16:02.7218212+08:00	0x07	0.5194	0.4968	-0.5302	0.4499	159.03	252.34	83.75
2026-04-27T17:16:02.8425095+08:00	0x04	0.2763	-0.3328	-0.5011	-0.7496	58.68	19.52	311.61
2026-04-27T17:16:02.9472887+08:00	0x02	-0.5037	0.2012	-0.7196	-0.4336	142.20	53.22	46.59
2026-04-27T17:16:03.0376284+08:00	0x03	0.2277	-0.4229	-0.4048	-0.7781	37.57	41.33	315.83
2026-04-27T17:16:03.1028969+08:00	0x08	0.7517	0.0562	-0.6538	0.0660	180.11	262.04	9.94
2026-04-27T17:16:03.2093635+08:00	0x07	0.5223	0.4924	-0.5329	0.4481	162.03	255.19	83.14
2026-04-27T17:16:03.3676073+08:00	0x04	0.2755	-0.3297	-0.4910	-0.7579	56.95	19.96	312.16
2026-04-27T17:16:03.4387627+08:00	0x02	-0.5069	0.1942	-0.7325	-0.4109	145.38	54.83	44.51
2026-04-27T17:16:03.4685028+08:00	0x05	0.3942	0.4755	-0.5228	0.5876	300.78	31.73	73.81
2026-04-27T17:16:03.6207934+08:00	0x03	0.2219	-0.4229	-0.4010	-0.7817	37.13	41.63	316.68
2026-04-27T17:16:03.6522069+08:00	0x01	0.3495	0.3572	-0.5534	0.6664	286.36	10.11	59.44
2026-04-27T17:16:03.7488978+08:00	0x07	0.5280	0.4879	-0.5361	0.4425	162.88	255.95	82.04
2026-04-27T17:16:03.9411319+08:00	0x04	0.2715	-0.3317	-0.4821	-0.7641	55.15	21.17	312.71
2026-04-27T17:16:04.0581387+08:00	0x02	-0.5047	0.1996	-0.7283	-0.4184	144.42	54.13	45.49
2026-04-27T17:16:04.1572016+08:00	0x03	0.2259	-0.4211	-0.4078	-0.7780	38.16	40.92	315.97
2026-04-27T17:16:04.2877949+08:00	0x07	0.5281	0.4862	-0.5379	0.4420	164.46	257.56	81.86
2026-04-27T17:16:04.4685659+08:00	0x04	0.2721	-0.3281	-0.4772	-0.7685	54.46	21.02	313.00
2026-04-27T17:16:04.6405825+08:00	0x02	-0.5080	0.2065	-0.7307	-0.4068	146.62	55.24	45.64
2026-04-27T17:16:04.6959126+08:00	0x03	0.2280	-0.4171	-0.4074	-0.7798	38.28	40.30	315.94
2026-04-27T17:16:04.8319214+08:00	0x07	0.5326	0.4815	-0.5420	0.4367	165.66	258.77	80.81
2026-04-27T17:16:05.0572838+08:00	0x04	0.2659	-0.3232	-0.4832	-0.7690	55.57	20.28	313.84
2026-04-27T17:16:05.1323226+08:00	0x02	-0.5138	0.2013	-0.7352	-0.3936	148.59	56.78	44.47
2026-04-27T17:16:05.2307228+08:00	0x08	0.7510	0.0676	-0.6524	0.0764	179.89	261.95	11.71
2026-04-27T17:16:05.3641587+08:00	0x07	0.5334	0.4809	-0.5429	0.4353	165.73	258.90	80.58
2026-04-27T17:16:05.5572355+08:00	0x04	0.2624	-0.3244	-0.4745	-0.7751	53.92	21.27	314.39
2026-04-27T17:16:05.7083343+08:00	0x02	-0.5077	0.2108	-0.7358	-0.3954	148.41	55.72	45.37
2026-04-27T17:16:05.8011165+08:00	0x08	0.7501	0.0721	-0.6525	0.0795	179.74	262.01	12.32
2026-04-27T17:16:05.8436580+08:00	0x01	0.3652	0.3524	-0.5301	0.6793	290.31	10.70	60.43
2026-04-27T17:16:05.9155038+08:00	0x07	0.5342	0.4779	-0.5458	0.4341	167.57	260.76	80.19
2026-04-27T17:16:06.1306893+08:00	0x04	0.1755	-0.3940	-0.7509	-0.5002	107.15	11.76	309.89
2026-04-27T17:16:06.1989133+08:00	0x05	0.3942	0.4755	-0.5228	0.5876	300.78	31.73	73.81
2026-04-27T17:16:06.3071991+08:00	0x06	0.7022	0.1194	-0.6983	-0.0708	164.51	269.15	3.86
2026-04-27T17:16:06.3632245+08:00	0x03	0.2279	-0.4172	-0.4074	-0.7797	38.27	40.32	315.94
2026-04-27T17:16:06.4210642+08:00	0x07	0.5431	0.4752	-0.5441	0.4280	164.52	257.30	79.12
2026-04-27T17:16:06.6064819+08:00	0x09	0.7446	0.0037	-0.6649	-0.0591	175.16	263.72	355.23
2026-04-27T17:16:06.6987741+08:00	0x04	0.1786	-0.3929	-0.7442	-0.5098	105.49	12.12	309.93
2026-04-27T17:16:06.8277110+08:00	0x02	-0.5268	0.0939	-0.7750	-0.3362	150.83	60.44	29.99
2026-04-27T17:16:06.8712778+08:00	0x01	0.2366	0.4300	-0.4646	0.7371	313.46	38.61	48.44
2026-04-27T17:16:06.9037727+08:00	0x03	0.1946	-0.4735	-0.7875	-0.3432	131.57	2.23	298.44
2026-04-27T17:16:06.9729527+08:00	0x07	0.5490	0.4685	-0.5417	0.4309	165.91	257.67	78.73
2026-04-27T17:16:07.2134740+08:00	0x04	0.0908	-0.2086	-0.9729	0.0411	187.38	347.80	336.52
2026-04-27T17:16:07.2658203+08:00	0x02	-0.4967	0.1269	-0.7661	-0.3876	144.97	54.41	35.42
2026-04-27T17:16:07.3871818+08:00	0x01	0.2736	0.3733	-0.5354	0.7065	296.63	22.30	51.84
2026-04-27T17:16:07.5067799+08:00	0x07	0.5678	0.4539	-0.5557	0.4035	165.70	257.91	74.29
2026-04-27T17:16:07.5521616+08:00	0x03	0.1646	-0.3966	-0.5703	-0.7002	66.16	30.21	316.93
2026-04-27T17:16:07.6853627+08:00	0x04	0.1978	-0.2506	-0.6447	-0.6945	83.53	6.67	323.28
2026-04-27T17:16:07.8002554+08:00	0x02	-0.4630	0.1529	-0.7468	-0.4522	135.55	46.53	40.33
2026-04-27T17:16:07.9504356+08:00	0x01	0.2739	0.3514	-0.5714	0.6892	288.32	15.87	51.17
2026-04-27T17:16:08.0066513+08:00	0x08	0.7484	0.1266	-0.6370	0.1346	178.89	260.60	21.27
2026-04-27T17:16:08.0267388+08:00	0x03	0.1242	-0.3986	-0.4655	-0.7804	49.51	37.87	325.61
2026-04-27T17:16:08.1424120+08:00	0x03	0.1256	-0.4014	-0.4665	-0.7781	49.54	38.15	325.25
2026-04-27T17:16:08.2128141+08:00	0x07	0.5706	0.4517	-0.5580	0.3988	165.59	257.92	73.57
2026-04-27T17:16:08.2407390+08:00	0x04	0.1774	-0.2745	-0.5936	-0.7354	73.33	13.80	324.07
2026-04-27T17:16:08.3633826+08:00	0x02	-0.4611	0.1542	-0.7507	-0.4473	136.22	46.43	40.09
2026-04-27T17:16:08.4624251+08:00	0x05	0.3942	0.4755	-0.5228	0.5876	300.78	31.73	73.81
2026-04-27T17:16:08.5876583+08:00	0x08	0.7484	0.1277	-0.6368	0.1346	178.79	260.56	21.35
2026-04-27T17:16:08.6369618+08:00	0x07	0.5694	0.4504	-0.5601	0.3990	166.57	259.01	73.52
2026-04-27T17:16:08.7994282+08:00	0x04	0.1771	-0.2829	-0.5725	-0.7489	69.60	15.87	323.90
2026-04-27T17:16:08.8842576+08:00	0x02	-0.4637	0.1612	-0.7443	-0.4527	135.74	46.42	41.29
2026-04-27T17:16:09.0587763+08:00	0x01	0.2783	0.3541	-0.5563	0.6983	291.29	17.27	51.51
2026-04-27T17:16:09.0946800+08:00	0x08	0.7467	0.1325	-0.6370	0.1380	178.63	260.67	22.02
2026-04-27T17:16:09.1759546+08:00	0x07	0.5706	0.4482	-0.5625	0.3963	166.97	259.52	73.05
2026-04-27T17:16:09.3269705+08:00	0x04	0.1773	-0.2847	-0.5551	-0.7612	66.68	16.97	324.13
2026-04-27T17:16:09.4640379+08:00	0x02	-0.4616	0.1730	-0.7396	-0.4582	135.11	45.57	42.76
2026-04-27T17:16:09.5631643+08:00	0x01	0.2871	0.3496	-0.5556	0.6976	290.75	15.94	52.10
2026-04-27T17:16:09.6714307+08:00	0x08	0.7445	0.1318	-0.6399	0.1376	178.75	261.12	21.94
2026-04-27T17:16:09.7568236+08:00	0x03	0.1436	-0.3925	-0.4671	-0.7792	49.66	36.27	323.81
2026-04-27T17:16:09.8841046+08:00	0x04	0.1755	-0.2853	-0.5340	-0.7763	63.20	18.24	324.75
2026-04-27T17:16:10.0675661+08:00	0x02	-0.4645	0.1729	-0.7390	-0.4563	135.55	46.11	42.80
2026-04-27T17:16:10.1322935+08:00	0x01	0.2875	0.3534	-0.5525	0.6980	291.52	16.71	52.36
2026-04-27T17:16:10.2327571+08:00	0x07	0.5725	0.4409	-0.5681	0.3939	169.23	261.70	72.16
2026-04-27T17:16:10.3034573+08:00	0x03	0.1439	-0.3965	-0.4618	-0.7803	48.74	37.02	323.79
2026-04-27T17:16:10.3547786+08:00	0x02	-0.4667	0.1701	-0.7392	-0.4548	135.81	46.58	42.53
2026-04-27T17:16:10.4248356+08:00	0x04	0.1717	-0.2915	-0.5182	-0.7855	60.50	19.95	325.12
2026-04-27T17:16:10.7313429+08:00	0x05	0.3942	0.4755	-0.5228	0.5876	300.78	31.73	73.81
2026-04-27T17:16:10.7821951+08:00	0x08	0.7437	0.1228	-0.6423	0.1388	179.74	261.59	21.36
2026-04-27T17:16:10.8988537+08:00	0x03	0.1321	-0.4049	-0.4451	-0.7877	46.25	39.23	325.35
2026-04-27T17:16:10.9672488+08:00	0x04	0.1584	-0.3035	-0.4921	-0.8004	56.05	23.31	326.48
2026-04-27T17:16:11.1872405+08:00	0x05	0.3942	0.4755	-0.5228	0.5876	300.78	31.73	73.81
2026-04-27T17:16:11.2199666+08:00	0x08	0.7292	0.1613	-0.6308	0.2107	182.04	262.29	30.71
2026-04-27T17:16:11.2578651+08:00	0x01	0.2913	0.3484	-0.5467	0.7035	292.33	16.29	52.26
2026-04-27T17:16:11.3572307+08:00	0x07	0.5859	0.4712	-0.5287	0.3940	151.08	242.25	73.72
2026-04-27T17:16:11.4490665+08:00	0x02	-0.4563	0.1739	-0.7657	-0.4186	140.69	46.60	40.41
2026-04-27T17:16:11.4795913+08:00	0x03	0.1526	-0.4070	-0.4445	-0.7833	45.69	38.90	323.07
2026-04-27T17:16:11.5322928+08:00	0x09	0.7190	-0.0304	-0.6942	-0.0115	181.59	267.95	356.63
2026-04-27T17:16:11.5785055+08:00	0x04	0.2130	-0.3098	-0.4915	-0.7856	56.36	21.14	320.28
2026-04-27T17:16:11.7990404+08:00	0x01	0.2684	0.3402	-0.5450	0.7178	293.59	17.41	49.12
2026-04-27T17:16:11.9336909+08:00	0x03	0.1985	-0.4142	-0.4233	-0.7809	41.43	39.64	318.65
2026-04-27T17:16:11.9657801+08:00	0x07	0.5855	0.4703	-0.5299	0.3940	151.67	242.87	73.70
2026-04-27T17:16:12.0558395+08:00	0x04	0.2211	-0.3184	-0.4668	-0.7949	52.19	23.20	319.55
2026-04-27T17:16:12.3084117+08:00	0x08	0.7054	0.1429	-0.6595	0.2171	185.60	267.63	29.65
2026-04-27T17:16:12.4436695+08:00	0x01	0.2240	0.3464	-0.5534	0.7236	293.98	21.02	45.04
2026-04-27T17:16:12.5080265+08:00	0x03	0.2062	-0.4186	-0.4239	-0.7763	41.15	40.08	317.54
2026-04-27T17:16:12.5414020+08:00	0x02	-0.4271	0.1467	-0.7862	-0.4218	138.17	42.77	36.23
2026-04-27T17:16:12.7949201+08:00	0x04	0.2396	-0.3123	-0.4854	-0.7807	55.76	20.29	317.37
2026-04-27T17:16:12.8944467+08:00	0x08	0.7085	0.1095	-0.6717	0.1867	186.02	268.25	24.30
2026-04-27T17:16:12.9809838+08:00	0x07	0.2685	0.3015	-0.6890	0.6019	262.02	359.41	47.62
2026-04-27T17:16:13.0477037+08:00	0x02	-0.4254	0.1416	-0.7961	-0.4064	140.09	43.24	34.84
2026-04-27T17:16:13.1525115+08:00	0x04	0.2467	-0.3106	-0.5003	-0.7696	58.53	18.64	316.32
2026-04-27T17:16:13.2056912+08:00	0x03	0.2061	-0.4212	-0.4153	-0.7795	39.74	40.91	317.84
2026-04-27T17:16:13.3732803+08:00	0x01	0.2060	0.3592	-0.5642	0.7143	292.94	23.13	44.40
2026-04-27T17:16:13.5066863+08:00	0x08	0.7135	0.0827	-0.6768	0.1615	186.15	268.06	20.03
2026-04-27T17:16:13.5954797+08:00	0x03	0.2100	-0.4197	-0.4104	-0.7818	39.00	40.86	317.71
2026-04-27T17:16:13.7368947+08:00	0x04	0.2567	-0.3044	-0.5072	-0.7643	60.26	16.71	315.48
2026-04-27T17:16:13.9112282+08:00	0x05	0.3942	0.4755	-0.5228	0.5876	300.78	31.73	73.81
2026-04-27T17:16:13.9878115+08:00	0x08	0.7117	0.0764	-0.6804	0.1571	186.38	268.50	19.12
2026-04-27T17:16:14.1019424+08:00	0x07	0.2526	0.3050	-0.6735	0.6241	267.09	3.38	46.56
2026-04-27T17:16:14.2132605+08:00	0x03	0.2117	-0.4197	-0.4077	-0.7828	38.56	40.96	317.65
2026-04-27T17:16:14.3733689+08:00	0x05	0.3942	0.4755	-0.5228	0.5876	300.78	31.73	73.81
2026-04-27T17:16:14.4588626+08:00	0x01	0.2018	0.3575	-0.5638	0.7166	293.07	23.24	43.82
2026-04-27T17:16:14.5616609+08:00	0x08	0.7107	0.0678	-0.6839	0.1500	186.57	268.83	17.81
2026-04-27T17:16:14.7225905+08:00	0x07	0.2528	0.3082	-0.6673	0.6291	268.46	4.22	46.84
2026-04-27T17:16:14.8285431+08:00	0x04	0.2776	-0.2976	-0.5235	-0.7486	64.29	13.04	313.35
2026-04-27T17:16:15.0298427+08:00	0x01	0.2072	0.3505	-0.5646	0.7179	292.56	21.94	43.89
2026-04-27T17:16:15.2209031+08:00	0x07	0.2579	0.3078	-0.6621	0.6328	269.18	4.06	47.22
2026-04-27T17:16:15.2835907+08:00	0x04	0.2816	-0.2938	-0.5313	-0.7430	66.08	11.60	313.06
2026-04-27T17:16:15.3630898+08:00	0x06	0.3422	-0.0220	-0.9265	-0.1552	164.01	320.65	351.55
2026-04-27T17:16:15.5600675+08:00	0x01	0.2037	0.3547	-0.5638	0.7175	292.95	22.78	43.81
2026-04-27T17:16:15.7109978+08:00	0x02	-0.4172	0.1499	-0.8066	-0.3909	142.10	42.48	34.61
2026-04-27T17:16:15.8067733+08:00	0x04	0.2868	-0.2890	-0.5367	-0.7390	67.55	10.11	312.77
2026-04-27T17:16:15.9137785+08:00	0x03	0.2247	-0.4178	-0.4046	-0.7819	37.89	40.60	316.42
2026-04-27T17:16:16.1201943+08:00	0x01	0.2023	0.3555	-0.5608	0.7199	293.55	23.19	43.63
2026-04-27T17:16:16.2383691+08:00	0x07	0.2677	0.3075	-0.6625	0.6284	268.19	2.72	48.07
2026-04-27T17:16:16.3513113+08:00	0x09	0.7402	-0.0480	-0.6704	-0.0172	182.77	264.21	354.85
2026-04-27T17:16:16.3842239+08:00	0x04	0.2923	-0.2853	-0.5363	-0.7387	67.90	9.20	312.46
2026-04-27T17:16:16.6528165+08:00	0x05	0.3942	0.4755	-0.5228	0.5876	300.78	31.73	73.81
2026-04-27T17:16:16.7807165+08:00	0x07	0.2765	0.3077	-0.6594	0.6278	268.05	1.89	48.85
2026-04-27T17:16:16.8263916+08:00	0x02	-0.4199	0.1460	-0.8101	-0.3822	143.25	43.24	33.89
2026-04-27T17:16:16.9323231+08:00	0x03	0.2210	-0.4178	-0.4001	-0.7852	37.32	40.89	317.05
2026-04-27T17:16:17.2197446+08:00	0x08	0.7088	-0.0180	-0.7020	0.0663	186.83	269.68	3.94
2026-04-27T17:16:17.3277398+08:00	0x07	0.2705	0.3164	-0.6558	0.6298	269.43	3.83	49.09
2026-04-27T17:16:17.5160670+08:00	0x03	0.2414	-0.4157	-0.4128	-0.7736	38.91	39.53	314.21
2026-04-27T17:16:17.6508629+08:00	0x01	0.1998	0.3551	-0.5634	0.7187	293.14	23.14	43.42
2026-04-27T17:16:17.7329168+08:00	0x08	0.7183	-0.0292	-0.6928	0.0571	186.96	268.07	2.38
2026-04-27T17:16:17.8556050+08:00	0x07	0.2860	0.3257	-0.6577	0.6161	267.37	2.31	51.34
2026-04-27T17:16:17.9340362+08:00	0x02	-0.4150	0.1500	-0.8045	-0.3975	141.12	41.93	34.84
2026-04-27T17:16:18.0439292+08:00	0x04	0.3298	-0.2744	-0.5441	-0.7210	72.49	3.34	309.26
2026-04-27T17:16:18.0748781+08:00	0x03	0.2475	-0.4208	-0.4174	-0.7665	39.20	39.96	313.06
2026-04-27T17:16:18.2118039+08:00	0x01	0.2034	0.3512	-0.5630	0.7199	292.99	22.42	43.49
2026-04-27T17:16:18.3132156+08:00	0x08	0.7173	-0.0406	-0.6942	0.0437	186.82	268.14	0.36
2026-04-27T17:16:18.4526148+08:00	0x07	0.2661	0.3214	-0.6516	0.6335	270.81	5.29	49.11
2026-04-27T17:16:18.5404595+08:00	0x03	0.2437	-0.4200	-0.4164	-0.7687	39.17	39.95	313.59
2026-04-27T17:16:18.7026693+08:00	0x04	0.3231	-0.2724	-0.5437	-0.7251	71.91	3.90	310.11
2026-04-27T17:16:18.7777930+08:00	0x01	0.2000	0.3568	-0.5637	0.7176	293.12	23.31	43.57
2026-04-27T17:16:19.0425982+08:00	0x02	-0.4195	0.1502	-0.8070	-0.3875	142.66	42.91	34.58
2026-04-27T17:16:19.1500414+08:00	0x04	0.3276	-0.2779	-0.5401	-0.7237	71.40	4.38	309.25
2026-04-27T17:16:19.3624298+08:00	0x05	0.3942	0.4755	-0.5228	0.5876	300.78	31.73	73.81
2026-04-27T17:16:19.4286253+08:00	0x08	0.7335	0.0143	-0.6732	0.0926	186.03	265.57	8.93
2026-04-27T17:16:19.4488558+08:00	0x01	0.2106	0.3535	-0.5604	0.7188	293.32	22.37	44.34
2026-04-27T17:16:19.5302567+08:00	0x07	0.3452	0.3847	-0.6058	0.6049	273.39	5.77	62.09
2026-04-27T17:16:19.6324367+08:00	0x03	0.2525	-0.4150	-0.3932	-0.7807	35.67	40.41	313.90
2026-04-27T17:16:19.7556030+08:00	0x04	0.3502	-0.2882	-0.5148	-0.7276	67.67	5.71	306.27
2026-04-27T17:16:19.8653816+08:00	0x01	0.3034	0.3643	-0.5280	0.7046	296.29	19.33	54.32
2026-04-27T17:16:20.0817647+08:00	0x07	0.3429	0.3828	-0.6073	0.6059	273.30	5.74	61.70
2026-04-27T17:16:20.1278172+08:00	0x02	-0.5189	0.2686	-0.6933	-0.4218	148.51	57.24	54.12
2026-04-27T17:16:20.2986642+08:00	0x09	0.7169	-0.0334	-0.6963	-0.0087	182.06	268.27	356.62
2026-04-27T17:16:20.3865914+08:00	0x01	0.4581	0.3816	-0.5618	0.5735	260.21	345.09	72.59
2026-04-27T17:16:20.5057767+08:00	0x08	0.7472	0.0429	-0.6614	0.0486	180.01	263.03	7.43
2026-04-27T17:16:20.5456462+08:00	0x07	0.4727	0.5493	-0.5081	0.4654	51.58	148.42	86.61
2026-04-27T17:16:20.7122480+08:00	0x03	0.3029	-0.3788	-0.3760	-0.7895	34.30	34.98	310.25
2026-04-27T17:16:20.9630330+08:00	0x01	0.4956	0.3603	-0.5451	0.5722	252.23	332.82	73.74
2026-04-27T17:16:21.0084253+08:00	0x04	0.4127	-0.2215	-0.4313	-0.7711	59.22	358.53	304.16
2026-04-27T17:16:21.0876407+08:00	0x07	0.4527	0.5686	-0.5039	0.4668	28.34	127.13	84.63
2026-04-27T17:16:21.1175676+08:00	0x06	0.6925	0.1544	-0.6994	-0.0863	160.36	269.61	5.54
2026-04-27T17:16:21.2409534+08:00	0x03	0.2222	-0.2990	-0.3342	-0.8657	33.34	27.07	324.23
2026-04-27T17:16:21.3027357+08:00	0x09	0.7717	-0.0177	-0.6259	-0.1113	173.44	258.73	348.82
2026-04-27T17:16:21.4485674+08:00	0x04	0.2257	-0.1882	-0.2854	-0.9123	30.65	14.54	328.72
2026-04-27T17:16:21.5306978+08:00	0x08	0.6651	0.0339	-0.7460	-0.0038	177.09	276.49	2.61
2026-04-27T17:16:21.5442371+08:00	0x01	0.5101	0.3592	-0.5491	0.5561	243.17	324.03	74.12
2026-04-27T17:16:21.6217318+08:00	0x07	0.4342	0.5742	-0.4998	0.4817	7.90	106.99	82.85
2026-04-27T17:16:21.7856994+08:00	0x02	-0.5651	0.3740	-0.5522	-0.4857	155.41	72.62	74.14
2026-04-27T17:16:21.8909140+08:00	0x04	0.2316	-0.1894	-0.2901	-0.9090	31.25	14.35	327.93
2026-04-27T17:16:22.0577831+08:00	0x01	0.5168	0.3573	-0.5635	0.5364	234.29	316.61	73.15
2026-04-27T17:16:22.2186233+08:00	0x07	0.4531	0.5789	-0.4736	0.4852	24.76	121.33	81.07
2026-04-27T17:16:22.3701580+08:00	0x03	0.0779	-0.3137	-0.3233	-0.8894	34.05	32.69	340.03
2026-04-27T17:16:22.4137988+08:00	0x04	0.1715	-0.1921	-0.1898	-0.9475	18.67	19.02	336.56
2026-04-27T17:16:22.6189446+08:00	0x08	0.7354	0.0180	-0.6753	0.0540	182.68	265.26	5.96
2026-04-27T17:16:22.6583497+08:00	0x01	0.5124	0.3620	-0.5633	0.5377	235.78	318.55	73.51
2026-04-27T17:16:22.7566625+08:00	0x07	0.4362	0.5891	-0.4627	0.4985	15.38	112.12	78.56
2026-04-27T17:16:22.9180552+08:00	0x03	0.1062	-0.3092	-0.3328	-0.8845	34.68	31.20	336.82
2026-04-27T17:16:22.9838911+08:00	0x04	0.1821	-0.1932	-0.1804	-0.9471	17.34	19.27	335.50
2026-04-27T17:16:23.1373603+08:00	0x08	0.7292	0.0652	-0.6743	0.0973	182.13	265.77	13.29
2026-04-27T17:16:23.2850043+08:00	0x07	0.4274	0.5928	-0.4576	0.5065	11.32	108.04	77.29
2026-04-27T17:16:23.3601469+08:00	0x01	0.5092	0.3600	-0.5584	0.5470	239.77	321.79	73.57
2026-04-27T17:16:23.4064577+08:00	0x03	0.1286	-0.3118	-0.3400	-0.8778	35.08	30.78	334.03
2026-04-27T17:16:23.5038482+08:00	0x02	-0.5647	0.3527	-0.5679	-0.4839	151.84	69.28	71.29
2026-04-27T17:16:23.7477757+08:00	0x01	0.5068	0.3535	-0.5459	0.5658	247.07	327.03	73.64
2026-04-27T17:16:23.8058982+08:00	0x07	0.4223	0.5954	-0.4522	0.5125	9.56	106.08	76.26
2026-04-27T17:16:23.9310901+08:00	0x03	0.1788	-0.2911	-0.3363	-0.8776	34.41	27.00	329.36
2026-04-27T17:16:24.0917387+08:00	0x02	-0.5705	0.3815	-0.5314	-0.4966	156.81	75.72	76.42
2026-04-27T17:16:24.1969273+08:00	0x01	0.5220	0.3484	-0.5455	0.5554	239.94	319.31	73.75
2026-04-27T17:16:24.3595822+08:00	0x05	0.3942	0.4755	-0.5228	0.5876	300.78	31.73	73.81
2026-04-27T17:16:24.4642223+08:00	0x03	0.1866	-0.2948	-0.3309	-0.8768	33.47	27.48	328.51
2026-04-27T17:16:24.5288932+08:00	0x07	0.4282	0.5929	-0.4471	0.5150	11.46	107.05	76.22
2026-04-27T17:16:24.5977946+08:00	0x04	0.2377	-0.2014	-0.1454	-0.9391	11.85	20.99	329.68
2026-04-27T17:16:24.8291528+08:00	0x01	0.5159	0.3612	-0.5387	0.5596	243.88	323.72	75.15
2026-04-27T17:16:24.8819338+08:00	0x07	0.4287	0.5958	-0.4416	0.5159	12.83	108.19	75.61
2026-04-27T17:16:25.0071339+08:00	0x03	0.2266	-0.2435	-0.3219	-0.8864	33.71	20.15	326.05
2026-04-27T17:16:25.0752414+08:00	0x06	0.6940	0.1574	-0.7002	-0.0574	162.43	269.26	8.08
2026-04-27T17:16:25.1705916+08:00	0x02	-0.5724	0.3859	-0.5321	-0.4902	160.16	78.52	76.38
2026-04-27T17:16:25.2069553+08:00	0x04	0.4921	-0.2097	-0.2670	-0.8016	30.71	9.74	295.72
2026-04-27T17:16:25.2864512+08:00	0x08	0.7160	0.1625	-0.6441	0.2144	182.90	264.76	31.09
2026-04-27T17:16:25.3892068+08:00	0x01	0.5312	0.3401	-0.5596	0.5376	231.58	311.76	72.13
2026-04-27T17:16:25.6093877+08:00	0x03	0.1272	-0.2442	-0.3367	-0.9005	36.30	22.66	336.83
2026-04-27T17:16:25.6446390+08:00	0x04	0.1732	-0.1716	-0.0922	-0.9654	7.32	18.76	338.53
2026-04-27T17:16:25.8429394+08:00	0x08	0.7037	0.1798	-0.6377	0.2565	185.26	266.08	36.18
2026-04-27T17:16:25.9523582+08:00	0x07	0.3241	0.4151	-0.5913	0.6108	281.32	15.55	62.47
2026-04-27T17:16:26.0375968+08:00	0x06	0.3916	0.0192	-0.9130	-0.1125	167.24	313.91	356.96
2026-04-27T17:16:26.0837596+08:00	0x03	0.1195	-0.2734	-0.3022	-0.9054	31.42	27.22	337.57
2026-04-27T17:16:26.1692941+08:00	0x02	-0.5485	0.3959	-0.5224	-0.5191	143.78	62.38	79.46
2026-04-27T17:16:26.1850885+08:00	0x09	0.7192	-0.0431	-0.6919	-0.0464	179.87	267.80	352.75
2026-04-27T17:16:26.3763718+08:00	0x01	0.5370	0.3304	-0.5913	0.5029	221.01	304.11	68.55
2026-04-27T17:16:26.4808553+08:00	0x08	0.6960	0.0788	-0.6936	0.1682	187.57	271.15	20.08
2026-04-27T17:16:26.5217395+08:00	0x07	0.3276	0.4210	-0.5874	0.6086	282.25	16.50	63.30
2026-04-27T17:16:26.7002458+08:00	0x03	0.1421	-0.2763	-0.2951	-0.9035	30.06	27.25	335.18
2026-04-27T17:16:26.7339837+08:00	0x04	0.1501	-0.1903	-0.0975	-0.9653	7.98	20.96	340.92
2026-04-27T17:16:26.9646966+08:00	0x08	0.7007	0.0438	-0.7007	0.1270	186.89	270.83	13.85
2026-04-27T17:16:27.0026081+08:00	0x07	0.0823	0.3511	-0.4524	0.8156	310.31	33.96	26.87
2026-04-27T17:16:27.2187557+08:00	0x03	0.1297	-0.2798	-0.3061	-0.9006	31.58	27.67	336.11
2026-04-27T17:16:27.3650720+08:00	0x04	0.1148	-0.1918	-0.1146	-0.9679	10.63	20.98	344.56
2026-04-27T17:16:27.4676419+08:00	0x01	0.5376	0.3250	-0.6170	0.4741	214.77	300.68	65.61
2026-04-27T17:16:27.5707927+08:00	0x07	-0.0057	0.3817	-0.2221	0.8972	335.91	44.14	9.17
2026-04-27T17:16:27.7538748+08:00	0x03	0.1007	-0.2923	-0.2995	-0.9026	31.05	30.01	339.09
2026-04-27T17:16:27.8256850+08:00	0x04	0.0640	-0.1969	-0.1142	-0.9716	11.52	21.93	350.25
2026-04-27T17:16:28.0434361+08:00	0x08	0.7041	-0.0186	-0.7076	0.0566	186.10	270.45	3.06
2026-04-27T17:16:28.0564013+08:00	0x01	0.5288	0.3352	-0.6232	0.4686	214.33	302.04	65.99
2026-04-27T17:16:28.2968803+08:00	0x03	0.1209	-0.2832	-0.3128	-0.8985	32.49	28.13	336.77
2026-04-27T17:16:28.3575496+08:00	0x02	-0.5372	0.3989	-0.5175	-0.5334	132.43	51.31	80.37
2026-04-27T17:16:28.5633858+08:00	0x01	0.5258	0.3428	-0.6239	0.4657	213.65	302.20	66.55
2026-04-27T17:16:28.6537242+08:00	0x07	-0.0921	0.3850	0.0195	0.9181	357.96	45.69	349.38
2026-04-27T17:16:28.8416419+08:00	0x03	0.1184	-0.2814	-0.3161	-0.8983	32.99	27.90	337.01
2026-04-27T17:16:28.9185902+08:00	0x04	0.0898	-0.2027	-0.1462	-0.9641	14.62	22.02	346.56
2026-04-27T17:16:29.1286229+08:00	0x08	0.6931	-0.0313	-0.7192	0.0374	185.57	272.14	0.40
2026-04-27T17:16:29.1635955+08:00	0x01	0.5358	0.3347	-0.6280	0.4545	210.30	298.68	65.15
2026-04-27T17:16:29.3475855+08:00	0x05	0.3942	0.4755	-0.5228	0.5876	300.78	31.73	73.81
2026-04-27T17:16:29.4273782+08:00	0x03	0.1280	-0.2790	-0.3315	-0.8921	34.82	26.97	335.59
2026-04-27T17:16:29.4822797+08:00	0x04	0.0950	-0.1984	-0.1481	-0.9642	14.80	21.43	346.00
2026-04-27T17:16:29.7088496+08:00	0x08	0.6919	-0.0369	-0.7202	0.0334	185.69	272.28	359.61
2026-04-27T17:16:29.7488369+08:00	0x07	-0.2090	0.3309	0.3327	0.8580	32.04	31.72	324.64
2026-04-27T17:16:29.8968608+08:00	0x01	0.5309	0.3462	-0.6248	0.4560	210.42	299.49	66.46
2026-04-27T17:16:29.9591407+08:00	0x03	0.1286	-0.2807	-0.3373	-0.8893	35.52	27.01	335.28
2026-04-27T17:16:30.2219380+08:00	0x08	0.6908	-0.0542	-0.7209	0.0144	185.50	272.28	356.66
2026-04-27T17:16:30.2369384+08:00	0x01	0.5305	0.3463	-0.6266	0.4539	210.06	299.39	66.29
2026-04-27T17:16:30.5024330+08:00	0x03	0.1155	-0.2869	-0.3281	-0.8926	34.42	28.36	336.77
2026-04-27T17:16:30.6959882+08:00	0x01	0.5217	0.3564	-0.6259	0.4573	211.45	301.65	67.41
2026-04-27T17:16:30.8318100+08:00	0x07	-0.2487	0.2801	0.4908	0.7866	58.07	15.28	318.22
2026-04-27T17:16:31.0540932+08:00	0x09	0.7412	-0.0491	-0.6690	-0.0251	182.26	264.02	354.09
2026-04-27T17:16:31.3437053+08:00	0x01	0.5157	0.3589	-0.6240	0.4646	214.02	304.18	67.99
2026-04-27T17:16:31.5757592+08:00	0x02	-0.5425	0.3839	-0.5166	-0.5398	130.95	51.43	79.23
2026-04-27T17:16:31.6329293+08:00	0x03	0.1088	-0.2898	-0.3255	-0.8934	34.14	28.95	337.47
2026-04-27T17:16:31.7948209+08:00	0x01	0.5184	0.3517	-0.6289	0.4605	213.16	303.25	66.90
2026-04-27T17:16:31.8610749+08:00	0x07	-0.2634	0.2712	0.5651	0.7333	72.02	7.97	316.15
2026-04-27T17:16:31.8907931+08:00	0x08	0.6916	-0.0978	-0.7148	-0.0337	185.09	271.41	349.25
2026-04-27T17:16:32.0776502+08:00	0x05	0.3942	0.4755	-0.5228	0.5876	300.78	31.73	73.81
2026-04-27T17:16:32.1829919+08:00	0x03	0.0976	-0.2942	-0.3289	-0.8921	34.69	29.70	338.43
2026-04-27T17:16:32.2099206+08:00	0x02	-0.5448	0.3834	-0.5180	-0.5365	133.36	53.73	79.05
2026-04-27T17:16:32.2317894+08:00	0x04	0.0657	-0.1880	-0.1288	-0.9715	13.25	20.73	349.85
2026-04-27T17:16:32.3739488+08:00	0x01	0.5128	0.3617	-0.6221	0.4682	215.19	305.35	68.46
2026-04-27T17:16:32.4128465+08:00	0x07	-0.2826	0.2768	0.5891	0.7046	77.74	4.76	313.58
2026-04-27T17:16:32.5429292+08:00	0x05	0.3942	0.4755	-0.5228	0.5876	300.78	31.73	73.81
2026-04-27T17:16:32.6676197+08:00	0x04	0.0709	-0.1875	-0.1295	-0.9711	13.23	20.61	349.27
2026-04-27T17:16:32.6756814+08:00	0x02	-0.5424	0.3866	-0.5192	-0.5355	133.03	52.95	79.23
2026-04-27T17:16:32.7598874+08:00	0x03	0.1001	-0.2922	-0.3262	-0.8934	34.36	29.45	338.32
2026-04-27T17:16:32.9538692+08:00	0x07	-0.2882	0.2721	0.6000	0.6949	80.45	2.70	313.35
2026-04-27T17:16:32.9939380+08:00	0x05	0.3942	0.4755	-0.5228	0.5876	300.78	31.73	73.81
2026-04-27T17:16:33.0849232+08:00	0x01	0.5212	0.3504	-0.6291	0.4581	212.25	302.26	66.68
2026-04-27T17:16:33.1849335+08:00	0x02	-0.5425	0.3677	-0.5478	-0.5201	137.85	56.35	75.25
2026-04-27T17:16:33.2618583+08:00	0x03	0.1017	-0.2916	-0.3272	-0.8931	34.46	29.32	338.14
2026-04-27T17:16:33.4219718+08:00	0x07	-0.2909	0.2577	0.6106	0.6900	82.99	0.04	314.26
2026-04-27T17:16:33.5555372+08:00	0x08	0.6867	-0.1006	-0.7188	-0.0395	184.76	272.14	348.52
2026-04-27T17:16:33.7627920+08:00	0x02	-0.5415	0.3721	-0.5809	-0.4806	149.26	63.27	72.31
2026-04-27T17:16:33.9159241+08:00	0x04	0.0728	-0.1860	-0.1279	-0.9715	13.04	20.42	349.11
2026-04-27T17:16:33.9790325+08:00	0x01	0.5384	0.3563	-0.5666	0.5121	221.58	304.18	72.76
2026-04-27T17:16:34.1345432+08:00	0x08	0.6835	-0.1182	-0.7177	-0.0620	184.31	272.24	345.26
2026-04-27T17:16:34.2799124+08:00	0x02	-0.4977	0.4283	-0.5653	-0.4993	134.23	44.42	78.89
2026-04-27T17:16:34.3328154+08:00	0x03	0.0980	-0.2935	-0.3356	-0.8898	35.53	29.45	338.20
2026-04-27T17:16:34.4871912+08:00	0x07	-0.2977	0.2359	0.6202	0.6864	85.69	356.35	315.48
2026-04-27T17:16:34.5528980+08:00	0x01	0.5443	0.3460	-0.5884	0.4876	214.69	299.01	69.72
2026-04-27T17:16:34.8668166+08:00	0x02	-0.4842	0.4395	-0.5669	-0.5010	128.08	36.86	79.57
2026-04-27T17:16:35.0139776+08:00	0x03	0.0971	-0.2938	-0.3362	-0.8895	35.62	29.50	338.26
2026-04-27T17:16:35.1252488+08:00	0x08	0.6776	-0.1290	-0.7200	-0.0762	183.90	272.90	343.20
2026-04-27T17:16:35.3736035+08:00	0x02	-0.4768	0.4534	-0.5646	-0.4984	125.23	32.78	80.81
2026-04-27T17:16:35.4648484+08:00	0x03	0.0991	-0.2945	-0.3415	-0.8870	36.23	29.41	337.86
2026-04-27T17:16:35.7319028+08:00	0x07	-0.3038	0.2379	0.6201	0.6831	86.22	355.78	314.76
2026-04-27T17:16:35.7478606+08:00	0x05	0.3942	0.4755	-0.5228	0.5876	300.78	31.73	73.81
2026-04-27T17:16:35.7886186+08:00	0x08	0.6767	-0.1280	-0.7209	-0.0773	183.70	273.08	343.19
2026-04-27T17:16:35.8015847+08:00	0x01	0.5404	0.3569	-0.5805	0.4935	215.95	300.35	71.41
2026-04-27T17:16:35.9552158+08:00	0x02	-0.4841	0.4508	-0.5620	-0.4966	129.52	37.67	80.93
2026-04-27T17:16:35.9956140+08:00	0x04	0.0679	-0.1847	-0.1301	-0.9718	13.39	20.30	349.63
2026-04-27T17:16:36.1137520+08:00	0x03	0.0976	-0.2951	-0.3410	-0.8872	36.19	29.53	338.01
2026-04-27T17:16:36.2148835+08:00	0x08	0.6764	-0.1325	-0.7201	-0.0802	183.83	273.00	342.58
2026-04-27T17:16:36.2488388+08:00	0x01	0.5404	0.3589	-0.5816	0.4908	215.06	299.79	71.43
2026-04-27T17:16:36.4222711+08:00	0x02	-0.4820	0.4530	-0.5625	-0.4961	128.74	36.59	81.05
2026-04-27T17:16:36.4946642+08:00	0x03	0.0974	-0.2956	-0.3378	-0.8883	35.77	29.67	338.11
2026-04-27T17:16:36.7531582+08:00	0x01	0.5405	0.3499	-0.5909	0.4860	214.73	299.75	69.87
2026-04-27T17:16:36.7839794+08:00	0x08	0.6770	-0.1391	-0.7177	-0.0849	184.01	272.70	341.66
2026-04-27T17:16:36.9497763+08:00	0x09	0.7497	-0.0406	-0.6598	-0.0327	181.02	262.65	354.11
2026-04-27T17:16:37.0317673+08:00	0x03	0.1014	-0.2935	-0.3344	-0.8898	35.33	29.38	337.86
2026-04-27T17:16:37.0736549+08:00	0x04	0.0758	-0.1847	-0.1227	-0.9722	12.39	20.31	348.89
2026-04-27T17:16:37.2275969+08:00	0x07	-0.3128	0.2789	0.6125	0.6702	85.23	359.18	310.46
2026-04-27T17:16:37.3087118+08:00	0x01	0.5478	0.3458	-0.5869	0.4857	213.49	297.63	69.72
2026-04-27T17:16:37.4407046+08:00	0x08	0.6776	-0.1458	-0.7152	-0.0900	184.19	272.38	340.70
2026-04-27T17:16:37.5640526+08:00	0x03	0.1079	-0.2955	-0.3317	-0.8894	34.82	29.51	337.17
2026-04-27T17:16:37.7809479+08:00	0x07	-0.3125	0.2777	0.6128	0.6706	85.26	359.07	310.59
2026-04-27T17:16:37.7976503+08:00	0x08	0.7094	-0.1294	-0.6898	-0.0646	185.63	267.62	344.32
2026-04-27T17:16:37.9841994+08:00	0x05	0.3942	0.4755	-0.5228	0.5876	300.78	31.73	73.81
2026-04-27T17:16:38.1371684+08:00	0x02	-0.5156	0.4389	-0.4068	-0.6132	18.64	304.96	81.67
2026-04-27T17:16:38.1815018+08:00	0x03	0.0826	-0.2740	-0.3513	-0.8915	38.16	27.24	340.14
2026-04-27T17:16:38.3663089+08:00	0x08	0.6118	-0.0378	-0.7851	-0.0886	174.60	284.60	350.34
2026-04-27T17:16:38.4444333+08:00	0x05	0.3942	0.4755	-0.5228	0.5876	300.78	31.73	73.81
2026-04-27T17:16:38.6974121+08:00	0x03	0.1026	-0.2975	-0.3766	-0.8713	40.57	28.82	336.24
2026-04-27T17:16:38.7309836+08:00	0x02	-0.4903	0.5008	-0.4463	-0.5564	2.61	278.34	83.05
2026-04-27T17:16:38.9118922+08:00	0x07	-0.6124	0.3492	0.5556	0.4408	170.40	270.93	291.89
2026-04-27T17:16:39.2500148+08:00	0x03	0.1014	-0.3011	-0.3878	-0.8652	41.96	29.00	335.85
2026-04-27T17:16:39.3568914+08:00	0x02	-0.5087	0.4532	-0.4068	-0.6085	12.67	297.49	81.07
2026-04-27T17:16:39.5066803+08:00	0x07	-0.6289	0.3371	0.5541	0.4287	172.82	267.42	294.10
2026-04-27T17:16:39.5338236+08:00	0x01	0.5466	0.3151	-0.6424	0.4351	206.92	295.48	61.70
2026-04-27T17:16:39.6893357+08:00	0x02	-0.5162	0.4510	-0.4607	-0.5638	51.71	331.37	86.07
2026-04-27T17:16:39.7734882+08:00	0x03	0.0927	-0.3037	-0.3920	-0.8635	42.57	29.51	336.54
2026-04-27T17:16:39.9834383+08:00	0x06	0.6764	0.1930	-0.7090	-0.0513	160.06	270.62	11.78
2026-04-27T17:16:40.0616696+08:00	0x01	0.5367	0.3296	-0.6425	0.4364	207.25	297.19	63.13
2026-04-27T17:16:40.2452098+08:00	0x02	-0.5314	0.4232	-0.4621	-0.5700	84.00	6.41	85.56
