timestamp	device	q0	q1	q2	q3	yaw	pitch	roll
2026-06-23T11:25:59.4866670+08:00	0x02	-0.0600	-0.5228	0.3890	-0.7561	322.71	59.05	29.83
2026-06-23T11:25:59.6790979+08:00	0x01	-0.1489	-0.4124	0.3762	-0.8162	323.86	42.36	33.60
2026-06-23T11:25:59.8878428+08:00	0x03	-0.2726	0.3692	0.7454	0.4835	116.58	355.12	305.51
2026-06-23T11:26:00.0706720+08:00	0x02	-0.0534	-0.5235	0.3893	-0.7560	322.38	59.25	29.23
2026-06-23T11:26:00.1548800+08:00	0x04	0.2759	0.0238	-0.3628	0.8897	312.73	349.44	30.55
2026-06-23T11:26:00.2555499+08:00	0x01	-0.1479	-0.4115	0.3798	-0.8152	323.31	42.12	33.62
2026-06-23T11:26:00.3545447+08:00	0x03	-0.2740	0.3669	0.7469	0.4821	117.12	354.53	305.68
2026-06-23T11:26:00.5380403+08:00	0x02	-0.0563	-0.5231	0.3889	-0.7563	322.56	59.16	29.48
2026-06-23T11:26:00.7375935+08:00	0x01	-0.1498	-0.4113	0.3797	-0.8150	323.38	42.07	33.81
2026-06-23T11:26:00.9216597+08:00	0x03	-0.2748	0.3658	0.7484	0.4801	117.66	354.10	305.76
2026-06-23T11:26:01.0593951+08:00	0x02	-0.0560	-0.5223	0.3867	-0.7579	322.78	59.09	29.27
2026-06-23T11:26:01.2554374+08:00	0x04	0.2757	0.0097	-0.4039	0.8722	306.72	346.36	29.27
2026-06-23T11:26:01.3373648+08:00	0x01	-0.1499	-0.4110	0.3804	-0.8148	323.27	41.99	33.85
2026-06-23T11:26:01.4921951+08:00	0x03	-0.2754	0.3646	0.7499	0.4783	118.16	353.70	305.87
2026-06-23T11:26:01.6287040+08:00	0x02	-0.0551	-0.5233	0.3881	-0.7566	322.60	59.22	29.31
2026-06-23T11:26:01.8093659+08:00	0x04	0.2753	0.0049	-0.4173	0.8660	304.78	345.38	28.75
2026-06-23T11:26:02.0255365+08:00	0x03	-0.2756	0.3651	0.7501	0.4775	118.30	353.64	305.81
2026-06-23T11:26:02.1412130+08:00	0x02	-0.0557	-0.5255	0.3829	-0.7577	323.33	59.65	29.14
2026-06-23T11:26:02.4384324+08:00	0x01	-0.1537	-0.4111	0.3749	-0.8166	324.11	42.13	34.00
2026-06-23T11:26:02.4931576+08:00	0x04	0.2756	0.0017	-0.4253	0.8621	303.59	344.73	28.47
2026-06-23T11:26:02.5543579+08:00	0x03	-0.2758	0.3653	0.7509	0.4761	118.59	353.48	305.78
2026-06-23T11:26:02.7223489+08:00	0x02	-0.0579	-0.5238	0.3845	-0.7579	323.19	59.33	29.38
2026-06-23T11:26:02.9052841+08:00	0x04	0.2779	-0.0016	-0.4309	0.8585	302.62	344.01	28.41
2026-06-23T11:26:03.0884160+08:00	0x03	-0.2748	0.3677	0.7508	0.4749	118.59	353.75	305.59
2026-06-23T11:26:03.2383650+08:00	0x02	-0.0578	-0.5239	0.3844	-0.7579	323.19	59.34	29.37
2026-06-23T11:26:03.4718393+08:00	0x01	0.0163	-0.3848	0.6066	-0.6955	287.11	38.27	26.37
2026-06-23T11:26:03.6235480+08:00	0x03	-0.2455	0.4021	0.7681	0.4337	122.67	357.08	303.84
2026-06-23T11:26:03.8048212+08:00	0x02	0.0350	-0.3798	0.7834	-0.4908	253.89	31.09	34.11
2026-06-23T11:26:04.0055457+08:00	0x04	0.3044	0.0237	-0.4732	0.8263	295.54	342.99	31.71
2026-06-23T11:26:04.1921516+08:00	0x03	-0.2306	0.3855	0.8199	0.3549	138.14	350.05	307.27
2026-06-23T11:26:04.3876743+08:00	0x02	-0.0656	-0.2526	0.9640	0.0512	171.35	349.99	28.71
2026-06-23T11:26:04.5931236+08:00	0x01	0.0112	-0.3861	0.6004	-0.7002	288.17	38.30	26.62
2026-06-23T11:26:04.7047961+08:00	0x03	-0.2296	0.3801	0.8349	0.3253	143.57	347.34	308.37
2026-06-23T11:26:04.9056777+08:00	0x02	-0.1254	-0.2602	0.9541	0.0793	165.74	341.39	28.46
2026-06-23T11:26:05.0883978+08:00	0x04	0.2901	0.0551	-0.4627	0.8359	298.56	347.95	32.41
2026-06-23T11:26:05.2424249+08:00	0x03	-0.2318	0.3770	0.8366	0.3229	144.23	346.65	308.70
2026-06-23T11:26:05.2721835+08:00	0x01	-0.0965	-0.3872	0.9160	-0.0415	180.11	348.01	45.83
2026-06-23T11:26:05.4725496+08:00	0x02	-0.1434	-0.2346	0.9510	0.1416	158.39	338.22	23.93
2026-06-23T11:26:05.6552366+08:00	0x04	0.2899	0.0598	-0.4480	0.8436	300.83	349.09	32.87
2026-06-23T11:26:05.6926927+08:00	0x01	-0.1157	-0.3756	0.9190	0.0308	168.66	341.17	43.09
2026-06-23T11:26:05.8224936+08:00	0x03	-0.2331	0.3749	0.8388	0.3185	145.12	346.00	308.97
2026-06-23T11:26:05.9383274+08:00	0x02	-0.1525	-0.2217	0.9418	0.2017	151.39	336.22	20.86
2026-06-23T11:26:06.1884650+08:00	0x04	0.2894	0.0625	-0.4402	0.8477	302.08	349.77	33.07
2026-06-23T11:26:06.2389767+08:00	0x01	-0.1278	-0.3690	0.9176	0.0745	162.13	337.38	41.16
2026-06-23T11:26:06.3927251+08:00	0x03	-0.2342	0.3739	0.8398	0.3165	145.58	345.61	309.09
2026-06-23T11:26:06.5804095+08:00	0x02	-0.1586	-0.2088	0.9358	0.2357	147.67	335.38	18.43
2026-06-23T11:26:06.7883784+08:00	0x04	0.2889	0.0657	-0.4332	0.8512	303.21	350.47	33.28
2026-06-23T11:26:06.9723838+08:00	0x03	-0.2352	0.3712	0.8413	0.3148	145.99	345.21	309.40
2026-06-23T11:26:07.0454796+08:00	0x02	-0.1623	-0.1963	0.9300	0.2651	144.57	335.00	16.21
2026-06-23T11:26:07.2782480+08:00	0x04	0.2885	0.0671	-0.4290	0.8534	303.87	350.84	33.36
2026-06-23T11:26:07.3216667+08:00	0x01	-0.1357	-0.3586	0.9175	0.1061	157.94	335.27	38.99
2026-06-23T11:26:07.5223096+08:00	0x03	-0.2346	0.3714	0.8419	0.3133	146.21	345.18	309.43
2026-06-23T11:26:07.6722858+08:00	0x02	-0.1651	-0.1892	0.9257	0.2830	142.64	334.72	14.87
2026-06-23T11:26:07.8422709+08:00	0x04	0.2902	0.0674	-0.4249	0.8548	304.40	350.92	33.60
2026-06-23T11:26:08.0361559+08:00	0x03	-0.2347	0.3713	0.8428	0.3111	146.59	345.00	309.47
2026-06-23T11:26:08.1354888+08:00	0x02	-0.1685	-0.1821	0.9193	0.3055	140.17	334.35	13.40
2026-06-23T11:26:08.4415790+08:00	0x01	-0.1445	-0.3510	0.9148	0.1378	153.70	333.10	37.05
2026-06-23T11:26:08.5226346+08:00	0x03	-0.2350	0.3713	0.8424	0.3118	146.49	345.00	309.45
2026-06-23T11:26:08.6665991+08:00	0x02	-0.1689	-0.1660	0.9235	0.3018	141.19	335.10	11.81
2026-06-23T11:26:08.9396931+08:00	0x04	0.2886	0.0692	-0.4206	0.8574	305.15	351.43	33.57
2026-06-23T11:26:09.1339745+08:00	0x03	-0.2379	0.3659	0.8422	0.3166	145.96	344.73	309.92
2026-06-23T11:26:09.2355673+08:00	0x02	-0.1733	-0.1610	0.9234	0.3024	141.24	334.83	11.10
2026-06-23T11:26:09.5125370+08:00	0x04	0.2875	0.0709	-0.4195	0.8581	305.39	351.74	33.57
2026-06-23T11:26:09.6518648+08:00	0x03	-0.2392	0.3640	0.8431	0.3154	146.29	344.36	310.12
2026-06-23T11:26:09.7996684+08:00	0x02	-0.1762	-0.1666	0.9213	0.3040	140.84	334.23	11.53
2026-06-23T11:26:10.0392209+08:00	0x04	0.2904	0.0691	-0.4181	0.8580	305.42	351.40	33.78
2026-06-23T11:26:10.0888892+08:00	0x01	-0.1498	-0.3498	0.9120	0.1534	151.50	331.82	36.30
2026-06-23T11:26:10.2065721+08:00	0x03	-0.2385	0.3661	0.8430	0.3137	146.49	344.42	309.93
2026-06-23T11:26:10.3064377+08:00	0x02	-0.1756	-0.1624	0.9223	0.3035	141.05	334.50	11.13
2026-06-23T11:26:10.6130607+08:00	0x04	0.2936	0.0674	-0.4158	0.8581	305.56	351.08	34.05
2026-06-23T11:26:10.8059687+08:00	0x03	-0.2315	0.3750	0.8411	0.3137	145.84	345.86	309.11
2026-06-23T11:26:10.8955002+08:00	0x02	-0.1724	-0.1399	0.9195	0.3244	139.33	335.66	8.36
2026-06-23T11:26:11.1741457+08:00	0x01	-0.1088	-0.3194	0.9381	-0.0786	185.68	348.73	38.05
2026-06-23T11:26:11.2128750+08:00	0x04	0.3195	-0.0036	-0.1511	0.9355	339.20	352.61	36.63
2026-06-23T11:26:11.3247709+08:00	0x03	-0.2448	0.3765	0.8047	0.3882	133.31	350.32	307.24
2026-06-23T11:26:11.4184765+08:00	0x02	-0.1364	-0.1995	0.9488	0.2036	152.25	338.94	18.84
2026-06-23T11:26:11.6908466+08:00	0x04	0.3273	0.0064	-0.1923	0.9251	333.72	351.74	37.45
2026-06-23T11:26:11.8595788+08:00	0x03	-0.2812	0.3195	0.7772	0.4635	124.10	347.54	310.78
2026-06-23T11:26:11.9794073+08:00	0x02	-0.1375	-0.1977	0.9482	0.2073	151.84	338.81	18.54
2026-06-23T11:26:12.2742046+08:00	0x04	0.3354	-0.0289	-0.2454	0.9091	324.57	344.31	36.56
2026-06-23T11:26:12.3945347+08:00	0x03	-0.2955	0.3262	0.7736	0.4559	125.94	345.38	309.27
2026-06-23T11:26:12.4416712+08:00	0x02	-0.1526	-0.3263	0.9267	0.1069	158.72	334.53	34.90
2026-06-23T11:26:12.7966072+08:00	0x04	0.3352	-0.0279	-0.2439	0.9096	324.84	344.53	36.60
2026-06-23T11:26:12.9448756+08:00	0x03	-0.4082	0.2980	0.8521	0.1362	180.82	308.52	321.75
2026-06-23T11:26:12.9740039+08:00	0x02	-0.1535	-0.3254	0.9276	0.1003	159.57	334.72	34.95
2026-06-23T11:26:13.3102092+08:00	0x01	-0.1103	-0.3205	0.9381	-0.0716	184.64	348.19	38.10
2026-06-23T11:26:13.4744161+08:00	0x03	-0.4218	0.3332	0.8324	0.1350	184.34	304.59	318.05
2026-06-23T11:26:13.8940968+08:00	0x04	0.5349	-0.2592	-0.2363	0.7687	296.27	294.25	44.41
2026-06-23T11:26:13.9170788+08:00	0x01	-0.3257	-0.4017	0.7242	-0.4561	236.79	347.24	61.52
2026-06-23T11:26:14.0235157+08:00	0x03	-0.3999	0.3547	0.8125	0.2327	171.61	311.48	310.32
2026-06-23T11:26:14.4073087+08:00	0x01	-0.1631	-0.4110	0.8609	-0.2517	209.21	353.08	52.16
2026-06-23T11:26:14.5406544+08:00	0x03	-0.3676	0.3762	0.7746	0.3513	150.36	325.66	302.75
2026-06-23T11:26:14.6406462+08:00	0x02	-0.2045	-0.1530	0.8807	0.3989	129.68	330.99	6.10
2026-06-23T11:26:14.9913738+08:00	0x01	-0.1504	-0.3425	0.9260	0.0509	165.45	336.48	38.24
2026-06-23T11:26:15.1578328+08:00	0x03	-0.3533	0.3943	0.7123	0.4608	124.98	342.35	297.46
2026-06-23T11:26:15.4977314+08:00	0x01	-0.1431	-0.3346	0.9277	0.0828	161.88	336.41	36.67
2026-06-23T11:26:15.6779082+08:00	0x03	-0.2688	0.4433	0.7195	0.4621	112.86	2.84	297.58
2026-06-23T11:26:16.0790908+08:00	0x01	-0.1498	-0.3288	0.9260	0.1092	158.41	334.71	35.19
2026-06-23T11:26:16.2248904+08:00	0x03	-0.2816	0.4350	0.7157	0.4683	113.27	0.54	297.58
2026-06-23T11:26:16.6574219+08:00	0x04	0.5348	-0.2529	-0.2283	0.7732	297.44	295.28	45.37
2026-06-23T11:26:16.7574922+08:00	0x03	-0.2864	0.4389	0.7069	0.4750	111.27	1.52	296.80
2026-06-23T11:26:17.1579975+08:00	0x01	-0.1552	-0.3178	0.9270	0.1249	156.70	333.91	33.39
2026-06-23T11:26:17.3411281+08:00	0x03	-0.2890	0.4435	0.6960	0.4851	107.97	3.64	296.13
2026-06-23T11:26:17.6809043+08:00	0x04	0.4508	-0.3128	-0.5602	0.6206	268.01	294.01	12.07
2026-06-23T11:26:17.8787182+08:00	0x02	-0.1628	-0.1173	0.9454	0.2567	148.08	338.19	7.95
2026-06-23T11:26:17.8976596+08:00	0x03	-0.2670	0.4590	0.6966	0.4824	104.84	9.23	296.22
2026-06-23T11:26:18.2115075+08:00	0x04	0.3208	-0.1923	-0.4954	0.7840	288.62	319.31	18.21
2026-06-23T11:26:18.4287167+08:00	0x03	-0.2648	0.4333	0.7005	0.5015	104.41	7.49	299.24
2026-06-23T11:26:18.7746874+08:00	0x04	0.3260	-0.1957	-0.4966	0.7802	288.05	318.49	18.33
2026-06-23T11:26:18.9506024+08:00	0x02	-0.1650	-0.1001	0.9406	0.2792	145.88	338.40	5.52
2026-06-23T11:26:19.0245142+08:00	0x03	-0.2076	0.4369	0.7663	0.4229	119.17	5.52	302.30
2026-06-23T11:26:19.4084955+08:00	0x04	0.3153	-0.0828	-0.6124	0.7202	273.13	327.31	20.66
2026-06-23T11:26:19.4802798+08:00	0x02	-0.1663	-0.1069	0.9378	0.2855	144.95	337.98	6.06
2026-06-23T11:26:19.5078034+08:00	0x03	-0.2233	0.4276	0.7614	0.4331	118.95	3.25	302.37
2026-06-23T11:26:19.8758628+08:00	0x04	0.3159	-0.0671	-0.5673	0.7575	279.86	329.83	23.74
2026-06-23T11:26:20.0584424+08:00	0x02	-0.1667	-0.1163	0.9386	0.2788	145.49	337.62	7.20
2026-06-23T11:26:20.4480614+08:00	0x04	0.3207	-0.0481	-0.5225	0.7886	286.20	332.51	27.09
2026-06-23T11:26:20.6424976+08:00	0x02	-0.1668	-0.1196	0.9396	0.2738	145.98	337.51	7.66
2026-06-23T11:26:20.9586597+08:00	0x04	0.3425	-0.1101	-0.2260	0.9053	323.85	334.45	34.77
2026-06-23T11:26:20.9756148+08:00	0x01	-0.1438	-0.3217	0.9305	0.1003	160.14	336.17	34.73
2026-06-23T11:26:21.1425576+08:00	0x02	-0.1662	-0.1189	0.9411	0.2695	146.51	337.64	7.71
2026-06-23T11:26:21.1917599+08:00	0x03	-0.2837	0.4146	0.7222	0.4754	114.33	358.21	299.70
2026-06-23T11:26:21.5083350+08:00	0x01	-0.1435	-0.3192	0.9304	0.1090	159.13	335.97	34.24
2026-06-23T11:26:21.7085778+08:00	0x03	-0.2813	0.4490	0.7136	0.4584	113.74	1.32	296.02
2026-06-23T11:26:21.8591947+08:00	0x02	-0.1660	-0.1195	0.9423	0.2649	147.03	337.68	7.89
2026-06-23T11:26:22.0595573+08:00	0x04	0.5534	-0.2330	-0.3694	0.7092	278.33	290.66	37.80
2026-06-23T11:26:22.2256328+08:00	0x02	-0.1654	-0.1140	0.9437	0.2626	147.46	337.96	7.37
2026-06-23T11:26:22.2764002+08:00	0x03	-0.2978	0.4529	0.6979	0.4681	111.56	1.15	294.36
2026-06-23T11:26:22.5925289+08:00	0x01	-0.1418	-0.3141	0.9332	0.1024	160.28	336.67	33.86
2026-06-23T11:26:22.8119649+08:00	0x02	-0.1657	-0.1133	0.9443	0.2608	147.70	337.97	7.33
2026-06-23T11:26:23.1422243+08:00	0x04	0.5302	-0.2798	-0.4351	0.6717	273.83	288.56	27.96
2026-06-23T11:26:23.1757765+08:00	0x01	-0.1409	-0.3136	0.9333	0.1040	160.13	336.74	33.78
2026-06-23T11:26:23.3924440+08:00	0x03	-0.3041	0.4536	0.6969	0.4648	112.80	359.69	293.80
2026-06-23T11:26:23.6267850+08:00	0x01	-0.1415	-0.3107	0.9339	0.1065	159.91	336.69	33.38
2026-06-23T11:26:23.7262925+08:00	0x04	0.5069	-0.2832	-0.4532	0.6764	274.79	291.14	25.41
2026-06-23T11:26:23.8923764+08:00	0x02	-0.1656	-0.1086	0.9467	0.2542	148.60	338.19	6.98
2026-06-23T11:26:23.9609065+08:00	0x03	-0.3002	0.4601	0.6997	0.4568	113.70	0.04	293.35
2026-06-23T11:26:24.2427370+08:00	0x01	-0.1398	-0.3067	0.9354	0.1064	160.16	337.08	32.96
2026-06-23T11:26:24.4761215+08:00	0x02	-0.1660	-0.1085	0.9471	0.2522	148.83	338.16	6.99
2026-06-23T11:26:24.7093927+08:00	0x01	-0.1399	-0.3028	0.9366	0.1076	160.16	337.17	32.48
2026-06-23T11:26:24.8300402+08:00	0x04	0.5049	-0.3097	-0.4663	0.6570	273.41	288.77	22.00
2026-06-23T11:26:24.8926936+08:00	0x02	-0.1670	-0.1156	0.9485	0.2430	149.71	337.87	7.94
2026-06-23T11:26:25.0342251+08:00	0x03	-0.3000	0.4681	0.6966	0.4534	113.23	0.98	292.44
2026-06-23T11:26:25.3095017+08:00	0x04	0.4976	-0.3050	-0.4709	0.6615	273.78	290.07	21.78
2026-06-23T11:26:25.4764670+08:00	0x02	-0.1642	-0.1126	0.9498	0.2414	149.99	338.31	7.74
2026-06-23T11:26:25.5321800+08:00	0x03	-0.2967	0.4674	0.6967	0.4562	112.28	1.94	292.78
2026-06-23T11:26:25.8258274+08:00	0x01	-0.1378	-0.2998	0.9372	0.1131	159.66	337.37	32.06
2026-06-23T11:26:25.9093252+08:00	0x04	0.5028	-0.3161	-0.4680	0.6544	273.47	288.43	21.23
2026-06-23T11:26:26.0294695+08:00	0x02	-0.1634	-0.1075	0.9509	0.2399	150.31	338.58	7.24
2026-06-23T11:26:26.1301082+08:00	0x03	-0.3035	0.4660	0.6972	0.4524	114.19	359.78	292.43
2026-06-23T11:26:26.3851031+08:00	0x04	0.4924	-0.3237	-0.4708	0.6566	274.38	288.97	19.99
2026-06-23T11:26:26.4096334+08:00	0x01	-0.1371	-0.2977	0.9382	0.1111	160.02	337.61	31.88
2026-06-23T11:26:26.5604236+08:00	0x02	-0.1644	-0.1097	0.9503	0.2406	150.16	338.39	7.43
2026-06-23T11:26:26.7118011+08:00	0x03	-0.3006	0.4662	0.6958	0.4562	112.79	1.06	292.62
2026-06-23T11:26:26.9266289+08:00	0x01	-0.1372	-0.2972	0.9385	0.1101	160.17	337.66	31.85
2026-06-23T11:26:27.1261367+08:00	0x02	-0.1645	-0.1079	0.9504	0.2408	150.19	338.43	7.23
2026-06-23T11:26:27.2441220+08:00	0x03	-0.3011	0.4675	0.6951	0.4557	112.76	1.12	292.43
2026-06-23T11:26:27.4942337+08:00	0x04	0.4891	-0.3320	-0.4758	0.6513	274.16	288.54	18.74
2026-06-23T11:26:27.7465487+08:00	0x02	-0.1645	-0.1084	0.9502	0.2416	150.08	338.41	7.27
2026-06-23T11:26:28.0097743+08:00	0x04	0.4880	-0.3339	-0.4752	0.6516	274.36	288.50	18.59
2026-06-23T11:26:28.2095009+08:00	0x02	-0.1644	-0.1072	0.9502	0.2423	150.03	338.46	7.13
2026-06-23T11:26:28.3272441+08:00	0x03	-0.3008	0.4679	0.6944	0.4565	112.40	1.43	292.41
2026-06-23T11:26:28.5764990+08:00	0x04	0.5024	-0.3494	-0.4655	0.6394	273.74	285.35	18.49
2026-06-23T11:26:28.7940098+08:00	0x02	-0.1645	-0.1040	0.9510	0.2402	150.35	338.57	6.82
2026-06-23T11:26:28.9178662+08:00	0x03	-0.2993	0.4718	0.6920	0.4571	111.36	2.60	292.09
2026-06-23T11:26:29.0303798+08:00	0x04	0.4967	-0.3449	-0.4672	0.6451	274.24	286.47	18.57
2026-06-23T11:26:29.1442825+08:00	0x01	-0.1348	-0.2937	0.9407	0.1031	161.28	338.33	31.66
2026-06-23T11:26:29.3004364+08:00	0x02	-0.1646	-0.1038	0.9512	0.2394	150.46	338.56	6.81
2026-06-23T11:26:29.4469756+08:00	0x03	-0.3031	0.4687	0.6928	0.4566	112.41	1.21	292.15
2026-06-23T11:26:29.6107921+08:00	0x01	-0.1354	-0.2946	0.9403	0.1032	161.22	338.23	31.74
2026-06-23T11:26:29.8768938+08:00	0x02	-0.1630	-0.1047	0.9522	0.2361	150.83	338.74	7.03
2026-06-23T11:26:29.9338886+08:00	0x03	-0.2992	0.4722	0.6897	0.4603	110.29	3.36	292.07
2026-06-23T11:26:30.1436299+08:00	0x04	0.4694	-0.4226	-0.2598	0.7304	298.65	283.20	27.78
2026-06-23T11:26:30.2444637+08:00	0x01	-0.1326	-0.2780	0.9445	0.1140	160.57	338.83	29.66
2026-06-23T11:26:30.3932720+08:00	0x02	-0.1650	-0.1186	0.9548	0.2170	152.68	338.23	8.91
2026-06-23T11:26:30.4807113+08:00	0x03	-0.2526	0.4187	0.8305	0.2668	155.45	339.40	303.88
2026-06-23T11:26:30.7126327+08:00	0x01	-0.1344	-0.2877	0.9405	0.1209	159.27	338.01	30.57
2026-06-23T11:26:30.8781158+08:00	0x02	-0.1659	-0.1331	0.9518	0.2211	151.78	337.61	10.37
2026-06-23T11:26:31.0474292+08:00	0x03	-0.2200	0.3846	0.8705	0.2143	161.58	340.24	310.19
2026-06-23T11:26:31.2164461+08:00	0x04	0.4706	-0.4206	-0.2663	0.7285	297.90	283.24	27.49
2026-06-23T11:26:31.3281426+08:00	0x01	-0.1302	-0.2923	0.9408	0.1118	160.40	338.69	31.39
2026-06-23T11:26:31.3944727+08:00	0x02	-0.1674	-0.1130	0.9543	0.2204	152.40	338.10	8.15
2026-06-23T11:26:31.5628347+08:00	0x03	-0.2135	0.3542	0.8955	0.1642	168.40	337.97	315.21
2026-06-23T11:26:31.7336259+08:00	0x04	0.2079	-0.3682	0.0578	0.9043	356.93	315.02	24.75
2026-06-23T11:26:31.7943631+08:00	0x01	-0.1271	-0.2861	0.9354	0.1645	154.06	337.56	29.56
2026-06-23T11:26:31.9644163+08:00	0x02	-0.1318	-0.0727	0.9544	0.2576	149.19	343.15	4.06
2026-06-23T11:26:32.0874253+08:00	0x03	-0.2201	0.3361	0.9040	0.1463	170.95	336.14	317.77
2026-06-23T11:26:32.3105020+08:00	0x04	0.1631	-0.3611	0.0239	0.9178	355.53	316.32	18.46
2026-06-23T11:26:32.4276576+08:00	0x02	-0.1358	-0.0752	0.9562	0.2481	150.24	342.67	4.38
2026-06-23T11:26:32.5781701+08:00	0x03	-0.2248	0.3352	0.9050	0.1343	172.88	334.83	318.15
2026-06-23T11:26:32.8944396+08:00	0x04	0.1410	-0.3618	-0.0055	0.9215	353.33	316.26	14.82
2026-06-23T11:26:32.9270666+08:00	0x01	-0.1214	-0.2862	0.9359	0.1660	154.05	338.23	29.69
2026-06-23T11:26:33.0642666+08:00	0x02	-0.1416	-0.0759	0.9555	0.2475	150.27	342.00	4.30
2026-06-23T11:26:33.1612647+08:00	0x03	-0.2324	0.3318	0.9056	0.1259	174.36	333.34	318.74
2026-06-23T11:26:33.4034537+08:00	0x04	0.1172	-0.3775	-0.0516	0.9171	349.28	314.30	10.14
2026-06-23T11:26:33.5313505+08:00	0x02	-0.1472	-0.0739	0.9550	0.2465	150.41	341.44	3.94
2026-06-23T11:26:33.7121557+08:00	0x03	-0.2354	0.3325	0.9057	0.1173	175.75	332.45	318.89
2026-06-23T11:26:33.9787108+08:00	0x04	0.1047	-0.3742	-0.0589	0.9195	349.12	314.90	8.54
2026-06-23T11:26:34.1479692+08:00	0x02	-0.1442	-0.0794	0.9582	0.2342	151.75	341.66	4.86
2026-06-23T11:26:34.2446836+08:00	0x03	-0.2264	0.3303	0.9091	0.1148	175.52	333.70	319.26
2026-06-23T11:26:34.5452833+08:00	0x01	-0.1173	-0.2800	0.9381	0.1666	154.35	338.99	29.10
2026-06-23T11:26:34.6116538+08:00	0x02	-0.1398	-0.0739	0.9570	0.2432	150.82	342.28	4.21
2026-06-23T11:26:34.6456911+08:00	0x04	0.0948	-0.3709	-0.0672	0.9214	348.72	315.44	7.17
2026-06-23T11:26:34.8030089+08:00	0x03	-0.2218	0.3285	0.9101	0.1205	174.43	334.67	319.35
2026-06-23T11:26:35.0613515+08:00	0x04	0.0884	-0.3722	-0.0802	0.9205	347.61	315.33	5.91
2026-06-23T11:26:35.1362632+08:00	0x01	-0.1159	-0.2807	0.9362	0.1769	153.06	338.80	28.99
2026-06-23T11:26:35.3284988+08:00	0x03	-0.2243	0.3293	0.9096	0.1178	174.96	334.16	319.31
2026-06-23T11:26:35.6626710+08:00	0x04	0.0813	-0.3748	-0.0902	0.9191	346.84	315.09	4.70
2026-06-23T11:26:35.9156064+08:00	0x03	-0.2225	0.3328	0.9083	0.1214	174.48	334.55	318.81
2026-06-23T11:26:36.1624854+08:00	0x04	0.0919	-0.4149	-0.1412	0.8941	340.78	309.76	2.70
2026-06-23T11:26:36.1955795+08:00	0x02	-0.1073	-0.1748	0.8165	0.5397	111.20	338.34	9.76
2026-06-23T11:26:36.4024588+08:00	0x03	-0.2592	0.4052	0.8351	0.2668	156.02	338.02	305.40
2026-06-23T11:26:36.6955399+08:00	0x01	-0.1159	-0.2807	0.9363	0.1766	153.10	338.81	28.99
2026-06-23T11:26:36.7384279+08:00	0x04	0.1541	-0.4877	-0.3525	0.7837	315.05	298.64	354.13
2026-06-23T11:26:36.9954031+08:00	0x03	-0.3138	0.4045	0.7911	0.3348	148.41	334.63	301.78
2026-06-23T11:26:37.2793494+08:00	0x02	-0.1085	-0.1720	0.8223	0.5316	112.40	338.51	9.64
2026-06-23T11:26:37.5791677+08:00	0x03	-0.3190	0.4198	0.7737	0.3514	145.43	335.92	299.11
2026-06-23T11:26:37.8458701+08:00	0x02	-0.1366	-0.5187	0.3080	0.7857	39.00	295.27	6.02
2026-06-23T11:26:38.1455162+08:00	0x03	-0.3144	0.4277	0.7631	0.3687	140.95	339.37	297.80
2026-06-23T11:26:38.3459098+08:00	0x01	-0.3943	-0.3925	0.8218	-0.1231	170.79	304.63	47.92
2026-06-23T11:26:38.3798249+08:00	0x02	-0.1625	-0.5481	0.2629	0.7772	35.95	290.28	2.05
2026-06-23T11:26:38.6656893+08:00	0x03	-0.3136	0.4278	0.7559	0.3837	137.45	341.55	297.44
2026-06-23T11:26:38.9124351+08:00	0x04	0.1524	-0.4860	-0.3464	0.7878	315.80	298.91	354.46
2026-06-23T11:26:38.9464052+08:00	0x02	-0.1868	-0.5474	0.2453	0.7780	35.90	289.33	358.73
2026-06-23T11:26:39.2013614+08:00	0x03	-0.3467	0.4030	0.7480	0.3974	138.77	335.47	298.55
2026-06-23T11:26:39.4466644+08:00	0x01	-0.4560	-0.4424	0.7336	-0.2413	174.26	292.93	60.36
2026-06-23T11:26:39.4795688+08:00	0x02	-0.1992	-0.3089	0.7484	0.5521	101.87	318.79	14.03
2026-06-23T11:26:39.6125338+08:00	0x04	0.3105	-0.5247	-0.3467	0.7127	304.65	284.91	4.52
2026-06-23T11:26:39.7992672+08:00	0x03	-0.3931	0.3899	0.7667	0.3249	158.42	317.91	301.42
2026-06-23T11:26:39.9623866+08:00	0x01	-0.2124	-0.3061	0.6880	-0.6228	267.10	7.03	43.29
2026-06-23T11:26:40.0292129+08:00	0x02	-0.2009	-0.3176	0.7370	0.5618	99.91	317.70	14.02
2026-06-23T11:26:40.1295571+08:00	0x04	0.2851	-0.5252	-0.3220	0.7343	309.21	286.66	4.62
2026-06-23T11:26:40.3454270+08:00	0x03	-0.3658	0.4018	0.7523	0.3724	146.31	328.48	298.70
2026-06-23T11:26:40.5466143+08:00	0x01	0.1169	-0.3191	0.6230	-0.7045	281.65	37.75	13.47
2026-06-23T11:26:40.6039744+08:00	0x02	0.0362	-0.3607	0.7737	-0.5196	256.47	30.31	31.36
2026-06-23T11:26:40.6989917+08:00	0x04	0.2788	-0.5344	-0.3301	0.7264	308.86	285.89	2.99
2026-06-23T11:26:40.8822880+08:00	0x03	-0.3707	0.4009	0.7494	0.3745	146.43	327.70	298.54
2026-06-23T11:26:41.0126294+08:00	0x01	0.1677	-0.3173	0.6129	-0.7040	281.23	41.30	8.78
2026-06-23T11:26:41.2297817+08:00	0x02	0.1055	-0.3536	0.7058	-0.6047	268.85	38.39	21.81
2026-06-23T11:26:41.4134958+08:00	0x03	-0.3812	0.3965	0.7492	0.3691	148.73	324.83	298.90
2026-06-23T11:26:41.5313200+08:00	0x01	0.1725	-0.3072	0.5866	-0.7293	284.71	40.86	6.25
2026-06-23T11:26:41.6958458+08:00	0x02	0.1241	-0.3267	0.6330	-0.6908	279.97	38.84	14.01
2026-06-23T11:26:41.7794605+08:00	0x04	0.2968	-0.5304	-0.3216	0.7261	308.28	285.20	5.16
2026-06-23T11:26:41.9463434+08:00	0x03	-0.3854	0.3973	0.7485	0.3651	150.09	323.46	298.81
2026-06-23T11:26:42.1124897+08:00	0x01	0.1853	-0.2953	0.5674	-0.7460	286.74	40.69	3.36
2026-06-23T11:26:42.2129230+08:00	0x02	0.1418	-0.3070	0.5976	-0.7270	284.40	38.60	9.26
2026-06-23T11:26:42.3703733+08:00	0x04	0.2916	-0.5324	-0.3198	0.7275	308.88	285.31	4.80
2026-06-23T11:26:42.5130862+08:00	0x03	-0.3876	0.3925	0.7522	0.3603	151.18	322.50	299.56
2026-06-23T11:26:42.6345379+08:00	0x01	0.1915	-0.2825	0.5491	-0.7629	288.88	39.90	1.03
2026-06-23T11:26:42.8003278+08:00	0x02	0.1496	-0.2979	0.5583	-0.7597	289.49	38.55	6.05
2026-06-23T11:26:42.8805640+08:00	0x04	0.2901	-0.5317	-0.3180	0.7294	309.18	285.50	4.88
2026-06-23T11:26:43.0296205+08:00	0x03	-0.3859	0.3934	0.7544	0.3567	151.73	322.46	299.68
2026-06-23T11:26:43.1971179+08:00	0x01	0.1897	-0.2891	0.5223	-0.7795	292.49	40.46	0.36
2026-06-23T11:26:43.3670163+08:00	0x02	0.1733	-0.3064	0.5156	-0.7812	294.12	41.15	2.59
2026-06-23T11:26:43.4460842+08:00	0x04	0.2916	-0.5187	-0.3001	0.7456	310.91	287.11	7.09
2026-06-23T11:26:43.6176832+08:00	0x03	-0.3784	0.3803	0.7801	0.3220	156.93	320.84	303.18
2026-06-23T11:26:43.8802288+08:00	0x02	0.3042	-0.2696	0.5974	-0.6913	275.84	47.72	354.35
2026-06-23T11:26:43.9581647+08:00	0x01	0.1943	-0.2945	0.5034	-0.7887	294.68	41.32	359.42
2026-06-23T11:26:44.0298442+08:00	0x04	0.2987	-0.4959	-0.2590	0.7732	314.61	289.69	11.83
2026-06-23T11:26:44.1466575+08:00	0x03	-0.3738	0.3938	0.7899	0.2851	163.52	318.28	303.37
2026-06-23T11:26:44.2805693+08:00	0x01	0.5118	-0.1259	0.7277	-0.4390	232.80	62.54	344.57
2026-06-23T11:26:44.3469908+08:00	0x02	0.5364	0.0080	0.7795	-0.3234	212.07	62.95	338.93
2026-06-23T11:26:44.5340384+08:00	0x04	0.2910	-0.5012	-0.2538	0.7744	315.70	289.56	11.33
2026-06-23T11:26:44.6999991+08:00	0x03	-0.3762	0.4003	0.7903	0.2713	166.51	316.41	303.19
2026-06-23T11:26:44.7635780+08:00	0x01	0.5541	-0.0943	0.7930	-0.2349	208.69	68.26	353.64
2026-06-23T11:26:44.9805986+08:00	0x02	0.5176	0.0946	0.8219	-0.2183	196.39	61.13	337.58
2026-06-23T11:26:45.1139700+08:00	0x04	0.2951	-0.5067	-0.2481	0.7711	315.87	288.60	11.75
2026-06-23T11:26:45.2172670+08:00	0x03	-0.3829	0.4010	0.7878	0.2683	167.78	314.79	303.15
2026-06-23T11:26:45.2805203+08:00	0x01	0.5424	-0.1007	0.8055	-0.2163	207.32	66.91	355.85
2026-06-23T11:26:45.5465517+08:00	0x02	0.5113	0.0704	0.8195	-0.2488	201.19	59.81	338.29
2026-06-23T11:26:45.6312719+08:00	0x04	0.3084	-0.5167	-0.2616	0.7546	313.32	286.34	11.25
2026-06-23T11:26:45.7640519+08:00	0x03	-0.3967	0.4038	0.7721	0.2890	166.06	313.44	301.49
2026-06-23T11:26:45.8466989+08:00	0x01	0.3273	-0.2553	0.6866	-0.5969	260.96	49.01	357.70
2026-06-23T11:26:46.0144190+08:00	0x02	0.1197	-0.1656	0.7472	-0.6324	261.61	22.96	5.52
2026-06-23T11:26:46.2305539+08:00	0x04	0.3242	-0.5233	-0.2874	0.7338	309.37	284.24	10.08
2026-06-23T11:26:46.2466652+08:00	0x03	-0.4077	0.3956	0.7595	0.3169	161.92	313.88	300.76
2026-06-23T11:26:46.4313623+08:00	0x01	0.2313	-0.2937	0.6553	-0.6564	271.96	43.70	4.66
2026-06-23T11:26:46.6310845+08:00	0x02	0.1361	-0.2397	0.6521	-0.7062	276.50	31.33	6.92
2026-06-23T11:26:46.7813469+08:00	0x04	0.3361	-0.5195	-0.2813	0.7335	308.95	283.84	11.58
2026-06-23T11:26:46.8475159+08:00	0x03	-0.4179	0.3888	0.7597	0.3117	163.55	311.60	301.66
2026-06-23T11:26:46.9497573+08:00	0x01	0.2273	-0.2916	0.6370	-0.6764	274.90	43.27	3.66
2026-06-23T11:26:47.1142830+08:00	0x02	0.1177	-0.2392	0.6437	-0.7174	278.34	29.97	8.00
2026-06-23T11:26:47.2974741+08:00	0x04	0.3409	-0.5213	-0.2855	0.7284	308.09	283.22	11.47
2026-06-23T11:26:47.3814396+08:00	0x03	-0.4231	0.3863	0.7550	0.3191	162.72	311.21	301.43
2026-06-23T11:26:47.5146984+08:00	0x01	0.2275	-0.2916	0.6375	-0.6758	274.81	43.29	3.69
2026-06-23T11:26:47.6311970+08:00	0x02	0.1182	-0.2393	0.6439	-0.7170	278.29	30.01	7.97
2026-06-23T11:26:47.8708959+08:00	0x04	0.3615	-0.5087	-0.2866	0.7269	306.21	283.14	13.53
2026-06-23T11:26:47.9641152+08:00	0x03	-0.4361	0.3648	0.7605	0.3136	163.53	309.12	304.06
2026-06-23T11:26:48.0182696+08:00	0x01	0.1129	-0.2803	0.5241	-0.7962	295.33	34.64	6.55
2026-06-23T11:26:48.1975569+08:00	0x02	-0.0644	-0.1131	0.9674	-0.2172	204.75	355.54	14.28
2026-06-23T11:26:48.4140798+08:00	0x04	0.3645	-0.5111	-0.2892	0.7227	305.64	282.58	13.37
2026-06-23T11:26:48.6015894+08:00	0x01	0.0756	-0.2589	0.5319	-0.8027	295.33	30.13	8.86
2026-06-23T11:26:48.7814997+08:00	0x02	-0.1578	-0.1081	0.9805	0.0462	172.69	340.99	11.39
2026-06-23T11:26:48.9644499+08:00	0x04	0.3631	-0.5130	-0.2895	0.7220	305.74	282.46	13.13
2026-06-23T11:26:49.0462335+08:00	0x03	-0.4397	0.3672	0.7565	0.3156	163.78	308.41	303.58
2026-06-23T11:26:49.3012518+08:00	0x02	-0.1583	-0.1134	0.9743	0.1131	164.88	340.13	10.67
2026-06-23T11:26:49.4893597+08:00	0x04	0.3638	-0.5184	-0.2880	0.7184	305.76	281.72	12.95
2026-06-23T11:26:49.5710833+08:00	0x03	-0.4433	0.3731	0.7514	0.3157	164.62	307.34	302.79
2026-06-23T11:26:49.6144444+08:00	0x01	0.2425	-0.3310	0.5146	-0.7529	290.66	48.43	358.60
2026-06-23T11:26:49.8679330+08:00	0x02	0.0342	-0.0391	0.9986	-0.0108	181.39	3.97	4.44
2026-06-23T11:26:49.9511256+08:00	0x04	0.3669	-0.5172	-0.2857	0.7185	305.69	281.61	13.40
2026-06-23T11:26:50.1731761+08:00	0x01	0.0835	-0.2367	0.5223	-0.8150	296.30	28.42	6.38
2026-06-23T11:26:50.3148333+08:00	0x03	-0.4419	0.3725	0.7518	0.3175	164.12	307.81	302.79
2026-06-23T11:26:50.3819376+08:00	0x02	0.0334	-0.0400	0.9986	-0.0080	181.07	3.87	4.55
2026-06-23T11:26:50.5317533+08:00	0x04	0.3354	-0.5284	-0.3080	0.7165	306.33	282.66	8.92
2026-06-23T11:26:50.7155174+08:00	0x03	-0.4294	0.3765	0.7575	0.3163	163.21	310.13	302.65
2026-06-23T11:26:50.9514048+08:00	0x02	-0.1712	-0.0490	0.9826	0.0527	173.06	339.96	4.49
2026-06-23T11:26:51.1648008+08:00	0x04	0.2780	-0.5318	-0.3107	0.7371	310.87	286.31	4.55
2026-06-23T11:26:51.2663487+08:00	0x03	-0.3877	0.3944	0.7704	0.3171	159.45	318.19	301.39
2026-06-23T11:26:51.2822858+08:00	0x01	0.0982	-0.2571	0.6080	-0.7448	284.17	30.62	9.57
2026-06-23T11:26:51.5321115+08:00	0x02	-0.1506	-0.0260	0.9801	0.1270	165.13	342.43	0.73
2026-06-23T11:26:51.6188057+08:00	0x04	0.2399	-0.5102	-0.3264	0.7587	312.23	291.38	1.78
2026-06-23T11:26:51.7810543+08:00	0x03	-0.3415	0.4019	0.7925	0.3063	156.68	326.38	302.21
2026-06-23T11:26:52.0517299+08:00	0x02	-0.1450	-0.0139	0.9815	0.1242	165.65	343.26	359.50
2026-06-23T11:26:52.2515541+08:00	0x04	0.2218	-0.5122	-0.2598	0.7880	320.29	292.22	4.79
2026-06-23T11:26:52.3813825+08:00	0x03	-0.3388	0.4082	0.8078	0.2570	165.46	322.33	303.53
2026-06-23T11:26:52.5322937+08:00	0x02	-0.1288	-0.0504	0.9869	0.0833	169.75	344.73	4.47
2026-06-23T11:26:52.7395540+08:00	0x04	0.2372	-0.4521	-0.2094	0.8340	324.83	299.29	11.90
2026-06-23T11:26:52.9198497+08:00	0x03	-0.3138	0.3617	0.8572	0.1897	171.62	323.50	312.34
2026-06-23T11:26:52.9666505+08:00	0x01	0.1014	-0.3020	0.5494	-0.7724	292.43	35.95	10.10
2026-06-23T11:26:53.0478345+08:00	0x02	-0.1392	-0.0676	0.9821	0.1072	166.67	343.17	5.91
2026-06-23T11:26:53.2320826+08:00	0x04	0.2640	-0.4388	-0.2457	0.8230	319.31	299.17	12.65
2026-06-23T11:26:53.5018699+08:00	0x01	0.1269	-0.3068	0.5067	-0.7957	297.20	38.35	6.25
2026-06-23T11:26:53.5197461+08:00	0x03	-0.2942	0.3802	0.8530	0.2031	168.95	327.12	309.82
2026-06-23T11:26:53.6038666+08:00	0x02	-0.1277	-0.0676	0.9841	0.1034	167.17	344.52	6.13
2026-06-23T11:26:53.8018714+08:00	0x04	0.2249	-0.4855	-0.2533	0.8059	320.87	295.49	6.69
2026-06-23T11:26:54.0162706+08:00	0x03	-0.2837	0.3911	0.8483	0.2164	166.39	329.66	308.15
2026-06-23T11:26:54.0359559+08:00	0x01	0.1363	-0.2989	0.4760	-0.8158	300.71	38.22	3.56
2026-06-23T11:26:54.1991431+08:00	0x02	-0.1302	-0.0492	0.9863	0.0881	169.22	344.56	4.25
2026-06-23T11:26:54.2825547+08:00	0x04	0.1232	-0.4792	-0.3414	0.7992	317.98	300.98	352.52
2026-06-23T11:26:54.5325889+08:00	0x03	-0.1793	0.4053	0.8818	0.1612	167.35	343.01	309.41
2026-06-23T11:26:54.6990161+08:00	0x02	-0.0635	-0.0457	0.9955	0.0530	173.59	352.43	4.84
2026-06-23T11:26:54.8996151+08:00	0x04	0.0855	-0.4753	-0.3266	0.8125	321.59	302.79	350.13
2026-06-23T11:26:55.1156275+08:00	0x03	-0.1793	0.3970	0.8854	0.1625	167.05	343.11	310.43
2026-06-23T11:26:55.2838325+08:00	0x02	-0.0732	-0.0553	0.9947	0.0473	174.10	351.28	5.92
2026-06-23T11:26:55.4825612+08:00	0x04	0.1128	-0.4781	-0.4416	0.7508	307.17	302.33	345.36
2026-06-23T11:26:55.6858881+08:00	0x01	0.1148	-0.2479	0.4066	-0.8718	310.02	31.71	0.09
2026-06-23T11:26:55.8064474+08:00	0x02	-0.0999	-0.0379	0.9912	0.0784	170.60	348.21	3.41
2026-06-23T11:26:56.0159459+08:00	0x04	0.1120	-0.4781	-0.4383	0.7528	307.60	302.33	345.50
2026-06-23T11:26:56.2731796+08:00	0x03	-0.1793	0.3972	0.8853	0.1624	167.05	343.11	310.40
2026-06-23T11:26:56.4368340+08:00	0x02	-0.1444	-0.0706	0.9861	0.0412	174.12	342.96	7.32
2026-06-23T11:26:56.5724939+08:00	0x04	0.2829	-0.1969	0.1415	0.9280	10.70	339.48	35.51
2026-06-23T11:26:56.7362863+08:00	0x01	0.0779	-0.2676	0.4761	-0.8340	302.59	31.64	7.17
2026-06-23T11:26:56.7560712+08:00	0x03	-0.2405	0.2689	0.9091	-0.2082	213.45	323.41	337.12
2026-06-23T11:26:56.8024260+08:00	0x02	-0.1588	-0.0638	0.9843	0.0438	173.85	341.33	6.41
2026-06-23T11:26:57.0830155+08:00	0x04	0.1887	-0.1781	-0.0004	0.9657	355.82	338.31	21.37
2026-06-23T11:26:57.3332725+08:00	0x03	-0.1885	0.2753	0.9224	-0.1946	210.92	329.66	334.25
2026-06-23T11:26:57.5493018+08:00	0x04	0.1780	-0.1237	-0.0763	0.9732	348.24	343.52	19.13
2026-06-23T11:26:57.8179641+08:00	0x03	-0.1443	0.2665	0.9276	-0.2186	212.32	334.79	334.45
2026-06-23T11:26:57.8488796+08:00	0x01	0.0603	-0.2817	0.5152	-0.8072	298.08	31.78	11.12
2026-06-23T11:26:57.9333561+08:00	0x02	-0.1578	-0.0685	0.9823	0.0738	170.35	341.20	6.39
2026-06-23T11:26:58.1332685+08:00	0x04	0.1784	-0.1254	-0.0740	0.9731	348.47	343.36	19.18
2026-06-23T11:26:58.3450008+08:00	0x01	0.0215	-0.2734	0.5608	-0.7813	292.63	27.98	15.84
2026-06-23T11:26:58.4012050+08:00	0x03	-0.1457	0.2668	0.9274	-0.2179	212.28	334.64	334.45
2026-06-23T11:26:58.6495859+08:00	0x04	0.0475	0.0226	-0.1550	0.9865	342.23	1.72	5.78
2026-06-23T11:26:58.9167481+08:00	0x01	0.0495	-0.2960	0.5611	-0.7714	292.22	32.00	14.82
2026-06-23T11:26:59.0164272+08:00	0x02	-0.1412	-0.0692	0.9794	0.1268	164.38	342.81	5.73
2026-06-23T11:26:59.2236788+08:00	0x04	-0.0110	0.0981	-0.1553	0.9829	342.09	11.32	0.50
2026-06-23T11:26:59.4998034+08:00	0x03	0.0513	0.2193	0.9352	-0.2734	212.95	358.47	334.01
2026-06-23T11:26:59.7494833+08:00	0x04	-0.0270	0.1517	-0.1824	0.9711	338.76	17.72	0.17
2026-06-23T11:27:00.0170710+08:00	0x01	0.1097	-0.3132	0.5231	-0.7850	295.72	37.87	8.94
2026-06-23T11:27:00.1178901+08:00	0x02	-0.1159	-0.0674	0.9814	0.1377	163.31	345.68	5.76
2026-06-23T11:27:00.1540541+08:00	0x03	0.1693	0.1468	0.9394	-0.2594	208.03	15.05	338.67
2026-06-23T11:27:00.2165749+08:00	0x04	-0.0173	0.1846	-0.2178	0.9582	334.89	21.20	2.70
2026-06-23T11:27:00.5545273+08:00	0x03	0.1827	0.1341	0.9476	-0.2253	203.67	17.67	340.34
2026-06-23T11:27:00.6007595+08:00	0x01	0.1232	-0.3182	0.5114	-0.7887	296.78	39.30	7.53
2026-06-23T11:27:00.7002987+08:00	0x02	-0.1196	-0.0668	0.9785	0.1544	161.37	345.18	5.38
2026-06-23T11:27:00.8500918+08:00	0x04	-0.0134	0.1717	-0.2496	0.9529	331.23	19.54	3.45
2026-06-23T11:27:01.0502620+08:00	0x01	0.1148	-0.3095	0.4968	-0.8027	298.93	37.99	7.08
2026-06-23T11:27:01.2173094+08:00	0x02	-0.1302	-0.0647	0.9774	0.1534	161.47	344.01	4.97
2026-06-23T11:27:01.4038975+08:00	0x04	0.0058	0.1246	-0.2685	0.9552	329.13	13.63	4.47
2026-06-23T11:27:01.6535234+08:00	0x03	0.1112	0.1160	0.9800	-0.1176	192.21	11.37	345.32
2026-06-23T11:27:01.7831943+08:00	0x02	-0.1163	-0.0985	0.9778	0.1439	162.05	344.99	9.16
2026-06-23T11:27:01.8667935+08:00	0x04	0.0052	0.1261	-0.2680	0.9551	329.19	13.81	4.45
2026-06-23T11:27:02.1839748+08:00	0x03	0.1134	0.1165	0.9793	-0.1209	192.56	11.57	345.19
2026-06-23T11:27:02.2588400+08:00	0x02	-0.1571	-0.1329	0.9709	0.1228	163.31	339.75	12.68
2026-06-23T11:27:02.5005978+08:00	0x04	0.0587	-0.2451	-0.7302	0.6350	265.62	335.54	343.54
2026-06-23T11:27:02.7218915+08:00	0x03	-0.1143	0.3117	0.7910	0.5139	110.52	10.14	322.37
2026-06-23T11:27:02.7667650+08:00	0x02	-0.1673	-0.1412	0.9672	0.1288	162.27	338.28	13.30
2026-06-23T11:27:02.9673981+08:00	0x04	0.2136	-0.4525	-0.7595	0.4155	253.45	305.47	329.34
2026-06-23T11:27:03.2338407+08:00	0x01	-0.0171	-0.3269	0.5112	-0.7947	300.75	32.58	21.18
2026-06-23T11:27:03.2730375+08:00	0x03	-0.2360	0.3293	0.7310	0.5490	105.56	1.41	312.21
2026-06-23T11:27:03.3543774+08:00	0x02	-0.1710	-0.1313	0.9543	0.2069	153.44	337.23	10.36
2026-06-23T11:27:03.5842493+08:00	0x04	0.2941	-0.4626	-0.6588	0.5152	267.53	294.78	342.16
2026-06-23T11:27:03.7923985+08:00	0x03	-0.2767	0.3483	0.7278	0.5220	110.54	356.30	307.26
2026-06-23T11:27:03.8190510+08:00	0x01	0.0057	-0.2966	0.4876	-0.8211	303.11	30.87	16.25
2026-06-23T11:27:03.8675015+08:00	0x02	-0.1546	-0.1139	0.9781	0.0801	168.71	340.90	11.43
2026-06-23T11:27:04.0769959+08:00	0x04	0.3084	-0.4611	-0.6136	0.5619	273.33	293.22	347.33
2026-06-23T11:27:04.3441953+08:00	0x03	-0.2639	0.3592	0.7125	0.5420	104.85	1.27	307.07
2026-06-23T11:27:04.4555856+08:00	0x02	-0.1977	-0.2320	0.9451	0.1175	160.06	332.26	23.08
2026-06-23T11:27:04.5889517+08:00	0x04	0.3125	-0.2392	-0.6607	0.6393	266.08	313.84	4.78
2026-06-23T11:27:04.9035322+08:00	0x01	-0.2038	-0.3957	0.4510	-0.7737	313.56	35.35	42.23
2026-06-23T11:27:04.9512315+08:00	0x03	-0.3093	0.3400	0.7509	0.4743	122.43	346.19	306.49
2026-06-23T11:27:05.0182132+08:00	0x02	-0.2637	-0.4107	0.8556	0.1722	139.72	311.45	37.74
2026-06-23T11:27:05.1512074+08:00	0x04	0.3133	-0.2439	-0.6596	0.6382	266.18	313.38	4.48
2026-06-23T11:27:05.4185589+08:00	0x03	-0.3011	0.3171	0.7510	0.4947	119.27	347.35	309.27
2026-06-23T11:27:05.4682107+08:00	0x01	-0.1976	-0.3930	0.4525	-0.7757	313.15	35.10	41.47
2026-06-23T11:27:05.5387959+08:00	0x02	-0.2350	-0.4780	0.8352	0.1368	138.13	309.58	47.24
2026-06-23T11:27:05.7352515+08:00	0x04	0.2642	-0.1020	-0.7297	0.6223	258.00	328.60	10.37
2026-06-23T11:27:06.0010967+08:00	0x01	-0.3546	-0.4591	0.4012	-0.7089	330.32	48.26	60.59
2026-06-23T11:27:06.1021087+08:00	0x02	-0.2378	-0.4803	0.8313	0.1472	136.30	308.40	46.77
2026-06-23T11:27:06.2564854+08:00	0x04	0.2789	-0.0891	-0.6594	0.6924	268.50	329.34	15.59
