timestamp	device	q0	q1	q2	q3	yaw	pitch	roll
2026-05-29T10:11:17.4910900+08:00	0x01	0.6138	0.2624	-0.7001	0.2536	182.58	278.52	42.74
2026-05-29T10:11:17.5272927+08:00	0x01	0.6105	0.2603	-0.7034	0.2545	183.13	279.32	42.60
2026-05-29T10:11:17.6388187+08:00	0x01	0.6071	0.2557	-0.7089	0.2521	183.62	280.23	41.96
2026-05-29T10:11:17.7561890+08:00	0x01	0.6016	0.2556	-0.7148	0.2485	183.67	281.23	41.64
2026-05-29T10:11:17.8405512+08:00	0x01	0.5935	0.2562	-0.7211	0.2494	184.27	282.71	41.72
2026-05-29T10:11:17.9564555+08:00	0x01	0.5772	0.2392	-0.7364	0.2594	188.03	286.80	40.68
2026-05-29T10:11:18.0573293+08:00	0x01	0.5443	0.2634	-0.7258	0.3280	196.34	293.53	47.68
2026-05-29T10:11:18.1553755+08:00	0x01	0.5414	0.2655	-0.7056	0.3722	202.23	295.73	51.05
2026-05-29T10:11:18.2551439+08:00	0x01	0.5241	0.2978	-0.6668	0.4382	211.83	301.97	58.92
2026-05-29T10:11:18.3574596+08:00	0x01	0.5043	0.3259	-0.6308	0.4914	223.72	311.43	65.07
2026-05-29T10:11:18.4244492+08:00	0x01	0.4662	0.3647	-0.6024	0.5356	242.28	330.27	69.83
2026-05-29T10:11:18.5228241+08:00	0x01	0.4296	0.3930	-0.5821	0.5676	261.79	350.50	70.94
2026-05-29T10:11:18.6252156+08:00	0x01	0.4129	0.4072	-0.5698	0.5822	271.70	0.65	70.89
2026-05-29T10:11:18.7266706+08:00	0x01	0.4013	0.4166	-0.5676	0.5859	275.82	5.64	70.58
2026-05-29T10:11:18.8389072+08:00	0x01	0.3907	0.4260	-0.5717	0.5823	277.02	8.46	70.40
2026-05-29T10:11:18.9384596+08:00	0x01	0.3808	0.4360	-0.5772	0.5760	277.48	10.77	70.38
2026-05-29T10:11:19.0388481+08:00	0x01	0.3777	0.4353	-0.5776	0.5781	277.94	11.26	69.98
2026-05-29T10:11:19.1398640+08:00	0x01	0.3714	0.4399	-0.5733	0.5831	281.07	14.49	69.62
2026-05-29T10:11:19.2404807+08:00	0x01	0.3668	0.4407	-0.5679	0.5905	283.88	16.87	69.03
2026-05-29T10:11:19.3560429+08:00	0x01	0.3628	0.4405	-0.5612	0.5996	286.84	19.13	68.34
2026-05-29T10:11:19.4085044+08:00	0x01	0.3596	0.4408	-0.5606	0.6018	287.51	19.84	67.98
2026-05-29T10:11:19.5048752+08:00	0x01	0.3568	0.4415	-0.5654	0.5984	286.35	19.36	67.86
2026-05-29T10:11:19.6259103+08:00	0x01	0.3563	0.4399	-0.5673	0.5981	285.66	18.75	67.71
2026-05-29T10:11:19.7224439+08:00	0x01	0.3561	0.4385	-0.5679	0.5987	285.42	18.43	67.58
2026-05-29T10:11:19.8259536+08:00	0x01	0.3575	0.4367	-0.5697	0.5975	284.50	17.50	67.63
2026-05-29T10:11:19.9231223+08:00	0x01	0.3595	0.4357	-0.5722	0.5945	283.28	16.43	67.84
2026-05-29T10:11:20.0228627+08:00	0x01	0.3608	0.4352	-0.5735	0.5928	282.60	15.82	67.98
2026-05-29T10:11:20.1391390+08:00	0x01	0.3620	0.4353	-0.5735	0.5921	282.42	15.61	68.12
2026-05-29T10:11:20.2392731+08:00	0x01	0.3611	0.4373	-0.5704	0.5941	283.74	16.80	68.13
2026-05-29T10:11:20.2983836+08:00	0x01	0.3590	0.4396	-0.5637	0.6002	286.49	19.06	67.88
2026-05-29T10:11:20.3891834+08:00	0x01	0.3601	0.4396	-0.5620	0.6011	286.90	19.26	67.96
2026-05-29T10:11:20.5060357+08:00	0x01	0.3612	0.4395	-0.5625	0.5999	286.55	18.93	68.10
2026-05-29T10:11:20.6081860+08:00	0x01	0.3634	0.4373	-0.5632	0.5996	285.85	18.04	68.18
2026-05-29T10:11:20.7096174+08:00	0x01	0.3605	0.4383	-0.5627	0.6011	286.51	18.80	67.91
2026-05-29T10:11:20.8059022+08:00	0x01	0.3584	0.4388	-0.5648	0.6000	286.15	18.78	67.78
2026-05-29T10:11:20.9083959+08:00	0x01	0.3570	0.4403	-0.5646	0.5999	286.50	19.30	67.75
2026-05-29T10:11:21.0230569+08:00	0x01	0.3574	0.4406	-0.5644	0.5996	286.53	19.33	67.81
2026-05-29T10:11:21.1229995+08:00	0x01	0.3589	0.4405	-0.5652	0.5981	286.04	18.88	68.01
2026-05-29T10:11:21.1747262+08:00	0x01	0.3604	0.4416	-0.5653	0.5963	285.86	18.79	68.28
2026-05-29T10:11:21.2799735+08:00	0x01	0.3633	0.4416	-0.5659	0.5939	285.22	18.15	68.65
2026-05-29T10:11:21.3940776+08:00	0x01	0.3659	0.4411	-0.5662	0.5924	284.67	17.52	68.91
2026-05-29T10:11:21.4897466+08:00	0x01	0.3663	0.4413	-0.5647	0.5935	285.14	17.83	68.94
2026-05-29T10:11:21.5893937+08:00	0x01	0.3868	0.4219	-0.5653	0.5940	280.13	10.50	69.48
2026-05-29T10:11:21.6896570+08:00	0x01	0.4192	0.3935	-0.5872	0.5698	263.11	352.63	70.02
2026-05-29T10:11:21.8088995+08:00	0x01	0.4555	0.3545	-0.6487	0.4960	231.32	324.35	65.76
2026-05-29T10:11:21.9104994+08:00	0x01	0.4972	0.2914	-0.7353	0.3566	202.18	302.69	51.56
2026-05-29T10:11:22.0058752+08:00	0x01	0.4961	0.2935	-0.7331	0.3610	202.78	303.05	52.04
2026-05-29T10:11:22.1070598+08:00	0x01	0.5015	0.2527	-0.8005	0.2096	185.98	297.93	37.93
2026-05-29T10:11:22.1727536+08:00	0x01	0.5008	0.2050	-0.8380	0.0707	174.53	297.09	24.48
2026-05-29T10:11:22.2626934+08:00	0x01	0.5018	0.1810	-0.8455	0.0227	171.27	297.15	19.20
2026-05-29T10:11:22.3733022+08:00	0x01	0.5030	0.1789	-0.8449	0.0331	172.43	297.15	19.61
2026-05-29T10:11:22.4745165+08:00	0x01	0.5041	0.1818	-0.8435	0.0361	172.52	296.95	20.07
2026-05-29T10:11:22.5729062+08:00	0x01	0.5054	0.1859	-0.8416	0.0415	172.75	296.69	20.78
2026-05-29T10:11:22.6920752+08:00	0x01	0.5057	0.1845	-0.8415	0.0449	173.17	296.73	20.86
2026-05-29T10:11:22.7968463+08:00	0x01	0.5061	0.1932	-0.8390	0.0517	173.25	296.48	22.12
2026-05-29T10:11:22.8953831+08:00	0x01	0.4919	0.1926	-0.8476	0.0497	173.48	298.47	22.05
2026-05-29T10:11:22.9904238+08:00	0x01	0.4716	0.1991	-0.8576	0.0499	173.63	301.10	22.87
2026-05-29T10:11:23.0575227+08:00	0x01	0.4590	0.2005	-0.8655	0.0037	169.07	302.14	20.51
2026-05-29T10:11:23.1563038+08:00	0x01	0.4432	0.1713	-0.8779	-0.0589	164.72	304.49	14.39
2026-05-29T10:11:23.2570422+08:00	0x01	0.4344	0.1559	-0.8833	-0.0819	163.37	305.90	11.78
2026-05-29T10:11:23.3572884+08:00	0x01	0.4346	0.1563	-0.8838	-0.0750	164.06	305.92	12.19
2026-05-29T10:11:23.4569975+08:00	0x01	0.4278	0.1448	-0.8889	-0.0767	164.62	307.10	11.06
2026-05-29T10:11:23.5742761+08:00	0x01	0.4246	0.1523	-0.8902	-0.0638	165.59	307.41	12.53
2026-05-29T10:11:23.6731988+08:00	0x01	0.4181	0.1516	-0.8943	-0.0497	167.20	308.39	13.27
2026-05-29T10:11:23.7735597+08:00	0x01	0.3941	0.2086	-0.8943	0.0377	173.92	311.16	23.75
2026-05-29T10:11:23.8775911+08:00	0x01	0.3367	0.2787	-0.8899	0.1306	183.16	319.57	35.73
2026-05-29T10:11:23.9395996+08:00	0x01	0.2954	0.2437	-0.9119	0.1478	188.53	326.56	32.12
2026-05-29T10:11:24.0393974+08:00	0x01	0.2806	0.2303	-0.9182	0.1589	190.90	329.03	30.80
2026-05-29T10:11:24.1511281+08:00	0x01	0.2875	0.2310	-0.9163	0.1563	190.31	328.02	30.88
2026-05-29T10:11:24.2439416+08:00	0x01	0.2898	0.2232	-0.9189	0.1477	189.42	327.50	29.72
2026-05-29T10:11:24.3416021+08:00	0x01	0.2899	0.2233	-0.9178	0.1542	190.21	327.68	29.95
2026-05-29T10:11:24.4596327+08:00	0x01	0.2909	0.2227	-0.9160	0.1634	191.33	327.82	30.20
2026-05-29T10:11:24.5579440+08:00	0x01	0.2952	0.2210	-0.9148	0.1645	191.36	327.29	30.10
2026-05-29T10:11:24.6600506+08:00	0x01	0.3032	0.2222	-0.9113	0.1680	191.48	326.33	30.46
2026-05-29T10:11:24.7736725+08:00	0x01	0.3104	0.2285	-0.9067	0.1715	191.43	325.43	31.38
2026-05-29T10:11:24.8235342+08:00	0x01	0.3118	0.2247	-0.9083	0.1652	190.73	325.06	30.75
2026-05-29T10:11:24.9239630+08:00	0x01	0.3127	0.2155	-0.9122	0.1538	189.62	324.67	29.30
2026-05-29T10:11:25.0230760+08:00	0x01	0.3177	0.1731	-0.9216	0.1406	189.40	323.97	24.10
2026-05-29T10:11:25.1238929+08:00	0x01	0.3168	0.1629	-0.9216	0.1543	191.39	324.44	23.46
2026-05-29T10:11:25.2414575+08:00	0x01	0.3163	0.1527	-0.9207	0.1701	193.60	324.85	22.88
2026-05-29T10:11:25.3411434+08:00	0x01	0.3140	0.1480	-0.9210	0.1767	194.59	325.27	22.56
2026-05-29T10:11:26.8592957+08:00	0x03	0.2786	-0.5296	-0.3295	-0.7303	16.53	64.30	310.90
2026-05-29T10:11:27.3071911+08:00	0x03	0.2924	-0.5304	-0.3388	-0.7200	16.52	64.78	308.70
2026-05-29T10:11:27.7576015+08:00	0x03	0.3013	-0.5239	-0.3496	-0.7159	17.85	63.45	307.09
2026-05-29T10:11:28.2259603+08:00	0x03	0.2872	-0.5225	-0.3383	-0.7280	17.61	62.97	309.49
2026-05-29T10:11:28.5085615+08:00	0x04	0.3711	0.4305	-0.3180	0.7589	342.65	49.69	56.82
2026-05-29T10:11:28.6578164+08:00	0x04	0.3602	0.4411	-0.2990	0.7657	345.99	52.63	54.63
2026-05-29T10:11:28.6777730+08:00	0x04	0.3523	0.4529	-0.2782	0.7703	349.60	55.75	52.63
2026-05-29T10:11:28.6975097+08:00	0x03	0.2984	-0.5300	-0.3414	-0.7166	16.36	64.93	307.86
2026-05-29T10:11:28.7911147+08:00	0x01	0.3141	0.1481	-0.9210	0.1765	194.56	325.26	22.57
2026-05-29T10:11:28.8793148+08:00	0x04	0.3295	0.4770	-0.2230	0.7837	357.06	61.38	46.82
2026-05-29T10:11:28.9104930+08:00	0x01	0.4477	0.4205	-0.5861	0.5284	250.13	341.89	75.03
2026-05-29T10:11:29.0108507+08:00	0x04	0.2947	0.4873	-0.1530	0.8077	2.94	63.24	38.70
2026-05-29T10:11:29.0108507+08:00	0x01	0.4465	0.4304	-0.5713	0.5376	257.34	348.35	76.37
2026-05-29T10:11:29.0108507+08:00	0x04	0.3425	0.4674	-0.2528	0.7748	353.59	59.21	50.09
2026-05-29T10:11:29.0326844+08:00	0x04	0.3129	0.4763	-0.1852	0.8006	0.12	61.55	42.64
2026-05-29T10:11:29.0583773+08:00	0x04	0.3248	0.4750	-0.2009	0.7928	359.20	61.52	44.90
2026-05-29T10:11:29.0955394+08:00	0x04	0.2840	0.4968	-0.1386	0.8083	4.16	64.54	36.65
2026-05-29T10:11:29.1172059+08:00	0x01	0.4500	0.4267	-0.5743	0.5345	254.31	345.26	76.19
2026-05-29T10:11:29.1172059+08:00	0x03	0.2881	-0.5304	-0.3487	-0.7170	18.22	64.12	308.47
2026-05-29T10:11:29.1435624+08:00	0x04	0.3031	0.4810	-0.1695	0.8050	1.41	62.23	40.62
2026-05-29T10:11:29.2111010+08:00	0x04	0.2711	0.5063	-0.1211	0.8096	5.43	65.71	34.17
2026-05-29T10:11:29.2111010+08:00	0x01	0.4440	0.4333	-0.5707	0.5380	258.73	350.00	76.48
2026-05-29T10:11:29.3079425+08:00	0x04	0.2636	0.5097	-0.1024	0.8126	6.94	66.20	32.19
2026-05-29T10:11:29.3079425+08:00	0x01	0.4433	0.4343	-0.5681	0.5404	260.45	351.53	76.57
2026-05-29T10:11:29.4081838+08:00	0x04	0.2571	0.5102	-0.0882	0.8160	7.91	66.20	30.64
2026-05-29T10:11:29.4081838+08:00	0x01	0.4419	0.4369	-0.5646	0.5432	262.94	353.89	76.77
2026-05-29T10:11:29.4672463+08:00	0x01	0.4411	0.4383	-0.5621	0.5453	264.69	355.49	76.85
2026-05-29T10:11:29.5077365+08:00	0x04	0.2489	0.5111	-0.0786	0.8189	8.28	66.10	29.21
2026-05-29T10:11:29.5786229+08:00	0x01	0.4397	0.4380	-0.5608	0.5481	266.11	356.75	76.69
2026-05-29T10:11:29.5786229+08:00	0x03	0.2931	-0.5292	-0.3602	-0.7101	19.49	63.63	307.10
2026-05-29T10:11:29.6076606+08:00	0x04	0.2431	0.5125	-0.0726	0.8204	8.49	66.13	28.24
2026-05-29T10:11:29.6744167+08:00	0x01	0.4374	0.4376	-0.5614	0.5496	266.85	357.54	76.43
2026-05-29T10:11:29.7129670+08:00	0x04	0.2362	0.5152	-0.0675	0.8211	8.57	66.29	27.22
2026-05-29T10:11:29.7954884+08:00	0x01	0.4338	0.4380	-0.5617	0.5518	268.26	359.07	76.11
2026-05-29T10:11:29.8414879+08:00	0x04	0.2305	0.5178	-0.0624	0.8215	8.73	66.50	26.32
2026-05-29T10:11:29.8904452+08:00	0x01	0.4307	0.4376	-0.5615	0.5548	269.67	0.45	75.75
2026-05-29T10:11:29.9911776+08:00	0x01	0.4278	0.4386	-0.5615	0.5562	270.78	1.71	75.57
2026-05-29T10:11:30.0248226+08:00	0x03	0.2874	-0.5322	-0.3492	-0.7157	18.17	64.44	308.46
2026-05-29T10:11:30.0907898+08:00	0x01	0.4282	0.4391	-0.5599	0.5571	271.49	2.28	75.65
2026-05-29T10:11:30.1911539+08:00	0x01	0.4300	0.4396	-0.5584	0.5567	271.50	2.16	75.89
2026-05-29T10:11:30.3078278+08:00	0x01	0.4329	0.4398	-0.5567	0.5561	271.29	1.72	76.21
2026-05-29T10:11:30.3590777+08:00	0x01	0.4355	0.4395	-0.5548	0.5561	271.20	1.36	76.45
2026-05-29T10:11:30.3921240+08:00	0x04	0.1938	0.5272	-0.0042	0.8273	12.06	67.04	18.97
2026-05-29T10:11:30.4622761+08:00	0x01	0.4357	0.4411	-0.5535	0.5562	271.91	2.07	76.62
2026-05-29T10:11:30.4828978+08:00	0x03	0.2935	-0.5251	-0.3628	-0.7117	20.25	62.66	306.99
2026-05-29T10:11:30.5580917+08:00	0x01	0.4348	0.4428	-0.5522	0.5568	273.03	3.22	76.70
2026-05-29T10:11:30.6746401+08:00	0x01	0.4344	0.4440	-0.5517	0.5566	273.46	3.73	76.78
2026-05-29T10:11:30.7744636+08:00	0x01	0.4347	0.4448	-0.5513	0.5562	273.60	3.89	76.88
2026-05-29T10:11:30.8753211+08:00	0x01	0.4344	0.4453	-0.5507	0.5566	274.10	4.38	76.89
2026-05-29T10:11:30.9103125+08:00	0x02	-0.6112	-0.3465	0.7083	-0.0683	156.47	270.88	35.05
2026-05-29T10:11:30.9282384+08:00	0x03	0.2945	-0.5257	-0.3601	-0.7122	19.72	62.96	307.05
2026-05-29T10:11:30.9752103+08:00	0x01	0.4351	0.4437	-0.5509	0.5570	273.60	3.75	76.82
2026-05-29T10:11:31.0747751+08:00	0x01	0.4368	0.4397	-0.5535	0.5563	271.41	1.41	76.60
2026-05-29T10:11:31.1913156+08:00	0x01	0.4341	0.4396	-0.5537	0.5584	272.45	2.49	76.30
2026-05-29T10:11:31.2421280+08:00	0x01	0.4319	0.4393	-0.5554	0.5585	272.37	2.62	76.04
2026-05-29T10:11:31.3418593+08:00	0x01	0.4300	0.4386	-0.5573	0.5587	272.09	2.51	75.77
2026-05-29T10:11:31.3987996+08:00	0x03	0.2916	-0.5271	-0.3594	-0.7127	19.72	63.16	307.38
2026-05-29T10:11:31.4117661+08:00	0x02	-0.5991	-0.3274	0.7201	-0.1243	164.22	274.96	38.34
2026-05-29T10:11:31.4589902+08:00	0x01	0.4270	0.4391	-0.5540	0.5639	274.95	5.07	75.48
2026-05-29T10:11:31.5082669+08:00	0x04	0.1620	0.5361	0.0314	0.8279	13.42	67.46	13.57
2026-05-29T10:11:31.5601741+08:00	0x01	0.4235	0.4379	-0.5531	0.5683	276.49	6.45	74.96
2026-05-29T10:11:31.6621677+08:00	0x01	0.4196	0.4354	-0.5552	0.5710	276.64	6.64	74.30
2026-05-29T10:11:31.7584802+08:00	0x01	0.4156	0.4334	-0.5576	0.5732	276.68	6.81	73.69
2026-05-29T10:11:31.8477831+08:00	0x03	0.2893	-0.5271	-0.3561	-0.7153	19.45	63.20	307.89
2026-05-29T10:11:31.8587524+08:00	0x01	0.4126	0.4325	-0.5601	0.5736	276.42	6.79	73.30
2026-05-29T10:11:31.9770420+08:00	0x01	0.4111	0.4317	-0.5610	0.5744	276.41	6.83	73.06
2026-05-29T10:11:31.9919959+08:00	0x02	-0.5821	-0.3333	0.7321	-0.1191	164.09	277.39	38.80
2026-05-29T10:11:32.0748841+08:00	0x01	0.4101	0.4312	-0.5606	0.5759	276.86	7.20	72.90
2026-05-29T10:11:32.1753987+08:00	0x01	0.4096	0.4318	-0.5595	0.5768	277.49	7.77	72.89
2026-05-29T10:11:32.2246028+08:00	0x01	0.4103	0.4324	-0.5592	0.5762	277.44	7.75	73.02
2026-05-29T10:11:32.2945990+08:00	0x03	0.2812	-0.5250	-0.3471	-0.7245	19.06	62.80	309.48
2026-05-29T10:11:32.3260316+08:00	0x01	0.4116	0.4321	-0.5594	0.5753	277.02	7.28	73.14
2026-05-29T10:11:32.4446423+08:00	0x01	0.4122	0.4317	-0.5596	0.5750	276.71	6.96	73.16
2026-05-29T10:11:32.5414091+08:00	0x01	0.4128	0.4307	-0.5603	0.5746	276.18	6.39	73.14
2026-05-29T10:11:32.5611141+08:00	0x02	-0.5776	-0.3389	0.7309	-0.1314	164.83	277.76	40.33
2026-05-29T10:11:32.5948936+08:00	0x04	0.1431	0.5316	0.0401	0.8339	12.91	66.32	11.31
2026-05-29T10:11:32.6520742+08:00	0x01	0.4139	0.4299	-0.5621	0.5727	275.05	5.36	73.20
2026-05-29T10:11:32.7561975+08:00	0x03	0.2797	-0.5253	-0.3448	-0.7259	18.85	62.89	309.79
2026-05-29T10:11:32.7561975+08:00	0x01	0.4156	0.4287	-0.5626	0.5718	274.28	4.50	73.27
2026-05-29T10:11:32.8586063+08:00	0x01	0.4152	0.4288	-0.5619	0.5727	274.71	4.87	73.23
2026-05-29T10:11:32.9608805+08:00	0x01	0.4145	0.4287	-0.5619	0.5733	274.93	5.10	73.14
2026-05-29T10:11:33.0667338+08:00	0x01	0.4139	0.4282	-0.5627	0.5733	274.73	4.94	73.03
2026-05-29T10:11:33.1257464+08:00	0x01	0.4132	0.4284	-0.5636	0.5728	274.54	4.89	72.99
2026-05-29T10:11:33.1626502+08:00	0x04	0.1404	0.5341	0.0476	0.8324	13.48	66.62	10.53
2026-05-29T10:11:33.1927496+08:00	0x03	0.2774	-0.5282	-0.3441	-0.7250	18.68	63.38	310.03
2026-05-29T10:11:33.2277856+08:00	0x01	0.4126	0.4283	-0.5641	0.5728	274.52	4.92	72.92
2026-05-29T10:11:33.3276258+08:00	0x01	0.4126	0.4283	-0.5639	0.5730	274.58	4.96	72.92
2026-05-29T10:11:33.4257967+08:00	0x01	0.4124	0.4289	-0.5637	0.5729	274.78	5.20	72.95
2026-05-29T10:11:33.5263173+08:00	0x01	0.4122	0.4290	-0.5633	0.5733	274.99	5.39	72.94
2026-05-29T10:11:33.6439474+08:00	0x01	0.4119	0.4290	-0.5628	0.5741	275.30	5.64	72.90
2026-05-29T10:11:33.6619003+08:00	0x02	-0.5752	-0.3385	0.7328	-0.1325	165.14	278.24	40.43
2026-05-29T10:11:33.6768587+08:00	0x04	0.1350	0.5339	0.0525	0.8330	13.59	66.48	9.73
2026-05-29T10:11:33.7453952+08:00	0x01	0.4110	0.4296	-0.5624	0.5746	275.75	6.12	72.86
2026-05-29T10:11:33.8434919+08:00	0x01	0.4107	0.4297	-0.5629	0.5743	275.65	6.09	72.84
2026-05-29T10:11:33.9462644+08:00	0x01	0.4113	0.4286	-0.5639	0.5737	274.96	5.39	72.81
2026-05-29T10:11:33.9940525+08:00	0x01	0.4120	0.4272	-0.5653	0.5729	274.14	4.58	72.76
2026-05-29T10:11:34.1080988+08:00	0x01	0.4138	0.4256	-0.5685	0.5695	272.14	2.77	72.81
2026-05-29T10:11:34.1080988+08:00	0x03	0.2500	-0.5286	-0.3573	-0.7283	22.46	61.86	312.11
2026-05-29T10:11:34.1786912+08:00	0x02	-0.5811	-0.3335	0.7335	-0.1144	163.70	277.51	38.49
2026-05-29T10:11:34.2088043+08:00	0x01	0.4155	0.4250	-0.5710	0.5663	270.51	1.34	72.93
2026-05-29T10:11:34.3084151+08:00	0x01	0.4172	0.4259	-0.5697	0.5656	270.54	1.28	73.20
2026-05-29T10:11:34.4091893+08:00	0x01	0.4230	0.4269	-0.5683	0.5620	269.22	359.81	73.88
2026-05-29T10:11:34.5253638+08:00	0x01	0.4309	0.4264	-0.5703	0.5543	265.28	355.94	74.60
2026-05-29T10:11:34.5756356+08:00	0x03	0.1748	-0.5142	-0.4883	-0.6831	46.53	52.36	312.18
2026-05-29T10:11:34.6165223+08:00	0x01	0.4372	0.4253	-0.5718	0.5488	261.98	352.62	75.03
2026-05-29T10:11:34.7146721+08:00	0x04	0.1352	0.5339	0.0523	0.8330	13.59	66.48	9.75
2026-05-29T10:11:34.7424550+08:00	0x01	0.4416	0.4236	-0.5744	0.5437	258.74	349.47	75.20
2026-05-29T10:11:34.8259787+08:00	0x01	0.4442	0.4222	-0.5770	0.5399	256.29	347.15	75.21
2026-05-29T10:11:34.9429942+08:00	0x01	0.4454	0.4224	-0.5772	0.5386	255.61	346.51	75.32
2026-05-29T10:11:34.9916196+08:00	0x01	0.4473	0.4221	-0.5778	0.5365	254.34	345.27	75.42
2026-05-29T10:11:35.0115345+08:00	0x03	0.1561	-0.5187	-0.6505	-0.5324	78.81	40.21	302.75
2026-05-29T10:11:35.0915746+08:00	0x01	0.4463	0.4226	-0.5799	0.5347	253.73	344.96	75.34
2026-05-29T10:11:35.1943821+08:00	0x01	0.4394	0.4221	-0.6001	0.5183	247.04	340.78	74.17
2026-05-29T10:11:35.2425030+08:00	0x04	0.1752	0.2850	0.3048	0.8917	40.52	38.40	7.98
2026-05-29T10:11:35.2926851+08:00	0x01	0.4228	0.4215	-0.6402	0.4834	235.96	335.00	71.53
2026-05-29T10:11:35.4092346+08:00	0x01	0.3940	0.4296	-0.6847	0.4375	226.41	332.94	68.91
2026-05-29T10:11:35.4833555+08:00	0x03	0.1568	-0.5189	-0.6461	-0.5373	77.68	40.74	302.97
2026-05-29T10:11:35.5082416+08:00	0x01	0.3684	0.4279	-0.7316	0.3821	215.51	329.67	65.18
2026-05-29T10:11:35.6177356+08:00	0x01	0.3404	0.4250	-0.7747	0.3216	205.81	328.04	61.32
2026-05-29T10:11:35.7142848+08:00	0x01	0.3138	0.4251	-0.8106	0.2526	195.61	326.36	57.96
2026-05-29T10:11:35.8098730+08:00	0x04	0.1949	0.2010	0.1067	0.9541	17.37	26.76	19.21
2026-05-29T10:11:35.8261460+08:00	0x01	0.2980	0.4149	-0.8402	0.1817	185.63	323.80	53.67
2026-05-29T10:11:35.8763614+08:00	0x01	0.2898	0.4081	-0.8563	0.1278	178.42	321.86	50.62
2026-05-29T10:11:35.9259243+08:00	0x03	0.1547	-0.5133	-0.7056	-0.4633	95.05	31.18	299.80
2026-05-29T10:11:35.9765664+08:00	0x01	0.2873	0.3986	-0.8666	0.0870	173.30	320.34	47.80
2026-05-29T10:11:36.0762928+08:00	0x01	0.2858	0.3937	-0.8715	0.0616	170.22	319.51	46.18
2026-05-29T10:11:36.1772394+08:00	0x01	0.2832	0.3811	-0.8791	0.0407	168.44	319.62	43.88
2026-05-29T10:11:36.2954804+08:00	0x01	0.2779	0.3740	-0.8844	0.0271	167.46	320.21	42.57
2026-05-29T10:11:36.3259133+08:00	0x04	0.2050	0.1449	-0.0561	0.9664	356.92	16.39	24.36
2026-05-29T10:11:36.3755353+08:00	0x03	0.1427	-0.5061	-0.7370	-0.4247	104.78	26.15	299.87
2026-05-29T10:11:36.3956509+08:00	0x01	0.2725	0.3656	-0.8898	0.0212	167.55	321.22	41.46
2026-05-29T10:11:36.4936571+08:00	0x01	0.2685	0.3622	-0.8924	0.0193	167.75	321.91	41.06
2026-05-29T10:11:36.5956870+08:00	0x01	0.2673	0.3737	-0.8877	0.0298	168.44	321.94	42.80
2026-05-29T10:11:36.7006951+08:00	0x01	0.2680	0.3826	-0.8835	0.0347	168.46	321.57	44.00
2026-05-29T10:11:36.7595831+08:00	0x01	0.2692	0.3913	-0.8791	0.0399	168.49	321.15	45.19
2026-05-29T10:11:36.8455856+08:00	0x03	0.1571	-0.4879	-0.7779	-0.3636	122.18	13.10	299.16
2026-05-29T10:11:36.8603776+08:00	0x01	0.2691	0.3984	-0.8757	0.0443	168.60	320.96	46.18
2026-05-29T10:11:36.9595878+08:00	0x01	0.2684	0.4026	-0.8739	0.0477	168.81	320.99	46.81
2026-05-29T10:11:37.0470962+08:00	0x04	0.2048	0.1467	-0.0512	0.9664	357.56	16.74	24.25
2026-05-29T10:11:37.0724747+08:00	0x01	0.2671	0.4031	-0.8740	0.0485	168.98	321.22	46.93
2026-05-29T10:11:37.1759240+08:00	0x01	0.2648	0.4034	-0.8745	0.0487	169.14	321.57	47.00
2026-05-29T10:11:37.2780957+08:00	0x01	0.2638	0.4035	-0.8748	0.0481	169.12	321.70	47.00
2026-05-29T10:11:37.2930431+08:00	0x03	0.1607	-0.4790	-0.7870	-0.3541	125.74	10.00	299.81
2026-05-29T10:11:37.3757571+08:00	0x01	0.2644	0.4025	-0.8752	0.0470	168.99	321.60	46.83
2026-05-29T10:11:37.4275409+08:00	0x04	0.2173	0.1260	-0.1870	0.9497	340.23	10.25	27.37
2026-05-29T10:11:37.4965147+08:00	0x01	0.2649	0.4045	-0.8740	0.0480	168.96	321.45	47.10
2026-05-29T10:11:37.5155155+08:00	0x02	-0.5809	-0.3337	0.7335	-0.1150	163.74	277.53	38.54
2026-05-29T10:11:37.5921085+08:00	0x01	0.2651	0.4066	-0.8730	0.0478	168.75	321.27	47.33
2026-05-29T10:11:37.6999837+08:00	0x01	0.2663	0.4004	-0.8755	0.0468	168.99	321.42	46.56
2026-05-29T10:11:37.7436855+08:00	0x03	0.1606	-0.4749	-0.7897	-0.3537	126.34	9.39	300.28
2026-05-29T10:11:37.7596440+08:00	0x01	0.2679	0.4011	-0.8748	0.0454	168.63	321.05	46.55
2026-05-29T10:11:37.8437288+08:00	0x01	0.2682	0.4037	-0.8734	0.0472	168.68	320.93	46.93
2026-05-29T10:11:37.9613380+08:00	0x01	0.2679	0.4053	-0.8727	0.0483	168.74	320.94	47.17
2026-05-29T10:11:37.9959218+08:00	0x04	0.2235	0.0978	-0.2893	0.9256	326.12	3.36	28.05
2026-05-29T10:11:38.0628465+08:00	0x01	0.2669	0.4072	-0.8720	0.0512	169.07	321.15	47.51
2026-05-29T10:11:38.1625661+08:00	0x01	0.2661	0.4055	-0.8730	0.0508	169.19	321.36	47.32
2026-05-29T10:11:38.1929003+08:00	0x03	0.1621	-0.4755	-0.7893	-0.3531	126.51	9.16	300.11
2026-05-29T10:11:38.2599515+08:00	0x01	0.2653	0.4037	-0.8742	0.0499	169.25	321.55	47.08
2026-05-29T10:11:38.3761354+08:00	0x01	0.2648	0.3967	-0.8778	0.0453	169.14	321.79	46.08
2026-05-29T10:11:38.4769578+08:00	0x01	0.2644	0.3799	-0.8858	0.0338	168.75	322.24	43.70
2026-05-29T10:11:38.5118803+08:00	0x04	0.2352	0.0821	-0.3647	0.8972	315.35	358.42	28.81
2026-05-29T10:11:38.5760398+08:00	0x01	0.2624	0.3669	-0.8922	0.0205	167.94	322.62	41.73
2026-05-29T10:11:38.5946029+08:00	0x02	-0.4271	-0.2077	0.7717	0.4230	123.80	303.32	357.66
2026-05-29T10:11:38.6262028+08:00	0x01	0.2601	0.3630	-0.8946	0.0160	167.71	322.96	41.14
2026-05-29T10:11:38.6446002+08:00	0x03	0.1672	-0.4494	-0.8152	-0.3250	135.41	2.06	302.72
2026-05-29T10:11:38.7438562+08:00	0x01	0.2585	0.3616	-0.8957	0.0150	167.76	323.22	40.95
2026-05-29T10:11:38.8434858+08:00	0x01	0.2578	0.3636	-0.8950	0.0167	167.90	323.29	41.26
2026-05-29T10:11:38.9434955+08:00	0x01	0.2580	0.3668	-0.8936	0.0192	168.02	323.21	41.72
2026-05-29T10:11:39.0433016+08:00	0x01	0.2575	0.3680	-0.8932	0.0212	168.24	323.31	41.94
2026-05-29T10:11:39.0922127+08:00	0x04	0.2343	0.0689	-0.4179	0.8750	307.73	355.11	27.89
2026-05-29T10:11:39.1151136+08:00	0x03	0.1656	-0.4508	-0.8207	-0.3096	138.23	0.78	302.60
2026-05-29T10:11:39.1470231+08:00	0x01	0.2569	0.3650	-0.8946	0.0200	168.30	323.51	41.56
2026-05-29T10:11:39.2603651+08:00	0x01	0.2557	0.3603	-0.8969	0.0178	168.36	323.81	40.95
2026-05-29T10:11:39.3593769+08:00	0x01	0.2550	0.3579	-0.8981	0.0168	168.42	323.99	40.65
2026-05-29T10:11:39.4641026+08:00	0x01	0.2550	0.3605	-0.8970	0.0192	168.57	323.98	41.03
2026-05-29T10:11:39.5269017+08:00	0x01	0.2551	0.3645	-0.8953	0.0217	168.66	323.87	41.58
2026-05-29T10:11:39.5603827+08:00	0x03	0.1646	-0.4494	-0.8235	-0.3047	139.24	0.28	302.81
2026-05-29T10:11:39.6265570+08:00	0x01	0.2556	0.3690	-0.8932	0.0249	168.77	323.72	42.22
2026-05-29T10:11:39.6602255+08:00	0x04	0.2344	0.0529	-0.4549	0.8575	302.23	352.12	26.75
2026-05-29T10:11:39.7272214+08:00	0x01	0.2564	0.3812	-0.8876	0.0321	168.92	323.30	43.89
2026-05-29T10:11:39.8265830+08:00	0x01	0.2552	0.4009	-0.8786	0.0473	169.79	323.18	46.77
2026-05-29T10:11:39.9270748+08:00	0x01	0.2550	0.4075	-0.8753	0.0524	170.06	323.11	47.74
2026-05-29T10:11:40.0099815+08:00	0x03	0.1617	-0.4671	-0.8027	-0.3337	131.55	5.83	300.93
2026-05-29T10:11:40.0269368+08:00	0x01	0.2555	0.4089	-0.8745	0.0530	170.01	322.98	47.92
2026-05-29T10:11:40.1439446+08:00	0x01	0.2555	0.4084	-0.8748	0.0513	169.81	322.91	47.79
2026-05-29T10:11:40.1949670+08:00	0x04	0.2262	0.0700	-0.4554	0.8582	302.78	354.47	26.88
2026-05-29T10:11:40.2439531+08:00	0x01	0.2554	0.4091	-0.8746	0.0511	169.74	322.88	47.87
2026-05-29T10:11:40.3446774+08:00	0x01	0.2560	0.4106	-0.8737	0.0512	169.60	322.70	48.04
2026-05-29T10:11:40.4618983+08:00	0x01	0.2567	0.4111	-0.8732	0.0513	169.52	322.55	48.10
2026-05-29T10:11:40.4618983+08:00	0x03	0.1649	-0.4607	-0.8065	-0.3318	132.84	4.36	301.50
2026-05-29T10:11:40.5127757+08:00	0x01	0.2573	0.4099	-0.8736	0.0506	169.46	322.48	47.92
2026-05-29T10:11:40.6119449+08:00	0x01	0.2580	0.4105	-0.8732	0.0500	169.28	322.30	47.96
2026-05-29T10:11:40.7122966+08:00	0x01	0.2590	0.4109	-0.8727	0.0504	169.24	322.13	48.00
2026-05-29T10:11:40.7604783+08:00	0x04	0.2270	0.0699	-0.4744	0.8476	300.04	353.76	26.82
2026-05-29T10:11:40.8129484+08:00	0x01	0.2601	0.4127	-0.8714	0.0527	169.37	321.98	48.29
2026-05-29T10:11:40.9213847+08:00	0x01	0.2614	0.4139	-0.8702	0.0549	169.49	321.81	48.51
2026-05-29T10:11:40.9338776+08:00	0x03	0.1682	-0.4598	-0.8050	-0.3350	132.51	4.09	301.46
2026-05-29T10:11:41.0268463+08:00	0x01	0.2623	0.4146	-0.8696	0.0559	169.51	321.68	48.63
2026-05-29T10:11:41.1342325+08:00	0x01	0.2623	0.4151	-0.8693	0.0573	169.68	321.74	48.74
2026-05-29T10:11:41.2369187+08:00	0x01	0.2619	0.4157	-0.8690	0.0580	169.76	321.79	48.85
2026-05-29T10:11:41.2494360+08:00	0x02	-0.3967	-0.2120	0.7838	0.4281	122.93	306.54	359.58
2026-05-29T10:11:41.3561691+08:00	0x01	0.2620	0.4162	-0.8688	0.0582	169.74	321.76	48.91
2026-05-29T10:11:41.3681339+08:00	0x03	0.1716	-0.4608	-0.8049	-0.3324	133.25	3.33	301.16
2026-05-29T10:11:41.3840930+08:00	0x01	0.2620	0.4167	-0.8685	0.0578	169.66	321.70	48.95
2026-05-29T10:11:41.4935078+08:00	0x01	0.2622	0.4183	-0.8677	0.0584	169.60	321.61	49.16
2026-05-29T10:11:41.5967327+08:00	0x01	0.2640	0.4214	-0.8656	0.0584	169.24	321.11	49.50
2026-05-29T10:11:41.7011138+08:00	0x01	0.2665	0.4229	-0.8641	0.0584	168.92	320.59	49.64
2026-05-29T10:11:41.8150940+08:00	0x01	0.2689	0.4229	-0.8634	0.0582	168.71	320.17	49.60
2026-05-29T10:11:41.8270805+08:00	0x03	0.1678	-0.4601	-0.8051	-0.3346	132.55	4.14	301.44
2026-05-29T10:11:41.8475241+08:00	0x04	0.2288	0.0707	-0.4921	0.8370	297.45	353.12	26.92
2026-05-29T10:11:41.9099704+08:00	0x01	0.2697	0.4236	-0.8628	0.0593	168.75	320.06	49.72
2026-05-29T10:11:42.0289486+08:00	0x01	0.2690	0.4246	-0.8623	0.0616	169.05	320.24	49.94
2026-05-29T10:11:42.1295417+08:00	0x01	0.2689	0.4256	-0.8618	0.0624	169.09	320.23	50.10
2026-05-29T10:11:42.2274591+08:00	0x01	0.2695	0.4277	-0.8604	0.0652	169.29	320.16	50.45
2026-05-29T10:11:42.2790757+08:00	0x01	0.2703	0.4313	-0.8580	0.0681	169.36	319.94	50.99
2026-05-29T10:11:42.2790757+08:00	0x03	0.1704	-0.4600	-0.8026	-0.3394	131.76	4.26	301.35
2026-05-29T10:11:42.3462201+08:00	0x02	-0.4160	-0.2150	0.7846	0.4064	125.26	304.15	359.96
2026-05-29T10:11:42.3959355+08:00	0x04	0.2283	0.0780	-0.4926	0.8361	297.50	353.89	27.30
2026-05-29T10:11:42.4777950+08:00	0x01	0.2713	0.4304	-0.8572	0.0803	171.16	320.62	51.38
2026-05-29T10:11:42.5988940+08:00	0x01	0.2709	0.4236	-0.8595	0.0917	173.43	321.87	51.06
2026-05-29T10:11:42.6952429+08:00	0x01	0.2694	0.4078	-0.8643	0.1186	178.69	324.77	50.25
2026-05-29T10:11:42.7341808+08:00	0x03	0.1744	-0.4446	-0.7971	-0.3695	127.39	5.30	303.10
2026-05-29T10:11:42.7937242+08:00	0x01	0.2662	0.3971	-0.8642	0.1570	185.38	328.29	50.35
2026-05-29T10:11:42.8650809+08:00	0x02	-0.4223	-0.1954	0.8042	0.3699	130.54	304.54	0.11
2026-05-29T10:11:42.8951482+08:00	0x01	0.2599	0.3956	-0.8545	0.2139	195.03	333.52	51.93
2026-05-29T10:11:42.9440687+08:00	0x04	0.2537	0.0898	-0.5900	0.7613	281.61	349.23	29.48
2026-05-29T10:11:42.9960738+08:00	0x01	0.2419	0.4192	-0.8217	0.3008	211.94	344.70	56.56
2026-05-29T10:11:43.1102635+08:00	0x01	0.2144	0.4461	-0.7762	0.3906	234.42	1.75	59.32
2026-05-29T10:11:43.1970866+08:00	0x03	0.1266	-0.4729	-0.6796	-0.5464	85.93	33.50	308.64
2026-05-29T10:11:43.2110501+08:00	0x01	0.2042	0.4370	-0.7503	0.4521	247.29	9.42	57.19
2026-05-29T10:11:43.2629073+08:00	0x01	0.1822	0.4588	-0.6997	0.5164	265.30	23.12	56.13
2026-05-29T10:11:43.3612967+08:00	0x01	0.1696	0.4703	-0.6524	0.5696	278.89	32.16	53.79
2026-05-29T10:11:43.4438123+08:00	0x02	-0.3379	-0.4695	0.8101	-0.0956	163.29	305.86	55.61
2026-05-29T10:11:43.4784768+08:00	0x01	0.1597	0.4676	-0.6169	0.6126	287.22	36.30	50.59
2026-05-29T10:11:43.5781567+08:00	0x01	0.1480	0.4588	-0.5943	0.6437	291.65	37.78	47.38
2026-05-29T10:11:43.6441618+08:00	0x03	0.1281	-0.4724	-0.6836	-0.5414	86.99	32.85	308.32
2026-05-29T10:11:43.6988923+08:00	0x01	0.1243	0.4603	-0.5698	0.6694	296.26	41.03	43.71
2026-05-29T10:11:43.7782602+08:00	0x01	0.1133	0.4539	-0.5515	0.6907	299.05	41.76	41.08
2026-05-29T10:11:43.8941982+08:00	0x01	0.1050	0.4479	-0.5377	0.7066	300.98	42.04	39.06
2026-05-29T10:11:43.9613344+08:00	0x02	-0.3421	-0.4630	0.8136	-0.0814	161.72	305.02	54.00
2026-05-29T10:11:43.9979575+08:00	0x01	0.0995	0.4410	-0.5299	0.7176	301.90	41.73	37.60
2026-05-29T10:11:44.0450413+08:00	0x04	0.2530	0.0894	-0.5872	0.7637	282.09	349.38	29.44
2026-05-29T10:11:44.0989077+08:00	0x03	0.0687	-0.4990	-0.4150	-0.7576	40.93	54.84	328.78
2026-05-29T10:11:44.0989077+08:00	0x01	0.1033	0.4290	-0.5289	0.7250	301.73	40.02	37.13
2026-05-29T10:11:44.1459311+08:00	0x01	0.0956	0.4289	-0.5234	0.7300	302.46	40.61	36.06
2026-05-29T10:11:44.2619769+08:00	0x01	0.0973	0.4288	-0.5197	0.7325	303.04	40.67	36.03
2026-05-29T10:11:44.3620871+08:00	0x01	0.0973	0.4313	-0.5157	0.7339	303.72	41.17	35.99
2026-05-29T10:11:44.4647742+08:00	0x01	0.0995	0.4298	-0.5169	0.7337	303.53	40.83	36.17
2026-05-29T10:11:44.5281807+08:00	0x02	-0.1756	-0.5171	0.7513	-0.3705	243.05	16.46	65.12
2026-05-29T10:11:44.5447533+08:00	0x03	0.0204	-0.4639	-0.3116	-0.8290	31.72	53.07	341.16
2026-05-29T10:11:44.5640992+08:00	0x01	0.1023	0.4281	-0.5181	0.7334	303.34	40.43	36.42
2026-05-29T10:11:44.6173025+08:00	0x04	0.3733	0.1087	-0.6455	0.6574	261.69	334.08	39.14
2026-05-29T10:11:44.6800226+08:00	0x01	0.1049	0.4260	-0.5207	0.7324	302.91	39.92	36.67
2026-05-29T10:11:44.7782689+08:00	0x01	0.1079	0.4240	-0.5220	0.7322	302.69	39.48	36.92
2026-05-29T10:11:44.8783090+08:00	0x01	0.1097	0.4225	-0.5235	0.7317	302.42	39.13	37.08
2026-05-29T10:11:44.9793391+08:00	0x01	0.1102	0.4214	-0.5248	0.7313	302.19	38.90	37.12
2026-05-29T10:11:44.9952952+08:00	0x03	0.0122	-0.4566	-0.2949	-0.8393	30.37	52.50	343.15
2026-05-29T10:11:45.0292060+08:00	0x01	0.1113	0.4200	-0.5264	0.7308	301.92	38.59	37.22
2026-05-29T10:11:45.0458806+08:00	0x02	-0.0551	-0.5314	0.6464	-0.5447	283.78	49.80	48.33
2026-05-29T10:11:45.1308978+08:00	0x04	0.3448	0.1778	-0.5112	0.7670	289.91	353.49	45.28
2026-05-29T10:11:45.1613895+08:00	0x01	0.1130	0.4188	-0.5287	0.7296	301.54	38.26	37.43
2026-05-29T10:11:45.2437389+08:00	0x01	0.1147	0.4178	-0.5309	0.7283	301.19	37.94	37.64
2026-05-29T10:11:45.3442939+08:00	0x01	0.1147	0.4179	-0.5329	0.7268	300.86	37.84	37.74
2026-05-29T10:11:45.4443222+08:00	0x01	0.1143	0.4182	-0.5348	0.7253	300.57	37.82	37.81
2026-05-29T10:11:45.4631570+08:00	0x03	0.0239	-0.4571	-0.3026	-0.8361	30.68	52.23	341.54
2026-05-29T10:11:45.5621836+08:00	0x01	0.1134	0.4190	-0.5364	0.7238	300.33	37.88	37.85
2026-05-29T10:11:45.6277754+08:00	0x02	0.0102	-0.5310	0.5645	-0.6319	296.59	57.44	35.91
2026-05-29T10:11:45.6659060+08:00	0x01	0.1130	0.4193	-0.5382	0.7224	300.07	37.86	37.91
2026-05-29T10:11:45.6951708+08:00	0x04	0.3105	0.2263	-0.3705	0.8456	317.61	12.22	43.85
2026-05-29T10:11:45.7711713+08:00	0x01	0.1129	0.4195	-0.5395	0.7212	299.85	37.82	37.99
2026-05-29T10:11:45.8643087+08:00	0x01	0.1115	0.4207	-0.5408	0.7197	299.67	37.99	37.99
2026-05-29T10:11:45.9117439+08:00	0x03	0.0265	-0.4530	-0.3230	-0.8305	32.97	51.34	340.33
2026-05-29T10:11:45.9620681+08:00	0x01	0.1125	0.4193	-0.5432	0.7186	299.26	37.64	38.12
2026-05-29T10:11:46.0301201+08:00	0x01	0.1120	0.4187	-0.5450	0.7177	298.96	37.50	38.11
2026-05-29T10:11:46.1281246+08:00	0x01	0.1097	0.4197	-0.5458	0.7169	298.84	37.70	37.99
2026-05-29T10:11:46.1968144+08:00	0x02	0.0651	-0.5280	0.5001	-0.6833	303.16	61.12	26.05
2026-05-29T10:11:46.2282511+08:00	0x01	0.1079	0.4205	-0.5477	0.7152	298.54	37.80	37.95
2026-05-29T10:11:46.3287901+08:00	0x01	0.1085	0.4195	-0.5510	0.7132	297.98	37.47	38.10
2026-05-29T10:11:46.3652384+08:00	0x03	0.0281	-0.4523	-0.3287	-0.8286	33.57	51.13	339.88
2026-05-29T10:11:46.4449281+08:00	0x01	0.1078	0.4191	-0.5534	0.7117	297.58	37.35	38.12
2026-05-29T10:11:46.5454581+08:00	0x01	0.1082	0.4177	-0.5556	0.7108	297.19	37.03	38.16
2026-05-29T10:11:46.6454326+08:00	0x01	0.1071	0.4176	-0.5558	0.7108	297.14	37.07	38.06
2026-05-29T10:11:46.7107300+08:00	0x02	0.1019	-0.5203	0.4567	-0.7144	306.54	62.38	19.25
2026-05-29T10:11:46.7621482+08:00	0x01	0.1060	0.4181	-0.5550	0.7113	297.28	37.22	37.95
2026-05-29T10:11:46.8283003+08:00	0x03	0.0298	-0.4532	-0.3324	-0.8266	33.91	51.15	339.49
2026-05-29T10:11:46.8632670+08:00	0x01	0.1057	0.4189	-0.5537	0.7118	297.51	37.41	37.91
2026-05-29T10:11:46.9146552+08:00	0x01	0.1063	0.4197	-0.5528	0.7121	297.69	37.53	37.97
2026-05-29T10:11:47.0110099+08:00	0x01	0.1064	0.4202	-0.5518	0.7125	297.85	37.63	37.98
2026-05-29T10:11:47.1109902+08:00	0x01	0.1044	0.4208	-0.5508	0.7132	298.03	37.87	37.77
2026-05-29T10:11:47.2281873+08:00	0x01	0.1039	0.4204	-0.5501	0.7141	298.13	37.87	37.65
2026-05-29T10:11:47.2668568+08:00	0x04	0.3116	0.2249	-0.3749	0.8436	316.81	11.69	43.99
2026-05-29T10:11:47.2788237+08:00	0x03	0.0322	-0.4559	-0.3368	-0.8232	34.26	51.38	338.89
2026-05-29T10:11:47.3281252+08:00	0x01	0.1060	0.4191	-0.5495	0.7149	298.19	37.63	37.75
2026-05-29T10:11:47.4454509+08:00	0x01	0.1099	0.4174	-0.5490	0.7158	298.26	37.24	37.99
2026-05-29T10:11:47.5384456+08:00	0x01	0.1168	0.4147	-0.5487	0.7164	298.25	36.54	38.50
2026-05-29T10:11:47.6278200+08:00	0x01	0.1209	0.4147	-0.5475	0.7166	298.47	36.39	38.87
2026-05-29T10:11:47.7298633+08:00	0x03	0.1159	-0.4741	-0.4168	-0.7669	40.24	50.29	325.05
2026-05-29T10:11:47.7448338+08:00	0x01	0.1205	0.4160	-0.5462	0.7170	298.72	36.66	38.85
2026-05-29T10:11:47.7950680+08:00	0x01	0.1141	0.4196	-0.5416	0.7194	299.53	37.68	38.22
2026-05-29T10:11:47.8110251+08:00	0x02	0.1199	-0.5127	0.4367	-0.7294	307.81	62.42	15.84
2026-05-29T10:11:47.8951702+08:00	0x04	0.2491	0.2955	-0.1479	0.9104	351.65	33.51	32.75
2026-05-29T10:11:47.9113613+08:00	0x01	0.1007	0.4254	-0.5328	0.7246	300.97	39.49	36.81
2026-05-29T10:11:47.9949232+08:00	0x01	0.0869	0.4287	-0.5220	0.7322	302.52	41.03	35.09
2026-05-29T10:11:48.0955607+08:00	0x01	0.0737	0.4316	-0.5098	0.7405	304.16	42.45	33.32
2026-05-29T10:11:48.1780715+08:00	0x03	0.1134	-0.4737	-0.4145	-0.7687	40.04	50.35	325.46
2026-05-29T10:11:48.2149734+08:00	0x01	0.0666	0.4313	-0.4996	0.7483	305.48	43.08	32.04
2026-05-29T10:11:48.2786407+08:00	0x02	0.1456	-0.5103	0.3760	-0.7596	313.15	63.73	9.35
2026-05-29T10:11:48.3158967+08:00	0x01	0.0613	0.4310	-0.4927	0.7535	306.33	43.49	31.14
2026-05-29T10:11:48.4281113+08:00	0x01	0.0586	0.4291	-0.4888	0.7573	306.75	43.48	30.55
2026-05-29T10:11:48.4619412+08:00	0x04	0.0810	0.4319	0.2474	0.8635	29.91	52.02	355.77
2026-05-29T10:11:48.5293521+08:00	0x01	0.0550	0.4266	-0.4853	0.7612	307.07	43.41	29.85
2026-05-29T10:11:48.6285671+08:00	0x01	0.0510	0.4229	-0.4820	0.7657	307.34	43.21	29.06
2026-05-29T10:11:48.6465196+08:00	0x03	0.2770	-0.4698	-0.6126	-0.5720	77.71	26.07	296.80
2026-05-29T10:11:48.7290534+08:00	0x01	0.0457	0.4194	-0.4776	0.7707	307.72	43.10	28.10
2026-05-29T10:11:48.7832831+08:00	0x01	0.0414	0.4161	-0.4732	0.7754	308.12	42.99	27.25
2026-05-29T10:11:48.9019036+08:00	0x02	0.2140	-0.4850	0.2913	-0.7963	317.73	63.98	356.67
2026-05-29T10:11:48.9793179+08:00	0x04	0.1017	0.4608	0.1412	0.8702	19.87	56.28	2.69
2026-05-29T10:11:48.9972712+08:00	0x01	0.0374	0.4134	-0.4670	0.7808	308.78	42.97	26.39
2026-05-29T10:11:49.0830481+08:00	0x03	0.3096	-0.4798	-0.6060	-0.5538	78.85	24.17	292.41
2026-05-29T10:11:49.0998544+08:00	0x01	0.0405	0.4135	-0.4659	0.7812	309.01	42.90	26.65
2026-05-29T10:11:49.1960583+08:00	0x01	0.0459	0.4144	-0.4637	0.7818	309.48	42.86	27.13
2026-05-29T10:11:49.2960331+08:00	0x01	0.0497	0.4163	-0.4620	0.7815	309.85	43.00	27.53
2026-05-29T10:11:49.4000604+08:00	0x01	0.0514	0.4177	-0.4604	0.7816	310.15	43.17	27.71
2026-05-29T10:11:49.4853351+08:00	0x02	0.2493	-0.4505	0.2406	-0.8228	320.76	61.39	348.84
2026-05-29T10:11:49.5138934+08:00	0x01	0.0519	0.4173	-0.4599	0.7820	310.21	43.11	27.71
2026-05-29T10:11:49.5453019+08:00	0x03	0.3134	-0.4831	-0.5974	-0.5581	76.14	26.08	292.02
2026-05-29T10:11:49.6302805+08:00	0x01	0.0516	0.4163	-0.4595	0.7828	310.23	43.01	27.61
2026-05-29T10:11:49.6638071+08:00	0x01	0.0506	0.4161	-0.4599	0.7828	310.15	43.00	27.51
2026-05-29T10:11:49.7702764+08:00	0x01	0.0508	0.4160	-0.4603	0.7826	310.10	42.97	27.55
2026-05-29T10:11:49.8677447+08:00	0x01	0.0501	0.4165	-0.4603	0.7824	310.09	43.05	27.51
2026-05-29T10:11:49.9491069+08:00	0x02	0.2648	-0.4467	0.1987	-0.8312	324.02	61.47	344.77
2026-05-29T10:11:49.9816401+08:00	0x01	0.0497	0.4166	-0.4598	0.7827	310.15	43.10	27.45
2026-05-29T10:11:49.9969088+08:00	0x03	0.3135	-0.4863	-0.5951	-0.5577	75.16	27.13	291.80
2026-05-29T10:11:50.0784225+08:00	0x04	0.2561	0.4174	-0.1705	0.8550	354.52	50.29	35.47
2026-05-29T10:11:50.0970266+08:00	0x01	0.0489	0.4164	-0.4593	0.7831	310.19	43.12	27.33
2026-05-29T10:11:50.1808878+08:00	0x01	0.0482	0.4161	-0.4588	0.7836	310.23	43.12	27.21
2026-05-29T10:11:50.2955271+08:00	0x01	0.0474	0.4160	-0.4585	0.7839	310.24	43.15	27.12
2026-05-29T10:11:50.3953486+08:00	0x01	0.0484	0.4159	-0.4590	0.7836	310.20	43.09	27.24
