timestamp	device	q0	q1	q2	q3	yaw	pitch	roll
2026-05-18T17:39:58.5053893+08:00	0x07	0.3046	-0.6593	-0.3097	-0.6137	358.02	95.06	308.53
2026-05-18T17:39:59.0384148+08:00	0x07	0.3042	-0.6606	-0.3084	-0.6131	357.82	95.32	308.69
2026-05-18T17:39:59.5734316+08:00	0x07	0.3037	-0.6623	-0.3086	-0.6115	357.72	95.67	308.73
2026-05-18T17:40:00.1264476+08:00	0x07	0.3028	-0.6632	-0.3082	-0.6111	357.72	95.77	308.84
2026-05-18T17:40:00.2134979+08:00	0x06	0.5825	-0.4667	-0.4877	-0.4527	213.50	231.85	280.67
2026-05-18T17:40:00.6640478+08:00	0x07	0.3017	-0.6629	-0.3071	-0.6126	357.84	95.55	309.04
2026-05-18T17:40:01.1084195+08:00	0x06	0.5821	-0.4651	-0.4881	-0.4545	212.39	232.81	280.52
2026-05-18T17:40:01.1894118+08:00	0x07	0.2999	-0.6630	-0.3036	-0.6151	357.82	95.32	309.52
2026-05-18T17:40:01.5560148+08:00	0x06	0.5817	-0.4648	-0.4881	-0.4553	212.11	233.05	280.43
2026-05-18T17:40:01.7273531+08:00	0x07	0.2972	-0.6638	-0.3004	-0.6171	357.88	95.16	310.04
2026-05-18T17:40:02.0236650+08:00	0x06	0.5812	-0.4649	-0.4877	-0.4564	212.20	232.91	280.29
2026-05-18T17:40:02.2603060+08:00	0x07	0.2924	-0.6661	-0.2951	-0.6195	357.91	95.10	310.95
2026-05-18T17:40:02.4765024+08:00	0x06	0.5814	-0.4642	-0.4882	-0.4563	211.66	233.43	280.33
2026-05-18T17:40:02.7558880+08:00	0x07	0.2881	-0.6677	-0.2907	-0.6218	357.99	94.98	311.71
2026-05-18T17:40:02.9340133+08:00	0x06	0.5810	-0.4639	-0.4887	-0.4565	211.29	233.83	280.30
2026-05-18T17:40:03.3404451+08:00	0x07	0.2830	-0.6696	-0.2863	-0.6242	358.17	94.82	312.55
2026-05-18T17:40:03.3741763+08:00	0x06	0.5805	-0.4643	-0.4890	-0.4565	211.30	233.89	280.25
2026-05-18T17:40:03.8739189+08:00	0x07	0.2804	-0.6708	-0.2847	-0.6248	358.28	94.81	312.92
2026-05-18T17:40:04.2775581+08:00	0x06	0.5796	-0.4644	-0.4906	-0.4559	210.72	234.65	280.26
2026-05-18T17:40:04.4186496+08:00	0x07	0.2768	-0.6715	-0.2829	-0.6264	358.55	94.60	313.39
2026-05-18T17:40:04.7400722+08:00	0x06	0.5789	-0.4646	-0.4910	-0.4560	210.61	234.82	280.20
2026-05-18T17:40:04.9950291+08:00	0x07	0.2755	-0.6716	-0.2820	-0.6273	358.65	94.48	313.57
2026-05-18T17:40:05.1926458+08:00	0x06	0.5794	-0.4643	-0.4907	-0.4560	210.59	234.77	280.24
2026-05-18T17:40:05.4896689+08:00	0x07	0.2737	-0.6727	-0.2797	-0.6280	358.60	94.53	313.95
2026-05-18T17:40:05.6435471+08:00	0x06	0.5801	-0.4644	-0.4901	-0.4558	210.98	234.34	280.30
2026-05-18T17:40:06.0913396+08:00	0x07	0.2708	-0.6744	-0.2762	-0.6290	358.55	94.60	314.51
2026-05-18T17:40:06.0913396+08:00	0x06	0.5805	-0.4644	-0.4897	-0.4556	211.18	234.09	280.34
2026-05-18T17:40:06.6076609+08:00	0x07	0.2674	-0.6757	-0.2727	-0.6306	358.59	94.54	315.11
2026-05-18T17:40:07.2077145+08:00	0x07	0.2646	-0.6761	-0.2703	-0.6323	358.72	94.35	315.56
2026-05-18T17:40:07.7400817+08:00	0x07	0.2636	-0.6759	-0.2698	-0.6332	358.82	94.22	315.69
2026-05-18T17:40:08.2247119+08:00	0x07	0.2645	-0.6752	-0.2716	-0.6327	358.92	94.16	315.45
2026-05-18T17:40:08.8256882+08:00	0x07	0.2548	-0.6792	-0.2752	-0.6309	0.09	94.19	315.94
2026-05-18T17:40:09.3605853+08:00	0x07	0.1822	-0.5703	-0.2490	-0.7613	11.95	69.99	325.84
2026-05-18T17:40:09.8383936+08:00	0x07	0.1845	-0.5738	-0.2500	-0.7578	11.70	70.63	325.50
2026-05-18T17:40:10.1770390+08:00	0x06	0.5805	-0.4644	-0.4897	-0.4556	211.18	234.10	280.34
2026-05-18T17:40:10.3786030+08:00	0x07	0.2045	-0.1757	-0.4599	-0.8460	55.07	7.28	329.49
2026-05-18T17:40:10.6244503+08:00	0x06	0.0514	-0.2690	-0.8195	-0.5034	113.60	12.38	330.49
2026-05-18T17:40:10.9080658+08:00	0x07	0.1990	-0.1227	-0.5804	-0.7800	73.91	357.46	333.07
2026-05-18T17:40:11.0756977+08:00	0x06	0.0788	-0.2664	-0.8704	-0.4065	128.40	5.37	328.14
2026-05-18T17:40:11.4472894+08:00	0x07	0.2149	-0.1202	-0.6671	-0.7030	88.87	352.36	332.45
2026-05-18T17:40:11.5416771+08:00	0x06	0.1080	-0.2592	-0.9055	-0.3181	141.89	357.91	327.45
2026-05-18T17:40:12.0003482+08:00	0x07	0.2204	-0.0744	-0.7497	-0.6196	103.86	345.04	337.38
2026-05-18T17:40:12.4587561+08:00	0x06	0.1234	-0.2438	-0.9240	-0.2676	149.52	353.45	328.90
2026-05-18T17:40:12.5778806+08:00	0x07	0.2484	-0.0669	-0.7910	-0.5552	113.91	339.84	337.56
2026-05-18T17:40:12.8932885+08:00	0x06	0.2075	-0.2443	-0.9262	-0.1985	161.62	340.11	327.66
2026-05-18T17:40:13.1246847+08:00	0x07	0.2656	-0.0685	-0.8236	-0.4965	122.49	336.50	337.89
2026-05-18T17:40:13.5988256+08:00	0x07	0.2925	-0.0866	-0.8336	-0.4605	128.04	333.38	335.56
2026-05-18T17:40:13.8089482+08:00	0x06	0.2303	-0.2433	-0.9160	-0.2207	159.56	337.92	326.82
2026-05-18T17:40:14.1419818+08:00	0x07	0.3121	-0.0999	-0.8395	-0.4335	132.24	330.88	334.00
2026-05-18T17:40:14.2478704+08:00	0x06	0.2282	-0.2468	-0.9132	-0.2303	158.25	338.62	326.23
2026-05-18T17:40:14.7272698+08:00	0x07	0.2910	-0.0512	-0.8586	-0.4190	133.02	331.04	340.62
2026-05-18T17:40:15.1584240+08:00	0x06	0.2191	-0.2237	-0.9267	-0.2078	160.57	338.72	329.62
2026-05-18T17:40:15.2699552+08:00	0x07	0.2965	-0.0372	-0.8681	-0.3964	135.72	329.43	342.56
2026-05-18T17:40:15.6292199+08:00	0x06	0.2316	-0.2250	-0.9214	-0.2161	159.94	337.40	329.02
2026-05-18T17:40:15.8094281+08:00	0x07	0.3123	-0.0462	-0.8653	-0.3893	137.04	327.78	341.14
2026-05-18T17:40:16.0600151+08:00	0x06	0.1203	-0.3074	-0.9204	-0.2095	156.69	353.24	321.96
2026-05-18T17:40:16.3428366+08:00	0x07	0.2805	-0.0404	-0.8731	-0.3966	135.52	331.40	342.96
2026-05-18T17:40:16.5152206+08:00	0x06	0.0178	-0.2479	-0.9637	-0.0979	168.16	0.93	331.23
2026-05-18T17:40:16.8294150+08:00	0x07	0.2654	-0.0304	-0.8745	-0.4049	134.09	332.86	344.46
2026-05-18T17:40:16.9643080+08:00	0x06	0.0285	-0.2353	-0.9697	-0.0599	173.36	358.25	332.63
2026-05-18T17:40:17.4095526+08:00	0x07	0.2233	-0.0096	-0.8843	-0.4100	132.63	336.73	348.46
2026-05-18T17:40:17.8758688+08:00	0x06	0.0726	-0.2097	-0.9749	0.0200	184.36	350.56	336.05
2026-05-18T17:40:17.9661010+08:00	0x07	0.2361	-0.0179	-0.8894	-0.3910	135.26	335.43	347.50
2026-05-18T17:40:18.3287175+08:00	0x06	0.0837	-0.2058	-0.9744	0.0359	186.52	348.84	336.74
2026-05-18T17:40:18.4940055+08:00	0x07	0.2113	0.0071	-0.8930	-0.3974	133.82	337.19	351.07
2026-05-18T17:40:18.7899531+08:00	0x06	0.0890	-0.2048	-0.9738	0.0432	187.52	348.02	336.97
2026-05-18T17:40:19.0266918+08:00	0x07	0.2299	-0.0143	-0.8876	-0.3988	134.17	336.07	347.95
2026-05-18T17:40:19.2327120+08:00	0x06	0.0892	-0.2109	-0.9719	0.0548	189.04	347.62	336.41
2026-05-18T17:40:19.5608473+08:00	0x07	0.2770	0.0061	-0.8744	-0.3984	134.27	329.97	347.88
2026-05-18T17:40:19.6897924+08:00	0x06	0.1628	-0.1921	-0.9675	0.0241	186.74	339.63	338.66
2026-05-18T17:40:20.0482895+08:00	0x07	0.2767	-0.0061	-0.8736	-0.4003	134.31	330.53	346.58
2026-05-18T17:40:20.1433333+08:00	0x06	0.1682	-0.2136	-0.9623	-0.0037	184.08	339.30	335.64
2026-05-18T17:40:20.6353835+08:00	0x07	0.3233	-0.0600	-0.8597	-0.3909	137.33	327.01	339.15
2026-05-18T17:40:21.0477987+08:00	0x06	0.2394	-0.2222	-0.9431	-0.0632	179.18	331.71	333.30
2026-05-18T17:40:21.1665387+08:00	0x07	0.3979	-0.0906	-0.8338	-0.3718	142.23	318.21	333.45
2026-05-18T17:40:21.5104748+08:00	0x06	0.3759	-0.1913	-0.8984	-0.1226	175.13	315.70	334.16
2026-05-18T17:40:21.7222479+08:00	0x07	0.3957	-0.0897	-0.8347	-0.3724	142.06	318.48	333.61
2026-05-18T17:40:21.9608324+08:00	0x06	0.3720	-0.1923	-0.9000	-0.1209	175.25	316.18	334.15
2026-05-18T17:40:22.2436068+08:00	0x07	0.6106	-0.2117	-0.7098	-0.2804	169.50	282.43	319.98
2026-05-18T17:40:22.4116866+08:00	0x06	0.6437	-0.1567	-0.7243	-0.1907	175.15	277.96	331.80
2026-05-18T17:40:22.8445568+08:00	0x07	0.6271	-0.2876	-0.6583	-0.3011	176.87	274.21	310.86
2026-05-18T17:40:23.3106605+08:00	0x06	0.6923	-0.1440	-0.6773	-0.2031	175.06	270.00	331.56
2026-05-18T17:40:23.3276143+08:00	0x07	0.6304	-0.2908	-0.6431	-0.3232	175.49	273.32	308.60
2026-05-18T17:40:23.7775785+08:00	0x06	0.6600	-0.2680	-0.6210	-0.3270	175.35	268.67	310.14
2026-05-18T17:40:23.8606879+08:00	0x07	0.6456	-0.2741	-0.6461	-0.3010	177.00	271.37	312.02
2026-05-18T17:40:24.2317238+08:00	0x06	0.6475	-0.3229	-0.5821	-0.3710	178.47	264.78	301.08
2026-05-18T17:40:24.4594437+08:00	0x07	0.6625	-0.2476	-0.6559	-0.2637	178.61	269.96	317.60
2026-05-18T17:40:25.0026313+08:00	0x07	0.6742	-0.2229	-0.6623	-0.2389	178.85	269.38	321.87
2026-05-18T17:40:25.5316897+08:00	0x07	0.6799	-0.2030	-0.6696	-0.2195	178.75	269.52	325.23
2026-05-18T17:40:26.0458862+08:00	0x06	0.6347	-0.3668	-0.5503	-0.3998	183.56	259.56	294.33
2026-05-18T17:40:26.0613567+08:00	0x07	0.6826	-0.1937	-0.6731	-0.2086	178.88	269.53	326.94
2026-05-18T17:40:26.6014582+08:00	0x07	0.6842	-0.1905	-0.6740	-0.2031	179.11	269.40	327.67
2026-05-18T17:40:27.2192771+08:00	0x07	0.6851	-0.1883	-0.6751	-0.1985	179.32	269.36	328.25
2026-05-18T17:40:27.7343059+08:00	0x07	0.6866	-0.1897	-0.6731	-0.1989	179.52	269.00	328.10
2026-05-18T17:40:28.2655485+08:00	0x07	0.6875	-0.1871	-0.6742	-0.1946	179.65	268.98	328.68
2026-05-18T17:40:28.7883962+08:00	0x07	0.6880	-0.1876	-0.6735	-0.1947	179.72	268.86	328.63
2026-05-18T17:40:29.3453512+08:00	0x07	0.6901	-0.1876	-0.6710	-0.1955	179.76	268.46	328.56
2026-05-18T17:40:29.8292095+08:00	0x07	0.6904	-0.1854	-0.6719	-0.1934	179.74	268.52	328.92
2026-05-18T17:40:30.3655982+08:00	0x07	0.6893	-0.1908	-0.6702	-0.1984	179.80	268.45	328.04
2026-05-18T17:40:30.9045733+08:00	0x07	0.6896	-0.1892	-0.6707	-0.1971	179.77	268.47	328.29
2026-05-18T17:40:31.4504957+08:00	0x07	0.6893	-0.1882	-0.6715	-0.1965	179.70	268.58	328.43
2026-05-18T17:40:31.9175764+08:00	0x07	0.6892	-0.1869	-0.6723	-0.1954	179.65	268.67	328.62
2026-05-18T17:40:31.9495734+08:00	0x06	0.6039	-0.4256	-0.5067	-0.4444	194.71	248.59	284.54
2026-05-18T17:40:32.5122617+08:00	0x07	0.6889	-0.1848	-0.6736	-0.1934	179.60	268.82	328.97
2026-05-18T17:40:33.0466953+08:00	0x07	0.6887	-0.1844	-0.6744	-0.1922	179.65	268.90	329.11
2026-05-18T17:40:33.5816992+08:00	0x07	0.6889	-0.1833	-0.6746	-0.1916	179.60	268.91	329.25
2026-05-18T17:40:34.1321560+08:00	0x07	0.6881	-0.1830	-0.6755	-0.1920	179.50	269.08	329.24
2026-05-18T17:40:34.6494397+08:00	0x06	0.5832	-0.4551	-0.4849	-0.4665	207.51	236.18	279.77
2026-05-18T17:40:34.7147238+08:00	0x07	0.6868	-0.1875	-0.6742	-0.1964	179.51	269.07	328.49
2026-05-18T17:40:35.2577302+08:00	0x07	0.6876	-0.1889	-0.6728	-0.1972	179.63	268.86	328.31
2026-05-18T17:40:35.7301398+08:00	0x07	0.6868	-0.1937	-0.6707	-0.2024	179.63	268.75	327.47
2026-05-18T17:40:36.2967569+08:00	0x07	0.6864	-0.1956	-0.6698	-0.2049	179.59	268.72	327.09
2026-05-18T17:40:36.8639698+08:00	0x07	0.6850	-0.1971	-0.6707	-0.2054	179.62	268.90	326.92
2026-05-18T17:40:37.3788503+08:00	0x06	0.5837	-0.4557	-0.4842	-0.4661	208.20	235.48	279.82
2026-05-18T17:40:37.8153953+08:00	0x06	0.5836	-0.4572	-0.4838	-0.4651	209.24	234.57	279.86
2026-05-18T17:40:37.9415608+08:00	0x07	0.6813	-0.2095	-0.6682	-0.2134	180.02	268.88	325.20
2026-05-18T17:40:38.4805564+08:00	0x07	0.6690	-0.2599	-0.6527	-0.2429	182.34	267.70	318.38
2026-05-18T17:40:39.0654665+08:00	0x07	0.6286	-0.1855	-0.7541	0.0423	197.75	278.32	346.91
2026-05-18T17:40:39.5981537+08:00	0x07	0.6307	-0.1880	-0.7521	0.0337	197.25	277.91	346.10
2026-05-18T17:40:40.0807374+08:00	0x06	0.5836	-0.4571	-0.4838	-0.4651	209.21	234.59	279.86
2026-05-18T17:40:40.1705312+08:00	0x07	0.4996	-0.2412	-0.7770	0.2975	224.86	292.68	355.56
2026-05-18T17:40:40.5478888+08:00	0x06	0.3226	-0.6160	-0.6984	-0.1694	221.22	277.74	284.13
2026-05-18T17:40:40.6823237+08:00	0x07	0.5124	-0.2661	-0.7228	0.3797	235.25	289.46	0.25
2026-05-18T17:40:41.1651678+08:00	0x07	0.5798	-0.2693	-0.6692	0.3789	235.28	280.56	4.53
2026-05-18T17:40:41.7473078+08:00	0x07	0.6047	-0.2603	-0.6390	0.3978	236.35	277.74	8.53
2026-05-18T17:40:42.2313386+08:00	0x07	0.6380	-0.2636	-0.6113	0.3869	235.25	272.73	9.87
2026-05-18T17:40:42.7809103+08:00	0x07	0.6430	-0.2576	-0.6039	0.3944	235.45	272.36	11.30
2026-05-18T17:40:43.2794443+08:00	0x06	0.4062	-0.5995	-0.6369	-0.2644	226.73	256.32	281.90
2026-05-18T17:40:43.7986677+08:00	0x07	0.7137	-0.0898	-0.6887	0.0908	194.67	268.00	0.34
2026-05-18T17:40:44.3917152+08:00	0x07	0.7121	0.0967	-0.6858	0.1147	181.17	268.02	17.22
2026-05-18T17:40:44.9247849+08:00	0x07	0.7372	-0.0277	-0.6751	-0.0049	181.96	264.92	357.44
2026-05-18T17:40:45.5164358+08:00	0x07	0.6150	0.0113	-0.7880	-0.0281	176.66	284.09	359.04
2026-05-18T17:40:45.5325341+08:00	0x06	0.3955	-0.3535	-0.5775	-0.6206	87.35	357.64	295.95
2026-05-18T17:40:45.9726335+08:00	0x06	0.4429	-0.3253	-0.5000	-0.6693	74.25	358.91	293.33
2026-05-18T17:40:46.0481160+08:00	0x07	0.6189	0.0102	-0.7849	-0.0275	176.81	283.52	358.97
2026-05-18T17:40:46.5496935+08:00	0x07	0.6971	0.3080	-0.6473	0.0175	153.33	259.74	25.03
2026-05-18T17:40:47.1376219+08:00	0x07	0.6581	0.2735	-0.7015	0.0036	157.35	269.02	22.86
2026-05-18T17:40:47.6738128+08:00	0x07	0.6694	0.3351	-0.6622	0.0345	152.47	262.04	29.34
2026-05-18T17:40:48.2098475+08:00	0x07	0.6649	0.3191	-0.6750	0.0209	153.52	264.32	27.30
2026-05-18T17:40:48.6997283+08:00	0x06	0.4830	-0.3208	-0.4829	-0.6562	78.32	352.08	289.31
2026-05-18T17:40:48.8497682+08:00	0x07	0.6632	0.2825	-0.6931	-0.0013	155.86	267.55	22.95
2026-05-18T17:40:49.3326852+08:00	0x07	0.6390	0.2189	-0.7285	0.1145	172.67	275.68	27.73
2026-05-18T17:40:49.8717404+08:00	0x07	0.7251	0.2701	-0.5802	0.2541	172.40	254.33	43.00
2026-05-18T17:40:50.3992390+08:00	0x07	0.6629	0.2937	-0.6234	0.2928	177.88	265.52	48.96
2026-05-18T17:40:50.9399986+08:00	0x07	0.6497	0.3064	-0.6327	0.2892	177.14	267.15	49.78
2026-05-18T17:40:51.4310245+08:00	0x06	0.6047	-0.4217	-0.5047	-0.4493	193.20	249.42	284.31
2026-05-18T17:40:51.4849132+08:00	0x07	0.6626	0.2787	-0.6458	0.2572	177.02	267.31	44.50
2026-05-18T17:40:52.0670138+08:00	0x07	0.6737	0.2487	-0.6565	0.2306	177.60	267.65	39.60
2026-05-18T17:40:52.6172977+08:00	0x07	0.6976	0.2009	-0.6617	0.1875	177.83	266.36	31.83
2026-05-18T17:40:53.1503203+08:00	0x07	0.8175	0.1637	-0.5129	0.2045	176.16	243.17	30.14
2026-05-18T17:40:53.7004223+08:00	0x06	0.7110	-0.4731	-0.4249	-0.3003	228.29	214.92	304.01
2026-05-18T17:40:54.1340153+08:00	0x06	0.7032	-0.4864	-0.4228	-0.3003	231.15	213.21	303.53
2026-05-18T17:40:54.2747471+08:00	0x07	0.8144	0.1649	-0.5177	0.2041	176.20	243.86	30.20
2026-05-18T17:40:54.8361016+08:00	0x07	0.8640	-0.0579	-0.4910	0.0949	191.21	239.82	6.15
2026-05-18T17:40:55.3522527+08:00	0x07	0.8577	-0.1254	-0.4951	0.0598	195.93	239.82	358.76
2026-05-18T17:40:55.9346982+08:00	0x07	0.8474	-0.1791	-0.4986	0.0340	199.88	239.73	353.05
2026-05-18T17:40:55.9676096+08:00	0x06	0.6764	-0.5286	-0.4103	-0.3078	241.44	205.86	301.77
2026-05-18T17:40:56.4017297+08:00	0x06	0.6713	-0.5351	-0.4082	-0.3104	243.24	204.47	301.39
2026-05-18T17:40:56.4847407+08:00	0x07	0.8389	-0.2195	-0.4979	0.0127	202.86	239.07	348.62
2026-05-18T17:40:57.0299983+08:00	0x07	0.8252	-0.2605	-0.5012	-0.0069	206.08	238.86	344.18
2026-05-18T17:40:57.5699880+08:00	0x07	0.8209	-0.2729	-0.5014	-0.0145	207.01	238.64	342.69
2026-05-18T17:40:58.0980209+08:00	0x07	0.8182	-0.2816	-0.5009	-0.0212	207.61	238.37	341.53
2026-05-18T17:40:58.6219143+08:00	0x07	0.8157	-0.2881	-0.5012	-0.0229	208.22	238.31	340.97
2026-05-18T17:40:59.1178981+08:00	0x06	0.6541	-0.5556	-0.4049	-0.3154	248.72	200.74	300.40
2026-05-18T17:40:59.1667685+08:00	0x07	0.8138	-0.2931	-0.5012	-0.0249	208.67	238.21	340.47
2026-05-18T17:40:59.7051226+08:00	0x07	0.8136	-0.2957	-0.4999	-0.0267	208.88	237.98	340.18
2026-05-18T17:41:00.2374903+08:00	0x07	0.8129	-0.2985	-0.4992	-0.0287	209.11	237.82	339.84
2026-05-18T17:41:00.8390209+08:00	0x07	0.8103	-0.3201	-0.4895	-0.0373	211.33	236.05	338.05
2026-05-18T17:41:01.3193470+08:00	0x07	0.8129	-0.3244	-0.4825	-0.0340	212.14	235.09	338.39
2026-05-18T17:41:01.8369432+08:00	0x06	0.4887	-0.5031	-0.5043	-0.5037	50.20	40.65	271.22
2026-05-18T17:41:01.9049234+08:00	0x07	0.7593	-0.2348	-0.5984	-0.1008	195.19	252.99	334.27
2026-05-18T17:41:02.4405610+08:00	0x07	0.6940	-0.1895	-0.6753	-0.1627	182.83	267.71	331.21
2026-05-18T17:41:02.9830781+08:00	0x07	0.6886	-0.2245	-0.6564	-0.2111	182.26	266.53	324.16
2026-05-18T17:41:03.5231273+08:00	0x07	0.6691	-0.2584	-0.6518	-0.2463	181.90	267.77	318.21
2026-05-18T17:41:04.0021843+08:00	0x07	0.6584	-0.2728	-0.6505	-0.2625	181.42	268.73	315.52
2026-05-18T17:41:04.1103643+08:00	0x06	0.5722	-0.4548	-0.4946	-0.4702	201.03	243.63	278.88
2026-05-18T17:41:04.6032978+08:00	0x07	0.6742	-0.2253	-0.6692	-0.2164	181.01	269.24	323.61
2026-05-18T17:41:05.0857695+08:00	0x07	0.6827	-0.2007	-0.6754	-0.1935	180.86	269.13	327.64
2026-05-18T17:41:05.4696610+08:00	0x06	0.5775	-0.4524	-0.4947	-0.4659	201.47	242.99	279.68
2026-05-18T17:41:05.6099645+08:00	0x07	0.6863	-0.1883	-0.6784	-0.1827	180.71	269.14	329.59
2026-05-18T17:41:05.9224536+08:00	0x06	0.5776	-0.4532	-0.4943	-0.4654	202.13	242.38	279.69
2026-05-18T17:41:06.1805478+08:00	0x07	0.6855	-0.1918	-0.6778	-0.1841	180.89	269.11	329.17
2026-05-18T17:41:06.3700102+08:00	0x06	0.5773	-0.4540	-0.4945	-0.4648	202.54	242.08	279.71
2026-05-18T17:41:06.6863801+08:00	0x07	0.6841	-0.1952	-0.6778	-0.1858	181.02	269.18	328.75
2026-05-18T17:41:06.8272152+08:00	0x06	0.5769	-0.4543	-0.4949	-0.4646	202.50	242.20	279.69
2026-05-18T17:41:07.2424124+08:00	0x07	0.6849	-0.1928	-0.6783	-0.1837	180.99	269.17	329.13
2026-05-18T17:41:07.7495553+08:00	0x06	0.5776	-0.4533	-0.4945	-0.4652	202.18	242.36	279.71
2026-05-18T17:41:07.8144849+08:00	0x07	0.6838	-0.1953	-0.6772	-0.1892	180.73	269.24	328.45
2026-05-18T17:41:08.1908959+08:00	0x06	0.5779	-0.4526	-0.4945	-0.4654	201.81	242.66	279.75
2026-05-18T17:41:08.3584779+08:00	0x07	0.6788	-0.2138	-0.6709	-0.2086	180.72	269.10	325.24
2026-05-18T17:41:08.6364857+08:00	0x06	0.5773	-0.4538	-0.4935	-0.4661	202.55	241.92	279.58
2026-05-18T17:41:08.8922630+08:00	0x07	0.6747	-0.2258	-0.6672	-0.2205	180.75	269.11	323.21
2026-05-18T17:41:09.0872709+08:00	0x06	0.5782	-0.4528	-0.4940	-0.4654	202.11	242.32	279.75
2026-05-18T17:41:09.4376354+08:00	0x07	0.6701	-0.2386	-0.6626	-0.2346	180.66	269.12	320.91
2026-05-18T17:41:10.0335603+08:00	0x07	0.6636	-0.2584	-0.6542	-0.2548	180.75	268.90	317.45
2026-05-18T17:41:10.5551763+08:00	0x07	0.6571	-0.2744	-0.6479	-0.2707	180.80	268.86	314.67
2026-05-18T17:41:10.9265814+08:00	0x06	0.5775	-0.4538	-0.4928	-0.4666	202.86	241.54	279.53
2026-05-18T17:41:11.1546339+08:00	0x07	0.6529	-0.2839	-0.6444	-0.2791	180.93	268.85	313.08
2026-05-18T17:41:11.6881051+08:00	0x07	0.6500	-0.2900	-0.6417	-0.2857	180.89	268.86	311.96
2026-05-18T17:41:12.1774307+08:00	0x07	0.6425	-0.3060	-0.6343	-0.3021	180.92	268.82	309.07
2026-05-18T17:41:12.7053176+08:00	0x07	0.6285	-0.3310	-0.6226	-0.3283	180.74	269.07	304.43
2026-05-18T17:41:13.1659961+08:00	0x06	0.5757	-0.4532	-0.4936	-0.4687	201.51	242.88	279.28
2026-05-18T17:41:13.2602274+08:00	0x07	0.6123	-0.3605	-0.6065	-0.3568	181.03	268.85	299.05
2026-05-18T17:41:13.6383059+08:00	0x06	0.5783	-0.4475	-0.5001	-0.4639	197.57	246.98	280.22
2026-05-18T17:41:13.7933258+08:00	0x07	0.6141	-0.3493	-0.6172	-0.3463	180.17	270.19	301.08
2026-05-18T17:41:14.0726902+08:00	0x06	0.5771	-0.4449	-0.5012	-0.4667	195.14	249.24	280.05
2026-05-18T17:41:14.3213332+08:00	0x07	0.6305	-0.3176	-0.6278	-0.3277	178.93	270.30	305.69
2026-05-18T17:41:14.5390632+08:00	0x06	0.5850	-0.4361	-0.4984	-0.4682	193.55	249.62	280.74
2026-05-18T17:41:14.8689590+08:00	0x07	0.4979	-0.5025	-0.4781	-0.5206	356.84	91.00	272.70
2026-05-18T17:41:15.4315028+08:00	0x06	0.5800	-0.4439	-0.4987	-0.4668	196.20	247.80	280.21
2026-05-18T17:41:15.4624185+08:00	0x07	0.5028	-0.4977	-0.4835	-0.5155	355.89	91.98	271.55
2026-05-18T17:41:15.8945472+08:00	0x06	0.5756	-0.4497	-0.4972	-0.4683	198.34	246.08	279.52
2026-05-18T17:41:15.9254595+08:00	0x07	0.3406	-0.6184	-0.3371	-0.6228	359.85	89.68	302.73
2026-05-18T17:41:16.3387261+08:00	0x06	0.5778	-0.4453	-0.5010	-0.4656	195.82	248.60	280.16
2026-05-18T17:41:16.4725574+08:00	0x07	0.1935	-0.6764	-0.1938	-0.6837	0.22	89.32	328.21
2026-05-18T17:41:16.8008897+08:00	0x06	0.5741	-0.4548	-0.4929	-0.4698	202.21	242.27	279.01
2026-05-18T17:41:17.0205872+08:00	0x07	0.0790	-0.7072	-0.0751	-0.6985	359.59	90.76	347.49
2026-05-18T17:41:17.2488617+08:00	0x06	0.5735	-0.4547	-0.4946	-0.4688	201.45	243.20	279.09
2026-05-18T17:41:17.5444191+08:00	0x07	0.2487	-0.6620	-0.2504	-0.6612	0.14	90.02	318.66
2026-05-18T17:41:18.1451747+08:00	0x07	0.4035	-0.5811	-0.4040	-0.5799	359.95	90.15	290.36
2026-05-18T17:41:18.1684369+08:00	0x06	0.5733	-0.4540	-0.4943	-0.4700	200.99	243.54	278.99
2026-05-18T17:41:18.6118915+08:00	0x06	0.5729	-0.4539	-0.4952	-0.4697	200.50	244.12	279.02
2026-05-18T17:41:18.6499671+08:00	0x07	0.3237	-0.6284	-0.3259	-0.6278	0.23	89.93	305.31
2026-05-18T17:41:19.0596818+08:00	0x06	0.5728	-0.4542	-0.4949	-0.4698	200.75	243.87	278.98
2026-05-18T17:41:19.1564786+08:00	0x07	0.3034	-0.6387	-0.3055	-0.6377	0.19	90.00	308.99
2026-05-18T17:41:19.5103444+08:00	0x06	0.5736	-0.4532	-0.4953	-0.4693	200.30	244.27	279.13
2026-05-18T17:41:19.6897800+08:00	0x07	0.2822	-0.6486	-0.2834	-0.6476	0.08	90.05	312.85
2026-05-18T17:41:19.9894182+08:00	0x06	0.5737	-0.4529	-0.4954	-0.4694	200.10	244.45	279.14
2026-05-18T17:41:20.2249844+08:00	0x07	0.2564	-0.6590	-0.2578	-0.6584	0.12	90.01	317.36
2026-05-18T17:41:20.7724394+08:00	0x07	0.1108	-0.6983	-0.1122	-0.6982	0.12	89.99	341.85
2026-05-18T17:41:21.3229182+08:00	0x06	0.5722	-0.4520	-0.4965	-0.4709	198.55	246.01	278.98
2026-05-18T17:41:21.7753957+08:00	0x06	0.5725	-0.4532	-0.4951	-0.4709	199.85	244.68	278.91
2026-05-18T17:41:21.8395892+08:00	0x07	0.2884	-0.6470	-0.2877	-0.6445	359.79	90.32	311.92
2026-05-18T17:41:22.2418583+08:00	0x06	0.5729	-0.4540	-0.4943	-0.4706	200.76	243.77	278.92
2026-05-18T17:41:22.3946231+08:00	0x07	0.4626	-0.5368	-0.4611	-0.5340	358.38	91.70	278.44
2026-05-18T17:41:22.8425452+08:00	0x06	0.5734	-0.4544	-0.4939	-0.4699	201.38	243.15	278.98
2026-05-18T17:41:22.9845992+08:00	0x07	0.4579	-0.5408	-0.4564	-0.5380	358.56	91.52	279.44
2026-05-18T17:41:23.5093012+08:00	0x07	0.5713	-0.4200	-0.5685	-0.4171	181.11	268.90	287.42
2026-05-18T17:41:24.0539215+08:00	0x06	0.5736	-0.4534	-0.4951	-0.4694	200.49	244.08	279.10
2026-05-18T17:41:24.0539215+08:00	0x07	0.6298	-0.3257	-0.6266	-0.3235	180.48	269.46	305.35
2026-05-18T17:41:24.5065550+08:00	0x06	0.5736	-0.4534	-0.4956	-0.4688	200.39	244.24	279.17
2026-05-18T17:41:24.6400587+08:00	0x07	0.6651	-0.2467	-0.6609	-0.2448	180.34	269.51	319.33
2026-05-18T17:41:24.9552803+08:00	0x06	0.5737	-0.4540	-0.4952	-0.4685	200.91	243.74	279.17
2026-05-18T17:41:25.1826624+08:00	0x07	0.6863	-0.1823	-0.6810	-0.1790	180.42	269.45	330.40
2026-05-18T17:41:25.4080007+08:00	0x06	0.5738	-0.4539	-0.4955	-0.4682	200.83	243.85	279.20
2026-05-18T17:41:25.7183488+08:00	0x07	0.6948	-0.1461	-0.6896	-0.1427	180.39	269.49	336.43
2026-05-18T17:41:25.8871185+08:00	0x06	0.5732	-0.4537	-0.4960	-0.4686	200.32	244.38	279.15
2026-05-18T17:41:26.1906167+08:00	0x07	0.7004	-0.1133	-0.6960	-0.1102	180.31	269.59	341.81
2026-05-18T17:41:26.7746173+08:00	0x06	0.5715	-0.4522	-0.4983	-0.4698	198.00	246.78	279.05
2026-05-18T17:41:27.2246155+08:00	0x06	0.5712	-0.4516	-0.4988	-0.4700	197.36	247.42	279.06
2026-05-18T17:41:27.3416517+08:00	0x07	0.7032	-0.0896	-0.6999	-0.0867	180.27	269.70	345.68
2026-05-18T17:41:27.6650440+08:00	0x06	0.5722	-0.4500	-0.5004	-0.4687	196.45	248.35	279.33
2026-05-18T17:41:27.9249309+08:00	0x07	0.7072	-0.0159	-0.7067	-0.0133	180.21	269.95	357.63
2026-05-18T17:41:28.1241753+08:00	0x06	0.5715	-0.4506	-0.5001	-0.4694	196.53	248.28	279.21
2026-05-18T17:41:28.4578819+08:00	0x07	0.7061	-0.0052	-0.7081	-0.0029	180.19	270.16	359.35
2026-05-18T17:41:28.9464370+08:00	0x07	0.7063	-0.0054	-0.7079	-0.0031	180.19	270.13	359.31
2026-05-18T17:41:29.4920852+08:00	0x06	0.5702	-0.4506	-0.5004	-0.4705	195.89	248.96	279.04
2026-05-18T17:41:29.5493757+08:00	0x07	0.7056	-0.0235	-0.7079	-0.0213	180.17	270.18	356.37
2026-05-18T17:41:29.9410655+08:00	0x06	0.5697	-0.4509	-0.5003	-0.4711	195.81	249.04	278.95
2026-05-18T17:41:30.0790442+08:00	0x07	0.7053	-0.0224	-0.7082	-0.0204	180.15	270.23	356.52
2026-05-18T17:41:30.3916448+08:00	0x06	0.5708	-0.4501	-0.5000	-0.4707	195.84	248.90	279.07
2026-05-18T17:41:30.6095584+08:00	0x07	0.7053	0.0356	-0.7070	0.0373	180.14	270.15	5.91
2026-05-18T17:41:30.8416506+08:00	0x06	0.5711	-0.4512	-0.4984	-0.4709	197.13	247.55	278.99
2026-05-18T17:41:31.1585452+08:00	0x07	0.6868	0.1663	-0.6875	0.1674	180.11	270.08	27.29
2026-05-18T17:41:31.6955044+08:00	0x07	0.6739	0.2120	-0.6749	0.2130	180.12	270.12	34.98
2026-05-18T17:41:32.2749211+08:00	0x07	0.6905	0.1499	-0.6914	0.1506	180.09	270.09	24.54
2026-05-18T17:41:32.3585996+08:00	0x06	0.5715	-0.4515	-0.4982	-0.4704	197.56	247.15	279.03
2026-05-18T17:41:32.6790557+08:00	0x06	0.5714	-0.4532	-0.4966	-0.4706	199.07	245.62	278.90
2026-05-18T17:41:32.8084574+08:00	0x07	0.6719	0.2216	-0.6710	0.2217	179.98	269.91	36.54
2026-05-18T17:41:33.1152507+08:00	0x06	0.5727	-0.4530	-0.4966	-0.4692	199.47	245.22	279.11
2026-05-18T17:41:33.3475894+08:00	0x07	0.6726	0.2195	-0.6717	0.2196	179.98	269.92	36.18
2026-05-18T17:41:33.5588109+08:00	0x06	0.5729	-0.4535	-0.4958	-0.4694	200.11	244.54	279.07
2026-05-18T17:41:33.9305596+08:00	0x07	0.5889	0.3939	-0.5865	0.3926	179.48	269.41	67.58
2026-05-18T17:41:34.4274982+08:00	0x07	0.4590	0.5408	-0.4560	0.5375	2.20	92.22	80.62
2026-05-18T17:41:34.9157405+08:00	0x06	0.5729	-0.4527	-0.4967	-0.4693	199.32	245.34	279.13
2026-05-18T17:41:35.3926893+08:00	0x06	0.5721	-0.4518	-0.4978	-0.4698	198.17	246.52	279.10
2026-05-18T17:41:35.6589043+08:00	0x07	0.3633	0.6095	-0.3609	0.6052	0.73	90.84	61.60
2026-05-18T17:41:35.9495137+08:00	0x06	0.5717	-0.4525	-0.4973	-0.4702	198.54	246.17	279.00
2026-05-18T17:41:36.0769652+08:00	0x07	0.1540	0.6912	-0.1527	0.6893	0.16	90.20	25.05
2026-05-18T17:41:36.2825163+08:00	0x06	0.5733	-0.4511	-0.4994	-0.4674	197.93	246.89	279.44
2026-05-18T17:41:36.5770841+08:00	0x07	0.0812	0.7034	-0.0785	0.7017	0.24	90.17	12.97
2026-05-18T17:41:36.7464530+08:00	0x06	0.5741	-0.4552	-0.4935	-0.4686	202.37	242.22	279.10
2026-05-18T17:41:37.1098141+08:00	0x07	-0.0193	0.7086	0.0245	0.7049	0.42	90.28	356.45
2026-05-18T17:41:37.6444629+08:00	0x06	0.5753	-0.4548	-0.4932	-0.4679	202.56	241.97	279.25
2026-05-18T17:41:37.6930211+08:00	0x07	-0.0831	0.7088	0.0818	0.6957	359.77	91.09	346.61
2026-05-18T17:41:38.0991421+08:00	0x06	0.5711	-0.4578	-0.4952	-0.4680	202.57	242.48	278.90
2026-05-18T17:41:38.2398820+08:00	0x07	-0.1065	0.7052	0.1065	0.6928	359.84	91.04	342.68
2026-05-18T17:41:38.5711781+08:00	0x06	0.5653	-0.4643	-0.4922	-0.4719	206.05	239.30	277.91
2026-05-18T17:41:38.7686228+08:00	0x07	-0.0851	0.7044	0.0933	0.6984	0.62	90.41	345.50
2026-05-18T17:41:38.9961737+08:00	0x06	0.5691	-0.4633	-0.4880	-0.4725	208.05	236.76	278.09
2026-05-18T17:41:39.3115132+08:00	0x07	-0.0978	0.7082	0.0965	0.6925	359.71	91.32	344.21
2026-05-18T17:41:39.8484002+08:00	0x07	-0.0751	0.7074	0.0826	0.6979	0.53	90.72	347.19
2026-05-18T17:41:40.3605702+08:00	0x06	0.5742	-0.4430	-0.5137	-0.4585	191.35	254.27	281.00
2026-05-18T17:41:40.4435319+08:00	0x07	-0.0390	0.7018	0.0568	0.7090	1.49	89.32	352.24
2026-05-18T17:41:40.8185343+08:00	0x06	0.5718	-0.4502	-0.5035	-0.4657	195.91	249.27	279.64
2026-05-18T17:41:40.9920354+08:00	0x07	-0.0196	0.7069	0.0296	0.7064	0.81	90.01	356.01
2026-05-18T17:41:41.2632720+08:00	0x06	0.5731	-0.4507	-0.5017	-0.4655	197.19	247.85	279.66
2026-05-18T17:41:41.5607969+08:00	0x07	-0.0023	0.7086	0.0112	0.7055	0.72	90.25	358.90
2026-05-18T17:41:41.7285472+08:00	0x06	0.5729	-0.4531	-0.4986	-0.4667	199.26	245.68	279.37
2026-05-18T17:41:42.1254732+08:00	0x07	-0.0052	0.7097	0.0145	0.7043	0.74	90.42	358.40
2026-05-18T17:41:42.6468532+08:00	0x06	0.4763	-0.4650	-0.5643	-0.4883	129.99	323.72	278.12
2026-05-18T17:41:42.6468532+08:00	0x07	0.0305	0.7194	0.0676	0.6906	7.90	92.12	356.84
2026-05-18T17:41:43.0836428+08:00	0x06	0.4939	-0.4496	-0.5803	-0.4661	149.01	305.01	280.84
2026-05-18T17:41:43.1781381+08:00	0x07	0.0332	0.7493	0.0039	0.6614	3.15	97.20	2.18
2026-05-18T17:41:43.5279099+08:00	0x06	0.4709	-0.4047	-0.6293	-0.4674	138.66	316.90	288.29
2026-05-18T17:41:43.7108921+08:00	0x07	-0.0729	0.8110	0.1053	0.5709	0.12	109.69	345.29
2026-05-18T17:41:43.9872704+08:00	0x06	0.4218	-0.4815	-0.6108	-0.4660	122.04	339.76	281.09
2026-05-18T17:41:44.2607141+08:00	0x07	0.0741	0.7488	0.0211	0.6584	8.00	97.62	3.78
2026-05-18T17:41:44.4448958+08:00	0x06	0.4258	-0.4146	-0.5986	-0.5371	105.30	347.61	287.49
2026-05-18T17:41:44.7298641+08:00	0x07	0.1039	0.8363	-0.0624	0.5346	6.30	115.51	12.44
2026-05-18T17:41:45.3283583+08:00	0x07	0.1752	0.7848	-0.2156	0.5540	2.45	110.27	32.18
2026-05-18T17:41:45.9163888+08:00	0x07	0.2351	0.7360	-0.2664	0.5763	2.99	105.01	41.54
2026-05-18T17:41:46.0033688+08:00	0x06	0.4258	-0.4167	-0.5990	-0.5350	105.67	347.51	287.29
2026-05-18T17:41:46.2616888+08:00	0x06	0.0073	-0.1813	-0.5375	-0.8235	64.44	17.29	348.06
2026-05-18T17:41:46.4527208+08:00	0x07	0.2334	0.7375	-0.2649	0.5757	2.99	105.18	41.26
2026-05-18T17:41:46.7018351+08:00	0x06	-0.0557	-0.1734	-0.3955	-0.9002	47.04	20.89	357.88
2026-05-18T17:41:46.9947873+08:00	0x07	0.3168	0.7037	-0.3108	0.5547	9.47	108.14	52.09
2026-05-18T17:41:47.1628590+08:00	0x06	-0.0700	-0.1638	-0.3162	-0.9318	37.76	20.46	1.54
2026-05-18T17:41:47.5287016+08:00	0x07	0.3691	0.6694	-0.3638	0.5322	13.02	110.82	61.64
2026-05-18T17:41:48.2952303+08:00	0x06	-0.0869	-0.1531	-0.2407	-0.9545	29.22	19.61	5.29
2026-05-18T17:41:48.6005139+08:00	0x07	0.4070	0.6463	-0.3933	0.5118	18.98	116.04	67.67
2026-05-18T17:41:48.9829077+08:00	0x06	-0.1029	-0.1410	-0.1493	-0.9733	18.88	18.00	9.10
2026-05-18T17:41:49.1451877+08:00	0x07	0.4566	0.6103	-0.4323	0.4818	33.91	129.93	75.39
2026-05-18T17:41:49.4287605+08:00	0x06	-0.1126	-0.1335	-0.0922	-0.9803	12.42	16.74	11.31
2026-05-18T17:41:49.6726253+08:00	0x07	0.4800	0.5902	-0.4544	0.4635	49.01	144.84	78.90
2026-05-18T17:41:49.8809753+08:00	0x06	-0.1166	-0.1304	-0.0721	-0.9819	10.13	16.21	12.13
2026-05-18T17:41:50.2200717+08:00	0x07	0.4880	0.5830	-0.4608	0.4578	56.04	151.69	79.79
2026-05-18T17:41:50.7637735+08:00	0x07	0.4933	0.5796	-0.4642	0.4530	61.41	157.02	80.09
2026-05-18T17:41:51.3458110+08:00	0x07	0.5049	0.5757	-0.4647	0.4447	70.86	166.08	79.76
2026-05-18T17:41:51.3836240+08:00	0x06	-0.1263	-0.1243	-0.0376	-0.9835	6.23	15.16	13.83
2026-05-18T17:41:51.8627207+08:00	0x06	-0.1280	-0.1232	-0.0333	-0.9835	5.74	14.99	14.10
2026-05-18T17:41:52.1500496+08:00	0x06	-0.1260	-0.1239	-0.0355	-0.9836	5.97	15.09	13.83
2026-05-18T17:41:52.4129685+08:00	0x07	0.5190	0.5761	-0.4638	0.4286	81.19	176.51	78.29
2026-05-18T17:41:52.6001549+08:00	0x06	-0.1305	-0.1278	-0.0350	-0.9826	6.05	15.58	14.33
2026-05-18T17:41:52.9636140+08:00	0x07	0.5365	0.5833	-0.4517	0.4098	86.36	181.48	75.16
2026-05-18T17:43:40.3726362+08:00	0x07	0.5284	0.6016	-0.4490	0.3965	82.22	179.50	73.60
2026-05-18T17:43:40.3726362+08:00	0x06	-0.1196	-0.1314	-0.0392	-0.9833	6.40	15.95	13.00
2026-05-18T17:43:40.3726362+08:00	0x06	-0.1200	-0.1281	-0.0323	-0.9840	5.56	15.47	13.17
2026-05-18T17:43:40.3726362+08:00	0x07	0.5248	0.6025	-0.4508	0.3979	81.14	178.70	73.92
2026-05-18T17:43:40.3726362+08:00	0x06	-0.1178	-0.1270	-0.0291	-0.9845	5.13	15.29	12.97
2026-05-18T17:43:40.3726362+08:00	0x07	0.5141	0.6064	-0.4569	0.3990	78.24	176.94	74.67
2026-05-18T17:43:40.3726362+08:00	0x06	-0.1178	-0.1274	-0.0232	-0.9846	4.45	15.26	13.07
2026-05-18T17:43:40.3726362+08:00	0x07	0.5056	0.6029	-0.4696	0.4005	78.44	178.05	76.22
2026-05-18T17:43:40.3726362+08:00	0x06	-0.1202	-0.1244	-0.0141	-0.9848	3.40	14.80	13.48
2026-05-18T17:43:40.3726362+08:00	0x07	0.4672	0.5947	-0.4919	0.4313	58.83	159.66	81.17
2026-05-18T17:43:40.3726362+08:00	0x07	0.4762	0.5769	-0.5038	0.4319	71.26	171.18	83.07
2026-05-18T17:43:40.3736321+08:00	0x07	0.4788	0.5747	-0.5063	0.4290	76.06	176.02	83.14
2026-05-18T17:43:40.3736321+08:00	0x06	-0.1115	-0.1190	-0.0172	-0.9865	3.56	14.14	12.47
2026-05-18T17:43:40.3737022+08:00	0x06	-0.1112	-0.1193	-0.0192	-0.9864	3.78	14.21	12.41
2026-05-18T17:43:40.3737022+08:00	0x07	0.4804	0.5733	-0.5081	0.4270	79.36	179.36	83.17
2026-05-18T17:43:40.3737022+08:00	0x06	-0.1111	-0.1192	-0.0199	-0.9864	3.86	14.20	12.38
2026-05-18T17:43:40.3737022+08:00	0x07	0.4818	0.5712	-0.5100	0.4261	82.30	182.26	83.29
2026-05-18T17:43:40.3737022+08:00	0x07	0.4830	0.5700	-0.5112	0.4249	84.66	184.62	83.30
2026-05-18T17:43:40.3737022+08:00	0x07	0.4834	0.5700	-0.5116	0.4240	85.50	185.51	83.25
2026-05-18T17:43:40.3737022+08:00	0x07	0.4842	0.5692	-0.5123	0.4232	86.97	186.97	83.23
2026-05-18T17:43:40.3737022+08:00	0x07	0.4846	0.5688	-0.5128	0.4227	87.85	187.87	83.24
2026-05-18T17:43:40.3737022+08:00	0x06	-0.1103	-0.1198	-0.0237	-0.9864	4.30	14.31	12.23
2026-05-18T17:43:40.3737022+08:00	0x06	-0.1104	-0.1196	-0.0238	-0.9864	4.31	14.29	12.24
2026-05-18T17:43:40.3737022+08:00	0x07	0.4849	0.5683	-0.5132	0.4226	88.53	188.53	83.26
2026-05-18T17:43:40.3737022+08:00	0x07	0.4850	0.5681	-0.5135	0.4224	88.90	188.91	83.27
2026-05-18T17:43:40.3737022+08:00	0x07	0.4850	0.5681	-0.5136	0.4222	89.08	189.10	83.26
2026-05-18T17:43:40.3737022+08:00	0x07	0.4860	0.5669	-0.5140	0.4222	90.36	190.29	83.29
2026-05-18T17:43:40.3737022+08:00	0x07	0.4848	0.5695	-0.5129	0.4214	88.22	188.35	83.11
2026-05-18T17:43:40.3737022+08:00	0x06	-0.1080	-0.1192	-0.0208	-0.9868	3.92	14.19	12.02
2026-05-18T17:43:40.3737022+08:00	0x07	0.4889	0.5645	-0.5136	0.4226	92.74	192.31	83.22
2026-05-18T17:43:40.3737022+08:00	0x07	0.6043	0.4237	-0.5214	0.4284	166.58	251.51	73.64
2026-05-18T17:43:40.3737022+08:00	0x07	0.5504	0.4955	-0.4660	0.4842	113.09	198.90	84.13
2026-05-18T17:43:40.3737022+08:00	0x07	0.5107	0.5364	-0.4310	0.5155	44.05	130.67	81.45
2026-05-18T17:43:40.3737022+08:00	0x07	0.4742	0.5674	-0.4013	0.5405	24.57	111.91	75.48
2026-05-18T17:43:40.3737022+08:00	0x06	-0.1081	-0.1192	-0.0209	-0.9867	3.93	14.19	12.02
2026-05-18T17:43:40.3737022+08:00	0x07	0.4518	0.5854	-0.3843	0.5527	19.37	107.34	71.69
2026-05-18T17:43:40.3737022+08:00	0x07	0.4295	0.5979	-0.3748	0.5635	14.60	103.42	68.79
2026-05-18T17:43:40.3737022+08:00	0x07	0.4095	0.6088	-0.3704	0.5697	11.10	101.10	66.56
2026-05-18T17:43:40.3737022+08:00	0x07	0.4046	0.6126	-0.3642	0.5731	10.89	100.83	65.49
2026-05-18T17:43:40.3737022+08:00	0x06	-0.2021	-0.0335	0.3597	-0.9103	315.80	354.74	23.08
2026-05-18T17:43:40.3737022+08:00	0x06	-0.1977	-0.0508	0.2836	-0.9370	326.10	358.94	23.53
2026-05-18T17:43:40.3737022+08:00	0x07	0.3978	0.6148	-0.3639	0.5756	9.52	99.83	64.88
2026-05-18T17:43:40.3737022+08:00	0x07	0.3969	0.6154	-0.3642	0.5754	9.40	99.82	64.82
2026-05-18T17:43:40.3737022+08:00	0x07	0.3978	0.6148	-0.3651	0.5749	9.43	99.86	65.00
2026-05-18T17:43:40.3737022+08:00	0x07	0.3986	0.6141	-0.3667	0.5740	9.41	99.89	65.24
2026-05-18T17:43:40.3737022+08:00	0x06	-0.1799	-0.0933	0.0733	-0.9765	353.24	9.64	21.41
2026-05-18T17:43:40.3737022+08:00	0x06	-0.1777	-0.0976	0.0506	-0.9779	356.06	10.67	20.94
2026-05-18T17:43:40.3737022+08:00	0x07	0.3998	0.6132	-0.3682	0.5732	9.45	99.95	65.50
2026-05-18T17:43:40.3737022+08:00	0x06	-0.1756	-0.1014	0.0297	-0.9788	358.63	11.58	20.47
2026-05-18T17:43:40.3737022+08:00	0x07	0.4012	0.6120	-0.3701	0.5723	9.49	99.99	65.82
2026-05-18T17:43:40.3746310+08:00	0x06	-0.1741	-0.1036	0.0166	-0.9791	0.22	12.12	20.14
2026-05-18T17:43:40.3746310+08:00	0x07	0.4023	0.6113	-0.3713	0.5715	9.56	100.08	66.04
2026-05-18T17:43:40.3746310+08:00	0x07	0.4026	0.6110	-0.3718	0.5713	9.55	100.07	66.12
2026-05-18T17:43:40.3746310+08:00	0x07	0.4022	0.6112	-0.3714	0.5716	9.52	100.03	66.03
2026-05-18T17:43:40.3746310+08:00	0x06	-0.1709	-0.1094	-0.0166	-0.9790	4.25	13.48	19.33
2026-05-18T17:43:40.3746310+08:00	0x07	0.4025	0.6109	-0.3718	0.5714	9.50	100.02	66.10
2026-05-18T17:43:40.3746310+08:00	0x06	-0.1706	-0.1099	-0.0197	-0.9790	4.63	13.60	19.25
2026-05-18T17:43:40.3746310+08:00	0x07	0.4023	0.6109	-0.3718	0.5716	9.44	99.96	66.09
2026-05-18T17:43:40.3746310+08:00	0x06	-0.1701	-0.1104	-0.0234	-0.9789	5.07	13.73	19.14
2026-05-18T17:43:40.3746310+08:00	0x07	0.4023	0.6110	-0.3717	0.5715	9.49	100.01	66.08
2026-05-18T17:43:40.3746310+08:00	0x07	0.4040	0.6099	-0.3727	0.5709	9.64	100.10	66.33
2026-05-18T17:43:40.3746310+08:00	0x06	-0.1700	-0.1112	-0.0286	-0.9787	5.70	13.92	19.05
2026-05-18T17:43:40.3746310+08:00	0x06	-0.1698	-0.1114	-0.0302	-0.9787	5.88	13.98	19.01
2026-05-18T17:43:40.3746310+08:00	0x07	0.4054	0.6088	-0.3741	0.5701	9.73	100.16	66.61
2026-05-18T17:43:40.3746310+08:00	0x06	-0.1697	-0.1115	-0.0306	-0.9787	5.93	14.00	18.98
2026-05-18T17:43:40.3746310+08:00	0x07	0.4079	0.6071	-0.3763	0.5687	9.93	100.33	67.05
2026-05-18T17:43:40.3746310+08:00	0x06	-0.1696	-0.1116	-0.0311	-0.9787	5.99	14.01	18.96
2026-05-18T17:43:40.3746310+08:00	0x07	0.4092	0.6063	-0.3777	0.5677	10.06	100.46	67.31
2026-05-18T17:43:40.3746310+08:00	0x06	-0.1695	-0.1117	-0.0320	-0.9787	6.10	14.04	18.95
2026-05-18T17:43:40.3746310+08:00	0x06	-0.1696	-0.1117	-0.0322	-0.9786	6.13	14.04	18.95
2026-05-18T17:43:40.3746310+08:00	0x07	0.4113	0.6047	-0.3800	0.5663	10.18	100.60	67.74
2026-05-18T17:43:40.3746310+08:00	0x06	-0.1696	-0.1116	-0.0318	-0.9787	6.07	14.02	18.95
2026-05-18T17:43:40.3746310+08:00	0x07	0.4116	0.6045	-0.3803	0.5661	10.22	100.63	67.80
2026-05-18T17:43:40.3746310+08:00	0x06	-0.1696	-0.1115	-0.0308	-0.9787	5.95	14.00	18.98
2026-05-18T17:43:40.3746310+08:00	0x07	0.4120	0.6043	-0.3807	0.5658	10.29	100.71	67.87
2026-05-18T17:43:40.3746310+08:00	0x06	-0.1697	-0.1114	-0.0295	-0.9787	5.80	13.95	19.00
2026-05-18T17:43:40.3746310+08:00	0x07	0.4131	0.6038	-0.3816	0.5650	10.42	100.84	68.05
2026-05-18T17:43:40.3746310+08:00	0x06	-0.1700	-0.1112	-0.0295	-0.9787	5.80	13.94	19.04
2026-05-18T17:43:40.3746310+08:00	0x06	-0.1698	-0.1115	-0.0309	-0.9787	5.97	14.00	18.99
2026-05-18T17:43:40.3746310+08:00	0x07	0.4163	0.6014	-0.3843	0.5634	10.70	101.05	68.62
2026-05-18T17:43:40.3746310+08:00	0x06	-0.1697	-0.1115	-0.0307	-0.9787	5.94	13.99	18.99
2026-05-18T17:43:40.3746310+08:00	0x07	0.4178	0.6003	-0.3856	0.5625	10.86	101.19	68.90
2026-05-18T17:43:40.3746310+08:00	0x06	-0.1700	-0.1115	-0.0304	-0.9786	5.92	13.99	19.03
2026-05-18T17:43:40.3746310+08:00	0x07	0.4198	0.5989	-0.3874	0.5612	11.09	101.40	69.28
2026-05-18T17:43:40.3746310+08:00	0x06	-0.1696	-0.1115	-0.0309	-0.9787	5.96	14.00	18.97
2026-05-18T17:43:40.3746310+08:00	0x07	0.4214	0.5979	-0.3890	0.5600	11.27	101.59	69.58
2026-05-18T17:43:40.3746310+08:00	0x06	-0.1693	-0.1117	-0.0317	-0.9787	6.06	14.03	18.92
2026-05-18T17:43:40.3746310+08:00	0x07	0.4235	0.5964	-0.3908	0.5588	11.49	101.77	69.95
2026-05-18T17:43:40.3746310+08:00	0x06	-0.1695	-0.1117	-0.0321	-0.9787	6.12	14.04	18.94
2026-05-18T17:43:40.3746310+08:00	0x07	0.4259	0.5947	-0.3930	0.5573	11.78	102.04	70.40
2026-05-18T17:43:40.3746310+08:00	0x06	-0.1695	-0.1117	-0.0321	-0.9787	6.11	14.04	18.94
2026-05-18T17:43:40.3746310+08:00	0x07	0.4271	0.5937	-0.3944	0.5564	11.89	102.16	70.67
2026-05-18T17:43:40.3746310+08:00	0x06	-0.1695	-0.1118	-0.0325	-0.9786	6.17	14.06	18.94
2026-05-18T17:43:40.3746310+08:00	0x07	0.4275	0.5935	-0.3948	0.5561	11.96	102.23	70.73
2026-05-18T17:43:40.3746310+08:00	0x07	0.4287	0.5927	-0.3957	0.5553	12.14	102.40	70.93
2026-05-18T17:43:40.3746310+08:00	0x06	-0.1698	-0.1113	-0.0305	-0.9787	5.92	13.97	19.00
2026-05-18T17:43:40.3746310+08:00	0x07	0.4297	0.5918	-0.3966	0.5548	12.22	102.45	71.12
2026-05-18T17:43:40.3746310+08:00	0x06	-0.1700	-0.1114	-0.0312	-0.9786	6.01	14.00	19.01
2026-05-18T17:43:40.3746310+08:00	0x07	0.4315	0.5904	-0.3982	0.5537	12.46	102.66	71.47
2026-05-18T17:43:40.3746310+08:00	0x06	-0.1699	-0.1115	-0.0313	-0.9786	6.02	14.01	19.00
2026-05-18T17:43:40.3746310+08:00	0x07	0.4335	0.5891	-0.4001	0.5523	12.75	102.95	71.84
2026-05-18T17:43:40.3746310+08:00	0x06	-0.1697	-0.1116	-0.0324	-0.9786	6.15	14.04	18.96
2026-05-18T17:43:40.3746310+08:00	0x07	0.4347	0.5882	-0.4013	0.5513	12.95	103.14	72.08
2026-05-18T17:43:40.3746310+08:00	0x06	-0.1698	-0.1117	-0.0331	-0.9786	6.23	14.07	18.96
2026-05-18T17:43:40.3746310+08:00	0x07	0.4358	0.5873	-0.4025	0.5505	13.09	103.29	72.30
2026-05-18T17:43:40.3746310+08:00	0x06	-0.1698	-0.1118	-0.0334	-0.9786	6.27	14.08	18.95
2026-05-18T17:43:40.3746310+08:00	0x07	0.4363	0.5869	-0.4030	0.5502	13.12	103.32	72.40
2026-05-18T17:43:40.3746310+08:00	0x06	-0.1696	-0.1118	-0.0340	-0.9786	6.34	14.10	18.93
2026-05-18T17:43:40.3756281+08:00	0x07	0.4366	0.5867	-0.4033	0.5499	13.19	103.39	72.46
2026-05-18T17:43:40.3756281+08:00	0x06	-0.1697	-0.1120	-0.0349	-0.9785	6.46	14.14	18.92
2026-05-18T17:43:40.3756281+08:00	0x07	0.4368	0.5865	-0.4036	0.5498	13.19	103.40	72.51
2026-05-18T17:43:40.3756281+08:00	0x06	-0.1698	-0.1121	-0.0351	-0.9785	6.48	14.15	18.93
2026-05-18T17:43:40.3756281+08:00	0x07	0.4369	0.5865	-0.4037	0.5497	13.22	103.43	72.53
2026-05-18T17:43:40.3756281+08:00	0x06	-0.1698	-0.1119	-0.0335	-0.9785	6.28	14.09	18.96
2026-05-18T17:43:40.3756281+08:00	0x06	-0.1699	-0.1116	-0.0323	-0.9786	6.14	14.04	18.98
2026-05-18T17:43:40.3756281+08:00	0x07	0.4383	0.5854	-0.4049	0.5489	13.40	103.58	72.78
2026-05-18T17:43:40.3756281+08:00	0x06	-0.1702	-0.1114	-0.0311	-0.9786	6.00	14.00	19.03
2026-05-18T17:43:40.3756281+08:00	0x07	0.4389	0.5849	-0.4056	0.5484	13.48	103.67	72.91
2026-05-18T17:43:40.3756281+08:00	0x06	-0.1704	-0.1113	-0.0305	-0.9786	5.92	13.98	19.07
2026-05-18T17:43:40.3756281+08:00	0x07	0.4390	0.5848	-0.4057	0.5483	13.51	103.70	72.94
2026-05-18T17:43:40.3756281+08:00	0x06	-0.1705	-0.1112	-0.0297	-0.9786	5.83	13.94	19.09
2026-05-18T17:43:40.3756281+08:00	0x07	0.4392	0.5847	-0.4058	0.5483	13.54	103.72	72.96
2026-05-18T17:43:40.3756281+08:00	0x06	-0.1705	-0.1112	-0.0291	-0.9786	5.76	13.93	19.10
2026-05-18T17:43:40.3756281+08:00	0x07	0.4395	0.5846	-0.4060	0.5479	13.67	103.85	73.01
2026-05-18T17:43:40.3756281+08:00	0x06	-0.1704	-0.1112	-0.0287	-0.9787	5.72	13.92	19.10
2026-05-18T17:43:40.3756281+08:00	0x07	0.4403	0.5840	-0.4069	0.5473	13.76	103.95	73.18
2026-05-18T17:43:40.3756281+08:00	0x06	-0.1706	-0.1110	-0.0285	-0.9787	5.69	13.90	19.12
2026-05-18T17:43:40.3756281+08:00	0x07	0.4406	0.5837	-0.4072	0.5472	13.78	103.96	73.24
2026-05-18T17:43:40.3756281+08:00	0x06	-0.1707	-0.1110	-0.0284	-0.9786	5.68	13.90	19.14
2026-05-18T17:43:40.3756281+08:00	0x07	0.4409	0.5833	-0.4073	0.5472	13.80	103.94	73.28
2026-05-18T17:43:40.3756281+08:00	0x06	-0.1707	-0.1110	-0.0282	-0.9786	5.65	13.90	19.13
2026-05-18T17:43:40.3756281+08:00	0x07	0.4413	0.5830	-0.4077	0.5469	13.85	104.00	73.36
2026-05-18T17:43:40.3756281+08:00	0x06	-0.1707	-0.1109	-0.0280	-0.9787	5.63	13.88	19.14
2026-05-18T17:43:40.3756281+08:00	0x07	0.4415	0.5828	-0.4079	0.5468	13.87	104.02	73.40
2026-05-18T17:43:40.3756281+08:00	0x06	-0.1708	-0.1109	-0.0280	-0.9786	5.63	13.89	19.15
2026-05-18T17:43:40.3756281+08:00	0x07	0.4418	0.5826	-0.4082	0.5465	13.94	104.08	73.46
2026-05-18T17:43:40.3756281+08:00	0x06	-0.1705	-0.1111	-0.0292	-0.9786	5.78	13.93	19.10
2026-05-18T17:43:40.3756281+08:00	0x07	0.4420	0.5826	-0.4082	0.5465	14.02	104.15	73.47
2026-05-18T17:43:40.3756281+08:00	0x06	-0.1708	-0.1111	-0.0288	-0.9786	5.73	13.92	19.14
2026-05-18T17:43:40.3756281+08:00	0x07	0.4430	0.5817	-0.4088	0.5461	14.15	104.24	73.64
2026-05-18T17:43:40.3756281+08:00	0x06	-0.1706	-0.1112	-0.0303	-0.9786	5.91	13.97	19.09
2026-05-18T17:43:40.3756281+08:00	0x07	0.4434	0.5814	-0.4094	0.5457	14.22	104.31	73.73
2026-05-18T17:43:40.3756281+08:00	0x06	-0.1706	-0.1113	-0.0309	-0.9785	5.99	13.99	19.09
2026-05-18T17:43:40.3756281+08:00	0x07	0.4438	0.5810	-0.4098	0.5454	14.25	104.35	73.81
2026-05-18T17:43:40.3756281+08:00	0x06	-0.1705	-0.1114	-0.0314	-0.9785	6.04	14.01	19.07
2026-05-18T17:43:40.3756281+08:00	0x07	0.4442	0.5808	-0.4100	0.5452	14.35	104.43	73.87
2026-05-18T17:43:40.3756281+08:00	0x06	-0.1703	-0.1115	-0.0318	-0.9785	6.09	14.03	19.04
2026-05-18T17:43:40.3756281+08:00	0x07	0.4446	0.5805	-0.4105	0.5449	14.42	104.51	73.95
2026-05-18T17:43:40.3756281+08:00	0x06	-0.1702	-0.1115	-0.0322	-0.9786	6.13	14.03	19.02
2026-05-18T17:43:40.3756281+08:00	0x07	0.4447	0.5804	-0.4105	0.5448	14.44	104.52	73.97
2026-05-18T17:43:40.3756281+08:00	0x06	-0.1706	-0.1115	-0.0322	-0.9785	6.14	14.03	19.07
2026-05-18T17:43:40.3756281+08:00	0x07	0.4445	0.5804	-0.4105	0.5450	14.36	104.43	73.95
2026-05-18T17:43:40.3756281+08:00	0x06	-0.1703	-0.1116	-0.0330	-0.9785	6.23	14.06	19.02
2026-05-18T17:43:40.3756281+08:00	0x07	0.4446	0.5804	-0.4102	0.5452	14.39	104.44	73.93
2026-05-18T17:43:40.3756281+08:00	0x06	-0.1701	-0.1119	-0.0350	-0.9784	6.47	14.14	18.97
2026-05-18T17:43:40.3756281+08:00	0x07	0.4461	0.5792	-0.4112	0.5445	14.65	104.64	74.18
2026-05-18T17:43:40.3756281+08:00	0x06	-0.1701	-0.1122	-0.0367	-0.9783	6.67	14.20	18.94
2026-05-18T17:43:40.3756281+08:00	0x07	0.4470	0.5786	-0.4122	0.5436	14.84	104.85	74.36
2026-05-18T17:43:40.3756281+08:00	0x07	0.4476	0.5782	-0.4128	0.5431	14.99	105.00	74.48
2026-05-18T17:43:40.3756281+08:00	0x06	-0.1698	-0.1127	-0.0394	-0.9782	7.00	14.31	18.86
2026-05-18T17:43:40.3756281+08:00	0x07	0.4485	0.5774	-0.4134	0.5426	15.16	105.14	74.63
2026-05-18T17:43:40.3756281+08:00	0x06	-0.1699	-0.1128	-0.0399	-0.9782	7.06	14.33	18.87
2026-05-18T17:43:40.3756281+08:00	0x07	0.4495	0.5766	-0.4142	0.5421	15.32	105.27	74.81
2026-05-18T17:43:40.3756281+08:00	0x06	-0.1699	-0.1128	-0.0403	-0.9781	7.12	14.34	18.86
2026-05-18T17:43:40.3756281+08:00	0x07	0.4506	0.5757	-0.4153	0.5414	15.52	105.47	75.02
2026-05-18T17:43:40.3756281+08:00	0x06	-0.1698	-0.1129	-0.0407	-0.9781	7.17	14.36	18.84
2026-05-18T17:43:40.3756281+08:00	0x07	0.4514	0.5750	-0.4159	0.5409	15.69	105.61	75.16
2026-05-18T17:43:40.3756281+08:00	0x06	-0.1701	-0.1130	-0.0408	-0.9781	7.18	14.37	18.88
2026-05-18T17:43:40.3756281+08:00	0x07	0.4527	0.5741	-0.4172	0.5399	15.99	105.91	75.42
2026-05-18T17:43:40.3756281+08:00	0x06	-0.1701	-0.1130	-0.0409	-0.9781	7.19	14.38	18.87
2026-05-18T17:43:40.3756281+08:00	0x07	0.4544	0.5727	-0.4184	0.5389	16.36	106.23	75.71
2026-05-18T17:43:40.3766252+08:00	0x06	-0.1702	-0.1128	-0.0413	-0.9781	7.23	14.37	18.88
2026-05-18T17:43:40.3766252+08:00	0x07	0.4545	0.5725	-0.4187	0.5388	16.34	106.22	75.75
2026-05-18T17:43:40.3766252+08:00	0x06	-0.1703	-0.1129	-0.0414	-0.9780	7.25	14.37	18.89
2026-05-18T17:43:40.3766252+08:00	0x07	0.4561	0.5713	-0.4202	0.5376	16.72	106.59	76.06
2026-05-18T17:43:40.3766252+08:00	0x06	-0.1702	-0.1129	-0.0414	-0.9780	7.25	14.37	18.88
2026-05-18T17:43:40.3766252+08:00	0x07	0.4582	0.5696	-0.4221	0.5362	17.19	107.04	76.45
2026-05-18T17:43:40.3766252+08:00	0x06	-0.1701	-0.1129	-0.0415	-0.9781	7.26	14.37	18.87
2026-05-18T17:43:40.3766252+08:00	0x07	0.4592	0.5689	-0.4231	0.5353	17.51	107.36	76.65
2026-05-18T17:43:40.3766252+08:00	0x07	0.4615	0.5671	-0.4252	0.5335	18.16	108.00	77.08
2026-05-18T17:43:40.3766252+08:00	0x06	-0.1702	-0.1129	-0.0417	-0.9780	7.28	14.38	18.88
2026-05-18T17:43:40.3766252+08:00	0x07	0.4637	0.5651	-0.4274	0.5320	18.72	108.53	77.52
2026-05-18T17:43:40.3766252+08:00	0x07	0.4655	0.5637	-0.4290	0.5307	19.28	109.08	77.85
2026-05-18T17:43:40.3766252+08:00	0x06	-0.1701	-0.1129	-0.0419	-0.9780	7.30	14.38	18.86
2026-05-18T17:43:40.3766252+08:00	0x07	0.4673	0.5621	-0.4308	0.5293	19.83	109.61	78.21
2026-05-18T17:43:40.3766252+08:00	0x06	-0.1701	-0.1129	-0.0418	-0.9780	7.30	14.38	18.87
2026-05-18T17:43:40.3766252+08:00	0x07	0.4688	0.5610	-0.4320	0.5281	20.42	110.21	78.48
2026-05-18T17:43:40.3766252+08:00	0x06	-0.1700	-0.1129	-0.0419	-0.9781	7.30	14.38	18.85
2026-05-18T17:43:40.3766252+08:00	0x07	0.4701	0.5599	-0.4335	0.5268	20.93	110.73	78.76
2026-05-18T17:43:40.3766252+08:00	0x06	-0.1700	-0.1129	-0.0419	-0.9781	7.31	14.38	18.85
2026-05-18T17:43:40.3766252+08:00	0x07	0.4713	0.5587	-0.4347	0.5261	21.29	111.06	79.00
2026-05-18T17:43:40.3766252+08:00	0x06	-0.1701	-0.1129	-0.0419	-0.9781	7.30	14.38	18.86
2026-05-18T17:43:40.3766252+08:00	0x07	0.4722	0.5579	-0.4355	0.5254	21.63	111.39	79.17
2026-05-18T17:43:40.3766252+08:00	0x06	-0.1700	-0.1129	-0.0418	-0.9781	7.30	14.38	18.85
2026-05-18T17:43:40.3766252+08:00	0x07	0.4736	0.5566	-0.4366	0.5247	22.09	111.80	79.43
2026-05-18T17:43:40.3766252+08:00	0x06	-0.1702	-0.1127	-0.0416	-0.9781	7.27	14.36	18.88
2026-05-18T17:43:40.3766252+08:00	0x07	0.4741	0.5562	-0.4370	0.5243	22.32	112.02	79.50
2026-05-18T17:43:40.3766252+08:00	0x07	0.4751	0.5556	-0.4376	0.5236	22.84	112.52	79.65
2026-05-18T17:43:40.3766252+08:00	0x06	-0.1698	-0.1129	-0.0412	-0.9781	7.22	14.37	18.83
2026-05-18T17:43:40.3766252+08:00	0x06	-0.1699	-0.1129	-0.0413	-0.9781	7.23	14.37	18.85
2026-05-18T17:43:40.3766252+08:00	0x07	0.4756	0.5551	-0.4382	0.5231	23.07	112.75	79.76
2026-05-18T17:43:40.3766252+08:00	0x06	-0.1699	-0.1128	-0.0414	-0.9781	7.24	14.36	18.84
2026-05-18T17:43:40.3766252+08:00	0x07	0.4761	0.5546	-0.4388	0.5227	23.23	112.91	79.88
2026-05-18T17:43:40.3766252+08:00	0x06	-0.1698	-0.1128	-0.0414	-0.9781	7.24	14.36	18.84
2026-05-18T17:43:40.3766252+08:00	0x07	0.4767	0.5541	-0.4391	0.5224	23.46	113.12	79.96
2026-05-18T17:43:40.3766252+08:00	0x07	0.4775	0.5533	-0.4397	0.5220	23.80	113.42	80.11
2026-05-18T17:43:40.3766252+08:00	0x07	0.4786	0.5525	-0.4407	0.5211	24.37	114.00	80.30
2026-05-18T17:43:40.3766252+08:00	0x06	-0.1700	-0.1129	-0.0412	-0.9781	7.23	14.37	18.85
2026-05-18T17:43:40.3766252+08:00	0x06	-0.1701	-0.1128	-0.0413	-0.9781	7.23	14.36	18.87
2026-05-18T17:43:40.3766252+08:00	0x07	0.4795	0.5516	-0.4418	0.5202	24.88	114.52	80.50
2026-05-18T17:43:40.3766252+08:00	0x06	-0.1700	-0.1128	-0.0414	-0.9781	7.24	14.36	18.85
2026-05-18T17:43:40.3766252+08:00	0x07	0.4800	0.5513	-0.4423	0.5197	25.19	114.83	80.59
2026-05-18T17:43:40.3776213+08:00	0x07	0.4803	0.5511	-0.4419	0.5200	25.27	114.85	80.58
2026-05-18T17:43:40.3776213+08:00	0x07	0.4803	0.5508	-0.4423	0.5198	25.19	114.78	80.63
2026-05-18T17:43:40.3776213+08:00	0x06	-0.1703	-0.1123	-0.0381	-0.9782	6.85	14.24	18.94
2026-05-18T17:43:40.3776213+08:00	0x07	0.4809	0.5504	-0.4429	0.5192	25.58	115.19	80.75
2026-05-18T17:43:40.3776213+08:00	0x06	-0.1703	-0.1122	-0.0380	-0.9783	6.83	14.23	18.94
2026-05-18T17:43:40.3776213+08:00	0x07	0.4817	0.5496	-0.4438	0.5185	26.02	115.64	80.92
2026-05-18T17:43:40.3776213+08:00	0x06	-0.1707	-0.1121	-0.0373	-0.9782	6.75	14.20	19.00
2026-05-18T17:43:40.3776213+08:00	0x07	0.4822	0.5492	-0.4444	0.5181	26.28	115.89	81.01
2026-05-18T17:43:40.3776213+08:00	0x06	-0.1709	-0.1119	-0.0364	-0.9782	6.65	14.17	19.04
2026-05-18T17:43:40.3776213+08:00	0x07	0.4819	0.5495	-0.4440	0.5184	26.12	115.73	80.94
2026-05-18T17:43:40.3776213+08:00	0x06	-0.1709	-0.1118	-0.0361	-0.9783	6.61	14.15	19.05
2026-05-18T17:43:40.3776213+08:00	0x07	0.4822	0.5493	-0.4443	0.5181	26.30	115.91	81.00
2026-05-18T17:43:40.3776213+08:00	0x06	-0.1710	-0.1117	-0.0358	-0.9783	6.58	14.13	19.06
2026-05-18T17:43:40.3776213+08:00	0x07	0.4823	0.5490	-0.4446	0.5180	26.32	115.93	81.06
2026-05-18T17:43:40.3776213+08:00	0x06	-0.1710	-0.1117	-0.0359	-0.9783	6.59	14.13	19.06
2026-05-18T17:43:40.3776213+08:00	0x07	0.4828	0.5486	-0.4449	0.5178	26.53	116.12	81.12
2026-05-18T17:43:40.3776213+08:00	0x06	-0.1711	-0.1116	-0.0353	-0.9783	6.52	14.11	19.07
2026-05-18T17:43:40.3776213+08:00	0x07	0.4834	0.5480	-0.4456	0.5172	26.97	116.56	81.25
2026-05-18T17:43:40.3776213+08:00	0x06	-0.1713	-0.1114	-0.0338	-0.9783	6.34	14.06	19.13
2026-05-18T17:43:40.3776213+08:00	0x07	0.4838	0.5475	-0.4461	0.5169	27.15	116.74	81.34
2026-05-18T17:43:40.3776213+08:00	0x06	-0.1719	-0.1106	-0.0304	-0.9784	5.92	13.91	19.24
2026-05-18T17:43:40.3776213+08:00	0x07	0.4836	0.5478	-0.4458	0.5171	27.01	116.60	81.29
2026-05-18T17:43:40.3776213+08:00	0x06	-0.1719	-0.1105	-0.0295	-0.9785	5.82	13.87	19.26
2026-05-18T17:43:40.3776213+08:00	0x07	0.4838	0.5476	-0.4460	0.5169	27.17	116.77	81.33
2026-05-18T17:43:40.3776213+08:00	0x06	-0.1719	-0.1103	-0.0287	-0.9785	5.72	13.83	19.27
2026-05-18T17:43:40.3776213+08:00	0x07	0.4845	0.5469	-0.4466	0.5165	27.53	117.10	81.46
2026-05-18T17:43:40.3776213+08:00	0x06	-0.1719	-0.1102	-0.0282	-0.9785	5.66	13.82	19.29
2026-05-18T17:43:40.3776213+08:00	0x07	0.4851	0.5464	-0.4470	0.5160	27.95	117.51	81.55
2026-05-18T17:43:40.3776213+08:00	0x06	-0.1721	-0.1101	-0.0276	-0.9785	5.58	13.79	19.32
2026-05-18T17:43:40.3776213+08:00	0x07	0.4863	0.5454	-0.4481	0.5151	28.74	118.28	81.77
2026-05-18T17:43:40.3776213+08:00	0x07	0.4872	0.5445	-0.4491	0.5142	29.44	118.98	81.96
2026-05-18T17:43:40.3776213+08:00	0x06	-0.1722	-0.1099	-0.0270	-0.9785	5.51	13.76	19.33
2026-05-18T17:43:40.3776213+08:00	0x07	0.4883	0.5436	-0.4501	0.5133	30.29	119.83	82.16
2026-05-18T17:43:40.3776213+08:00	0x06	-0.1723	-0.1099	-0.0268	-0.9785	5.50	13.75	19.35
2026-05-18T17:43:40.3776213+08:00	0x07	0.4891	0.5429	-0.4508	0.5126	30.90	120.44	82.29
2026-05-18T17:43:40.3776213+08:00	0x06	-0.1722	-0.1099	-0.0268	-0.9786	5.49	13.75	19.33
2026-05-18T17:43:40.3776213+08:00	0x07	0.4900	0.5421	-0.4517	0.5118	31.65	121.19	82.46
2026-05-18T17:43:40.3776213+08:00	0x06	-0.1723	-0.1099	-0.0268	-0.9785	5.49	13.75	19.35
2026-05-18T17:43:40.3776213+08:00	0x07	0.4903	0.5417	-0.4520	0.5117	31.83	121.36	82.52
2026-05-18T17:43:40.3776213+08:00	0x07	0.4914	0.5408	-0.4531	0.5106	32.87	122.41	82.72
2026-05-18T17:43:40.3776213+08:00	0x06	-0.1723	-0.1099	-0.0266	-0.9785	5.47	13.75	19.35
2026-05-18T17:43:40.3786184+08:00	0x07	0.4923	0.5399	-0.4539	0.5101	33.56	123.07	82.88
2026-05-18T17:43:40.3786184+08:00	0x06	-0.1724	-0.1098	-0.0265	-0.9785	5.46	13.74	19.36
2026-05-18T17:43:40.3786184+08:00	0x07	0.4936	0.5387	-0.4548	0.5092	34.75	124.23	83.08
2026-05-18T17:43:40.3786184+08:00	0x06	-0.1724	-0.1099	-0.0266	-0.9785	5.47	13.75	19.37
2026-05-18T17:43:40.3786184+08:00	0x07	0.4951	0.5373	-0.4562	0.5080	36.23	125.68	83.34
2026-05-18T17:43:40.3786184+08:00	0x06	-0.1725	-0.1099	-0.0265	-0.9785	5.46	13.75	19.37
2026-05-18T17:43:40.3786184+08:00	0x07	0.4962	0.5363	-0.4573	0.5069	37.57	127.03	83.54
2026-05-18T17:43:40.3786184+08:00	0x06	-0.1725	-0.1100	-0.0264	-0.9785	5.45	13.76	19.38
2026-05-18T17:43:40.3786184+08:00	0x07	0.4969	0.5359	-0.4579	0.5062	38.47	127.93	83.63
2026-05-18T17:43:40.3786184+08:00	0x06	-0.1724	-0.1099	-0.0266	-0.9785	5.47	13.75	19.37
2026-05-18T17:43:40.3786184+08:00	0x07	0.4981	0.5346	-0.4590	0.5054	39.76	129.19	83.84
2026-05-18T17:43:40.3786184+08:00	0x06	-0.1725	-0.1099	-0.0267	-0.9785	5.49	13.75	19.37
2026-05-18T17:43:40.3786184+08:00	0x07	0.4992	0.5335	-0.4602	0.5044	41.28	130.71	84.05
2026-05-18T17:43:40.3786184+08:00	0x06	-0.1723	-0.1099	-0.0269	-0.9785	5.50	13.76	19.34
2026-05-18T17:43:40.3786184+08:00	0x07	0.5004	0.5324	-0.4611	0.5035	42.75	132.15	84.22
2026-05-18T17:43:40.3786184+08:00	0x06	-0.1720	-0.1099	-0.0271	-0.9786	5.53	13.76	19.31
2026-05-18T17:43:40.3786184+08:00	0x07	0.5016	0.5313	-0.4623	0.5024	44.63	134.05	84.41
2026-05-18T17:43:40.3786184+08:00	0x06	-0.1720	-0.1099	-0.0271	-0.9786	5.53	13.76	19.31
2026-05-18T17:43:40.3786184+08:00	0x07	0.5027	0.5302	-0.4636	0.5012	46.63	136.05	84.60
2026-05-18T17:43:40.3786184+08:00	0x06	-0.1710	-0.1101	-0.0276	-0.9787	5.58	13.79	19.19
2026-05-18T17:43:40.3786184+08:00	0x07	0.5036	0.5298	-0.4644	0.5000	48.42	137.89	84.70
2026-05-18T17:43:40.3786184+08:00	0x06	-0.1705	-0.1101	-0.0279	-0.9788	5.59	13.78	19.13
2026-05-18T17:43:40.3786184+08:00	0x07	0.5050	0.5287	-0.4657	0.4986	51.06	140.54	84.86
2026-05-18T17:43:40.3786184+08:00	0x06	-0.1695	-0.1102	-0.0302	-0.9789	5.85	13.83	18.97
2026-05-18T17:43:40.3786184+08:00	0x07	0.5063	0.5280	-0.4679	0.4960	54.92	144.56	85.06
2026-05-18T17:43:40.3786184+08:00	0x06	-0.1691	-0.1105	-0.0325	-0.9788	6.13	13.90	18.90
2026-05-18T17:43:40.3786184+08:00	0x07	0.5087	0.5254	-0.4703	0.4940	60.21	149.81	85.38
2026-05-18T17:43:40.3786184+08:00	0x06	-0.1696	-0.1106	-0.0341	-0.9787	6.33	13.95	18.93
2026-05-18T17:43:40.3786184+08:00	0x07	0.5098	0.5243	-0.4715	0.4929	62.92	152.53	85.51
2026-05-18T17:43:40.3786184+08:00	0x06	-0.1692	-0.1110	-0.0362	-0.9786	6.58	14.03	18.85
2026-05-18T17:43:40.3786184+08:00	0x07	0.5105	0.5238	-0.4721	0.4922	64.73	154.34	85.55
2026-05-18T17:43:40.3786184+08:00	0x06	-0.1694	-0.1110	-0.0368	-0.9786	6.65	14.05	18.87
2026-05-18T17:43:40.3786184+08:00	0x07	0.5110	0.5234	-0.4724	0.4916	65.97	155.58	85.58
2026-05-18T17:43:40.3786184+08:00	0x06	-0.1692	-0.1111	-0.0376	-0.9786	6.75	14.07	18.83
2026-05-18T17:43:40.3786184+08:00	0x07	0.5115	0.5229	-0.4727	0.4915	66.93	156.51	85.62
2026-05-18T17:43:40.3786184+08:00	0x06	-0.1697	-0.1112	-0.0380	-0.9785	6.80	14.10	18.88
2026-05-18T17:43:40.3786184+08:00	0x07	0.5121	0.5222	-0.4731	0.4912	68.38	157.92	85.68
2026-05-18T17:43:40.3786184+08:00	0x06	-0.1695	-0.1112	-0.0367	-0.9786	6.64	14.07	18.88
2026-05-18T17:43:40.3786184+08:00	0x07	0.5245	0.5081	-0.4782	0.4880	96.48	184.98	86.18
2026-05-18T17:43:40.3786184+08:00	0x06	-0.1951	-0.1103	0.0066	-0.9745	1.88	13.29	22.44
2026-05-18T17:43:40.3796160+08:00	0x07	0.5485	0.4748	-0.4796	0.4936	142.54	227.50	85.53
2026-05-18T17:43:40.3796160+08:00	0x06	-0.1679	-0.1441	-0.1777	-0.9589	23.84	20.43	15.71
2026-05-18T17:43:40.3796160+08:00	0x07	0.5547	0.4709	-0.4866	0.4835	149.71	235.08	84.10
2026-05-18T17:43:40.3796160+08:00	0x06	-0.1661	-0.1468	-0.1925	-0.9559	25.58	20.92	15.14
2026-05-18T17:43:40.3796160+08:00	0x07	0.5629	0.4658	-0.4925	0.4729	153.73	239.28	82.39
2026-05-18T17:43:40.3796160+08:00	0x06	-0.1691	-0.1422	-0.1681	-0.9607	22.71	20.09	16.08
2026-05-18T17:43:40.3796160+08:00	0x07	0.5782	0.4531	-0.5009	0.4576	158.98	244.27	79.48
2026-05-18T17:43:40.3796160+08:00	0x06	-0.1443	-0.1652	-0.3168	-0.9228	39.84	23.68	9.31
2026-05-18T17:43:40.3796160+08:00	0x07	0.5704	0.4622	-0.5029	0.4562	156.38	242.84	80.16
2026-05-18T17:43:40.3796160+08:00	0x06	-0.1545	-0.1417	-0.1972	-0.9577	25.73	20.02	13.89
2026-05-18T17:43:40.3796160+08:00	0x06	-0.1596	-0.1355	-0.1629	-0.9642	21.75	18.96	15.29
2026-05-18T17:43:40.3796160+08:00	0x07	0.5582	0.4707	-0.5072	0.4578	156.05	243.86	81.33
2026-05-18T17:43:40.3796160+08:00	0x06	-0.1634	-0.1297	-0.1297	-0.9694	17.84	17.85	16.45
2026-05-18T17:43:40.3796160+08:00	0x07	0.5567	0.4733	-0.5059	0.4584	154.37	242.30	81.60
2026-05-18T17:43:40.3796160+08:00	0x06	-0.1667	-0.1256	-0.1038	-0.9724	14.80	16.99	17.35
2026-05-18T17:43:40.3796160+08:00	0x07	0.5616	0.4676	-0.5101	0.4536	157.54	245.38	80.59
2026-05-18T17:43:40.3796160+08:00	0x06	-0.1689	-0.1229	-0.0884	-0.9739	12.98	16.44	17.90
2026-05-18T17:43:40.3796160+08:00	0x07	0.5657	0.4628	-0.5144	0.4485	159.82	247.69	79.61
2026-05-18T17:43:40.3796160+08:00	0x06	-0.1719	-0.1187	-0.0645	-0.9758	10.14	15.55	18.68
2026-05-18T17:43:40.3796160+08:00	0x06	-0.1730	-0.1173	-0.0560	-0.9763	9.12	15.23	18.95
2026-05-18T17:43:40.3796160+08:00	0x07	0.5711	0.4568	-0.5189	0.4426	161.91	249.72	78.41
2026-05-18T17:43:40.3796160+08:00	0x06	-0.1743	-0.1159	-0.0488	-0.9766	8.26	14.94	19.22
2026-05-18T17:43:40.3796160+08:00	0x07	0.5714	0.4558	-0.5196	0.4423	162.40	250.19	78.31
2026-05-18T17:43:40.3796160+08:00	0x06	-0.1744	-0.1153	-0.0449	-0.9769	7.79	14.78	19.29
2026-05-18T17:43:40.3796160+08:00	0x07	0.5735	0.4534	-0.5215	0.4401	163.14	250.92	77.84
2026-05-18T17:43:40.3796160+08:00	0x06	-0.1749	-0.1146	-0.0407	-0.9770	7.29	14.63	19.42
2026-05-18T17:43:40.3796160+08:00	0x07	0.5755	0.4511	-0.5233	0.4376	163.73	251.50	77.37
2026-05-18T17:43:40.3796160+08:00	0x06	-0.1749	-0.1142	-0.0390	-0.9772	7.07	14.55	19.45
2026-05-18T17:43:40.3796160+08:00	0x07	0.5747	0.4518	-0.5234	0.4379	163.72	251.57	77.47
2026-05-18T17:43:40.3796160+08:00	0x06	-0.1750	-0.1139	-0.0364	-0.9773	6.77	14.46	19.50
2026-05-18T17:43:40.3796160+08:00	0x07	0.5791	0.4462	-0.5275	0.4328	165.14	252.94	76.41
2026-05-18T17:43:40.3796160+08:00	0x07	0.5800	0.4453	-0.5281	0.4318	165.33	253.11	76.21
2026-05-18T17:43:40.3796160+08:00	0x07	0.5807	0.4442	-0.5292	0.4306	165.60	253.41	75.99
2026-05-18T17:43:40.3796160+08:00	0x07	0.5860	0.4380	-0.5331	0.4250	166.73	254.43	74.80
2026-05-18T17:43:40.3796160+08:00	0x06	-0.1759	-0.1126	-0.0314	-0.9774	6.16	14.21	19.69
2026-05-18T17:43:40.3796160+08:00	0x07	0.5843	0.4399	-0.5319	0.4267	166.41	254.15	75.17
2026-05-18T17:43:40.3796160+08:00	0x06	-0.1759	-0.1125	-0.0309	-0.9775	6.10	14.19	19.68
2026-05-18T17:43:40.3796160+08:00	0x07	0.5853	0.4387	-0.5327	0.4257	166.64	254.36	74.95
2026-05-18T17:43:40.3806132+08:00	0x06	-0.1760	-0.1127	-0.0310	-0.9774	6.12	14.21	19.69
2026-05-18T17:43:40.3806132+08:00	0x07	0.5870	0.4360	-0.5352	0.4230	167.29	255.05	74.42
2026-05-18T17:43:40.3806132+08:00	0x06	-0.1762	-0.1124	-0.0299	-0.9775	5.98	14.16	19.74
2026-05-18T17:43:40.3806132+08:00	0x07	0.5894	0.4330	-0.5368	0.4207	167.78	255.44	73.90
2026-05-18T17:43:40.3806132+08:00	0x06	-0.1761	-0.1124	-0.0309	-0.9774	6.09	14.18	19.72
2026-05-18T17:43:40.3806132+08:00	0x07	0.5906	0.4315	-0.5380	0.4190	167.97	255.65	73.58
2026-05-18T17:43:40.3806132+08:00	0x06	-0.1757	-0.1122	-0.0329	-0.9775	6.33	14.20	19.64
2026-05-18T17:43:40.3806132+08:00	0x07	0.5936	0.4287	-0.5414	0.4133	168.07	255.93	72.70
2026-05-18T17:43:40.3806132+08:00	0x06	-0.1732	-0.1119	-0.0377	-0.9778	6.84	14.22	19.29
2026-05-18T17:43:40.3806132+08:00	0x07	0.5900	0.4320	-0.5421	0.4140	167.90	256.17	73.11
2026-05-18T17:43:40.3806132+08:00	0x06	-0.1809	-0.1118	-0.0306	-0.9766	6.13	14.15	20.28
2026-05-18T17:43:40.3806132+08:00	0x07	0.5912	0.4262	-0.5440	0.4158	169.95	257.82	72.82
2026-05-18T17:43:40.3806132+08:00	0x06	-0.1775	-0.1105	-0.0280	-0.9775	5.73	13.91	19.93
2026-05-18T17:43:40.3806132+08:00	0x07	0.5942	0.4225	-0.5471	0.4112	170.31	258.23	71.99
2026-05-18T17:43:40.3806132+08:00	0x06	-0.1768	-0.1098	-0.0262	-0.9778	5.50	13.78	19.87
2026-05-18T17:43:40.3806132+08:00	0x07	0.5949	0.4227	-0.5479	0.4090	169.93	257.99	71.76
2026-05-18T17:43:40.3806132+08:00	0x06	-0.1700	-0.1088	-0.0314	-0.9789	5.98	13.69	19.03
2026-05-18T17:43:40.3806132+08:00	0x07	0.5717	0.4723	-0.5339	0.4062	154.61	246.24	75.66
2026-05-18T17:43:40.3806132+08:00	0x06	-0.1509	-0.1191	-0.0406	-0.9805	6.93	14.87	16.64
2026-05-18T17:43:40.3811226+08:00	0x07	0.5870	0.4807	-0.5212	0.3908	145.95	237.36	73.71
2026-05-18T17:43:40.3811226+08:00	0x06	-0.1513	-0.1177	-0.0227	-0.9812	4.81	14.39	16.95
2026-05-18T17:43:40.3811226+08:00	0x07	0.5909	0.4861	-0.5141	0.3875	142.20	233.47	73.31
2026-05-18T17:43:40.4682967+08:00	0x06	-0.1520	-0.1171	-0.0160	-0.9813	4.02	14.21	17.13
