timestamp	device	q0	q1	q2	q3	yaw	pitch	roll
2026-05-28T20:05:33.7587904+08:00	0x04	-0.4701	-0.3270	0.4217	-0.7031	305.34	10.42	69.51
2026-05-28T20:05:33.7924908+08:00	0x03	-0.3365	0.5578	0.5514	0.5212	50.30	54.27	285.02
2026-05-28T20:05:33.7924908+08:00	0x02	0.5180	0.3268	-0.7244	0.3163	191.54	294.67	53.25
2026-05-28T20:05:33.8265316+08:00	0x03	-0.3361	0.5559	0.5528	0.5219	51.32	53.20	285.11
2026-05-28T20:05:33.8265316+08:00	0x01	0.1886	0.5609	-0.4022	0.6986	329.94	64.64	45.62
2026-05-28T20:05:33.9274548+08:00	0x04	-0.4831	-0.3087	0.4317	-0.6964	297.92	2.15	69.94
2026-05-28T20:05:33.9274548+08:00	0x03	-0.3361	0.5559	0.5528	0.5219	51.32	53.20	285.11
2026-05-28T20:05:33.9274548+08:00	0x02	0.5167	0.3255	-0.7278	0.3121	191.24	294.84	52.78
2026-05-28T20:05:33.9274548+08:00	0x01	0.1869	0.5595	-0.4042	0.6990	329.46	64.28	45.53
2026-05-28T20:05:33.9274548+08:00	0x03	-0.3209	0.5627	0.5179	0.5587	40.18	61.53	289.70
2026-05-28T20:05:33.9590822+08:00	0x04	-0.5364	-0.2833	0.4621	-0.6468	269.48	333.90	72.90
2026-05-28T20:05:33.9926951+08:00	0x02	0.5120	0.3263	-0.7289	0.3164	192.23	295.96	53.10
2026-05-28T20:05:33.9926951+08:00	0x03	-0.3209	0.5627	0.5179	0.5587	40.18	61.53	289.70
2026-05-28T20:05:34.0259029+08:00	0x01	0.1808	0.5598	-0.4008	0.7024	329.55	64.36	44.64
2026-05-28T20:05:34.0589899+08:00	0x03	-0.2989	0.5523	0.4348	0.6454	27.53	65.01	299.99
2026-05-28T20:05:34.0589899+08:00	0x03	-0.2989	0.5523	0.4348	0.6454	27.53	65.01	299.99
2026-05-28T20:05:34.0589899+08:00	0x04	-0.5372	-0.3214	0.5072	-0.5923	250.25	322.78	74.25
2026-05-28T20:05:34.0930697+08:00	0x02	0.5098	0.3265	-0.7267	0.3248	193.59	296.80	53.67
2026-05-28T20:05:34.0930697+08:00	0x03	-0.2989	0.5523	0.4348	0.6454	27.53	65.01	299.99
2026-05-28T20:05:34.1591871+08:00	0x01	0.1797	0.5590	-0.3985	0.7046	329.73	64.28	44.32
2026-05-28T20:05:34.1591871+08:00	0x03	-0.2918	0.5301	0.3739	0.7029	21.46	63.07	306.24
2026-05-28T20:05:34.1591871+08:00	0x04	-0.5372	-0.3203	0.5059	-0.5940	250.86	323.15	74.22
2026-05-28T20:05:34.1921169+08:00	0x02	0.5116	0.3244	-0.7248	0.3280	194.03	296.70	53.71
2026-05-28T20:05:34.1931137+08:00	0x03	-0.2918	0.5301	0.3739	0.7029	21.46	63.07	306.24
2026-05-28T20:05:34.2591378+08:00	0x01	0.1833	0.5574	-0.4008	0.7036	329.53	63.96	44.81
2026-05-28T20:05:34.2591378+08:00	0x03	-0.2714	0.5336	0.3516	0.7197	19.67	63.86	310.01
2026-05-28T20:05:34.2591378+08:00	0x04	-0.5041	-0.3579	0.5976	-0.5106	228.28	314.83	70.48
2026-05-28T20:05:34.3275877+08:00	0x02	0.5144	0.3205	-0.7268	0.3230	193.42	296.13	52.97
2026-05-28T20:05:34.3275877+08:00	0x03	-0.2714	0.5336	0.3516	0.7197	19.67	63.86	310.01
2026-05-28T20:05:34.3595007+08:00	0x01	0.1867	0.5558	-0.4067	0.7006	328.85	63.51	45.54
2026-05-28T20:05:34.3595007+08:00	0x03	-0.2371	0.5366	0.3447	0.7329	21.09	63.42	314.16
2026-05-28T20:05:34.3595007+08:00	0x04	-0.4478	-0.3493	0.6809	-0.4624	223.98	321.06	62.85
2026-05-28T20:05:34.3931946+08:00	0x02	0.5152	0.3177	-0.7311	0.3150	192.53	295.80	52.10
2026-05-28T20:05:34.4259559+08:00	0x03	-0.2045	0.5325	0.3402	0.7476	23.01	62.01	318.08
2026-05-28T20:05:34.4592706+08:00	0x01	0.1878	0.5547	-0.4125	0.6978	328.06	63.10	46.03
2026-05-28T20:05:34.4592706+08:00	0x02	0.5138	0.3176	-0.7339	0.3106	192.08	295.89	51.76
2026-05-28T20:05:34.4934033+08:00	0x03	-0.2045	0.5325	0.3402	0.7476	23.01	62.01	318.08
2026-05-28T20:05:34.4934033+08:00	0x04	-0.3973	-0.3309	0.7066	-0.4830	233.16	332.54	58.37
2026-05-28T20:05:34.5602249+08:00	0x01	0.1867	0.5543	-0.4139	0.6975	327.77	62.96	46.01
2026-05-28T20:05:34.5612275+08:00	0x03	-0.1862	0.5302	0.3395	0.7543	24.20	61.32	320.14
2026-05-28T20:05:34.5612275+08:00	0x04	-0.3816	-0.3394	0.6907	-0.5120	241.32	339.44	59.27
2026-05-28T20:05:34.5612275+08:00	0x02	0.5129	0.3176	-0.7334	0.3134	192.54	296.19	51.93
2026-05-28T20:05:34.5931363+08:00	0x03	-0.1862	0.5302	0.3395	0.7543	24.20	61.32	320.14
2026-05-28T20:05:34.6259614+08:00	0x01	0.1862	0.5543	-0.4131	0.6982	327.85	62.98	45.88
2026-05-28T20:05:34.6259614+08:00	0x04	-0.3684	-0.3512	0.6696	-0.5410	250.15	346.76	60.33
2026-05-28T20:05:34.6259614+08:00	0x03	-0.1806	0.5288	0.3404	0.7562	24.73	60.98	320.71
2026-05-28T20:05:34.6588731+08:00	0x02	0.5127	0.3189	-0.7313	0.3172	192.96	296.33	52.35
2026-05-28T20:05:34.6932565+08:00	0x03	-0.1806	0.5288	0.3404	0.7562	24.73	60.98	320.71
2026-05-28T20:05:34.7258170+08:00	0x01	0.1859	0.5550	-0.4108	0.6990	328.19	63.19	45.72
2026-05-28T20:05:34.7258170+08:00	0x04	-0.3554	-0.3650	0.6461	-0.5683	259.55	354.73	61.12
2026-05-28T20:05:34.7936894+08:00	0x03	-0.1805	0.5283	0.3415	0.7561	24.91	60.85	320.67
2026-05-28T20:05:34.7936894+08:00	0x02	0.5137	0.3194	-0.7294	0.3195	193.12	296.19	52.58
2026-05-28T20:05:34.7936894+08:00	0x03	-0.1805	0.5283	0.3415	0.7561	24.91	60.85	320.67
2026-05-28T20:05:34.8260185+08:00	0x01	0.1866	0.5555	-0.4095	0.6992	328.44	63.35	45.72
2026-05-28T20:05:34.8589786+08:00	0x04	-0.3432	-0.3807	0.6174	-0.5967	270.24	3.68	61.61
2026-05-28T20:05:34.8589786+08:00	0x03	-0.1830	0.5312	0.3450	0.7518	25.02	61.28	320.08
2026-05-28T20:05:34.8589786+08:00	0x02	0.5140	0.3204	-0.7291	0.3187	192.90	296.04	52.63
2026-05-28T20:05:34.8928739+08:00	0x03	-0.1830	0.5312	0.3450	0.7518	25.02	61.28	320.08
2026-05-28T20:05:34.9262080+08:00	0x01	0.1863	0.5562	-0.4091	0.6990	328.54	63.48	45.69
2026-05-28T20:05:34.9585272+08:00	0x04	-0.3318	-0.3936	0.5895	-0.6225	280.17	11.87	61.30
2026-05-28T20:05:34.9931472+08:00	0x02	0.5144	0.3199	-0.7298	0.3168	192.63	295.89	52.46
2026-05-28T20:05:35.0266788+08:00	0x03	-0.1915	0.5339	0.3522	0.7444	25.24	61.63	318.60
2026-05-28T20:05:35.0266788+08:00	0x01	0.1868	0.5561	-0.4100	0.6984	328.43	63.43	45.80
2026-05-28T20:05:35.0595122+08:00	0x04	-0.3187	-0.4042	0.5652	-0.6447	288.55	18.90	60.20
2026-05-28T20:05:35.0595122+08:00	0x03	-0.1915	0.5339	0.3522	0.7444	25.24	61.63	318.60
2026-05-28T20:05:35.0924036+08:00	0x02	0.5144	0.3197	-0.7308	0.3150	192.41	295.83	52.31
2026-05-28T20:05:35.1263943+08:00	0x03	-0.1934	0.5334	0.3533	0.7438	25.30	61.52	318.35
2026-05-28T20:05:35.1263943+08:00	0x01	0.1866	0.5562	-0.4104	0.6982	328.38	63.43	45.81
2026-05-28T20:05:35.1591553+08:00	0x04	-0.3052	-0.4135	0.5425	-0.6646	295.67	24.85	58.67
2026-05-28T20:05:35.1928579+08:00	0x03	-0.1934	0.5334	0.3533	0.7438	25.30	61.52	318.35
2026-05-28T20:05:35.1928579+08:00	0x02	0.5149	0.3185	-0.7312	0.3142	192.37	295.76	52.13
2026-05-28T20:05:35.2267668+08:00	0x03	-0.1939	0.5335	0.3541	0.7432	25.37	61.53	318.24
2026-05-28T20:05:35.2267668+08:00	0x01	0.1871	0.5558	-0.4106	0.6982	328.35	63.36	45.86
2026-05-28T20:05:35.2586938+08:00	0x04	-0.2933	-0.4212	0.5209	-0.6821	301.61	29.62	57.02
2026-05-28T20:05:35.2930626+08:00	0x03	-0.1939	0.5335	0.3541	0.7432	25.37	61.53	318.24
2026-05-28T20:05:35.2930626+08:00	0x02	0.5162	0.3166	-0.7316	0.3133	192.29	295.58	51.87
2026-05-28T20:05:35.3264669+08:00	0x03	-0.1937	0.5347	0.3556	0.7417	25.49	61.69	318.11
2026-05-28T20:05:35.3264669+08:00	0x01	0.1880	0.5551	-0.4111	0.6982	328.29	63.23	45.97
2026-05-28T20:05:35.3585522+08:00	0x04	-0.2816	-0.4280	0.4987	-0.6992	307.01	33.76	55.15
2026-05-28T20:05:35.3928205+08:00	0x03	-0.1937	0.5347	0.3556	0.7417	25.49	61.69	318.11
2026-05-28T20:05:35.3928205+08:00	0x02	0.5168	0.3155	-0.7323	0.3117	192.14	295.47	51.65
2026-05-28T20:05:35.3928205+08:00	0x01	0.1882	0.5548	-0.4116	0.6981	328.21	63.16	46.02
2026-05-28T20:05:35.4590772+08:00	0x03	-0.1946	0.5341	0.3573	0.7411	25.69	61.53	317.93
2026-05-28T20:05:35.4590772+08:00	0x02	0.5169	0.3149	-0.7330	0.3105	192.02	295.43	51.50
2026-05-28T20:05:35.4590772+08:00	0x04	-0.2686	-0.4345	0.4775	-0.7149	311.66	37.34	53.03
2026-05-28T20:05:35.4926554+08:00	0x03	-0.1946	0.5341	0.3573	0.7411	25.69	61.53	317.93
2026-05-28T20:05:35.4926554+08:00	0x01	0.1880	0.5547	-0.4120	0.6980	328.13	63.12	46.01
2026-05-28T20:05:35.5258105+08:00	0x04	-0.2561	-0.4408	0.4566	-0.7291	315.76	40.42	50.89
2026-05-28T20:05:35.5591701+08:00	0x03	-0.1947	0.5335	0.3583	0.7410	25.84	61.41	317.87
2026-05-28T20:05:35.5591701+08:00	0x02	0.5164	0.3147	-0.7335	0.3103	192.06	295.53	51.46
2026-05-28T20:05:35.5930799+08:00	0x01	0.1877	0.5547	-0.4119	0.6982	328.13	63.12	45.98
2026-05-28T20:05:35.5930799+08:00	0x03	-0.1955	0.5331	0.3595	0.7405	25.97	61.31	317.71
2026-05-28T20:05:35.6259922+08:00	0x04	-0.2444	-0.4467	0.4365	-0.7418	319.33	43.02	48.81
2026-05-28T20:05:35.6593968+08:00	0x02	0.5167	0.3148	-0.7331	0.3105	192.05	295.48	51.49
2026-05-28T20:05:35.6593968+08:00	0x03	-0.1955	0.5331	0.3595	0.7405	25.97	61.31	317.71
2026-05-28T20:05:35.6924547+08:00	0x01	0.1882	0.5548	-0.4114	0.6983	328.23	63.16	46.00
2026-05-28T20:05:35.7259012+08:00	0x03	-0.1968	0.5328	0.3608	0.7397	26.08	61.23	317.50
2026-05-28T20:05:35.7259012+08:00	0x04	-0.2333	-0.4518	0.4174	-0.7531	322.40	45.17	46.77
2026-05-28T20:05:35.7592705+08:00	0x02	0.5176	0.3148	-0.7326	0.3103	191.93	295.28	51.48
2026-05-28T20:05:35.7592705+08:00	0x03	-0.1968	0.5328	0.3608	0.7397	26.08	61.23	317.50
2026-05-28T20:05:35.7928552+08:00	0x01	0.1892	0.5549	-0.4113	0.6979	328.32	63.21	46.10
2026-05-28T20:05:35.8256811+08:00	0x03	-0.1972	0.5327	0.3615	0.7394	26.14	61.20	317.41
2026-05-28T20:05:35.8256811+08:00	0x04	-0.2225	-0.4560	0.3999	-0.7633	324.96	46.89	44.79
2026-05-28T20:05:35.8586141+08:00	0x02	0.5185	0.3142	-0.7326	0.3095	191.79	295.11	51.38
2026-05-28T20:05:35.8586141+08:00	0x03	-0.1972	0.5327	0.3615	0.7394	26.14	61.20	317.41
2026-05-28T20:05:35.9264119+08:00	0x01	0.1899	0.5547	-0.4114	0.6978	328.34	63.18	46.18
2026-05-28T20:05:35.9264119+08:00	0x03	-0.1981	0.5320	0.3621	0.7393	26.22	61.08	317.29
2026-05-28T20:05:35.9264119+08:00	0x04	-0.2138	-0.4596	0.3827	-0.7724	327.34	48.34	43.01
2026-05-28T20:05:35.9593214+08:00	0x02	0.5189	0.3133	-0.7329	0.3091	191.79	295.07	51.25
2026-05-28T20:05:35.9920768+08:00	0x03	-0.1981	0.5320	0.3621	0.7393	26.22	61.08	317.29
2026-05-28T20:05:36.0258591+08:00	0x01	0.1904	0.5543	-0.4118	0.6978	328.28	63.09	46.25
2026-05-28T20:05:36.0258591+08:00	0x03	-0.1982	0.5329	0.3630	0.7382	26.27	61.20	317.20
2026-05-28T20:05:36.0258591+08:00	0x04	-0.2056	-0.4636	0.3642	-0.7811	329.81	49.80	41.22
2026-05-28T20:05:36.0592132+08:00	0x02	0.5189	0.3132	-0.7332	0.3084	191.71	295.04	51.19
2026-05-28T20:05:36.0933702+08:00	0x03	-0.1982	0.5329	0.3630	0.7382	26.27	61.20	317.20
2026-05-28T20:05:36.1263118+08:00	0x01	0.1905	0.5544	-0.4120	0.6976	328.26	63.10	46.27
2026-05-28T20:05:36.1590826+08:00	0x03	-0.1998	0.5333	0.3649	0.7366	26.39	61.23	316.88
2026-05-28T20:05:36.1590826+08:00	0x04	-0.1937	-0.4680	0.3479	-0.7889	331.70	51.12	39.15
2026-05-28T20:05:36.1930649+08:00	0x02	0.5191	0.3133	-0.7334	0.3075	191.57	294.97	51.15
2026-05-28T20:05:36.1930649+08:00	0x03	-0.2017	0.5329	0.3665	0.7355	26.50	61.13	316.58
2026-05-28T20:05:36.2258669+08:00	0x01	0.1905	0.5542	-0.4119	0.6977	328.26	63.08	46.26
2026-05-28T20:05:36.2592411+08:00	0x04	-0.1814	-0.4709	0.3344	-0.7959	333.04	52.02	37.13
2026-05-28T20:05:36.2931684+08:00	0x02	0.5185	0.3137	-0.7334	0.3080	191.65	295.09	51.22
2026-05-28T20:05:36.2931684+08:00	0x01	0.1897	0.5538	-0.4109	0.6989	328.33	63.03	46.08
2026-05-28T20:05:36.2931684+08:00	0x03	-0.2020	0.5314	0.3669	0.7363	26.63	60.87	316.57
2026-05-28T20:05:36.3260616+08:00	0x02	0.5180	0.3131	-0.7330	0.3103	192.05	295.31	51.30
2026-05-28T20:05:36.3585247+08:00	0x04	-0.1723	-0.4722	0.3218	-0.8024	334.25	52.59	35.48
2026-05-28T20:05:36.3595237+08:00	0x03	-0.2020	0.5314	0.3669	0.7363	26.63	60.87	316.57
2026-05-28T20:05:36.3926320+08:00	0x01	0.1889	0.5533	-0.4099	0.7001	328.38	62.97	45.90
2026-05-28T20:05:36.4256138+08:00	0x03	-0.2016	0.5301	0.3669	0.7374	26.75	60.63	316.67
2026-05-28T20:05:36.4266107+08:00	0x02	0.5180	0.3126	-0.7330	0.3108	192.16	295.35	51.29
2026-05-28T20:05:36.4593098+08:00	0x04	-0.1635	-0.4734	0.3102	-0.8081	335.31	53.09	33.91
2026-05-28T20:05:36.4593098+08:00	0x03	-0.2016	0.5301	0.3669	0.7374	26.75	60.63	316.67
2026-05-28T20:05:36.4924770+08:00	0x01	0.1887	0.5534	-0.4098	0.7001	328.40	62.99	45.87
2026-05-28T20:05:36.5257178+08:00	0x04	-0.1561	-0.4753	0.2981	-0.8129	336.50	53.68	32.49
2026-05-28T20:05:36.5257178+08:00	0x03	-0.2011	0.5293	0.3665	0.7383	26.78	60.50	316.77
2026-05-28T20:05:36.5257178+08:00	0x02	0.5189	0.3124	-0.7331	0.3093	191.90	295.14	51.17
2026-05-28T20:05:36.5595503+08:00	0x03	-0.2011	0.5293	0.3665	0.7383	26.78	60.50	316.77
2026-05-28T20:05:36.5926804+08:00	0x01	0.1896	0.5537	-0.4103	0.6994	328.39	63.03	46.02
2026-05-28T20:05:36.6267357+08:00	0x04	-0.1494	-0.4775	0.2859	-0.8173	337.70	54.31	31.15
2026-05-28T20:05:36.6267357+08:00	0x03	-0.2013	0.5294	0.3664	0.7382	26.74	60.53	316.75
2026-05-28T20:05:36.6591599+08:00	0x02	0.5198	0.3121	-0.7334	0.3075	191.60	294.89	51.03
2026-05-28T20:05:36.6931314+08:00	0x03	-0.2013	0.5294	0.3664	0.7382	26.74	60.53	316.75
2026-05-28T20:05:36.6931314+08:00	0x01	0.1907	0.5538	-0.4110	0.6986	328.36	63.03	46.19
2026-05-28T20:05:36.7268998+08:00	0x04	-0.1429	-0.4790	0.2746	-0.8214	338.76	54.77	29.85
2026-05-28T20:05:36.7268998+08:00	0x03	-0.2014	0.5299	0.3663	0.7379	26.70	60.61	316.73
2026-05-28T20:05:36.7596979+08:00	0x02	0.5204	0.3118	-0.7336	0.3064	191.44	294.76	50.92
2026-05-28T20:05:36.7949354+08:00	0x03	-0.2015	0.5297	0.3668	0.7378	26.77	60.56	316.70
2026-05-28T20:05:36.7949354+08:00	0x01	0.1913	0.5537	-0.4115	0.6982	328.34	63.01	46.28
2026-05-28T20:05:36.8268445+08:00	0x04	-0.1365	-0.4801	0.2635	-0.8255	339.74	55.15	28.58
2026-05-28T20:05:36.9270507+08:00	0x03	-0.2015	0.5297	0.3668	0.7378	26.77	60.56	316.70
2026-05-28T20:05:36.9270507+08:00	0x02	0.5207	0.3112	-0.7339	0.3056	191.36	294.70	50.81
2026-05-28T20:05:36.9280478+08:00	0x03	-0.2009	0.5294	0.3668	0.7381	26.83	60.50	316.77
2026-05-28T20:05:36.9280478+08:00	0x01	0.1914	0.5534	-0.4116	0.6983	328.31	62.96	46.30
2026-05-28T20:05:36.9280478+08:00	0x04	-0.1298	-0.4811	0.2534	-0.8292	340.59	55.49	27.33
2026-05-28T20:05:36.9614985+08:00	0x03	-0.2009	0.5294	0.3668	0.7381	26.83	60.50	316.77
2026-05-28T20:05:36.9614985+08:00	0x02	0.5203	0.3113	-0.7341	0.3057	191.40	294.78	50.82
2026-05-28T20:05:36.9935335+08:00	0x03	-0.2013	0.5290	0.3676	0.7379	26.93	60.41	316.68
2026-05-28T20:05:37.0262163+08:00	0x01	0.1911	0.5535	-0.4115	0.6984	328.30	62.97	46.25
2026-05-28T20:05:37.0262163+08:00	0x04	-0.1238	-0.4822	0.2433	-0.8324	341.44	55.82	26.15
2026-05-28T20:05:37.1283738+08:00	0x03	-0.2013	0.5290	0.3676	0.7379	26.93	60.41	316.68
2026-05-28T20:05:37.1283738+08:00	0x03	-0.2018	0.5289	0.3682	0.7376	26.99	60.37	316.60
2026-05-28T20:05:37.1283738+08:00	0x01	0.1909	0.5537	-0.4112	0.6985	328.35	63.01	46.22
2026-05-28T20:05:37.1283738+08:00	0x04	-0.1183	-0.4836	0.2332	-0.8353	342.32	56.18	25.04
2026-05-28T20:05:37.1589845+08:00	0x03	-0.2018	0.5289	0.3682	0.7376	26.99	60.37	316.60
2026-05-28T20:05:37.1589845+08:00	0x02	0.5200	0.3124	-0.7332	0.3072	191.52	294.82	51.05
2026-05-28T20:05:37.1935318+08:00	0x01	0.1909	0.5539	-0.4106	0.6987	328.44	63.06	46.19
2026-05-28T20:05:37.2254098+08:00	0x03	-0.2026	0.5290	0.3690	0.7368	27.04	60.38	316.44
2026-05-28T20:05:37.2264072+08:00	0x04	-0.1131	-0.4850	0.2240	-0.8378	343.09	56.51	24.00
2026-05-28T20:05:37.3643912+08:00	0x03	-0.2026	0.5290	0.3690	0.7368	27.04	60.38	316.44
2026-05-28T20:05:37.3643912+08:00	0x02	0.5200	0.3125	-0.7327	0.3082	191.64	294.86	51.13
2026-05-28T20:05:37.3643912+08:00	0x01	0.1908	0.5538	-0.4102	0.6990	328.48	63.06	46.14
2026-05-28T20:05:37.3654399+08:00	0x02	0.5198	0.3132	-0.7327	0.3080	191.57	294.86	51.18
2026-05-28T20:05:37.3654399+08:00	0x03	-0.2035	0.5293	0.3693	0.7363	27.00	60.44	316.33
2026-05-28T20:05:37.3654399+08:00	0x04	-0.1083	-0.4869	0.2150	-0.8396	343.87	56.91	23.03
2026-05-28T20:05:37.3930144+08:00	0x01	0.1912	0.5543	-0.4102	0.6985	328.54	63.16	46.21
2026-05-28T20:05:37.3930144+08:00	0x03	-0.2051	0.5301	0.3693	0.7352	26.84	60.60	316.12
2026-05-28T20:05:37.4279461+08:00	0x02	0.5212	0.3133	-0.7335	0.3036	190.85	294.38	50.90
2026-05-28T20:05:37.4279461+08:00	0x03	-0.2051	0.5301	0.3693	0.7352	26.84	60.60	316.12
2026-05-28T20:05:37.4592133+08:00	0x04	-0.1041	-0.4906	0.2042	-0.8407	344.92	57.58	22.05
2026-05-28T20:05:37.5620765+08:00	0x01	0.1932	0.5554	-0.4117	0.6962	328.55	63.34	46.58
2026-05-28T20:05:37.5620765+08:00	0x03	-0.2088	0.5327	0.3698	0.7320	26.52	61.10	315.60
2026-05-28T20:05:37.5620765+08:00	0x04	-0.1016	-0.4958	0.1934	-0.8405	346.07	58.44	21.26
2026-05-28T20:05:37.5620765+08:00	0x02	0.5251	0.3118	-0.7352	0.2939	189.40	293.33	50.11
2026-05-28T20:05:37.5620765+08:00	0x03	-0.2088	0.5327	0.3698	0.7320	26.52	61.10	315.60
2026-05-28T20:05:37.5929956+08:00	0x01	0.1990	0.5579	-0.4141	0.6912	328.77	63.80	47.48
2026-05-28T20:05:37.5929956+08:00	0x03	-0.2121	0.5360	0.3700	0.7286	26.11	61.74	315.12
2026-05-28T20:05:37.5929956+08:00	0x04	-0.0989	-0.4995	0.1846	-0.8406	346.94	59.06	20.53
2026-05-28T20:05:37.6259052+08:00	0x02	0.5464	0.2966	-0.7468	0.2361	182.29	288.56	44.51
2026-05-28T20:05:37.6588163+08:00	0x03	-0.2121	0.5360	0.3700	0.7286	26.11	61.74	315.12
2026-05-28T20:05:37.6926321+08:00	0x01	0.2236	0.5472	-0.4179	0.6899	328.93	62.08	49.98
2026-05-28T20:05:37.6926321+08:00	0x03	-0.2133	0.5375	0.3687	0.7277	25.75	62.09	315.02
2026-05-28T20:05:37.7945460+08:00	0x04	-0.0954	-0.5003	0.1805	-0.8414	347.19	59.21	19.95
2026-05-28T20:05:37.7945460+08:00	0x02	0.5855	0.2465	-0.7691	0.0703	168.26	282.55	27.49
2026-05-28T20:05:37.7945460+08:00	0x03	-0.2133	0.5375	0.3687	0.7277	25.75	62.09	315.02
2026-05-28T20:05:37.7945460+08:00	0x01	0.2572	0.5263	-0.4243	0.6905	328.17	58.34	53.31
2026-05-28T20:05:37.8264718+08:00	0x03	-0.2122	0.5377	0.3668	0.7289	25.56	62.16	315.27
2026-05-28T20:05:37.8264718+08:00	0x04	-0.0928	-0.4990	0.1773	-0.8432	347.35	59.06	19.48
2026-05-28T20:05:37.8585060+08:00	0x02	0.5846	0.2481	-0.7688	0.0754	168.62	282.65	28.01
2026-05-28T20:05:37.8585060+08:00	0x03	-0.2122	0.5377	0.3668	0.7289	25.56	62.16	315.27
2026-05-28T20:05:37.8926888+08:00	0x01	0.3121	0.5026	-0.4728	0.6530	319.70	50.30	61.99
2026-05-28T20:05:37.9982665+08:00	0x04	-0.0953	-0.4963	0.1752	-0.8449	347.66	58.73	19.57
2026-05-28T20:05:37.9982665+08:00	0x03	-0.2080	0.5379	0.3648	0.7310	25.56	62.18	315.85
2026-05-28T20:05:37.9982665+08:00	0x02	0.6080	0.2241	-0.7493	-0.1371	151.00	279.36	9.74
2026-05-28T20:05:37.9982665+08:00	0x03	-0.2008	0.5399	0.3624	0.7327	25.57	62.48	316.72
2026-05-28T20:05:37.9982665+08:00	0x01	0.3796	0.4932	-0.5442	0.5626	296.69	32.19	74.56
2026-05-28T20:05:38.0264137+08:00	0x04	-0.1010	-0.4949	0.1714	-0.8459	348.34	58.60	19.90
2026-05-28T20:05:38.0264137+08:00	0x03	-0.2008	0.5399	0.3624	0.7327	25.57	62.48	316.72
2026-05-28T20:05:38.0588826+08:00	0x02	0.6153	0.1974	-0.6934	-0.3188	136.37	279.55	353.19
2026-05-28T20:05:38.0588826+08:00	0x01	0.4339	0.4795	-0.6158	0.4502	225.73	327.92	78.87
2026-05-28T20:05:38.0928936+08:00	0x03	-0.1946	0.5426	0.3603	0.7334	25.51	62.91	317.43
2026-05-28T20:05:38.1941907+08:00	0x04	-0.1093	-0.4940	0.1655	-0.8465	349.41	58.62	20.40
2026-05-28T20:05:38.1941907+08:00	0x03	-0.1946	0.5426	0.3603	0.7334	25.51	62.91	317.43
2026-05-28T20:05:38.1941907+08:00	0x03	-0.1946	0.5426	0.3603	0.7334	25.51	62.91	317.43
2026-05-28T20:05:38.1941907+08:00	0x02	0.6294	0.1615	-0.6270	-0.4297	127.94	279.52	340.23
2026-05-28T20:05:38.1941907+08:00	0x01	0.4324	0.4801	-0.6138	0.4537	228.07	330.05	79.01
2026-05-28T20:05:38.1941907+08:00	0x03	-0.1845	0.5459	0.3569	0.7352	25.52	63.41	318.63
2026-05-28T20:05:38.1941907+08:00	0x02	0.6398	0.0712	-0.5631	-0.5181	123.87	282.15	324.35
2026-05-28T20:05:38.2267638+08:00	0x04	-0.1238	-0.4909	0.1602	-0.8473	350.73	58.41	21.53
2026-05-28T20:05:38.2588033+08:00	0x03	-0.1845	0.5459	0.3569	0.7352	25.52	63.41	318.63
2026-05-28T20:05:38.2588033+08:00	0x03	-0.1845	0.5459	0.3569	0.7352	25.52	63.41	318.63
2026-05-28T20:05:38.2588033+08:00	0x01	0.4995	0.4132	-0.6944	0.3124	182.60	290.11	62.36
2026-05-28T20:05:38.3268962+08:00	0x02	0.6317	-0.0190	-0.5205	-0.5742	120.65	287.55	311.82
2026-05-28T20:05:38.3268962+08:00	0x04	-0.1358	-0.4900	0.1557	-0.8469	351.88	58.49	22.50
2026-05-28T20:05:38.4285620+08:00	0x01	0.5401	0.3664	-0.7286	0.2079	171.81	283.14	49.33
2026-05-28T20:05:38.4285620+08:00	0x02	0.6232	-0.0745	-0.5042	-0.5932	119.44	291.44	305.46
2026-05-28T20:05:38.4285620+08:00	0x03	-0.1606	0.5484	0.3377	0.7479	24.55	64.02	322.36
2026-05-28T20:05:38.4295514+08:00	0x04	-0.1418	-0.4907	0.1518	-0.8462	352.65	58.73	22.89
2026-05-28T20:05:38.4594837+08:00	0x01	0.5706	0.3342	-0.7351	0.1498	167.57	279.64	41.47
2026-05-28T20:05:38.4594837+08:00	0x03	-0.1606	0.5484	0.3377	0.7479	24.55	64.02	322.36
2026-05-28T20:05:38.4925935+08:00	0x04	-0.1462	-0.4900	0.1471	-0.8467	353.39	58.76	23.06
2026-05-28T20:05:38.5263807+08:00	0x02	0.6299	-0.0989	-0.5029	-0.5835	122.93	289.83	303.42
2026-05-28T20:05:38.5263807+08:00	0x03	-0.1536	0.5486	0.3294	0.7529	24.00	64.17	323.64
2026-05-28T20:05:38.6284679+08:00	0x01	0.5919	0.3109	-0.7346	0.1156	165.74	277.56	36.41
2026-05-28T20:05:38.6284679+08:00	0x03	-0.1484	0.5472	0.3230	0.7578	23.64	64.04	324.66
2026-05-28T20:05:38.6284679+08:00	0x04	-0.1464	-0.4886	0.1462	-0.8476	353.47	58.60	23.02
2026-05-28T20:05:38.6284679+08:00	0x03	-0.1703	0.5477	0.3482	0.7415	25.24	63.75	320.65
2026-05-28T20:05:38.6284679+08:00	0x02	0.6391	-0.1233	-0.5144	-0.5584	129.70	286.38	302.80
2026-05-28T20:05:38.6284679+08:00	0x03	-0.1484	0.5472	0.3230	0.7578	23.64	64.04	324.66
2026-05-28T20:05:38.6594440+08:00	0x01	0.6021	0.2953	-0.7352	0.0986	165.36	276.93	33.56
2026-05-28T20:05:38.6933393+08:00	0x03	-0.1452	0.5455	0.3182	0.7616	23.36	63.85	325.37
2026-05-28T20:05:38.6933393+08:00	0x04	-0.1420	-0.4891	0.1420	-0.8488	353.67	58.66	22.33
2026-05-28T20:05:38.7261559+08:00	0x03	-0.1703	0.5477	0.3482	0.7415	25.24	63.75	320.65
2026-05-28T20:05:38.7261559+08:00	0x02	0.6433	-0.1205	-0.5191	-0.5496	131.43	284.97	303.66
2026-05-28T20:05:38.7261559+08:00	0x03	-0.1452	0.5455	0.3182	0.7616	23.36	63.85	325.37
2026-05-28T20:05:38.8612952+08:00	0x01	0.6123	0.2902	-0.7291	0.0960	165.16	275.57	32.74
2026-05-28T20:05:38.8612952+08:00	0x03	-0.1458	0.5441	0.3179	0.7627	23.37	63.63	325.37
2026-05-28T20:05:38.8612952+08:00	0x04	-0.1398	-0.4891	0.1368	-0.8500	354.07	58.69	21.81
2026-05-28T20:05:38.8612952+08:00	0x02	0.6461	-0.1194	-0.5266	-0.5394	133.27	283.90	304.63
2026-05-28T20:05:38.8612952+08:00	0x03	-0.1458	0.5441	0.3179	0.7627	23.37	63.63	325.37
2026-05-28T20:05:38.8929800+08:00	0x01	0.6140	0.2899	-0.7276	0.0985	165.34	275.33	32.87
2026-05-28T20:05:38.8929800+08:00	0x03	-0.1454	0.5440	0.3192	0.7623	23.54	63.58	325.32
2026-05-28T20:05:38.9270595+08:00	0x04	-0.1376	-0.4897	0.1289	-0.8512	354.80	58.86	21.13
2026-05-28T20:05:38.9270595+08:00	0x02	0.6482	-0.1151	-0.5323	-0.5323	134.27	283.21	305.66
2026-05-28T20:05:38.9270595+08:00	0x01	0.6149	0.2901	-0.7265	0.0993	165.34	275.15	32.94
2026-05-28T20:05:38.9593973+08:00	0x03	-0.1454	0.5440	0.3192	0.7623	23.54	63.58	325.32
2026-05-28T20:05:39.0617995+08:00	0x04	-0.1342	-0.4909	0.1212	-0.8522	355.42	59.06	20.35
2026-05-28T20:05:39.0617995+08:00	0x03	-0.1456	0.5438	0.3209	0.7617	23.73	63.52	325.20
2026-05-28T20:05:39.0617995+08:00	0x02	0.6491	-0.1097	-0.5388	-0.5256	134.97	282.84	306.81
2026-05-28T20:05:39.0617995+08:00	0x01	0.6150	0.2903	-0.7263	0.0998	165.36	275.13	32.99
2026-05-28T20:05:39.0617995+08:00	0x03	-0.1456	0.5438	0.3209	0.7617	23.73	63.52	325.20
2026-05-28T20:05:39.1271142+08:00	0x04	-0.1305	-0.4920	0.1156	-0.8530	355.81	59.22	19.66
2026-05-28T20:05:39.1271142+08:00	0x03	-0.1469	0.5441	0.3233	0.7602	23.92	63.52	324.89
2026-05-28T20:05:39.1590275+08:00	0x02	0.6457	-0.1128	-0.5455	-0.5222	135.34	283.48	307.11
2026-05-28T20:05:39.1590275+08:00	0x01	0.6159	0.2836	-0.7293	0.0920	165.34	275.44	31.80
2026-05-28T20:05:39.1590275+08:00	0x03	-0.1486	0.5435	0.3257	0.7593	24.13	63.38	324.58
2026-05-28T20:05:39.1937957+08:00	0x02	0.6463	-0.1078	-0.5509	-0.5168	135.81	283.24	308.11
2026-05-28T20:05:39.2935039+08:00	0x04	-0.1288	-0.4909	0.1126	-0.8543	356.00	59.08	19.30
2026-05-28T20:05:39.2935039+08:00	0x03	-0.1486	0.5435	0.3257	0.7593	24.13	63.38	324.58
2026-05-28T20:05:39.2935039+08:00	0x01	0.6159	0.2844	-0.7289	0.0922	165.27	275.37	31.87
2026-05-28T20:05:39.2935039+08:00	0x03	-0.1465	0.5428	0.3260	0.7600	24.32	63.24	324.80
2026-05-28T20:05:39.2935039+08:00	0x02	0.6471	-0.1011	-0.5576	-0.5100	136.38	282.93	309.40
2026-05-28T20:05:39.3270392+08:00	0x04	-0.1249	-0.4901	0.1100	-0.8556	356.02	58.95	18.76
2026-05-28T20:05:39.3270392+08:00	0x03	-0.1465	0.5428	0.3260	0.7600	24.32	63.24	324.80
2026-05-28T20:05:39.3596749+08:00	0x01	0.6159	0.2862	-0.7281	0.0935	165.20	275.26	32.14
2026-05-28T20:05:39.3926298+08:00	0x04	-0.1242	-0.4898	0.1064	-0.8563	356.34	58.95	18.48
2026-05-28T20:05:39.3926298+08:00	0x02	0.6491	-0.0945	-0.5636	-0.5021	137.15	282.37	310.68
2026-05-28T20:05:39.4264071+08:00	0x03	-0.1466	0.5419	0.3274	0.7600	24.51	63.08	324.71
2026-05-28T20:05:39.5309045+08:00	0x01	0.6160	0.2874	-0.7271	0.0962	165.30	275.16	32.44
2026-05-28T20:05:39.5319030+08:00	0x04	-0.1240	-0.4902	0.1029	-0.8566	356.70	59.03	18.26
2026-05-28T20:05:39.5319030+08:00	0x03	-0.1456	0.5422	0.3277	0.7599	24.60	63.11	324.78
2026-05-28T20:05:39.5319030+08:00	0x02	0.6499	-0.0889	-0.5680	-0.4970	137.50	282.11	311.66
2026-05-28T20:05:39.5588217+08:00	0x03	-0.1456	0.5422	0.3277	0.7599	24.60	63.11	324.78
2026-05-28T20:05:39.5588217+08:00	0x01	0.6162	0.2869	-0.7274	0.0946	165.20	275.16	32.27
2026-05-28T20:05:39.5928704+08:00	0x04	-0.1220	-0.4909	0.1003	-0.8568	356.86	59.12	17.91
2026-05-28T20:05:39.5928704+08:00	0x03	-0.1454	0.5423	0.3275	0.7599	24.59	63.12	324.82
2026-05-28T20:05:39.6264719+08:00	0x02	0.6493	-0.0830	-0.5730	-0.4931	137.54	282.19	312.65
2026-05-28T20:05:39.6587105+08:00	0x03	-0.1454	0.5423	0.3275	0.7599	24.59	63.12	324.82
2026-05-28T20:05:39.6587105+08:00	0x01	0.6143	0.2873	-0.7288	0.0947	165.26	275.45	32.36
2026-05-28T20:05:39.7649049+08:00	0x04	-0.1183	-0.4918	0.0979	-0.8570	356.90	59.23	17.40
2026-05-28T20:05:39.7658989+08:00	0x03	-0.1467	0.5418	0.3274	0.7601	24.53	63.05	324.71
2026-05-28T20:05:39.7658989+08:00	0x02	0.6486	-0.0788	-0.5782	-0.4886	137.78	282.26	313.53
2026-05-28T20:05:39.7658989+08:00	0x03	-0.1471	0.5416	0.3277	0.7600	24.54	63.02	324.65
2026-05-28T20:05:39.7658989+08:00	0x01	0.6133	0.2877	-0.7294	0.0953	165.32	275.59	32.45
2026-05-28T20:05:39.7935041+08:00	0x04	-0.1166	-0.4918	0.0953	-0.8576	357.08	59.23	17.09
2026-05-28T20:05:39.8260271+08:00	0x03	-0.1471	0.5416	0.3277	0.7600	24.54	63.02	324.64
2026-05-28T20:05:39.8260271+08:00	0x02	0.6487	-0.0748	-0.5824	-0.4841	138.09	282.15	314.34
2026-05-28T20:05:39.8260271+08:00	0x01	0.6130	0.2875	-0.7298	0.0951	165.34	275.66	32.42
2026-05-28T20:05:39.8593518+08:00	0x03	-0.1470	0.5417	0.3288	0.7595	24.67	63.00	324.59
2026-05-28T20:05:39.8929822+08:00	0x04	-0.1155	-0.4917	0.0916	-0.8582	357.38	59.23	16.75
2026-05-28T20:05:39.9953517+08:00	0x02	0.6492	-0.0703	-0.5865	-0.4793	138.42	281.98	315.19
2026-05-28T20:05:39.9953517+08:00	0x03	-0.1470	0.5417	0.3288	0.7595	24.67	63.00	324.59
2026-05-28T20:05:39.9953517+08:00	0x01	0.6125	0.2888	-0.7294	0.0971	165.40	275.65	32.70
2026-05-28T20:05:39.9953517+08:00	0x03	-0.1461	0.5424	0.3300	0.7586	24.83	63.08	324.57
2026-05-28T20:05:39.9953517+08:00	0x04	-0.1147	-0.4920	0.0882	-0.8585	357.70	59.30	16.49
2026-05-28T20:05:40.0261241+08:00	0x02	0.6498	-0.0667	-0.5900	-0.4746	138.80	281.78	315.94
2026-05-28T20:05:40.0261241+08:00	0x03	-0.1461	0.5424	0.3300	0.7586	24.83	63.08	324.57
2026-05-28T20:05:40.0261241+08:00	0x01	0.6124	0.2898	-0.7289	0.0979	165.37	275.59	32.85
2026-05-28T20:05:40.0934268+08:00	0x03	-0.1465	0.5429	0.3309	0.7579	24.89	63.13	324.46
2026-05-28T20:05:40.0934268+08:00	0x04	-0.1136	-0.4928	0.0858	-0.8584	357.89	59.41	16.23
2026-05-28T20:05:40.1267750+08:00	0x03	-0.1465	0.5429	0.3309	0.7579	24.89	63.13	324.46
2026-05-28T20:05:40.2277703+08:00	0x02	0.6495	-0.0643	-0.5930	-0.4715	138.99	281.78	316.47
2026-05-28T20:05:40.2277703+08:00	0x01	0.6123	0.2890	-0.7294	0.0972	165.40	275.67	32.73
2026-05-28T20:05:40.2277703+08:00	0x02	0.6500	-0.0609	-0.5960	-0.4675	139.27	281.62	317.13
2026-05-28T20:05:40.2277703+08:00	0x03	-0.1470	0.5431	0.3311	0.7575	24.87	63.17	324.38
2026-05-28T20:05:40.2277703+08:00	0x04	-0.1126	-0.4932	0.0843	-0.8584	357.99	59.48	16.05
2026-05-28T20:05:40.2277703+08:00	0x01	0.6121	0.2894	-0.7293	0.0987	165.50	275.68	32.88
2026-05-28T20:05:40.2593701+08:00	0x03	-0.1470	0.5431	0.3311	0.7575	24.87	63.17	324.38
2026-05-28T20:05:40.2926763+08:00	0x02	0.6510	-0.0566	-0.5990	-0.4627	139.63	281.34	317.91
2026-05-28T20:05:40.3265860+08:00	0x03	-0.1469	0.5434	0.3308	0.7575	24.83	63.23	324.41
2026-05-28T20:05:40.3265860+08:00	0x04	-0.1113	-0.4936	0.0833	-0.8585	358.03	59.52	15.87
2026-05-28T20:05:40.3265860+08:00	0x01	0.6121	0.2902	-0.7287	0.1007	165.58	275.63	33.11
2026-05-28T20:05:40.4327129+08:00	0x03	-0.1469	0.5434	0.3308	0.7575	24.83	63.23	324.41
2026-05-28T20:05:40.4327129+08:00	0x04	-0.1101	-0.4943	0.0816	-0.8584	358.15	59.62	15.65
2026-05-28T20:05:40.4327129+08:00	0x02	0.6518	-0.0538	-0.6011	-0.4593	139.89	281.14	318.44
2026-05-28T20:05:40.4327129+08:00	0x01	0.6120	0.2895	-0.7290	0.1014	165.72	275.71	33.11
2026-05-28T20:05:40.4596339+08:00	0x03	-0.1470	0.5442	0.3301	0.7571	24.69	63.38	324.41
2026-05-28T20:05:40.4596339+08:00	0x04	-0.1091	-0.4953	0.0797	-0.8582	358.30	59.75	15.44
2026-05-28T20:05:40.4926040+08:00	0x02	0.6521	-0.0518	-0.6033	-0.4563	140.13	281.04	318.89
2026-05-28T20:05:40.5263359+08:00	0x03	-0.1470	0.5442	0.3301	0.7571	24.69	63.38	324.41
2026-05-28T20:05:40.6279035+08:00	0x01	0.6119	0.2891	-0.7291	0.1021	165.84	275.76	33.13
2026-05-28T20:05:40.6279035+08:00	0x03	-0.1481	0.5447	0.3305	0.7564	24.66	63.46	324.26
2026-05-28T20:05:40.6279035+08:00	0x04	-0.1085	-0.4961	0.0771	-0.8580	358.53	59.88	15.23
2026-05-28T20:05:40.6279035+08:00	0x02	0.6528	-0.0503	-0.6052	-0.4528	140.48	280.84	319.30
2026-05-28T20:05:40.6279035+08:00	0x03	-0.1481	0.5447	0.3305	0.7564	24.66	63.46	324.26
2026-05-28T20:05:40.6597365+08:00	0x01	0.6119	0.2889	-0.7290	0.1030	165.93	275.77	33.18
2026-05-28T20:05:40.6932748+08:00	0x04	-0.1073	-0.4965	0.0746	-0.8581	358.73	59.94	14.97
2026-05-28T20:05:40.6932748+08:00	0x03	-0.1484	0.5452	0.3309	0.7558	24.66	63.53	324.18
2026-05-28T20:05:40.6932748+08:00	0x02	0.6528	-0.0486	-0.6071	-0.4504	140.66	280.80	319.68
2026-05-28T20:05:40.7270784+08:00	0x03	-0.1484	0.5452	0.3309	0.7558	24.66	63.53	324.18
2026-05-28T20:05:40.8291997+08:00	0x01	0.6113	0.2897	-0.7289	0.1049	166.05	275.82	33.41
2026-05-28T20:05:40.8291997+08:00	0x04	-0.1057	-0.4967	0.0720	-0.8584	358.90	59.97	14.65
2026-05-28T20:05:40.8291997+08:00	0x03	-0.1491	0.5451	0.3318	0.7553	24.73	63.50	324.06
2026-05-28T20:05:40.8291997+08:00	0x02	0.6527	-0.0477	-0.6090	-0.4481	140.86	280.79	319.98
2026-05-28T20:05:40.8291997+08:00	0x01	0.6111	0.2899	-0.7289	0.1057	166.10	275.84	33.49
2026-05-28T20:05:40.8291997+08:00	0x03	-0.1491	0.5451	0.3318	0.7553	24.73	63.50	324.06
2026-05-28T20:05:40.8933011+08:00	0x04	-0.1055	-0.4970	0.0696	-0.8585	359.13	60.02	14.50
2026-05-28T20:05:40.8933011+08:00	0x03	-0.1491	0.5451	0.3326	0.7550	24.82	63.48	324.01
2026-05-28T20:05:40.9267169+08:00	0x02	0.6525	-0.0479	-0.6106	-0.4462	141.08	280.80	320.15
2026-05-28T20:05:40.9267169+08:00	0x01	0.6109	0.2895	-0.7291	0.1064	166.22	275.91	33.51
2026-05-28T20:05:40.9608272+08:00	0x03	-0.1491	0.5451	0.3326	0.7550	24.82	63.48	324.01
2026-05-28T20:05:41.0607935+08:00	0x04	-0.1045	-0.4979	0.0681	-0.8582	359.24	60.14	14.31
2026-05-28T20:05:41.0607935+08:00	0x03	-0.1492	0.5456	0.3329	0.7545	24.82	63.55	323.95
2026-05-28T20:05:41.0607935+08:00	0x02	0.6525	-0.0479	-0.6123	-0.4438	141.35	280.76	320.37
2026-05-28T20:05:41.0607935+08:00	0x01	0.6104	0.2888	-0.7298	0.1071	166.38	276.06	33.52
2026-05-28T20:05:41.0607935+08:00	0x03	-0.1501	0.5461	0.3328	0.7540	24.73	63.65	323.86
2026-05-28T20:05:41.0607935+08:00	0x02	0.6523	-0.0473	-0.6141	-0.4417	141.54	280.77	320.63
2026-05-28T20:05:41.0936408+08:00	0x04	-0.1040	-0.4988	0.0668	-0.8578	359.36	60.28	14.19
2026-05-28T20:05:41.0936408+08:00	0x03	-0.1501	0.5461	0.3328	0.7540	24.73	63.65	323.86
2026-05-28T20:05:41.1269855+08:00	0x01	0.6103	0.2879	-0.7301	0.1075	166.52	276.15	33.48
2026-05-28T20:05:41.1594271+08:00	0x03	-0.1504	0.5466	0.3324	0.7537	24.64	63.74	323.83
2026-05-28T20:05:41.1594271+08:00	0x02	0.6506	-0.0481	-0.6171	-0.4400	141.69	281.07	320.81
2026-05-28T20:05:41.1929643+08:00	0x04	-0.1037	-0.4997	0.0656	-0.8574	359.48	60.40	14.09
2026-05-28T20:05:41.2958096+08:00	0x03	-0.1504	0.5466	0.3324	0.7537	24.64	63.74	323.83
2026-05-28T20:05:41.2958096+08:00	0x01	0.6101	0.2869	-0.7305	0.1087	166.74	276.25	33.50
2026-05-28T20:05:41.2958096+08:00	0x03	-0.1508	0.5472	0.3321	0.7534	24.55	63.85	323.80
2026-05-28T20:05:41.2958096+08:00	0x02	0.6475	-0.0533	-0.6193	-0.4409	141.76	281.67	320.43
2026-05-28T20:05:41.2958096+08:00	0x04	-0.1036	-0.5005	0.0642	-0.8571	359.62	60.52	14.00
2026-05-28T20:05:41.3259778+08:00	0x03	-0.1508	0.5472	0.3321	0.7534	24.55	63.85	323.80
2026-05-28T20:05:41.3259778+08:00	0x01	0.6086	0.2823	-0.7334	0.1097	167.39	276.85	33.21
2026-05-28T20:05:41.3591231+08:00	0x04	-0.1040	-0.5008	0.0625	-0.8570	359.82	60.58	13.94
2026-05-28T20:05:41.3922830+08:00	0x03	-0.1511	0.5476	0.3318	0.7531	24.48	63.93	323.77
2026-05-28T20:05:41.3932754+08:00	0x02	0.6443	-0.0613	-0.6204	-0.4431	141.88	282.29	319.69
2026-05-28T20:05:41.4258416+08:00	0x03	-0.1511	0.5476	0.3318	0.7531	24.48	63.93	323.77
2026-05-28T20:05:41.4258416+08:00	0x01	0.6069	0.2794	-0.7359	0.1102	167.81	277.35	33.02
